0 0.5856977203125 0.7181597890625 0.5850134109375 0.664075915625 0.5800484234375001 0.6588222328125 0.5780241046875 0.7569319078125 0.5856977203125 0.7181597890625
0 0.38219549375 0.5076755562499999 0.4131530953125 0.5024346000000001 0.4405311328125 0.47238541874999995 0.4547728859375 0.436520946875 0.413512053125 0.40175424687500005 0.3759241015625 0.39917084062499997 0.3771682984375 0.4975051578125 0.38219549375 0.5076755562499999
0 0.4201111828125 0.6101071828125 0.4595966515625 0.5596634875000001 0.4673013703125 0.5233497296875 0.4520642578125 0.48054674531249997 0.4564071453125 0.4366332703125 0.44317755 0.4234429046875 0.438274775 0.4231059390625 0.4433952859375 0.440651409375 0.43097441718749996 0.4913783515625 0.3925775234375 0.5127439875 0.4148647109375 0.553828290625 0.424202846875 0.6014428484375001 0.4201111828125 0.6101071828125
0 0.4636905609375 0.6853889343749999 0.5023710078125 0.58848454375 0.5019564703125 0.5557220078125 0.480686490625 0.5488318859375 0.4403277 0.5853575625 0.4308643015625 0.6117255687500001 0.4777411234375 0.5772444140624999 0.4636905609375 0.6853889343749999
0 0.49506696874999995 0.6529814921875 0.5097441921875 0.6515340328125 0.52309820625 0.674557828125 0.5406084796874999 0.638918 0.5419627921875 0.6169051015625 0.5369667015624999 0.6091930640625 0.5028027921875 0.619126090625 0.4801720078125 0.637220446875 0.4658991484375 0.6706265609375001 0.475860225 0.6835922812499999 0.49506696874999995 0.6529814921875
0 0.78321099375 0.5843615921875001 0.7812967890625 0.5621240484375 0.766650671875 0.5660298671875 0.7377005859375 0.600883440625 0.78321099375 0.5843615921875001
0 0.75273676875 0.49875562812499996 0.762231271875 0.47484597968750003 0.745826471875 0.468806046875 0.7087361999999999 0.5055563671875001 0.75273676875 0.49875562812499996
0 0.7384807109375 0.4044394515625 0.738387396875 0.39706437656250004 0.72672985 0.3790696171875 0.70252701875 0.40196836874999997 0.7026514374999999 0.4118018 0.7384807109375 0.4044394515625
0 0.59473995 0.7875554218749999 0.627238496875 0.7750517140625 0.62485771875 0.7159388015625 0.616468690625 0.698168684375 0.5856977203125 0.7181597890625 0.5714559640625 0.7540242625 0.57022606875 0.78587059375 0.59473995 0.7875554218749999
0 0.5420704109375001 0.754460825 0.5632535640625 0.75100429375 0.5680008171875001 0.73904946875 0.5216659203125 0.6798262296875001 0.49496970625000003 0.7202727828125 0.5076265546875 0.74226863125 0.5420704109375001 0.754460825
0 0.39377652812499997 0.3905729515625 0.40832933281250006 0.37929205781249997 0.41606959374999997 0.2906829046875 0.398736915625 0.28267316875000004 0.38827474375 0.3160513546875 0.370803590625 0.3816253703125 0.39377652812499997 0.3905729515625
0 0.43737273125 0.351813559375 0.45198774531249997 0.3454493828125 0.44652508125 0.3008619734375 0.42015920468749995 0.28185631718750004 0.41205012031250005 0.2862114234375 0.42226003749999996 0.318844009375 0.43737273125 0.351813559375
0 0.455397484375 0.22778516875000002 0.4584171640625 0.20834294843749998 0.45163128906249994 0.1882267984375 0.41875948437500005 0.1712302109375 0.4323623375 0.213920871875 0.455397484375 0.22778516875000002
0 0.3966885890625 0.23357501093750002 0.409762659375 0.2344735859375 0.41447880625 0.22006040312500003 0.41382560156250003 0.1684348875 0.40722635625 0.163068884375 0.399023959375 0.160048915625 0.38613651718750003 0.1739004890625 0.39166139218749996 0.2234046125 0.3966885890625 0.23357501093750002