0 0.4589328984375 0.6489233 0.474817875 0.701731178125 0.49418381875 0.7384315640625 0.46217675312499995 0.643099378125 0.4589328984375 0.6489233
0 0.6110596687500001 0.45712645625 0.5821778984375 0.36111213593749997 0.5462370171875001 0.3689567125 0.5165574203125 0.40868808437500004 0.5414519062500001 0.4416238375 0.57740348125 0.46703032499999997 0.6092599046875 0.46775109531250003 0.6110596687500001 0.45712645625
0 0.600665725 0.4741621421875 0.55660414375 0.4587802890625 0.5289400375 0.41110131875 0.52857366875 0.39327560781250004 0.5238857265625 0.3942988140625 0.514994771875 0.4090291515625 0.5326795109375 0.451212390625 0.530890440625 0.4950880953125 0.5495343390625 0.5293881218750001 0.603559746875 0.572955590625 0.596909371875 0.56509105625 0.5914611578125 0.51736189375 0.600665725 0.4741621421875
0 0.5371843203125 0.549094071875 0.5935469609374999 0.5760567640625001 0.576228590625 0.5516992390625 0.5256097093750001 0.5218202265625 0.5069332078125 0.5315497 0.5165558921875 0.5635392703125001 0.58401505 0.6525020671874999 0.5371843203125 0.549094071875
0 0.48908673281250004 0.58862479375 0.48656492343749996 0.596849071875 0.49462596875 0.618111225 0.52264575 0.650364840625 0.5286485265625 0.6260330703125 0.54343439375 0.625363809375 0.5715727328125 0.652475640625 0.5773383937500001 0.6384274390625 0.55316595 0.6078920453125 0.5255125390625001 0.593464140625 0.48908673281250004 0.58862479375
0 0.2359165375 0.577375778125 0.2408522875 0.5993200703125 0.2903827578125 0.6089730125 0.2514244484375 0.5791068765625 0.2359165375 0.577375778125
0 0.2278341015625 0.48961149375 0.2444304265625 0.5115686609375001 0.289510071875 0.5119612421874999 0.24201648437499998 0.48140009062500005 0.2278341015625 0.48961149375
0 0.22949391874999997 0.41762650937499995 0.26676032968749996 0.41972442968749996 0.2638721515625 0.4101229984375 0.2332120046875 0.391235446875 0.22732778593749997 0.4104254328125 0.22949391874999997 0.41762650937499995
0 0.5106615859375 0.765530515625 0.49971236250000006 0.73466693125 0.474817875 0.701731178125 0.43862918281249996 0.686608259375 0.43587025781250005 0.7051161078125 0.45163667500000004 0.7630657703125 0.48722188125 0.7706465453125 0.5106615859375 0.765530515625
0 0.5256579265625 0.6552965234375 0.4985053890625 0.7195826453125 0.5068035531249999 0.7305612296875 0.52856205 0.730928053125 0.5584894609375 0.7141641812499999 0.5641255843749999 0.690933059375 0.5256579265625 0.6552965234375
0 0.5242278609375 0.25080478125 0.5097416421875 0.2610674734375 0.5444265578125 0.34633028593750004 0.5621006046875 0.355262459375 0.581811528125 0.34328642343750004 0.5446678859375 0.28185298593749997 0.5242278609375 0.25080478125
0 0.5030436109374999 0.2530445140625 0.48309557031250006 0.27530411875 0.49140442812499996 0.31953377031249997 0.5076343828125001 0.3236652265625 0.5123116296875 0.28939095312499996 0.5123009359374999 0.2561398875 0.5030436109374999 0.2530445140625
0 0.45205835937499994 0.205339790625 0.470325196875 0.1885630390625 0.4705516171875 0.145028403125 0.4436309453125 0.166251925 0.4431567109375 0.1868190625 0.45205835937499994 0.205339790625
0 0.4987006515625 0.20539130156250002 0.511201828125 0.2026627515625 0.5130015921875 0.1920381140625 0.5032486453125 0.143007746875 0.4864152046875 0.1313341484375 0.47932401562500004 0.13543985 0.47451751406250003 0.141604840625 0.4896804453125 0.19201235781249998 0.4987006515625 0.20539130156250002