0 0.17470881875 0.44607843125 0.1813643921875 0.454248365625 0.19800332812500002 0.44444444375 0.2046589015625 0.39379084999999997 0.19134775312500002 0.3578431375 0.1475324453125 0.314815359375 0.1181364390625 0.2712418296875 0.10316139843750001 0.2630718953125 0.04326123125 0.26633986875 0.0316139765625 0.2794117640625 0.019966721875 0.3186274515625 0.0133111484375 0.44444444375 0.0488003328125 0.3464558828125 0.11420632343749999 0.33249673125 0.12645590625 0.43464052343750004 0.153078203125 0.44607843125 0.17470881875 0.44607843125
0 0.372712146875 0.385620915625 0.3777038265625 0.37254902031250003 0.3976705484375 0.36274509843749997 0.4359401 0.36274509843749997 0.4708818640625 0.349673203125 0.45424292812499995 0.30228758125 0.3943427625 0.2450980390625 0.30948419375 0.241830065625 0.24792013281249997 0.2483660125 0.22795341093750002 0.30392156875 0.21797005 0.3692810453125 0.22795341093750002 0.3970588234375 0.2462562390625 0.3921568625 0.2512479203125 0.3807189546875 0.26955074843750004 0.37418300625 0.372712146875 0.385620915625
0 0.26289517500000004 0.5555555562500001 0.35773710468750003 0.5555555562500001 0.35773710468750003 0.5473856203125 0.33610648906249996 0.545751634375 0.326123128125 0.51633986875 0.324459234375 0.5212418296875 0.2911813640625 0.5130718953125 0.2562396 0.51633986875 0.26123128125 0.5245098046875001 0.24126455937500002 0.5326797390625 0.2562396 0.5326797390625 0.26289517500000004 0.5392156859375 0.2562396 0.5490196078125 0.26289517500000004 0.5555555562500001
0 0.1813643921875 0.7009803921875 0.17803660625 0.6813725484375001 0.10482529062499998 0.6797385625000001 0.0865224625 0.6846405234375 0.059900165625 0.6650326796875 0.024958403125 0.6813725484375001 0.0033277874999999998 0.6797385625000001 0 0.76797385625 0.06988352812500001 0.7810457515625 0.1397670546875 0.7810457515625 0.1630615640625 0.7271241828125 0.17803660625 0.715686275 0.1813643921875 0.7009803921875
0 0.37603993281250003 0.581699346875 0.364392678125 0.5702614374999999 0.35773710468750003 0.571895425 0.3377703828125 0.6045751640625 0.33610648906249996 0.651960784375 0.324459234375 0.7107843140625 0.324459234375 0.7483660125 0.3344425953125 0.7745098046875001 0.3793677203125 0.705882353125 0.37603993281250003 0.581699346875
0 0.5324459234375001 0.5669934640625 0.5224625625 0.5751633984375 0.5124792015625 0.6078431375 0.49750415937500003 0.7254901953124999 0.5091514140625 0.784313725 0.5391014968750001 0.7369281046875 0.547420965625 0.669934640625 0.547420965625 0.6192810453125001 0.5324459234375001 0.5669934640625
0 0.60399334375 0.7549019609375 0.60732113125 0.7352941171875 0.5956738765625 0.6029411765625 0.5790349421875 0.5702614374999999 0.5673876875 0.563725490625 0.5607321125 0.571895425 0.5557404328125 0.6307189546874999 0.5673876875 0.69771241875 0.5790349421875 0.7352941171875 0.6056572375 0.7794117640625 0.61064891875 0.76960784375 0.60399334375 0.7549019609375
0 0.805324459375 0.73366013125 0.8119800328125001 0.715686275 0.7654176374999999 0.66192156875 0.761153078125 0.63121241875 0.7511996671875 0.60050326875 0.7703826953124999 0.571895425 0.73876871875 0.571895425 0.7254575703125 0.580065359375 0.7337770375 0.6764705875 0.765391015625 0.705882353125 0.78702163125 0.759803921875 0.8169717140625 0.76633986875 0.8186356078125 0.7516339875 0.805324459375 0.73366013125
0 0.8985024953125 0.6094771234375 0.8918469218749999 0.59150326875 0.8369384359375 0.60620915 0.8386023296875 0.7369281046875 0.848585690625 0.758169934375 0.8718802 0.758169934375 0.8935108156249999 0.7516339875 0.9084858562499999 0.7271241828125 0.8985024953125 0.6094771234375
0 0.9617304499999999 0.598039215625 0.940099834375 0.5735294125 0.9068219640624999 0.5751633984375 0.9051580703125 0.635620915625 0.91514143125 0.686274509375 0.9584026625 0.7369281046875 0.99833610625 0.73366013125 0.99833610625 0.6013071890624999 0.9617304499999999 0.598039215625
0 0.5058236265625 0.367647059375 0.5091514140625 0.49509803906250005 0.5124792015625 0.5016339875 0.5324459234375001 0.5 0.5490848578125 0.3921568625 0.5341098171875001 0.330065359375 0.5058236265625 0.367647059375
0 0.499168053125 0.3954248359375 0.4908485859375 0.3692810453125 0.47254575781249997 0.34640522812499996 0.4658901828125 0.3594771234375 0.4658901828125 0.40032679687500006 0.48086522499999995 0.4787581703125 0.48918469218749994 0.5 0.49750415937500003 0.5016339875 0.5041597343750001 0.49346405156250006 0.499168053125 0.3954248359375