0 0.433684334375 0.7035378156250001 0.45277049687500004 0.7359873625 0.4817201875 0.7621199734374999 0.5113385921875 0.7853652515625 0.5157409609375 0.7784473890625 0.4982708734375 0.726929725 0.48695848281250004 0.7153217484375001 0.4129822265625 0.5450715984375 0.3997472953125 0.5236291 0.377512590625 0.5108192703125 0.3721628640625 0.53391791875 0.376202984375 0.5587900218749999 0.4210345140625 0.6977044984375 0.433684334375 0.7035378156250001
0 0.5169947875 0.7911692390625 0.55483281875 0.7849696078124999 0.5849806828124999 0.7394318890625 0.5899403359375001 0.70592711875 0.5843677453125 0.6816266171875001 0.574225578125 0.70123700625 0.5431025296875001 0.7207594187499999 0.4893547046875 0.717065878125 0.48266754531249995 0.7459391890625 0.4937012921875 0.7708406171875 0.5169947875 0.7911692390625
0 0.3689026328125 0.820027628125 0.38442235468749997 0.81951468125 0.40309061718750006 0.7993620140625 0.41521110937500005 0.728893540625 0.3774568109375 0.571511875 0.3633581265625 0.547753646875 0.3057094359375 0.5850836671875 0.23970186249999997 0.5859629328125 0.23529949375 0.5928807984375 0.23415709843750002 0.603858521875 0.2430732671875 0.61372236875 0.2947313421875 0.64457441875 0.31220142968750003 0.6960920796875001 0.32220421250000003 0.755670809375 0.33669297187499997 0.7898351578125 0.3689026328125 0.820027628125
0 0.45580786562500003 0.4024785015625 0.45721309843749997 0.354385028125 0.47598760156250003 0.337128725 0.5137630234375 0.394051115625 0.5129828765625 0.373238871875 0.49292153125000004 0.31477401875 0.4624393734375 0.289213009375 0.42393262500000006 0.298299971875 0.3962088078125 0.387777909375 0.41002884999999994 0.4248295921875 0.45580786562500003 0.4024785015625
0 0.3612405484375 0.5327160656250001 0.368902890625 0.529858059375 0.3750885453125 0.4668790515625 0.4071589515625 0.43117585312499995 0.39400762500000003 0.3912368421875 0.3417644421875 0.34477560937499996 0.3115887515625 0.3481172375 0.3043164828125 0.3613813640625 0.3401482390625 0.508928509375 0.3612405484375 0.5327160656250001
0 0.19673709687500002 0.51757558125 0.23613542031249998 0.5530004374999999 0.3173562484375 0.5227055859374999 0.3251021953125 0.501351065625 0.321424325 0.4446889953125 0.31211808125 0.42441902656249997 0.2936170296875 0.4075786625 0.279406915625 0.36012085781250003 0.2624383296875 0.34270889375 0.21691013125 0.309570440625 0.1583698625 0.302388640625 0.12284444531250001 0.32882891718749996 0.120949728125 0.361190484375 0.1308410828125 0.39706963906250003 0.17132602187499998 0.48220937656249996 0.19673709687500002 0.51757558125
0 0 0.414556484375 0.0011385484374999998 0.41906881562500004 0.004621384375 0.47052782656250003 0.0169925625 0.48965459375 0.042013564062499995 0.5146146765624999 0.0551370640625 0.5123575984375 0.0965415375 0.5391204625 0.140983121875 0.5225440328125 0.168651159375 0.4937587 0.14293361875 0.4294898609375 0.1147362515625 0.38197340468749996 0.061155634375000004 0.341286834375 0.0345185609375 0.3353948671875 0.0038691921875 0.3468268859375 0 0.3549845265625 0 0.414556484375
0 0.21454122031249998 0.9303615390625 0.242237084375 0.9437722984375 0.27001655156250004 0.9386865406249999 0.29241846875 0.9145033437500001 0.3152662390625 0.8400336625 0.3110032546875 0.7677624078124999 0.317216734375 0.746979490625 0.3049291609375 0.7093562062500001 0.2909419078125 0.70929755625 0.2860658609375 0.7243058125 0.26374755 0.7299924953125 0.25667031875 0.7484596828125001 0.23081339375 0.7633799609375 0.20916379687500003 0.7661793140625 0.20417631875 0.7574879937500001 0.17046201249999998 0.770063215625 0.1429611875 0.7618555203125 0.1382801765625 0.7820668359375 0.1882663953125 0.8926796046875 0.21454122031249998 0.9303615390625
0 0.075365365625 0.8239989921875001 0.1213394171875 0.8068509625000001 0.1306178328125 0.7849248421875 0.1140114984375 0.735722909375 0.106822834375 0.730490521875 0.070433665625 0.75461506875 0.0356605703125 0.7596714984374999 0.047753106249999996 0.79209171875 0.075365365625 0.8239989921875001
0 0 0.5926776421875 0.00478846875 0.57861958125 0.05614007343750001 0.58056899375 0 0.48417977656250005 0 0.5926776421875
0 0.5620217390625 0.500032425 0.5359141234375 0.4253574609375 0.5297842515625 0.427643865625 0.5624396375 0.5526346375 0.5719409171875001 0.57810766875 0.5806620484375 0.5827684546875 0.5620217390625 0.500032425
2 0.9103376703125001 0.6101620890625 0.8749794640624999 0.5996093359375 0.8658682609374999 0.584542428125 0.8580108796875001 0.582197371875 0.8457511328124999 0.5867701796875 0.8477851046874999 0.6203042765625 0.8347730375 0.6462609296874999 0.7867650125 0.6298748625 0.7453605375000001 0.6031119984375 0.7453883640625001 0.6453080875 0.7311502953125 0.7007389796875 0.7236829890625 0.7088000453125 0.7090270203125 0.7116287234375 0.6900522890625 0.702878753125 0.652855146875 0.6639949656249999 0.6125094625 0.6447508921875 0.597184778125 0.6504669015625 0.603119615625 0.6429774375 0.5996646046875 0.6337145171875 0.5920022625 0.6365725203125 0.594314878125 0.656813165625 0.5894388312500001 0.6718214203125 0.595875171875 0.6984376546875 0.5902468046875 0.7348297546875 0.5855657937500001 0.7550410734375 0.55895654375 0.7913451968749999 0.5189173296875 0.8010037609375 0.50501368125 0.7824485953125 0.4875714203125 0.7731270218749999 0.46973908125 0.7533993265625 0.42872468281250004 0.7370425859374999 0.41426375000000004 0.745074325 0.4075765921875 0.7739476359374999 0.409220490625 0.7970756109375 0.3885460796875 0.8258902687499999 0.36909766875 0.825230690625 0.33209556562500003 0.7915499609375 0.3205045328125 0.7932354390625 0.318999890625 0.8360031296875 0.304566784375 0.886230959375 0.3040095 0.9128178671875 0.2976845890625 0.909901209375 0.27787393125 0.941031596875 0.246360809375 0.9501478875 0.21234003750000002 0.933820471875 0.14357412187500002 0.8196607921875 0.1311193375 0.8190305390624999 0.12691200625000001 0.8311514656250001 0.09233394843750001 0.8414109562500001 0.0962626375 0.842583484375 0.08899036875 0.8558476109375001 0.0933091328125 0.8674262609375001 0.08631550625 0.8673969359375 0.08737429375 0.8749157265624999 0.0923617734375 0.883607046875 0.09350416875 0.8726293234375 0.0962904625 0.8847795734374999 0.11153154218750001 0.8975600796875 0.1256302265625 0.9213183078125 0.1772882984375 0.9521703562500001 0.285954171875 0.9907758046874999 0.3229284515625 0.9822604421875001 0.3456368359375 0.9869798828125 0.41058562031249995 0.9785818234375 0.46450065937499996 0.9452823359375 0.481552846875 0.9441977859374999 0.490357584375 0.930362059375 0.5006111828125 0.9344512437500001 0.50261733125 0.92578925 0.51574083125 0.923532171875 0.5162145109375 0.9154417796875001 0.5490650640625 0.900550828125 0.5495387421875 0.892460434375 0.579129321875 0.873509625 0.58707030625 0.8573581671875001 0.6069923968750001 0.8499273546874999 0.624323228125 0.83554935 0.6291992765625001 0.8205410953125 0.6399265546875 0.8165398890625 0.6956805296875 0.8115714359374999 0.70679788125 0.8179763515625 0.7096677812500001 0.8116300890625 0.7871827828125 0.827561859375 0.8752021984375 0.7920932734374999 0.9488721140624999 0.7883560000000001 0.950404584375 0.7877843984374999 0.9554756671875 0.7779792046875 0.9641967984375001 0.782639990625 0.9674161484375 0.777581115625 0.9692886765625 0.7354492171875 0.955615053125 0.6987900859375 0.944943553125 0.6420986875 0.918668728125 0.6044167515625001 0.9103376703125001 0.6101620890625
2 0 0.3367209015625 0.0010828984374999999 0.334676634375 0.0341284890625 0.32498874375 0.067090471875 0.3337973703125 0.08798774375 0.35238186250000003 0.1026437125 0.349553184375 0.1071296875 0.32413880625 0.125212840625 0.2883769546875 0.1641932671875 0.2711996015625 0.19208416718750002 0.28981341875 0.213065046875 0.289901396875 0.2402872296875 0.3114025484375 0.2461384625 0.322409596875 0.2563920609375 0.326498784375 0.25753445625000004 0.315521059375 0.265976946875 0.3334752984375 0.2745030421875 0.3329330234375 0.277289334375 0.345083275 0.2916666609375 0.35554805 0.3219259578125 0.3337099078125 0.3229847453125 0.34122869843750003 0.34856303125 0.33960187343750003 0.35594672968749996 0.3500373234375 0.36360907187499997 0.34717931874999997 0.35642040937499997 0.34194693125 0.3568940890625 0.3338565390625 0.386206025 0.32819918124999997 0.38506363125 0.33917690624999997 0.372608846875 0.3385466515625 0.37999254531250004 0.3489820984375 0.3773176828125 0.360531425 0.3860388140625 0.3651922109375 0.3761752890625 0.3715091484375 0.3809677296875 0.37499740625 0.40423339843750006 0.3531299375 0.39944095625 0.34964167968750004 0.407772015625 0.3438963421875 0.402979571875 0.34040808437500003 0.408719371875 0.32771555937499997 0.3984657734375 0.3236263734375 0.41666035625 0.3115641 0.42000393750000004 0.2971274453125 0.4552507109375 0.2839806234375 0.48994020000000005 0.29742070625 0.497992615625 0.3049688234375 0.493590246875 0.31188668750000004 0.5093050046875 0.3165768015625 0.5120913 0.32872705 0.5044289578125001 0.33158505625 0.516883740625 0.332215309375 0.505487746875 0.3391038484375 0.50501406875 0.3471942390625 0.5084690796875 0.35645716250000004 0.51958643125 0.362862075 0.5167165312499999 0.36920833750000004 0.5484246890625 0.3652951109375 0.5358862984375 0.383161371875 0.587990225 0.36372693749999996 0.583002746875 0.35503561875 0.5882688671875 0.3504334859375 0.5941200984375 0.361440534375 0.639425434375 0.3471798359375 0.6360818578125 0.36161649218749997 0.6461404203125001 0.360502615625 0.64920535625 0.3593594140625 0.64488659375 0.3477807625 0.649957678125 0.33797556875 0.642769015625 0.33274318125 0.656171159375 0.3171926484375 0.6437163734375 0.31656239531249997 0.65098864375 0.3032982703125 0.6581773046875 0.30853065625 0.6538585421875001 0.29695200625 0.6575921953125 0.29292147343749997 0.6480909171875 0.26744844218749997 0.6451931906249999 0.2315986140625 0.6494005203125 0.219477690625 0.6414317125 0.1934330578125 0.6458340812500001 0.18651519218749998 0.6403729234375 0.18591426718749998 0.635859121875 0.16913255625 0.64274131875 0.14546230625 0.6372801609375001 0.144861378125 0.6624683703125 0.1328284328125 0.680022065625 0.1658495796875 0.6870156921875 0.1658789078125 0.6928669234375 0.17688595625 0.687377940625 0.1340889390625 0.6786568078124999 0.129428153125 0.6823904609375 0.12539762031249999 0.67893545 0.11613469843749999 0.6753968343750001 0.1253682921875 0.6658119499999999 0.1183917765625 0.6748117234375 0.10975911093749999 0.660824471875 0.1097004578125 0.6306209578125 0.07084599375 0.621426146875 0.0742756 0.6085812890625 0.063239225 0.60743889375 0.0742169484375 0.6019777359375 0.073616021875 0.5983276890625 0.05915003906250001 0.6136523734375 0.053434029687499995 0.593340209375 0.050458721875 0.5931451734375 0.045255659375 0.5822228578125 0.044053804687499996 0.5835602890625 0.03827914375 0.50080699375 0.0691455953125 0.47063130312499996 0.072487221875 0.3942029171875 0.106270334375 0.280883859375 0.1300722921875 0.2667015703125 0.1248105796875 0.26555917500000004 0.135788303125 0.24563708593750003 0.1432191140625 0.235857165625 0.1310395359375 0 0.21901275937500003 0 0.2228267609375 0.0814679265625 0.199177359375 0 0.23272022187500002 0 0.3367209015625