4 0.2826086953125 0.40983606562499997 0.27536231875 0.43715847031250005 0.2789855078125 0.45355191250000004 0.3333333328125 0.4699453546875 0.4492753625 0.4699453546875 0.46376811562500003 0.45355191250000004 0.46376811562500003 0.35519125625000003 0.46014492812499996 0.3497267765625 0.45652173906250004 0.26229508125 0.4311594203125 0.20218579218750002 0.40942029062499996 0.1748633875 0.362318840625 0.142076503125 0.3333333328125 0.142076503125 0.3188405796875 0.14754098437500002 0.29710145 0.18579235 0.28985507187500004 0.23497267812499997 0.2826086953125 0.3934426234375 0.2789855078125 0.398907103125 0.2826086953125 0.40983606562499997
4 0.5036231890625 0.2131147546875 0.5 0.224043715625 0.485507246875 0.229508196875 0.47463768125000005 0.2459016390625 0.4710144921875 0.25683060156250004 0.4710144921875 0.4316939890625 0.4818840578125 0.45901639375 0.6086956515625 0.45901639375 0.6340579703125 0.4426229515625 0.648550725 0.4426229515625 0.6557971015625 0.4316939890625 0.648550725 0.2950819671875 0.6449275359375 0.2896174859375 0.648550725 0.2841530046875 0.6449275359375 0.27322404375 0.648550725 0.2677595625 0.6413043484375 0.25683060156250004 0.6449275359375 0.2513661203125 0.6413043484375 0.23497267812499997 0.6304347828125 0.21857923437500001 0.6195652171875 0.21857923437500001 0.6086956515625 0.2076502734375 0.6050724640625 0.2131147546875 0.5942028984375 0.18579235 0.590579709375 0.19125683124999998 0.5833333328125 0.18032786875 0.5797101453125 0.18032786875 0.57608695625 0.18579235 0.5543478265624999 0.18579235 0.5507246375 0.19125683124999998 0.52536231875 0.1967213109375 0.510869565625 0.2131147546875 0.5036231890625 0.2131147546875
4 0.6920289859375 0.1748633875 0.6884057968749999 0.18032786875 0.6884057968749999 0.19125683124999998 0.67391304375 0.2131147546875 0.67391304375 0.21857923437500001 0.6557971015625 0.24043715781250002 0.6557971015625 0.27322404375 0.659420290625 0.278688525 0.659420290625 0.3060109296875 0.6557971015625 0.316939890625 0.663043478125 0.34426229531249997 0.663043478125 0.40983606562499997 0.6666666671875 0.415300546875 0.713768115625 0.415300546875 0.7173913046875 0.40983606562499997 0.7282608703125 0.40983606562499997 0.7318840578125 0.40437158437500004 0.739130434375 0.40437158437500004 0.764492753125 0.3770491796875 0.7681159421875 0.32786885312499997 0.7717391296875 0.322404371875 0.7717391296875 0.25683060156250004 0.77536231875 0.2513661203125 0.7717391296875 0.2459016390625 0.77536231875 0.23497267812499997 0.7717391296875 0.229508196875 0.77536231875 0.224043715625 0.77536231875 0.18579235 0.7717391296875 0.18032786875 0.7717391296875 0.16393442656249999 0.764492753125 0.14754098437500002 0.75 0.14754098437500002 0.7463768109375 0.15300546406249999 0.735507246875 0.15300546406249999 0.72463768125 0.16393442656249999 0.713768115625 0.16393442656249999 0.70289855 0.1748633875 0.6920289859375 0.1748633875
4 0.7826086953125 0.224043715625 0.7826086953125 0.25683060156250004 0.7789855078125 0.26229508125 0.7789855078125 0.2950819671875 0.77536231875 0.3005464484375 0.7789855078125 0.3060109296875 0.77536231875 0.34426229531249997 0.8007246374999999 0.38797814218750004 0.8840579703125 0.38797814218750004 0.887681159375 0.3825136609375 0.8840579703125 0.36612021875 0.8949275359375 0.3333333328125 0.8949275359375 0.2896174859375 0.9021739125 0.2513661203125 0.898550725 0.2459016390625 0.9021739125 0.24043715781250002 0.9021739125 0.1693989078125 0.9094202906250001 0.15300546406249999 0.9094202906250001 0.0819672125 0.8949275359375 0.054644809375000006 0.87318840625 0.054644809375000006 0.8695652171875 0.0655737703125 0.8586956515624999 0.0710382515625 0.8550724640625 0.0819672125 0.8442028984375 0.08743169375 0.8333333328125001 0.10382513593750001 0.7826086953125 0.224043715625
4 0.1666666671875 0.278688525 0.163043478125 0.2841530046875 0.163043478125 0.322404371875 0.1666666671875 0.32786885312499997 0.163043478125 0.3333333328125 0.1666666671875 0.3387978140625 0.1666666671875 0.3606557375 0.163043478125 0.36612021875 0.1666666671875 0.3715847 0.1666666671875 0.40437158437500004 0.17391304375 0.415300546875 0.184782609375 0.415300546875 0.20289855 0.42622950781249996 0.22463768125 0.42622950781249996 0.22826087031250003 0.4316939890625 0.24637681093750002 0.4316939890625 0.25 0.43715847031250005 0.2536231890625 0.4316939890625 0.2681159421875 0.4316939890625 0.27173912968749997 0.40437158437500004 0.27536231875 0.398907103125 0.27536231875 0.3333333328125 0.2789855078125 0.32786885312499997 0.27536231875 0.322404371875 0.2789855078125 0.316939890625 0.27536231875 0.31147540937499996 0.27536231875 0.2950819671875 0.2789855078125 0.2896174859375 0.27536231875 0.278688525 0.27536231875 0.2513661203125 0.27173912968749997 0.2459016390625 0.2681159421875 0.21857923437500001 0.2536231890625 0.18032786875 0.24637681093750002 0.18032786875 0.21376811562500003 0.142076503125 0.188405796875 0.142076503125 0.1811594203125 0.14754098437500002 0.17391304375 0.16393442656249999 0.1702898546875 0.20218579218750002 0.163043478125 0.224043715625 0.163043478125 0.27322404375 0.1666666671875 0.278688525
4 0.057971014062500006 0.3934426234375 0.090579709375 0.40983606562499997 0.0942028984375 0.40437158437500004 0.0978260875 0.40983606562499997 0.14492753593750002 0.40983606562499997 0.15942029062500002 0.38797814218750004 0.15579710156249998 0.2076502734375 0.148550725 0.1967213109375 0.14492753593750002 0.1748633875 0.137681159375 0.16393442656249999 0.1304347828125 0.136612021875 0.112318840625 0.10928961718750001 0.112318840625 0.09836065625 0.101449275 0.08743169375 0.086956521875 0.08743169375 0.057971014062500006 0.0655737703125 0.0543478265625 0.0655737703125 0.039855071874999995 0.08743169375 0.039855071874999995 0.21857923437500001 0.036231884375 0.224043715625 0.036231884375 0.31147540937499996 0.0507246375 0.3825136609375 0.057971014062500006 0.3934426234375
4 0.0217391296875 0.6830601093750001 0.02536231875 0.6939890703125 0.0181159421875 0.7103825140625 0.0181159421875 0.73770491875 0.014492753124999999 0.7431693984375001 0.014492753124999999 0.81420765 0.0181159421875 0.8196721312499999 0.0181159421875 0.8415300546875001 0.02536231875 0.8524590156249999 0.036231884375 0.8524590156249999 0.039855071874999995 0.857923496875 0.04710145 0.8524590156249999 0.0507246375 0.857923496875 0.0543478265625 0.8524590156249999 0.06521739062500001 0.8524590156249999 0.07608695625 0.8306010921875 0.07608695625 0.81420765 0.07971014531250001 0.8087431687500001 0.07971014531250001 0.7158469953125 0.08333333281250001 0.7103825140625 0.086956521875 0.6612021859375 0.0942028984375 0.64480874375 0.090579709375 0.63387978125 0.0978260875 0.6229508203125 0.101449275 0.6284153 0.101449275 0.6229508203125 0.112318840625 0.601092896875 0.112318840625 0.595628415625 0.0942028984375 0.590163934375 0.086956521875 0.5792349734375 0.06521739062500001 0.5792349734375 0.0507246375 0.590163934375 0.036231884375 0.63387978125 0.0289855078125 0.64480874375 0.02536231875 0.677595628125 0.0217391296875 0.6830601093750001
4 0.1050724640625 0.6502732234375 0.090579709375 0.6830601093750001 0.090579709375 0.7103825140625 0.086956521875 0.7158469953125 0.086956521875 0.857923496875 0.090579709375 0.868852459375 0.101449275 0.868852459375 0.1050724640625 0.8743169406250001 0.10869565156250001 0.868852459375 0.112318840625 0.8743169406250001 0.1340579703125 0.8524590156249999 0.1340579703125 0.8469945359375 0.14492753593750002 0.8306010921875 0.148550725 0.7978142078125 0.15579710156249998 0.7923497265624999 0.15579710156249998 0.781420765625 0.163043478125 0.765027321875 0.1702898546875 0.601092896875 0.15942029062500002 0.590163934375 0.137681159375 0.590163934375 0.1340579703125 0.595628415625 0.12318840625000001 0.595628415625 0.1159420296875 0.601092896875 0.112318840625 0.6284153 0.1050724640625 0.6393442625 0.1050724640625 0.6502732234375
4 0.1666666671875 0.8251366125 0.1666666671875 0.8743169406250001 0.17391304375 0.8743169406250001 0.1811594203125 0.8852459015624999 0.17753623125 0.8907103828125 0.184782609375 0.8907103828125 0.19565217343750002 0.8797814203125001 0.1992753625 0.8852459015624999 0.22463768125 0.8797814203125001 0.22826087031250003 0.8743169406250001 0.22463768125 0.868852459375 0.23188405781250002 0.863387978125 0.23913043437499998 0.8469945359375 0.2536231890625 0.7923497265624999 0.260869565625 0.7431693984375001 0.2681159421875 0.7322404375 0.2681159421875 0.6994535515625 0.27173912968749997 0.6939890703125 0.27173912968749997 0.595628415625 0.2745746703125 0.5913518640625 0.2210144921875 0.5628415296875 0.21376811562500003 0.5683060109375 0.210144928125 0.5573770484375 0.1992753625 0.5573770484375 0.19565217343750002 0.5519125687499999 0.188405796875 0.5519125687499999 0.17753623125 0.5792349734375 0.17753623125 0.6393442625 0.17391304375 0.64480874375 0.17391304375 0.6885245906249999 0.1702898546875 0.6939890703125 0.1702898546875 0.781420765625 0.163043478125 0.81420765 0.1666666671875 0.8251366125
4 0.2789855078125 0.6666666671875 0.2789855078125 0.7103825140625 0.2826086953125 0.7158469953125 0.2826086953125 0.7595628421875 0.28623188437499997 0.765027321875 0.28985507187500004 0.8087431687500001 0.29710145 0.8306010921875 0.31159420312499997 0.8469945359375 0.32608695625 0.8469945359375 0.340579709375 0.8306010921875 0.3478260875 0.8360655734375 0.351449275 0.8196721312499999 0.362318840625 0.8032786890624999 0.362318840625 0.770491803125 0.3659420296875 0.765027321875 0.3659420296875 0.7540983609375 0.37681159375 0.73770491875 0.37681159375 0.72677595625 0.3840579703125 0.7103825140625 0.3840579703125 0.6065573765625001 0.3695652171875 0.590163934375 0.34420289843749996 0.590163934375 0.340579709375 0.595628415625 0.3333333328125 0.590163934375 0.3297101453125 0.595628415625 0.32608695625 0.590163934375 0.3007246375 0.590163934375 0.28623188437499997 0.601092896875 0.2826086953125 0.6120218578125 0.2826086953125 0.64480874375 0.2789855078125 0.6502732234375 0.2826086953125 0.6557377046874999 0.2789855078125 0.6666666671875
4 0.3949275359375 0.73770491875 0.398550725 0.7431693984375001 0.4021739125 0.8087431687500001 0.42391304375 0.868852459375 0.42028985468749996 0.8743169406250001 0.42391304375 0.8852459015624999 0.4456521734375 0.9234972671874999 0.4492753625 0.9234972671874999 0.4492753625 0.9125683062500001 0.46014492812499996 0.8907103828125 0.46014492812499996 0.868852459375 0.47463768125000005 0.8360655734375 0.4782608703125 0.8032786890624999 0.4927536234375 0.7486338796875 0.49637681093749997 0.6666666671875 0.5 0.6612021859375 0.5 0.6120218578125 0.49637681093749997 0.595628415625 0.489130434375 0.590163934375 0.4698079703125 0.590163934375 0.4311594203125 0.590163934375 0.3949275359375 0.6120218578125 0.3913043484375 0.6229508203125 0.3913043484375 0.6939890703125 0.398550725 0.72677595625 0.3949275359375 0.73770491875
4 0.5072463765624999 0.7431693984375001 0.5072463765624999 0.765027321875 0.510869565625 0.770491803125 0.514492753125 0.7978142078125 0.5217391296875 0.81420765 0.5217391296875 0.8251366125 0.5326086953125 0.8415300546875001 0.539855071875 0.8469945359375 0.5507246375 0.8469945359375 0.5543478265624999 0.8524590156249999 0.5724637687499999 0.8469945359375 0.5978260875 0.8087431687500001 0.5978260875 0.7978142078125 0.6050724640625 0.7759562843750001 0.6086956515625 0.6994535515625 0.612318840625 0.6939890703125 0.612318840625 0.6557377046874999 0.6159420296875 0.6502732234375 0.6159420296875 0.595628415625 0.6086956515625 0.584699453125 0.586956521875 0.584699453125 0.5217391296875 0.584699453125 0.5072463765624999 0.601092896875 0.5072463765624999 0.672131146875 0.5036231890625 0.677595628125 0.5036231890625 0.73770491875 0.5072463765624999 0.7431693984375001
4 0.6159420296875 0.677595628125 0.6195652171875 0.6830601093750001 0.6195652171875 0.7049180328125 0.637681159375 0.7431693984375001 0.637681159375 0.7540983609375 0.6449275359375 0.765027321875 0.648550725 0.7868852453125 0.659420290625 0.7978142078125 0.6811594203125 0.8032786890624999 0.684782609375 0.7978142078125 0.6920289859375 0.7978142078125 0.6956521734375001 0.7868852453125 0.710144928125 0.781420765625 0.7173913046875 0.770491803125 0.7173913046875 0.7595628421875 0.7210144921875 0.7540983609375 0.7210144921875 0.72677595625 0.72463768125 0.721311475 0.72463768125 0.595628415625 0.7210144921875 0.590163934375 0.7210144921875 0.5737704921875 0.713768115625 0.5628415296875 0.6992753625 0.5628415296875 0.6956521734375001 0.5683060109375 0.6666666671875 0.5683060109375 0.663043478125 0.5628415296875 0.659420290625 0.5628415296875 0.6557971015625 0.5683060109375 0.637681159375 0.5737704921875 0.6231884062499999 0.595628415625 0.6231884062499999 0.6502732234375 0.6195652171875 0.6557377046874999 0.6159420296875 0.677595628125
4 0.7318840578125 0.6284153 0.735507246875 0.7049180328125 0.75 0.7431693984375001 0.7572463765624999 0.8032786890624999 0.77536231875 0.8415300546875001 0.789855071875 0.857923496875 0.8115942031250001 0.868852459375 0.8369565218749999 0.868852459375 0.8442028984375 0.863387978125 0.8405797093749999 0.857923496875 0.8442028984375 0.8469945359375 0.8442028984375 0.7978142078125 0.8369565218749999 0.765027321875 0.8369565218749999 0.6557377046874999 0.8333333328125001 0.6502732234375 0.8333333328125001 0.601092896875 0.82608695625 0.5792349734375 0.8224637687499999 0.5300546453125 0.8152173906250001 0.5191256828124999 0.789855071875 0.5191256828124999 0.7536231890625 0.54098360625 0.7318840578125 0.54098360625 0.7210144921875 0.5519125687499999 0.7282608703125 0.5737704921875 0.7282608703125 0.6229508203125 0.7318840578125 0.6284153
4 0.9565217390624999 0.73770491875 0.963768115625 0.7540983609375 0.985507246875 0.7759562843750001 0.9818840578125 0.781420765625 0.989130434375 0.7978142078125 0.9927536234375 0.863387978125 0.9963768109375 0.868852459375 0.9963768109375 0.497267759375 0.989130434375 0.497267759375 0.960144928125 0.535519125 0.9456521734375001 0.5464480875 0.92391304375 0.5464480875 0.9202898546875 0.5573770484375 0.92391304375 0.5628415296875 0.9275362312500001 0.6174863390625001 0.9456521734375001 0.6666666671875 0.9565217390624999 0.73770491875