4 0.28514090468750003 0.79341875625 0.33332075625 0.7745487453125001 0.3401048484375 0.765298946875 0.359149909375 0.765668703125 0.42385798125 0.6950000703125 0.45064873437499997 0.635061571875 0.500233384375 0.47966570312499995 0.507806275 0.407887796875 0.3684955640625 0.3520211875 0.344319234375 0.35572136875 0.310225975 0.39050072187499996 0.2769967375 0.48262831874999995 0.26342855625 0.5011279203125001 0.22889210468750001 0.6213746765625 0.227757696875 0.6609634859375 0.2211464109375 0.681682934375 0.2238360578125 0.7453209640625 0.24339953125 0.7800996671875 0.2642702171875 0.7867592125 0.28514090468750003 0.79341875625
4 0.5284594359375 0.8596437874999999 0.559592659375 0.8581634578124999 0.5870746328124999 0.8441035515624999 0.5920330984375 0.828563965625 0.634390465625 0.7678852984375 0.669272525 0.670577840625 0.6955448671875 0.57623039375 0.7032905625 0.5159221359374999 0.697468075 0.47411347968750006 0.6764245859375 0.45598428750000003 0.5583301703125 0.42971651875 0.5445891828125 0.436746471875 0.539285109375 0.4293467609375 0.5238913015625 0.44155657656249997 0.513801565625 0.4611661015625 0.439597396875 0.7057295546875 0.44872552656250003 0.7371784859375 0.4510695671875 0.77787721875 0.4598520875 0.7863868515625 0.46367614375 0.8104360734375 0.50758875 0.8529842437499999 0.5284594359375 0.8596437874999999
4 0.7162956109375 0.9195796859375 0.7454304046875 0.9003399203125 0.77204835625 0.8289317703125001 0.777179625 0.8248618328124999 0.8216330062500001 0.673535903125 0.8194617703124999 0.6443068171874999 0.8242474312500001 0.6172975843749999 0.8239018218749999 0.5943582859375 0.8167721218749999 0.580668790625 0.771552303125 0.5662397765625 0.7627697812500001 0.5577301421875 0.745550346875 0.563650171875 0.728158109375 0.5581005515624999 0.7144171218750001 0.565130503125 0.695890475 0.5991696921874999 0.697716103125 0.605459478125 0.6630068484375 0.7142365859375001 0.6648324734375 0.7205263734375 0.6597012046875 0.7245963093750001 0.6565683640625 0.746425684375 0.667522121875 0.7841644015625 0.6662149078125 0.8122835625 0.67151898125 0.819683271875 0.6663877125 0.823753209375 0.670038965625 0.8363327828125 0.6667333203125 0.8466925078124999 0.6689045578124999 0.8759215906250001 0.688468028125 0.9107002937500001 0.7162956109375 0.9195796859375
4 0.8686560906249999 0.9225377484375 0.8772658078125 0.9195777359375 0.9251976375 0.769361728125 0.9213735796875 0.7453125078125 0.9278120609375 0.713123409375 0.9258136312499999 0.695363975 0.945129078125 0.5987966796874999 0.9404410000000001 0.517399215625 0.9280072265625 0.49631001093749993 0.8748689078125 0.5307196046875 0.8614735296875 0.56068885625 0.8326843437499999 0.6028679218749999 0.8302427234374999 0.6705758875 0.8140601140625 0.7453138078125 0.81623135 0.7745428921874999 0.8308363578125 0.82486118125 0.8310091625 0.83633083125 0.8242250703125 0.8455806328125 0.826569109375 0.8862793640625 0.8651776437500001 0.921427825 0.8686560906249999 0.9225377484375
4 0.8339915578125 0.5747487609374999 0.866259190625 0.53367961875 0.8897443031250001 0.484100846875 0.8945299625 0.45709160937500004 0.9112309843749999 0.4167626359375 0.90940535625 0.41047284843750004 0.9161894500000001 0.4012230484375 0.9143638218750001 0.3949332625 0.927932003125 0.376433659375 0.93106484375 0.35460428906249997 0.9446330250000001 0.3361046859375 0.9694253484375001 0.25840675156250004 0.9736925984375 0.19698857187500002 0.961258825 0.1758993640625 0.9438665875 0.17034974375 0.89568673125 0.189219753125 0.877160084375 0.22325894218750003 0.8668975453125001 0.23139881718750002 0.8588062421875 0.2687677765625 0.8331498953124999 0.28911746875 0.8230601609375 0.30872699375 0.8127976218749999 0.3168668703125 0.8129704265625 0.3283365203125 0.787486884375 0.3601558609375 0.7577360953125 0.45339338125 0.7567744921874999 0.5044518390625 0.764422603125 0.5525502796875 0.7834676625 0.5529200375000001 0.7852932906250001 0.559209825 0.8131208703125001 0.5680892171874999 0.8237290187499999 0.5828886375 0.8339915578125 0.5747487609374999
4 0.916880665625 0.44710164375000006 0.917226275 0.470040940625 0.9227031531250001 0.4889103 0.940095390625 0.49445992031249997 0.95139475625 0.555137934375 0.9530475781250001 0.5499580734375 0.9649629375 0.5366383328125 0.9821823703125 0.5307183046875 0.9852779875 0.5264975749999999 0.99061895 0.34624004531249997 0.9352345078125 0.40159280781250006 0.9302760453125 0.4171323921875 0.9251447734375 0.42120232968750004 0.916880665625 0.44710164375000006
4 0.7228540359375 0.550700840625 0.736595021875 0.5436708875 0.7415534874999999 0.5281313015625 0.7397278609375 0.521841515625 0.74799196875 0.495942203125 0.7492991828125 0.46782304375 0.754257646875 0.4522834578125 0.752432021875 0.445993671875 0.7755715249999999 0.3734755984375 0.7770515421875 0.3568260875 0.7622737296875 0.2950381484375 0.7674049984375 0.290968209375 0.7602752984375 0.27727871249999997 0.7463615078125 0.27283901718750003 0.6761765578125 0.324638290625 0.6763493625 0.3361079390625 0.658168325 0.393086425 0.6568611125 0.421205584375 0.651902646875 0.4367451703125 0.6606851687499999 0.44525480625 0.6797302281250001 0.44562456250000004 0.6815558546875 0.4519143484375 0.6919911984375 0.455244121875 0.706250596875 0.48262311406249997 0.7047705796875 0.49927262656250004 0.7104202625 0.5296116328125 0.6971976890625 0.5710505312499999 0.7228540359375 0.550700840625
4 0.5169344046875 0.43933672812499996 0.533981034375 0.42194705 0.5425907515625 0.4189870375 0.63981448125 0.43859526249999997 0.667739646875 0.339067953125 0.6659140203125 0.332778165625 0.6789637890625 0.2798696203125 0.6799253921874999 0.2288111625 0.672450084375 0.19218237031250002 0.646275325 0.178123115625 0.625750246875 0.1944028671875 0.605397975 0.2221522703125 0.600439509375 0.23769185625000003 0.5850457015625 0.249901671875 0.5817400593750001 0.260261396875 0.5766087890625 0.264331334375 0.5784344156250001 0.2706211203125 0.5597349625 0.293190659375 0.5481652109375 0.329449696875 0.5430339421875 0.333519634375 0.513283153125 0.42675715625 0.5134559578125 0.43822680312499995 0.5169344046875 0.43933672812499996
4 0.51293754375 0.40381785781249996 0.53772986875 0.32611992343749996 0.5428611390625 0.3220499859375 0.5423427234375 0.287641040625 0.5388642781249999 0.286531115625 0.5352130265625 0.2739515421875 0.5368658468749999 0.26877167968750004 0.5333874 0.2676617578125 0.5226064484374999 0.2413926875 0.515649553125 0.239172840625 0.5119983 0.2265932671875 0.4947788671875 0.23251329531249998 0.4879947765625 0.2417630953125 0.48451632812499995 0.24065317031250003 0.4742537890625 0.2487930484375 0.47077534062500004 0.2476831234375 0.4641640546875 0.268402571875 0.45903278593749997 0.2724725109375 0.4292819953125 0.3657100328125 0.436238890625 0.36792988125 0.4380645171875 0.3742196671875 0.4798058890625 0.38753875625 0.4816315140625 0.39382854218749996 0.51293754375 0.40381785781249996
4 0.29996343593749997 0.39864059687500003 0.323621353125 0.3605314703125 0.3597130421875 0.34351155312500004 0.4223251015625 0.36349018437499997 0.4502502640625 0.263962875 0.46295442500000006 0.1881150328125 0.462608815625 0.16517573593749998 0.45530631093749996 0.1400165890625 0.4602647765625 0.12447700312500001 0.4549607046875 0.1170772921875 0.46174479375 0.10782749375 0.4526166625 0.07637856093749999 0.42478908125 0.06749916875 0.42296345625000004 0.06120938124999999 0.41435373750000004 0.06416939687499999 0.395827090625 0.09820858437499999 0.3804332828125 0.11041839843750001 0.3516440984375 0.15259746406250002 0.3433799890625 0.17849677656250001 0.3281589875 0.202176240625 0.289625675 0.2869041265625 0.28370560624999996 0.35350216875 0.2930065421875 0.39642075 0.29996343593749997 0.39864059687500003
4 0.08783099062500001 0.679094628125 0.1191370203125 0.6890839453125001 0.13453082656249998 0.6768741312500001 0.1394892921875 0.66133454375 0.16001437031250001 0.6450547906249999 0.1649728359375 0.629515203125 0.1838450890625 0.6184153125 0.2263752625 0.5692062953125 0.2480347484375 0.5133377343750001 0.24603631718750002 0.4955783 0.2696942328125 0.45746917500000006 0.2862224484375 0.40567054999999996 0.2860496453125 0.394200903125 0.2790927515625 0.3919810546875 0.261354903125 0.3634921375 0.20917818906250002 0.34684327656249997 0.171260871875 0.357573409375 0.16316956875 0.39494236875 0.1494285828125 0.4019723203125 0.14629574218750002 0.4238016953125 0.134380384375 0.43712143281250004 0.124463453125 0.4682006078125 0.1262890796875 0.47449039375 0.112720896875 0.4929899953125 0.1061096109375 0.51370944375 0.09419425000000001 0.5270291828125 0.069401925 0.6047271171874999 0.0712275515625 0.6110169046875 0.064616265625 0.631736353125 0.0667875 0.6609654375 0.0826997203125 0.6831645671875 0.08783099062500001 0.679094628125
4 0.2288616046875 0.044932231249999996 0.22207751406249998 0.0541820328125 0.23433848125 0.063801590625 0.2207703 0.08230119218750001 0.22442155156250002 0.0948807640625 0.215811834375 0.097840778125 0.21763746093749997 0.10413056406250001 0.20241645625000002 0.127810028125 0.20258926093750002 0.139279678125 0.1906739015625 0.15259941562499998 0.164401559375 0.24694686093749998 0.169435246875 0.351283621875 0.174566515625 0.347213684375 0.21944072656250002 0.33870339843749997 0.2525723828125 0.3549825015625 0.2611820984375 0.3520224875 0.290932890625 0.258784965625 0.3078067125 0.22992563906250002 0.3243349296875 0.17812701875 0.307904296875 0.12151894218749999 0.3093843125 0.10486942968749999 0.3022546140625 0.0911799328125 0.3090387046875 0.08193013437499999 0.305387453125 0.0693505609375 0.309827503125 0.019402028125 0.3045234296875 0.012002315625 0.30478758125 0.00903074375 0.2558961125 0.0075821078125 0.25599796874999997 0.007933028125 0.2387785328125 0.013853059374999999 0.23199444374999997 0.0231028578125 0.2288616046875 0.044932231249999996
4 0 0.582005184375 0.0031386156249999997 0.5721689125 0.035579053124999996 0.5425694203125 0.0388846953125 0.5322096953125001 0.0782820296875 0.5048300515624999 0.112202484375 0.45858105 0.1153353234375 0.4367516765625 0.1408188640625 0.4049323359375 0.1608255296875 0.35424363593749997 0.1571742765625 0.34166406562499996 0.159788703125 0.2854257453125 0.148834946875 0.247687028125 0.1347483515625 0.23177768125 0.1140504703125 0.23658778749999998 0.0883941234375 0.256937478125 0.0390798609375 0.3153962953125 0.017420375 0.3712648578125 0 0.402579178125 0 0.582005184375
4 0.139879621875 0.22770774375 0.1470093203125 0.2413972421875 0.1539662171875 0.243617090625 0.163883146875 0.21253791562500002 0.1620575203125 0.206248128125 0.16884161250000002 0.196998328125 0.16832319843750002 0.1625893828125 0.1485869203125 0.1163410296875 0.1482413125 0.0934017328125 0.1334634984375 0.03161379375 0.11954970937500001 0.027174096874999998 0.11441844062499999 0.031244034375 0.0449999296875 0.248798253125 0.048823985937499995 0.27284747187499997 0.059259329687499994 0.2761772453125 0.11222484375 0.23029800156250002 0.1157032921875 0.231407925 0.12596583125 0.22326804843749998 0.139879621875 0.22770774375