4 0.473487103125 0.1848081875 0.468204659375 0.21127620781249998 0.4591849703125 0.219081278125 0.4614920015625 0.24117153593750001 0.4695198859375 0.24955255625 0.46665945937500003 0.2564071734375 0.49547215937500005 0.28402709531250003 0.528575503125 0.3013650875 0.5318743390625 0.3072692546875 0.6042402874999999 0.34099478906249997 0.6103995484375 0.3400443359375 0.613698384375 0.3459485015625 0.649662153125 0.35643187656249997 0.6634108921874999 0.3511036625 0.66011205625 0.34519949687499996 0.66627131875 0.3442490453125 0.665832909375 0.3314902625 0.6734223859374999 0.32711250000000003 0.6715537640625 0.317781025 0.6777130265625 0.3168305734375 0.702026653125 0.258566321875 0.7040102609375001 0.2261941375 0.7017032296875 0.20410387968750002 0.682902021875 0.152492796875 0.6763043515625 0.1406844671875 0.650790484375 0.11896871093750001 0.60822904375 0.0966770046875 0.5817233703125 0.09114734062499999 0.5632455843749999 0.0939986984375 0.5542258953125 0.10180377031250001 0.535748109375 0.104655128125 0.5314574703125 0.1149370546875 0.5191389453124999 0.11683796093750001 0.5224377812500001 0.122742125 0.5086890421875 0.1280703390625 0.511987878125 0.1339745046875 0.4953787140625 0.1461573359375 0.479646365625 0.183857734375 0.473487103125 0.1848081875
4 0.6710003671875 0.3467259015625 0.6841957109375 0.37034256249999997 0.7031119046875001 0.3802499875 0.7238967234375 0.3994888875 0.757000065625 0.4168268796875 0.7602989015625 0.42273104375 0.7664581640625 0.42178059218749997 0.790103409375 0.4341648734375 0.8587321125 0.44922746093750004 0.8786401125 0.44294879375 0.9033921484375 0.397443325 0.9000933140624999 0.391539159375 0.914395446875 0.3572660703125 0.912088415625 0.33517581406249997 0.9220999093750001 0.31118465 0.9123183890625001 0.25176849687499997 0.888234734375 0.22662543125 0.869318540625 0.2167180078125 0.8366536046874999 0.21213879531250002 0.8224664609375001 0.20470822812499997 0.8039886734374999 0.20755958593749999 0.7689017203125 0.222593775 0.7660412937500001 0.22944839374999998 0.7551529828125 0.227921990625 0.7522925546875 0.23477660781249998 0.7309543421875 0.24448258437499998 0.713353371875 0.2728515078125 0.7071941109375001 0.27380195937499996 0.6771596296875 0.3457754484375 0.6710003671875 0.3467259015625
4 0.329862 0.059467368750000006 0.3222725234375 0.0638451296875 0.325571359375 0.0697492953125 0.30896219375 0.0819321265625 0.30610176875 0.08878674375 0.3094006046875 0.09469090937499999 0.3032413421875 0.09564136250000001 0.31071583125 0.132967259375 0.3078554046875 0.139821878125 0.3177519109375 0.1575343734375 0.3257797953125 0.16591539375 0.415631725 0.21297566406250001 0.4540175125 0.2038456390625 0.46402900625 0.179854475 0.47018826718750006 0.1789040234375 0.4869124203125 0.1250175328125 0.4788845359375 0.11663651093750001 0.4817449625 0.10978189218750001 0.471410046875 0.07931061406249999 0.460521734375 0.0777842109375 0.4572228984375 0.0718800453125 0.4600833265625 0.0650254265625 0.4553542765625 0.0625485703125 0.44237711874999996 0.0393224109375 0.3516918140625 0.0312614953125 0.33844328125 0.0389035140625 0.334152640625 0.049185440625 0.327993378125 0.05013589375000001 0.329862 0.059467368750000006
4 1 0.32936087187499996 0.995457659375 0.32872409375 0.9864379718749999 0.3365291640625 0.9755496609375 0.335002759375 0.93760228125 0.35689156718750004 0.92528375625 0.358792471875 0.9095514109374999 0.396492871875 0.9128502453125 0.40239703593750004 0.9014085390625001 0.4298155078125 0.9179027171874999 0.459336334375 0.9419863718749999 0.4844794 0.9609025656249999 0.49438682500000003 0.9670618281250001 0.493436371875 0.9812489765624999 0.500866940625 0.9921372859375 0.50239334375 1 0.5011800265625 1 0.32936087187499996
4 0.18633034375 0.0719963046875 0.1834699171875 0.07885092187500001 0.1980954734375 0.099040275 0.2311988140625 0.11637826874999999 0.24824638906250002 0.1169542203125 0.263425340625 0.1081986953125 0.26628576718749997 0.10134407812499999 0.29378324375 0.09068765 0.3080853765625 0.05641455937499999 0.3142446390625 0.055464107812499996 0.32139570625 0.0383275625 0.318319746875 0.0282950890625 0.1919657921875 0.0170636265625 0.18501511875 0.03371995625 0.1887523625 0.052382904687499995 0.18303150937499998 0.06609214062499999 0.18633034375 0.0719963046875
4 0.4617938828125 0.47520739062499995 0.45893345625000004 0.48206201093749995 0.47498922656250003 0.498824053125 0.4688299640625 0.4997745046875 0.46596953750000003 0.5066291234375 0.4896147828125 0.5190134046875 0.49291361875 0.5249175703125 0.5132600265625 0.5313976859375 0.5165588624999999 0.5373018515625 0.5260169593749999 0.5422555625000001 0.538335484375 0.5403546578125 0.55252263125 0.547785228125 0.5539528453125 0.5443579187500001 0.57243063125 0.5415065609374999 0.5771596812500001 0.5439834171875 0.5800201078125 0.5371287984374999 0.5861793703125 0.536178346875 0.6062023562500001 0.4881960203125 0.6029035203124999 0.4822918546875 0.61863586875 0.44459145624999996 0.6153370328125 0.438687290625 0.6253485265625 0.4146961296875 0.640527478125 0.4059406046875 0.6353600203124999 0.390704965625 0.6085605000000001 0.376668621875 0.5549661875 0.3485984109375 0.5488069265625 0.3495488640625 0.5346197796875 0.34211829374999997 0.5161419921875 0.3449696515625 0.5132815640625 0.35182427031249996 0.507122303125 0.3527747234375 0.484677296875 0.4203704484375 0.48984475468750005 0.4356060890625 0.48225528124999995 0.43998385000000007 0.4751042140625 0.45712039375 0.4584950484375 0.4693032265625 0.4617938828125 0.47520739062499995
4 0.6060873703125 0.5298996781249999 0.597506090625 0.5504635328124999 0.6026735484375 0.565699171875 0.5969526953125001 0.5794084078124999 0.6002515296875 0.5853125734375 0.6140002671875 0.579984359375 0.6205979390625 0.5917926890625 0.6144386765625 0.5927431421875 0.6224665609375 0.6011241625 0.6286258234375001 0.600173709375 0.631924659375 0.606077875 0.6428129703125001 0.6076042796875 0.65084085625 0.6159853015625 0.6570001171875 0.6150348484375 0.6537012828125001 0.609130684375 0.66745001875 0.60380246875 0.67360928125 0.602852015625 0.6830673796875 0.607805728125 0.69824633125 0.59905020625 0.696377709375 0.5897187296874999 0.7025369703125001 0.588768278125 0.7068276109375 0.5784863515625001 0.7220065625000001 0.569730828125 0.7187077265624999 0.5638266625 0.732456465625 0.5584984484375 0.73058784375 0.5491669734375 0.7381773171875 0.5447892125 0.7363086953125 0.5354577390624999 0.7424679578125 0.5345072859375 0.7610607328125 0.48995226875000003 0.7577618968750001 0.48404810468750004 0.7620525359375 0.473766178125 0.754024653125 0.46538515468749997 0.747865390625 0.4663356078125 0.7445665546875 0.46043144375 0.7303794078125 0.453000875 0.72422014375 0.4539513265625 0.6532844124999999 0.416798484375 0.6333764109375 0.42307715 0.636675246875 0.428981315625 0.6295241796875 0.446117859375 0.6233649171875 0.4470683125 0.6252335390625 0.4563997875 0.6052105515624999 0.5043821125 0.6085093875 0.5102862781249999 0.602788534375 0.5239955125 0.6060873703125 0.5298996781249999
4 0.8174643578125 0.64478551875 0.8312130968749999 0.6394573046875001 0.8355037375000001 0.629175378125 0.8478222609375001 0.6272744734375 0.8506826875 0.6204198546875 0.85684195 0.619469403125 0.8787335593750001 0.5808185515625001 0.874996315625 0.562155603125 0.8669684312499999 0.55377458125 0.8698288562500001 0.5469199640625 0.8537730890624999 0.5301579203125 0.8325498625 0.49816023906250007 0.7947174718750001 0.4783453890625 0.771510634375 0.47871989062500003 0.76578978125 0.49242912499999997 0.7690886156250001 0.49833329062500004 0.7390541374999999 0.5703067796875 0.740922759375 0.579638253125 0.7574169359375 0.6091590796874999 0.7531262953125 0.61944100625 0.764453015625 0.63372619375 0.7615925890625 0.6405808109375 0.7946959328125 0.6579188046875 0.81460393125 0.6516401359375 0.8174643578125 0.64478551875
4 0.8688155156249999 0.742679471875 0.8820108578125 0.766296134375 0.89289916875 0.7678225375000001 0.8961980046875 0.7737267015625 0.9070863156250001 0.77525310625 0.91038515 0.7811572703125 0.9321617718749999 0.7842100765625 0.9393128390625 0.7670735328125 0.9360140046875 0.7611693671875 0.9421732671875 0.760218915625 0.93887443125 0.7543147484375 0.944595284375 0.7406055140625 0.9412964484374999 0.7347013484375 0.953176565625 0.7200416609375 0.9593358265624999 0.7190912078125 0.962196253125 0.7122365890625 0.9588974171875 0.7063324234375 0.970339125 0.678913953125 0.9670402890625001 0.6730097859375 0.9741913562500001 0.6558732421875 0.9708925203125001 0.649969078125 0.9794738000000001 0.6294052234375 0.9757365578125 0.6107422765625 0.95451333125 0.57874459375 0.94978428125 0.5762677375 0.94362501875 0.577218190625 0.9341669218750001 0.5722644781249999 0.9175577578125 0.584447309375 0.8839010171874999 0.596054190625 0.8810405921875001 0.6029088078125 0.8748813296875 0.6038592609375 0.8648698359375 0.6278504234375 0.8587105718749999 0.6288008765625 0.8472688671874999 0.6562193484375001 0.85903399375 0.6832633171875 0.8580421906250001 0.6994494109375 0.8688155156249999 0.742679471875
4 0.3980092171875 0.420918003125 0.4055986921875 0.4165402421875 0.41835562499999995 0.42739811874999994 0.4245148875 0.426447665625 0.438702034375 0.433878234375 0.4495903453125 0.4354046375 0.4614704625 0.42074495 0.4737889875 0.41884404531249997 0.482370265625 0.3982801921875 0.47907143124999996 0.3923760265625 0.4976642046875 0.347821009375 0.51284315625 0.3390654859375 0.5124047468749999 0.326306703125 0.4816659296875 0.3102071375 0.4509271109375 0.2941075734375 0.39648555625 0.2864755546875 0.3765775546875 0.292754221875 0.3745939453125 0.3251264046875 0.379761403125 0.3403620453125 0.3726103375 0.3574985890625 0.3796464171875 0.382065703125 0.3753557765625 0.39234762968750003 0.38052323593750004 0.4075832703125 0.392841759375 0.405682365625 0.3994394296875 0.41749069531250005 0.3980092171875 0.420918003125
4 0.2016961921875 0.33898029687500003 0.20499502656250002 0.3448844625 0.2007043875 0.3551663890625 0.1945451265625 0.3561168421875 0.19069289375 0.3791575515625 0.18453363125 0.3801080046875 0.1802429921875 0.39038993125 0.1835418265625 0.396294096875 0.25447756093749996 0.433446940625 0.255907775 0.43001963125 0.266796084375 0.43154603593749996 0.2772459875 0.42031365468750004 0.28956451250000004 0.41841275 0.2952853671875 0.4047035140625 0.307603890625 0.402802609375 0.3104643171875 0.3959479921875 0.33653158125 0.388718871875 0.349841909375 0.3706318734375 0.356001171875 0.369681421875 0.3602918125 0.35939949531250004 0.3569929765625 0.35349532968749997 0.36700446875 0.329504165625 0.359968390625 0.304937053125 0.362828815625 0.2980824359375 0.344904425 0.27198891875000003 0.3212591796875 0.2596046359375 0.31509991875 0.260555090625 0.291454675 0.248170809375 0.268686246875 0.26130409375 0.25636772343750003 0.2632049984375 0.2535072953125 0.270059615625 0.24118877031250002 0.27196052187499997 0.2297470625 0.29937899375 0.2235878015625 0.300329446875 0.2121460953125 0.32774791875 0.20598683125 0.32869837031250004 0.2078554546875 0.3380298453125 0.2016961921875 0.33898029687500003
4 0.1656174359375 0.3702005796875 0.1623186 0.3642964140625 0.1760673375 0.35896819999999996 0.17892776562499998 0.35211358125 0.1756289296875 0.3462094171875 0.1817881921875 0.3452589640625 0.18750904531249998 0.33154972968749996 0.182779996875 0.3290728734375 0.180911375 0.319741396875 0.1932298984375 0.3178404921875 0.2051100140625 0.3031808046875 0.201811178125 0.2972766390625 0.2056634109375 0.27423592812500003 0.202364575 0.2683317640625 0.2109458546875 0.2477679109375 0.1977505125 0.22415124999999997 0.18972262812500001 0.21577022812500002 0.1660773828125 0.20338594687499997 0.129121809375 0.2090886625 0.12483116875 0.219370590625 0.1020627421875 0.232503875 0.0977721015625 0.24278580156250001 0.0901826265625 0.2471635625 0.07929431406250001 0.24563715937500002 0.052120260937499996 0.3107560296875 0.055857504687500004 0.329418978125 0.1315222875 0.3690486765625 0.1376815515625 0.368098225 0.1471396484375 0.3730519375 0.14856986249999998 0.3696246296875 0.1656174359375 0.3702005796875