3 0.27625 0.4394729625 0.2744642859375 0.45841339531249997 0.27625 0.4754323359375 0.27875 0.4891572875 0.2846428578125 0.5034312375 0.3021428578125 0.5215481750000001 0.3121428578125 0.527861653125 0.3180357140625 0.524018665625 0.32410714218750003 0.5188031843750001 0.332321428125 0.500686246875 0.337678571875 0.4913532796875 0.3421428578125 0.48778479218750004 0.347321428125 0.482843809375 0.35607142812500003 0.47158935 0.3628571421875 0.46829536093749996 0.3596428578125 0.45264891562500004 0.361071428125 0.4282185015625 0.3632142859375 0.4048860828125 0.355178571875 0.39171012968749996 0.34375 0.3738676921875 0.3332142859375 0.3557507546875 0.3203571421875 0.3395553109375 0.311071428125 0.33296733437500003 0.3030357140625 0.3288498484375 0.2916071421875 0.3351633265625 0.28321428593750003 0.357946746875 0.2817857140625 0.3922591265625 0.27999999999999997 0.411474059375 0.27625 0.4394729625
3 0.7210714281249999 0.6640131765625 0.72875 0.67307164375 0.7410714281249999 0.6752676359375 0.751071428125 0.6670326656250001 0.7558928578125 0.6505627234375 0.76 0.6283283015625 0.767678571875 0.5791929734375 0.7773214281249999 0.5226461703124999 0.78 0.504254734375 0.7778571421875 0.49821575625000003 0.767678571875 0.506999725 0.73875 0.50535273125 0.715178571875 0.5031567390625 0.7112499999999999 0.499039253125 0.7021428578125 0.5728794953125 0.7066071421875 0.6118583578125001 0.7155357140625 0.6467197359375 0.7210714281249999 0.6640131765625
3 0.13571428593749998 0.5679385124999999 0.136428571875 0.5780949765625001 0.14321428593750002 0.5819379625 0.1566071421875 0.5893494375 0.1705357140625 0.5951139171875 0.1844642859375 0.602799890625 0.200178571875 0.6058193796875 0.2128571421875 0.6014273953125 0.23625 0.5879769421875001 0.2528571421875 0.5737029921875 0.266428571875 0.5542135609375001 0.269821428125 0.541861103125 0.2741071421875 0.5199011796875 0.27875 0.5004117484374999 0.2807142859375 0.4940982703125 0.27821428593749997 0.48723579531250005 0.275 0.46939335781249997 0.2625 0.470491353125 0.255 0.4820203125 0.24714285781249998 0.4962942625 0.2391071421875 0.507274225 0.2321428578125 0.504529234375 0.2171428578125 0.4842163046875 0.21232142812500002 0.47790282656249994 0.205 0.4707658515625 0.20178571406249998 0.4647268734375 0.2005357140625 0.45402141093750004 0.19982142812499998 0.45319791406250004 0.195178571875 0.45511940781250004 0.1908928578125 0.45292341406250003 0.1896428578125 0.4575898984375 0.1769642859375 0.463354378125 0.17089285781250002 0.472412846875 0.1682142859375 0.4737853421875 0.161071428125 0.472412846875 0.1525 0.49547076562500003 0.1444642859375 0.5270381546875 0.13999999999999999 0.5435080984375 0.13571428593749998 0.5679385124999999
3 0.8591071421875001 0.3606917375 0.8676785718750001 0.39802360625 0.8755357140625 0.44359044687500004 0.8744642859375 0.46911885781249996 0.869821428125 0.490255284375 0.86625 0.4940982703125 0.8619642859375001 0.4984902546875 0.8592857140625 0.49958825156250003 0.8653571421875 0.5237441671874999 0.8678571421875001 0.5220971734375001 0.8705357140625001 0.5177051875 0.8724999999999999 0.5127642046875 0.8758928578124999 0.513313203125 0.8787499999999999 0.5122152078125 0.8841071421875 0.506999725 0.8875 0.5009607468749999 0.888928571875 0.493823771875 0.8903571421875001 0.4809223171875 0.8914285718749999 0.46664836718749997 0.8930357140625 0.4408454578125 0.893928571875 0.429590996875 0.8951785718749999 0.40516058125 0.8949999999999999 0.38512215156249996 0.8958928578125 0.3675542140625 0.8951785718749999 0.3477902828125 0.8941071421875 0.336810321875 0.8892857140625001 0.320614878125 0.8860714281250001 0.3074389234375 0.8855357140625 0.29920395312500003 0.8782142859375 0.3129289046875 0.8703571421875 0.324183365625 0.8641071421875001 0.33900631406250004 0.8591071421875001 0.3606917375
3 0.6408928578124999 0.6379357671875 0.6528571421875 0.6604446890625 0.6637500000000001 0.6684051609375 0.6757142859374999 0.6711501515625 0.6816071421875 0.66620916875 0.68875 0.6541312109375 0.692321428125 0.6253088109375 0.6994642859375 0.5893494375 0.70375 0.5536645625000001 0.7082142859375 0.521273675 0.7108928578125 0.49986274999999997 0.7071428578125001 0.4940982703125 0.7055357140625 0.493549271875 0.7028571421875001 0.5012352453125 0.700178571875 0.504529234375 0.6857142859375001 0.5100192156250001 0.6703571421875 0.5078232218750001 0.666428571875 0.5108427125 0.6369642859375 0.5119407078125 0.632321428125 0.5575075484375 0.629821428125 0.5720559984375 0.63375 0.6077408734375 0.6408928578124999 0.6379357671875
3 0.44232142812499997 0.6003293984375 0.44660714218750003 0.6371122703125 0.4525 0.6604446890625 0.46017857187500005 0.6675816640625001 0.47464285781250004 0.6711501515625 0.495 0.670601153125 0.5058928578125 0.6571507000000001 0.513928571875 0.643700246875 0.5203571421875 0.6253088109375 0.5280357140625 0.5995059015625 0.54 0.5789184734374999 0.541428571875 0.54103760625 0.5396428578125 0.5048037328125 0.516428571875 0.5157836953125 0.48946428593749997 0.509744715625 0.48482142812499995 0.504254734375 0.47464285781250004 0.495745265625 0.46803571406250005 0.48860829062500005 0.4641071421875 0.4735108421875 0.4630357140625 0.4636288765625 0.45732142812500004 0.47570683437500005 0.45125000000000004 0.4842163046875 0.4505357140625 0.491902278125 0.44714285781249996 0.527861653125 0.44607142812499995 0.5610760359375 0.4446428578125 0.5709580015625 0.44232142812499997 0.6003293984375
3 0.8558928578125 0.64836673125 0.8585714281250001 0.6307987921875 0.8603571421874999 0.61240735625 0.8605357140625 0.5808399671875 0.8582142859375 0.5613505359375 0.8573214281249999 0.5336261328125 0.8569642859375 0.51962668125 0.8553571421875 0.49986274999999997 0.843928571875 0.497117759375 0.8307142859375001 0.48860829062500005 0.8246428578125 0.48805929218750005 0.826428571875 0.49821575625000003 0.8196428578124999 0.58413395625 0.8296428578124999 0.6000549000000001 0.8389285718749999 0.6225638203125 0.8478571421875 0.6423277515625 0.8558928578125 0.64836673125
3 0.5482142859375 0.6222893218750001 0.5533928578125 0.6404062578125 0.5633928578125 0.6574251984374999 0.5825 0.66977765625 0.5962500000000001 0.670601153125 0.6030357140625 0.663189678125 0.612678571875 0.627779303125 0.6232142859375001 0.59099643125 0.6292857140625 0.5597035406249999 0.63375 0.5363711234374999 0.6369642859375 0.5105682125000001 0.6294642859375 0.5075487234375 0.60875 0.5001372500000001 0.5885714281250001 0.48668679687500005 0.579821428125 0.47131485 0.5755357140624999 0.4619818828125 0.5730357140625 0.4647268734375 0.57125 0.482843809375 0.5675 0.493823771875 0.5587500000000001 0.49601976406250003 0.545178571875 0.50178424375 0.542321428125 0.5459785890625 0.5421428578125 0.5833104578125 0.5442857140624999 0.5970354109375 0.5482142859375 0.6222893218750001
3 0.25625 0.6211913265625 0.27142857187499997 0.6264068078125 0.2891071421875 0.621465825 0.3108928578125 0.602799890625 0.32696428593750004 0.59127093125 0.342321428125 0.5764479828125 0.351428571875 0.56601701875 0.3530357140625 0.5424101015625 0.3546428578125 0.5229206703125 0.35625 0.5149601968749999 0.35625 0.509744715625 0.351428571875 0.5004117484374999 0.3455357140625 0.490255284375 0.342321428125 0.48805929218750005 0.3380357140625 0.4913532796875 0.3330357140625 0.5001372500000001 0.32482142812500003 0.5177051875 0.3157142859375 0.5256656609375 0.3116071421875 0.52868515 0.3017857140625 0.5215481750000001 0.285178571875 0.5037057375 0.2803571421875 0.4940982703125 0.2783928578125 0.5004117484374999 0.269821428125 0.5413121046875 0.2655357140625 0.556409553125 0.2571428578125 0.5863299484375 0.253571428125 0.5964864125 0.2516071421875 0.6118583578125001 0.25625 0.6211913265625
3 0.4616071421875 0.3889651390625 0.4608928578125 0.4251990125 0.4617857140625 0.45072742187500003 0.465 0.4765303328125 0.46821428593750003 0.48860829062500005 0.47375 0.4962942625 0.482321428125 0.5015097453124999 0.485 0.5034312375 0.49000000000000005 0.5089212187500001 0.5046428578125 0.5127642046875 0.513928571875 0.515234696875 0.5230357140625 0.511666209375 0.5444642859375 0.5012352453125 0.5596428578125 0.495745265625 0.5680357140625001 0.493549271875 0.5719642859375 0.482843809375 0.57375 0.465275871875 0.5728571421875001 0.44359044687500004 0.568928571875 0.41257205625 0.5669642859375 0.3818281640625 0.5599999999999999 0.3565742515625 0.5478571421875 0.3288498484375 0.5349999999999999 0.30661542656249996 0.5216071421875 0.2964589625 0.5103571421875001 0.29453746875000003 0.49517857187500003 0.30002745000000003 0.482321428125 0.31622289375 0.4671428578125 0.3486137796875 0.462678571875 0.367005215625 0.4616071421875 0.3889651390625
3 0.3625 0.4057095796875 0.3596428578125 0.4515509203125 0.36339285781249997 0.4765303328125 0.367321428125 0.4908042828125 0.375178571875 0.5056272296875 0.38625 0.5188031843750001 0.4005357140625 0.5317046390625 0.411428571875 0.5319791375 0.42732142812499996 0.5174306890625 0.43696428593750003 0.5056272296875 0.4403571421875 0.49794125781250004 0.4403571421875 0.4943727703125 0.4516071421875 0.4836673078125 0.457678571875 0.4754323359375 0.463571428125 0.46253088125 0.4607142859375 0.44359044687500004 0.4608928578125 0.420532528125 0.4617857140625 0.3881416421875 0.4603571421875 0.3774361796875 0.45267857187500005 0.3667307171875 0.4444642859375 0.347241284375 0.4328571421875 0.3228108703125 0.42000000000000004 0.30085094687499997 0.4078571421875 0.290145484375 0.395 0.28877298906250004 0.3871428578125 0.292890475 0.378928571875 0.30634092812499997 0.3725 0.336535821875 0.3655357140625 0.37331869375000004 0.3625 0.4057095796875
3 0.11303571406249999 0.4595113921875 0.121071428125 0.4737853421875 0.1280357140625 0.47845182499999994 0.1369642859375 0.4754323359375 0.14232142812499998 0.46829536093749996 0.1457142859375 0.46664836718749997 0.1516071421875 0.46445237500000003 0.1569642859375 0.46445237500000003 0.1603571421875 0.47021685468749996 0.1671428578125 0.4729618453125 0.17124999999999999 0.47158935 0.1771428578125 0.4636288765625 0.1842857140625 0.4611583859375 0.1892857140625 0.4575898984375 0.1916071421875 0.45292341406250003 0.195178571875 0.4559429046875 0.20107142812499998 0.45402141093750004 0.1992857140625 0.4405709578125 0.20125 0.42108152656250003 0.20446428593750002 0.3996706015625 0.20660714218749998 0.38374965625 0.20249999999999999 0.376063684375 0.19196428593749998 0.370573703125 0.17375000000000002 0.349162778125 0.1578571421875 0.33022234375 0.14250000000000002 0.3192423828125 0.132678571875 0.3156738953125 0.1266071421875 0.31979138125 0.125 0.3252813609375 0.11928571406249999 0.3272028546875 0.11464285781250001 0.3354378265625 0.109821428125 0.36618171875 0.1066071421875 0.4111995609375 0.10839285781250001 0.4460609390625 0.11303571406249999 0.4595113921875
3 0.20035714218749998 0.42547351093749997 0.198571428125 0.440296459375 0.20214285781250002 0.464177875 0.2053571421875 0.472412846875 0.21232142812500002 0.47790282656249994 0.2328571421875 0.5048037328125 0.238928571875 0.506450728125 0.245178571875 0.49931375312500004 0.253928571875 0.4844908046875 0.2594642859375 0.47790282656249994 0.2632142859375 0.4718638484375 0.26964285781249997 0.47158935 0.27535714218749996 0.46966785624999996 0.2741071421875 0.4556684046875 0.27625 0.43727696875 0.27875 0.41614054375 0.2808928578125 0.402690090625 0.2791071421875 0.393631621875 0.26678571406249996 0.3810046671875 0.2575 0.3648092234375 0.251071428125 0.3486137796875 0.24375 0.341751303125 0.2366071421875 0.33461432812499997 0.2305357140625 0.331045840625 0.2219642859375 0.33406533125000004 0.21678571406249997 0.33900631406250004 0.20875 0.3593192421875 0.20875 0.3675542140625 0.20553571406249999 0.39802360625 0.20035714218749998 0.42547351093749997
3 0.568928571875 0.3788086734375 0.5678571421874999 0.4040625859375 0.57125 0.4251990125 0.5742857140625001 0.4575898984375 0.578571428125 0.470491353125 0.588928571875 0.48751029375000005 0.5998214281250001 0.4951962671875 0.6191071421875 0.504254734375 0.6283928578125 0.5078232218750001 0.646071428125 0.5119407078125 0.665 0.5111172109375001 0.6703571421875 0.5078232218750001 0.6851785718750001 0.5091957171875 0.6942857140625 0.506450728125 0.7007142859375 0.504254734375 0.705178571875 0.495745265625 0.7080357140625 0.4751578375 0.705178571875 0.440296459375 0.7030357140625 0.41257205625 0.6978571421875001 0.3648092234375 0.6928571421874999 0.34449629375 0.6882142859375 0.3148503984375 0.6799999999999999 0.2939884703125 0.666428571875 0.2788910234375 0.6507142859374999 0.27147955 0.6383928578125 0.270381553125 0.6291071421875001 0.270381553125 0.6144642859375 0.2755970359375 0.5991071421874999 0.2852045015625 0.5866071421875 0.3003019484375 0.579821428125 0.3247323640625 0.573928571875 0.3549272578125 0.568928571875 0.3788086734375
3 0.7042857140625001 0.34806478125 0.698928571875 0.3692012078125 0.7042857140625001 0.422454021875 0.7078571421875 0.4765303328125 0.7055357140625 0.4924512765625 0.7098214281249999 0.49876475468750003 0.7148214281249999 0.502882240625 0.7253571421875 0.504254734375 0.73875 0.5048037328125 0.756428571875 0.506999725 0.7675 0.5075487234375 0.7692857140625 0.506176228125 0.7778571421875 0.4984902546875 0.7835714281249999 0.5056272296875 0.7916071421875001 0.506176228125 0.8 0.5012352453125 0.8117857140625 0.492176778125 0.8173214281250001 0.485039803125 0.8214285718750001 0.45264891562500004 0.8182142859375 0.42190502343749997 0.8091071421875 0.370573703125 0.802678571875 0.33022234375 0.79625 0.3030469390625 0.7907142859375 0.28877298906250004 0.7769642859375 0.27696953125 0.767321428125 0.2712050515625 0.7555357140625001 0.26708756562499997 0.7421428578125 0.2712050515625 0.728928571875 0.286576996875 0.7167857140625 0.30222344218749997 0.708928571875 0.329673346875 0.7042857140625001 0.34806478125
3 0.8076785718749999 0.6423277515625 0.8157142859375 0.6307987921875 0.8169642859374999 0.6176228390625 0.8171428578125 0.6006038984375001 0.8217857140625 0.548998078125 0.8257142859375 0.51248970625 0.8260714281249999 0.49876475468750003 0.825 0.48778479218750004 0.8171428578125 0.482843809375 0.8139285718749999 0.48860829062500005 0.8032142859375 0.49931375312500004 0.791428571875 0.5059017296875 0.7830357140624999 0.50535273125 0.779821428125 0.5050782328125 0.766071428125 0.592094428125 0.7721428578125 0.6055448812499999 0.7819642859375 0.6324457859375 0.7925 0.6439747453125 0.8076785718749999 0.6423277515625
3 0.8067857140625 0.3502607734375 0.8141071421875001 0.39802360625 0.8178571421875 0.42108152656250003 0.821071428125 0.45127642031250004 0.817678571875 0.4858633 0.8214285718750001 0.48668679687500005 0.8319642859374999 0.48943178749999994 0.8444642859375 0.4984902546875 0.856428571875 0.5001372500000001 0.8625 0.49794125781250004 0.8696428578125 0.490255284375 0.8744642859375 0.46966785624999996 0.8755357140625 0.4449629421875 0.872321428125 0.42410101562499997 0.8671428578124999 0.3958276140625 0.858928571875 0.3593192421875 0.8539285718749999 0.331320340625 0.8507142859375 0.31237990625 0.843928571875 0.3030469390625 0.8342857140625 0.3041449359375 0.8296428578124999 0.307987921875 0.8233928578124999 0.3175953890625 0.817678571875 0.33241833593750003 0.81125 0.343672796875 0.8067857140625 0.3502607734375
3 0.35 0.5750754875 0.346071428125 0.5975844078125 0.34500000000000003 0.623936315625 0.3480357140625 0.64452374375 0.3519642859375 0.6579741968749999 0.36 0.6673071640625 0.371428571875 0.6711501515625 0.3867857140625 0.661817184375 0.3967857140625 0.6467197359375 0.4132142859375 0.61981883125 0.4258928578125 0.6047213828125 0.44125 0.5907219328125 0.445178571875 0.5701345046874999 0.4467857140625 0.5426846000000001 0.4469642859375 0.52868515 0.443571428125 0.511391709375 0.43821428593749995 0.5015097453124999 0.4296428578125 0.51248970625 0.4141071421875 0.531155640625 0.40232142812499994 0.53390063125 0.385 0.520450178125 0.3753571421875 0.507274225 0.36607142812500004 0.4908042828125 0.357321428125 0.511391709375 0.35535714218750003 0.5226461703124999 0.3519642859375 0.5547625578125001 0.35 0.5750754875