3 0.04 0.5136612015625001 0.0654545453125 0.5300546453125 0.08 0.5245901640625 0.0872727265625 0.497267759375 0.08 0.4426229515625 0.0836363640625 0.38797814218750004 0.0836363640625 0.34426229531249997 0.08 0.316939890625 0.050909090625 0.3060109296875 0.029090909375 0.2950819671875 0.02181818125 0.3005464484375 0.0145454546875 0.322404371875 0.02181818125 0.398907103125 0.0254545453125 0.45355191250000004 0.04 0.5136612015625001
3 0.82181818125 0.5191256828124999 0.8290909093750001 0.45901639375 0.82181818125 0.398907103125 0.81818181875 0.3497267765625 0.81818181875 0.322404371875 0.8072727265624999 0.2841530046875 0.789090909375 0.2513661203125 0.7563636359375 0.25683060156250004 0.709090909375 0.3005464484375 0.6945454546875001 0.35519125625000003 0.690909090625 0.40983606562499997 0.6945454546875001 0.44808743125 0.69818181875 0.502732240625 0.6945454546875001 0.5573770484375 0.70181818125 0.5628415296875 0.709090909375 0.5683060109375 0.74181818125 0.5737704921875 0.7963636359375 0.5519125687499999 0.82181818125 0.5191256828124999
3 0.3236363640625 0.6994535515625 0.34181818124999996 0.677595628125 0.3527272734375 0.64480874375 0.34181818124999996 0.6174863390625001 0.32 0.590163934375 0.309090909375 0.5628415296875 0.29818181875 0.5792349734375 0.2763636359375 0.590163934375 0.27272727343750003 0.595628415625 0.2654545453125 0.6229508203125 0.269090909375 0.6666666671875 0.2763636359375 0.6994535515625 0.29818181875 0.7158469953125 0.3236363640625 0.6994535515625
3 0.1745454546875 0.535519125 0.1927272734375 0.5628415296875 0.23272727343750002 0.584699453125 0.2654545453125 0.590163934375 0.29454545468750004 0.584699453125 0.309090909375 0.5628415296875 0.3054545453125 0.5136612015625001 0.30181818125 0.45901639375 0.3127272734375 0.40983606562499997 0.309090909375 0.36612021875 0.290909090625 0.32786885312499997 0.2654545453125 0.31147540937499996 0.2363636359375 0.31147540937499996 0.2145454546875 0.31147540937499996 0.1927272734375 0.3333333328125 0.1745454546875 0.415300546875 0.17090909062499998 0.4699453546875 0.1745454546875 0.535519125
3 0.49818181875 0.6065573765625001 0.5163636359375 0.6284153 0.57818181875 0.6393442625 0.6254545453125 0.63387978125 0.6581818187499999 0.6174863390625001 0.690909090625 0.584699453125 0.69818181875 0.5191256828124999 0.6945454546875001 0.42622950781249996 0.6763636359375 0.36612021875 0.6545454546875 0.322404371875 0.610909090625 0.3005464484375 0.5599999999999999 0.3005464484375 0.52 0.34426229531249997 0.5054545453125 0.38797814218750004 0.49818181875 0.464480875 0.4945454546875 0.5300546453125 0.49818181875 0.6065573765625001
3 0.30181818125 0.502732240625 0.3054545453125 0.5519125687499999 0.3236363640625 0.595628415625 0.349090909375 0.6284153 0.3854545453125 0.63387978125 0.4254545453125 0.63387978125 0.46181818124999996 0.63387978125 0.4872727265625 0.6229508203125 0.49818181875 0.5792349734375 0.49818181875 0.4808743171875 0.50181818125 0.4426229515625 0.4945454546875 0.398907103125 0.4727272734375 0.35519125625000003 0.4472727265625 0.316939890625 0.41818181875000004 0.3005464484375 0.39272727343749997 0.3005464484375 0.3454545453125 0.322404371875 0.33090909062499996 0.35519125625000003 0.3163636359375 0.40437158437500004 0.3054545453125 0.45355191250000004 0.30181818125 0.502732240625
3 0.8945454546875 0.590163934375 0.8836363640625 0.5300546453125 0.8654545453125 0.5136612015625001 0.8363636359375001 0.497267759375 0.82181818125 0.5191256828124999 0.8 0.5464480875 0.8109090906249999 0.5628415296875 0.8145454546875 0.6065573765625001 0.82181818125 0.6393442625 0.8472727265625 0.6885245906249999 0.8727272734374999 0.6885245906249999 0.89818181875 0.6557377046874999 0.8945454546875 0.590163934375
3 0.0836363640625 0.4699453546875 0.0945454546875 0.535519125 0.11636363593750002 0.5628415296875 0.1527272734375 0.5628415296875 0.1672727265625 0.535519125 0.17090909062499998 0.497267759375 0.18181818125 0.38797814218750004 0.1854545453125 0.3497267765625 0.1963636359375 0.31147540937499996 0.17818181875 0.2896174859375 0.149090909375 0.2841530046875 0.11636363593750002 0.2841530046875 0.1127272734375 0.278688525 0.09818181875000001 0.2950819671875 0.090909090625 0.32786885312499997 0.0836363640625 0.398907103125 0.0836363640625 0.4699453546875
3 0.10545454531250001 0.7103825140625 0.1454545453125 0.7103825140625 0.16363636406249998 0.6830601093750001 0.1672727265625 0.64480874375 0.1672727265625 0.6120218578125 0.1672727265625 0.5628415296875 0.1672727265625 0.5464480875 0.1527272734375 0.5628415296875 0.1345454546875 0.5628415296875 0.1127272734375 0.5573770484375 0.0945454546875 0.54098360625 0.0836363640625 0.5683060109375 0.08 0.6120218578125 0.08 0.672131146875 0.10545454531250001 0.7103825140625
3 0.7963636359375 0.7158469953125 0.8145454546875 0.672131146875 0.81818181875 0.6120218578125 0.8072727265624999 0.5628415296875 0.7927272734375 0.5519125687499999 0.7672727265625 0.5628415296875 0.7272727265625 0.5737704921875 0.7163636359375001 0.5792349734375 0.72 0.6284153 0.730909090625 0.6666666671875 0.7745454546875 0.7103825140625 0.7963636359375 0.7158469953125
3 0.930909090625 0.4316939890625 0.930909090625 0.3715847 0.9199999999999999 0.322404371875 0.90181818125 0.27322404375 0.8763636359375001 0.2513661203125 0.8472727265625 0.2513661203125 0.82181818125 0.3060109296875 0.8145454546875 0.3497267765625 0.81818181875 0.398907103125 0.81818181875 0.464480875 0.8327272734375001 0.497267759375 0.850909090625 0.5136612015625001 0.890909090625 0.5300546453125 0.9199999999999999 0.5136612015625001 0.930909090625 0.4316939890625
3 0.24 0.6939890703125 0.2545454546875 0.6612021859375 0.2654545453125 0.63387978125 0.2654545453125 0.595628415625 0.26181818125 0.584699453125 0.2254545453125 0.584699453125 0.1963636359375 0.5683060109375 0.1745454546875 0.5573770484375 0.1745454546875 0.5628415296875 0.17090909062499998 0.6174863390625001 0.18181818125 0.672131146875 0.2072727265625 0.7049180328125 0.24 0.6939890703125
3 0.70181818125 0.6557377046874999 0.709090909375 0.6065573765625001 0.70181818125 0.5683060109375 0.69818181875 0.5628415296875 0.6872727265624999 0.590163934375 0.6727272734375 0.601092896875 0.650909090625 0.6284153 0.6327272734375 0.63387978125 0.6254545453125 0.6393442625 0.6363636359375 0.672131146875 0.6581818187499999 0.6994535515625 0.690909090625 0.6994535515625 0.70181818125 0.6557377046874999