0 0.4967403015625 0.37576077343750003 0.49760755156250003 0.3778001734375 0.4981296609375 0.378805859375 0.498879596875 0.3789591765625 0.4995962984375 0.3777572828125 0.49890602343749996 0.3756898515625 0.49887279375000004 0.374334640625 0.499361671875 0.373985115625 0.5002885796875 0.374110403125 0.5021003546875 0.3740955390625 0.5041819921874999 0.37349374687500003 0.50383685625 0.37246002968749997 0.5033567859375 0.37171978125 0.5037195421875 0.370573946875 0.503863284375 0.36919070625 0.5035601875 0.3684224265625 0.5021023609374999 0.3683812296875 0.5015714390625 0.36846531875 0.5006533421875 0.36725025625 0.49973524375 0.36603519375000004 0.49907820156250005 0.365322975 0.4989012265625 0.36535100468750004 0.49903415312500005 0.3707718484375 0.498671396875 0.371917684375 0.49795469531250003 0.3731195796875 0.49741496406249996 0.37429344375 0.4967491125 0.37467099843749996 0.4967403015625 0.37576077343750003
0 0.5600731296875 0.38504857812500004 0.5612787109374999 0.3834971578125 0.5630152140625 0.38186164843750003 0.5643048765625001 0.3808411015625 0.5655016484375001 0.38037945624999997 0.5660413796875 0.379205590625 0.5651653203125 0.378255965625 0.5634376296875 0.3788016984375 0.5613892203125 0.3807587046875 0.55880989375 0.3827998 0.5582281234375001 0.383708228125 0.558834315625 0.3852447859375 0.5600731296875 0.38504857812500004
0 0.41324890937500003 0.3949705984375 0.41707586093750004 0.3916435203125 0.41852688593750004 0.3870601828125 0.42043355781249997 0.38077210625 0.422415503125 0.3761046796875 0.423242715625 0.3721643328125 0.4225944828125 0.3703623390625 0.4207406671875 0.3701117640625 0.4186149796875 0.37616243437499997 0.41719718749999996 0.3821009828125 0.41538340625 0.3878301546875 0.41322448749999996 0.3925256125 0.41017189375 0.39845099375 0.41324890937500003 0.3949705984375
0 0.36857033125 0.41755639999999994 0.372766840625 0.41770802187499995 0.376423621875 0.41903351093749996 0.379474209375 0.4188224390625 0.38276143125 0.416669225 0.37891886874999997 0.41646154218750003 0.37446130312500003 0.415807078125 0.3697759125 0.41600497968749994 0.36527630625 0.415085078125 0.361130646875 0.4141091171875 0.3590998578125 0.413886571875 0.3587703328125 0.41638761718749995 0.360387515625 0.4185803359375 0.3651657953125 0.41782352968750003 0.36857033125 0.41755639999999994
3 0.10377115625 0.6894166609375 0.12409666562499999 0.6894625546875 0.146116634375 0.687607503125 0.16982225625 0.68494128125 0.181453653125 0.678201340625 0.185147678125 0.6694534187500001 0.1818861015625 0.6465698390625 0.183281478125 0.6324719921875 0.1888069046875 0.6158153484375 0.1849215140625 0.5935747609375001 0.175551175 0.5447213203125 0.1599026859375 0.4963180515625 0.13602933749999999 0.44867328281249996 0.1174863859375 0.43582869375 0.0940702546875 0.4300141234375 0.079503575 0.44456552812499994 0.071691103125 0.4708356328125 0.0581293953125 0.50318613125 0.0488875296875 0.520431403125 0.0454241171875 0.5443801140625 0.042303837500000004 0.5750768515625 0.0391631484375 0.5918999828125 0.045753987499999996 0.6128957828125 0.054209459375000005 0.6273380734375 0.08105131875 0.6685265874999999 0.0924977171875 0.68467191875 0.10377115625 0.6894166609375
3 0.6399868421875 0.5952372109375 0.6552073328125 0.6145941140625 0.66829734375 0.6296628390625 0.6937774953125 0.637055165625 0.7093531578125 0.62887423125 0.7383951921875 0.64386525625 0.7782182125 0.6261299250000001 0.8051261890625 0.5990121484375 0.8288458546875 0.5563457515625 0.8325791296875 0.5318101078125 0.8215896015625 0.4864782609375 0.8134756937500001 0.4352490609375 0.8007340484375 0.3880179625 0.7809358859375 0.350067353125 0.760240034375 0.3247752890625 0.737088971875 0.3080349390625 0.7103387796875 0.2937693 0.6912452828125 0.2889026609375 0.674277471875 0.277985353125 0.6537525750000001 0.2698081921875 0.63143430625 0.2812338109375 0.6101758703125 0.2982055609375 0.601489346875 0.3178117296875 0.6133481296875 0.3594686671875 0.6092664875 0.416166684375 0.6152615140625 0.47807108906250007 0.6181034640624999 0.520067771875 0.628518025 0.570932584375 0.6399868421875 0.5952372109375
0 0.173160765625 0.6327144828125 0.1706254859375 0.6293067031249999 0.168696396875 0.62743548125 0.166935471875 0.6266260031249999 0.16581397343749998 0.628708296875 0.16706839843750002 0.6320468484374999 0.169537215625 0.63274420625 0.17239321093749999 0.634740715625 0.17428906875 0.635256725 0.173160765625 0.6327144828125
3 0.8314760328125 0.5534803187499999 0.82264576875 0.574469728125 0.8339464187500001 0.5977126109374999 0.8491452796875001 0.6306776859375 0.8656065937499999 0.6441240671874999 0.8923431781250001 0.6491406359375 0.9247048812499999 0.6415661921875 0.945273040625 0.6225270109375 0.9560439953125 0.6183722046875 0.9838652734375 0.58213064375 0.9950246281249999 0.5517932109375 0.990225153125 0.516908940625 0.9732809796874999 0.486669153125 0.969364365625 0.45735904375 0.9626446124999999 0.4195137765625 0.9580825562499999 0.4044548328125 0.9467398640625 0.3809465109375 0.9251659484375001 0.36041913281250004 0.88855810625 0.341184515625 0.8665990203125 0.313643675 0.8372342625 0.3057782296875 0.8145708578124999 0.31617013125 0.788574175 0.339878434375 0.7852056625 0.357553934375 0.7991500984375 0.38718045624999997 0.8136458640625 0.4305964953125 0.8189478234375 0.47438031093750005 0.8336321609375 0.532731703125 0.8314760328125 0.5534803187499999
3 0.059890825 0.8865609578125 0.0764286328125 0.874146209375 0.0908739859375 0.8691373421874999 0.107469446875 0.860522790625 0.1205919046875 0.855179259375 0.133742796875 0.8408520921875 0.13973948281249998 0.8260254703125 0.14183595 0.80719096875 0.1352823546875 0.7761217578124999 0.12876678749999998 0.7567466046875 0.09074560312499999 0.68277266875 0.041601525 0.6072952859375 0.00760624375 0.587374784375 0.0364043109375 0.769198625 0.0553736 0.8878206046875 0.059890825 0.8865609578125
3 0.4599714453125 0.4311056609375 0.47220659062500003 0.480865834375 0.49377326562499996 0.5460179234375 0.51420605625 0.5765214546874999 0.527247221875 0.5867002078125 0.5397682828125 0.5901589656249999 0.5501168203125 0.5890641078125001 0.5643363546875 0.5791932984375 0.57746081875 0.5681354546875 0.595272678125 0.5511653984375 0.6073148921875 0.526402128125 0.610378303125 0.5136726609375 0.616730940625 0.49307566875 0.6113413249999999 0.41094035624999997 0.6129697609375 0.35707974062500003 0.598971684375 0.31222439999999996 0.5901378453125 0.295393184375 0.575050278125 0.2814571265625 0.5619054046875 0.27864136093749997 0.5484065859375 0.27588165625 0.53862420625 0.2725333234375 0.5313282625 0.2677028 0.5178294453125 0.2649430953125 0.50093289375 0.26707505625 0.486554003125 0.274794346875 0.4772320671875 0.280080125 0.46973752187500006 0.2888858015625 0.45977415625000007 0.29699412187499996 0.4541069953125 0.309319696875 0.4506652171875 0.3196602375 0.45346835625 0.328195396875 0.4571543546875 0.342304715625 0.45973926406250004 0.372369934375 0.4595210328125 0.3938999984375 0.45888919687499996 0.41740023125 0.4599714453125 0.4311056609375
3 0.3789095265625 0.5870665234375 0.4006772515625 0.5836188546875001 0.4216257875 0.561254290625 0.43637345312500003 0.535246234375 0.449476721875 0.488547315625 0.458489196875 0.4286194765625 0.45997868750000004 0.38648095 0.45855732031249996 0.35459887343749996 0.45460546874999996 0.3296478640625 0.4490744609375 0.314198196875 0.437503946875 0.29154224375000004 0.426343025 0.27834474062500003 0.41294590624999994 0.273936359375 0.395385509375 0.270731565625 0.381988390625 0.2663231828125 0.36499214375 0.264389509375 0.3488034859375 0.2664093515625 0.33809219218750003 0.26865004375 0.32149673125 0.27726459375 0.308962846875 0.286324234375 0.30044850156249997 0.29556352656249996 0.2905848296875 0.3077374796875 0.2841813421875 0.329158809375 0.2820360296875 0.3431033390625 0.28235273125 0.3531206890625 0.28815237968749996 0.3954652046875 0.301043346875 0.473419378125 0.3241275078125 0.53669855 0.343600159375 0.5657215843750001 0.36199936875 0.5799494125 0.3789095265625 0.5870665234375
3 0.1991903328125 0.5393446749999999 0.23319643124999997 0.5524610921875001 0.263277890625 0.5591246437499999 0.27918107187499996 0.5541569734375 0.295488265625 0.5265414359375 0.300793890625 0.4878799171875 0.2944389015625 0.4431745046875 0.28788530625000003 0.41210529375 0.2838445765625 0.376284565625 0.281553953125 0.3480774015625 0.2550280125 0.2951387671875 0.23910442187499997 0.28623282968749997 0.22193800625 0.2889517234375 0.20512152499999997 0.303043178125 0.18299104375 0.30763668125 0.1686433796875 0.3224254953125 0.147239196875 0.346494796875 0.1258350125 0.370564096875 0.11750923906249999 0.39473874375 0.11763692968749999 0.43906998750000004 0.1344786171875 0.4491909859375 0.15619706093750002 0.4901025921875 0.1715993234375 0.5197703109375 0.1991903328125 0.5393446749999999