3 0.306416896875 0.5746285703125 0.31220398125000004 0.58236415 0.3158374796875 0.5872706578125 0.3197578640625 0.5890870578125 0.3253293015625 0.59263899375 0.336492984375 0.5825019593749999 0.343278253125 0.5739805390625 0.3535980828125 0.5764362234375 0.36378535312500004 0.5783177328125 0.365590734375 0.576388990625 0.3722275984375 0.5769734640624999 0.3774894125 0.5748515140625 0.3825523875 0.5718683078125 0.3849592421875 0.5649625 0.384014525 0.557620909375 0.3847149359375 0.546573246875 0.3831242390625 0.5396831828125 0.3826048921875 0.5352672671875001 0.3797667421875 0.533805790625 0.372345415625 0.52765705625 0.36785029062499996 0.5190184296875 0.3681708 0.5225730859375 0.35645414999999997 0.5216494359375 0.346178828125 0.5237192937499999 0.334462178125 0.522795640625 0.32144268125000003 0.524894265625 0.32028328125 0.526371484375 0.3038568203125 0.525628015625 0.296760965625 0.5154731 0.2958063265625 0.5232531890625001 0.2947962921875 0.528626965625 0.29401279375 0.536065159375 0.3008276859375 0.5547517984375 0.3029486140625 0.5639385515625001 0.306416896875 0.5746285703125
3 0.3676514546875 0.5181571703125 0.3731239546875 0.5277797046875 0.378419390625 0.532302525 0.38379199062499997 0.534993203125 0.3886729390625 0.5344711234374999 0.400240221875 0.5314982171875 0.40743997500000007 0.528021696875 0.41626308281249996 0.5250775578125 0.421961153125 0.5237620546875 0.42814494999999997 0.5202177 0.4311483140625 0.5158956640625 0.433422609375 0.5084156828124999 0.4337866640625 0.50349343125 0.4349955328125 0.4989809125 0.4249685171875 0.49887672812500006 0.413792984375 0.4981305390625 0.405383396875 0.49311712500000004 0.401285946875 0.48620101406250005 0.3983202015625 0.4766045265625 0.396977809375 0.467540421875 0.39708763125 0.45935059687499996 0.3990691140625 0.4495191140625 0.395794709375 0.44725119218750004 0.3898918765625 0.44226382500000005 0.38448069375 0.44048921874999997 0.37559130625 0.4431462703125 0.372074521875 0.44849400156249997 0.36762486562499996 0.457383365625 0.364456284375 0.4674889125 0.36440185468749997 0.47808504999999996 0.3652485984375 0.5044996890625 0.365558221875 0.5101735734374999 0.3676514546875 0.5181571703125
3 0.29567087812500004 0.48367166250000004 0.2934905578125 0.49264188593749997 0.295683690625 0.5075573375 0.2980420390625 0.5166892796875 0.304635359375 0.5257506640625 0.3107973828125 0.5264447640625 0.3202446984375 0.52728755625 0.322696059375 0.5249072890625001 0.32751073124999996 0.524098121875 0.33500329687499997 0.5229731015625 0.34645482968749997 0.5227484078125 0.35621673125000003 0.5217042484375 0.3685793609375 0.522176375 0.36543654999999997 0.5074801734375 0.3649112796875 0.4976226453125 0.3645403375 0.48410083437500007 0.3645947671875 0.4735046953125 0.364942009375 0.465260059375 0.357862965625 0.458427528125 0.3530364453125 0.44835347031249995 0.3451897484375 0.4392790625 0.33983892031249996 0.432349928125 0.3340023671875 0.42764964843750003 0.3305182375 0.42663969531249996 0.32478158437500004 0.42887126875000003 0.31700213125 0.4330864 0.311271403125 0.44075958593750003 0.307003775 0.447187825 0.30334354218750004 0.4540806125 0.3007546625 0.46344754843749997 0.29998205 0.4687665109375 0.2979728703125 0.4773948375 0.29567087812500004 0.48367166250000004
3 0.51773258125 0.8400234 0.5270196421875 0.8390888625 0.5398017171875 0.8370450515625001 0.5508169953125 0.8360139125 0.5608440125 0.836118096875 0.5635990718749999 0.833970103125 0.5625930375 0.8187805875 0.5602287625 0.8042070328125 0.556241134375 0.7891010984375 0.55333078125 0.781910925 0.5495924234375 0.7776334 0.5412164578125 0.77926475625 0.532271678125 0.7795154937500001 0.5281029859374999 0.7798731375 0.52555765 0.7807631625 0.5218637968750001 0.7810111796875 0.5123393171874999 0.782000528125 0.5077125953125 0.7857901796875 0.5036546921875 0.79096045 0.502909775 0.7974825703125 0.5030482578125001 0.8034983562500001 0.5068202390625001 0.8144206484375 0.5108019421875001 0.8240849718750001 0.5153247624999999 0.83392675625 0.51773258125 0.8400234
3 0.571102284375 0.45485790625 0.5728364234375001 0.46020291562500004 0.57386423125 0.4711539765625 0.57475355625 0.4760892515625 0.582091790625 0.478628515625 0.5878175578125 0.47851616874999997 0.593609603125 0.4786909078125 0.5996667671875 0.4800139921875 0.6055913703125 0.48076290312500003 0.6152869921875 0.47943165624999995 0.6220672984375 0.47847107343750006 0.6284885140625 0.47487190625000003 0.63187274375 0.46895000312499996 0.632782875 0.45664437031249994 0.63121395 0.44551584999999994 0.6270719921875 0.43407419843749995 0.6188770906250001 0.420241975 0.6111184453125 0.40721619843749995 0.6070872734375 0.40058717499999996 0.6008639312499999 0.39204515 0.5958721953125 0.387754603125 0.5889979125 0.387224940625 0.582283884375 0.388472609375 0.5758517828125 0.39419100625 0.5725892265625 0.402806309375 0.56966895 0.41073781406250004 0.5665389515625 0.4199272890625 0.56343665 0.4303199203125 0.562294059375 0.435119525 0.5682582093749999 0.44795481875 0.571102284375 0.45485790625
3 0.48655816874999996 0.46560720624999996 0.48724369375 0.47724206562499993 0.489905740625 0.48660627968750003 0.49322465312499997 0.49339974218749993 0.49662073281249997 0.49836106406249997 0.5004748390625 0.499890375 0.513207446875 0.5008818625 0.5275466 0.499083346875 0.5400140906249999 0.498926490625 0.555645203125 0.4962249265625 0.5627954875000001 0.49578370312500003 0.571552315625 0.4925524796875 0.5742737546875001 0.48375971562500003 0.574366765625 0.4722475078125 0.572267609375 0.4588222984375 0.5689981640624999 0.4489935375 0.5616866625 0.43465497812500004 0.557163840625 0.42481319375000004 0.5509068765625 0.40962639999999995 0.5439544656249999 0.397926428125 0.5368863078125 0.38897466875000003 0.5285430015625 0.3842483421875 0.5190956843750001 0.38340554843749997 0.508886640625 0.3857624921875 0.5008034890624999 0.38974535 0.4934385203125 0.39900538124999996 0.48646626406250004 0.41754877031250004 0.4841316125 0.4301832765625 0.482481525 0.4414501890625 0.48498924218750006 0.4544786875 0.48655816874999996 0.46560720624999996
3 0.6266634328125 0.434470909375 0.6302197656249999 0.441209559375 0.6317441828125 0.4478125390625 0.6331142703125 0.45807980156249994 0.63362273125 0.4646149453125 0.636184878125 0.4670473046875 0.6417780875 0.4663607859375 0.647895603125 0.46252934375 0.6569729421875 0.462852778125 0.665327134375 0.4654598765625 0.6737031015625 0.4638285203125 0.6777837421874999 0.467422246875 0.6843929078125 0.4668035640625 0.6887436250000001 0.4639847953125 0.694093490625 0.45791147812500005 0.6939767796874999 0.44765723749999997 0.69053026875 0.43272876250000003 0.6839419125 0.41610653906249995 0.6749407765625001 0.40094851093750006 0.664664490625 0.390015915625 0.655581228125 0.3842508703125 0.6456422609375 0.38019532031250003 0.6385968390625 0.38000755625 0.6316453906249999 0.3813100359375 0.6272175078125 0.385960946875 0.6236126703125 0.3952600484375 0.6214709328125 0.40331419999999996 0.6186446328125 0.4127359484375 0.617065784375 0.416729109375 0.6230408203125 0.4274451734375 0.6266634328125 0.434470909375
3 0.3971816078125 0.46084083906249995 0.3978176640625 0.47551099375000005 0.4004797125 0.484875209375 0.4067307515625 0.4946203921875 0.41457152343750003 0.4982531859375 0.42771268906250004 0.4988479609375 0.4425543765625 0.498142978125 0.45972079375 0.499925165625 0.47642325625000004 0.499697753125 0.48197788125 0.4999273046875 0.485815178125 0.49813423281249997 0.4872555421875 0.4881252890625 0.48646419218750003 0.46411696406249997 0.48359145937500003 0.44300826718749997 0.47717920156250004 0.4184833046875 0.46955311406250005 0.4060317015625 0.46025420468749995 0.3960830125 0.451038384375 0.38974379375 0.4402546015625 0.3852785078125 0.4303215609375 0.38666456875 0.4210236125 0.38971833125 0.4153314671875 0.39647544687499997 0.4120797953125 0.40297152187499996 0.409319775 0.41268035625 0.40517974375000004 0.4272436078125 0.401354296875 0.43991990468750003 0.39895336718749996 0.4522673265625 0.3971816078125 0.46084083906249995
3 0.49057277031249996 0.8447817953125 0.49819789375 0.84423095 0.50444796875 0.840973678125 0.5093457296875 0.8437739828125 0.5137627265625 0.8412423 0.5152475984375 0.8357588984375001 0.5089906359375 0.8205721031250001 0.5042521671875 0.8065466765625 0.5027277484375 0.7999436984375 0.50324613125 0.7913571609375001 0.49429046562499995 0.793727128125 0.486427921875 0.7943327890625 0.47591517968749997 0.7964574578125 0.46950485156250005 0.7979374 0.46147709218750005 0.8043265703125 0.45878830937500004 0.80676165 0.4569334609375 0.81172569375 0.45715503281250003 0.8213509484375001 0.46117531874999995 0.8300992 0.46450511875 0.8347734359375 0.4698114390625 0.8371770281250001 0.47914300781249997 0.840768034375 0.49057277031249996 0.8447817953125
3 0.5647475875 0.834612109375 0.569855071875 0.8361544437499999 0.580975209375 0.8344943218750001 0.5918965125 0.8319729406249999 0.6097801484375001 0.82602985 0.6092657625 0.8140530953124999 0.6090600375 0.794747771875 0.6083359296874999 0.7840289859375 0.606927259375 0.7746777953125 0.6049556984375 0.7693875984375 0.603751790625 0.7663392765625 0.6003339390625 0.7656164109375 0.5508289890625 0.7743240375 0.5517568953125 0.77834324375 0.55597601875 0.787952753125 0.5612615328125 0.8075972531250001 0.562952128125 0.8214191734374999 0.5647475875 0.834612109375
3 0.6589038484375 0.5156272421875 0.66441396875 0.5113312515625 0.6693107656249999 0.501129103125 0.671999546875 0.4986940234375 0.6778252140625 0.50551353125 0.6892055078125 0.5125625921875 0.6976259796875001 0.515456778125 0.70200439375 0.5138411656249999 0.7078844921874999 0.5100645359375 0.7108710453125 0.5024201171875 0.711990903125 0.48885651562500004 0.710073771875 0.4729701796875 0.7069200734375001 0.46039320781250004 0.7056330765625 0.4537354140625 0.701165646875 0.44629994531249995 0.6948651406249999 0.4395900609375 0.692026990625 0.43812858437499996 0.6942418953125 0.4488055828125 0.6939609328125 0.4573373046875 0.6911949859375001 0.4616045265625 0.6857511453125 0.466187603125 0.677005203125 0.46729960000000004 0.6733331234375 0.46330916093749996 0.665630834375 0.46569215 0.6568680812500001 0.4634817625 0.6479618828125 0.46281642968750003 0.6415406671875 0.4664155984375 0.6354449234375 0.46600858437500003 0.633109309375 0.46564064062500005 0.631646209375 0.46688558750000003 0.632137859375 0.47009834687499996 0.628184815625 0.4746396328125 0.6277267875 0.4780716421875 0.630538203125 0.4913324125 0.6354695859375 0.5007774859375 0.6382256078124999 0.51163194375 0.6452383734375 0.5181773890625 0.6522175171875 0.5180780656249999 0.6589038484375 0.5156272421875
3 0.7088415875 0.7590110984375 0.7139817296875 0.7541957515625 0.72051869375 0.7478483703125 0.7147761140625 0.7446383328125 0.7071727625 0.740950725 0.69833284375 0.740572478125 0.6938495687499999 0.7428170749999999 0.6906087828125 0.747193921875 0.687528253125 0.7533480984375001 0.685331121875 0.7589959375 0.6860324953125 0.760950728125 0.6924151281250001 0.7582676296875 0.702569740625 0.766506825 0.7051259640625 0.763497571875 0.7088415875 0.7590110984375
3 0.6167978734374999 0.8250144546874999 0.6351177671875 0.8198778125 0.6454316703125 0.8168918843749999 0.6542933609375 0.8130316765625001 0.661238884375 0.8062875828125 0.6669864234375 0.80193678125 0.667228803125 0.794321128125 0.665091065625 0.781811990625 0.658934003125 0.7735570515625 0.654036240625 0.770756746875 0.6493650140625 0.770020859375 0.6439924140625 0.7673301796875001 0.6348211 0.765516503125 0.6231707296875 0.7648799375 0.613712528125 0.766156371875 0.608782109375 0.7697137515625 0.6073912124999999 0.776687396875 0.6082864609375 0.787064284375 0.6091322421875 0.8004764703125 0.6094260171875 0.8158304234375 0.609437865625 0.8267136468749999 0.6167978734374999 0.8250144546874999
3 0.6767147015625 0.7942478515625 0.68371561875 0.789910071875 0.692532803125 0.781524321875 0.6965630109375 0.7751508953124999 0.7018574828124999 0.7666712625 0.7017635078125 0.7651810203125 0.6957558125000001 0.7608226375 0.69258626875 0.7579257312500001 0.6863747765625 0.7602669296875 0.6809418218750001 0.762730778125 0.6746086578125 0.7623785765625 0.6699374312499999 0.7616426890625 0.6655867125 0.7644614578125 0.6625170671875 0.7684964062499999 0.65967395625 0.7745957703124999 0.66452225 0.7804313734375 0.6673999453125 0.7939792296875 0.6673564 0.8024561406249999 0.6710057453125 0.7976825812499999 0.6767147015625 0.7942478515625