3 0.3573113234375 0.7345686312499999 0.36941631406250003 0.7646572421875 0.3808943703125 0.7879678 0.40006102656250003 0.815128071875 0.42280937500000004 0.8263178359375001 0.44341739843749994 0.821127425 0.44234416249999997 0.79108798125 0.4358953125 0.7631549421875 0.437332696875 0.7338339 0.4360158546875 0.695629878125 0.427658340625 0.668570165625 0.40331153906250006 0.5915502218750001 0.3877406875 0.5860588718749999 0.37819735625 0.5904254953125 0.3671326640625 0.5912492828125 0.35339555312500004 0.56932561875 0.3488484890625 0.5699427171875 0.3467671625 0.58124009375 0.34417914375 0.58443363125 0.344887453125 0.58427010625 0.34411917812500004 0.5845076296875 0.3420224625 0.5870949140625 0.3344055859375 0.5875107296875 0.32278304687500003 0.5911040078124999 0.300525890625 0.5932137562500001 0.3037752890625 0.6123666046875 0.31503073593750003 0.6357285546875 0.3240311109375 0.6574477562500001 0.3351008671875 0.6769585046875 0.3573113234375 0.7345686312499999
1 0.4381883875 0.7842592749999999 0.42803405312500004 0.769729278125 0.41480804375 0.7459569187499999 0.390916596875 0.709503259375 0.3781698328125 0.7081193359375 0.3685316640625 0.71207518125 0.365910278125 0.723064565625 0.373971340625 0.7579808625 0.3764291140625 0.7747204234375 0.3992983578125 0.814871475 0.40006102656250003 0.815128071875 0.42280937500000004 0.8263178359375001 0.44341739843749994 0.821127425 0.4381883875 0.7842592749999999
3 0.6676848359374999 0.47729586562500004 0.6733141828125 0.52402310625 0.6783564203125 0.5336758781250001 0.6891036640625 0.5324927046875 0.7026290265624999 0.5220146625 0.7146460593749999 0.5222690328125 0.723047378125 0.5160026890625 0.736775440625 0.520621459375 0.7541641046875001 0.5217990640625 0.770229046875 0.514196109375 0.7838492453125 0.504128846875 0.7903248859375 0.487490215625 0.785438296875 0.45616778125 0.7791831015625 0.42602666093749997 0.772033478125 0.3991207609375 0.759578103125 0.369545715625 0.735838325 0.314452034375 0.7267510765625 0.28626277031249997 0.713759625 0.25335009375 0.6984222484375 0.215354246875 0.6908693875 0.2049830734375 0.67727308125 0.1968724875 0.6625477890625 0.2011374375 0.6570034984374999 0.21063825625 0.6541964218749999 0.217776440625 0.648015421875 0.27631648124999997 0.64669893125 0.334598809375 0.6449520625 0.357501184375 0.6421949375 0.3750120265625 0.6527586578125 0.41670600625 0.6676848359374999 0.47729586562500004
3 0.8858088640625 0.6471693265625 0.8845050515624999 0.623240559375 0.8829207125 0.5950498093750001 0.8802272999999999 0.5640863890625 0.8714325265625 0.5310701828125 0.8664930875 0.5157689078125001 0.8620108203125 0.4912759203125 0.8508252328125 0.4631384203125 0.8483475515625001 0.46154706562500003 0.8358523546875001 0.46226843593750006 0.8228380953125001 0.47089778437499996 0.8071604609374999 0.4740845765625 0.794764084375 0.4721870859375 0.7903248859375 0.487490215625 0.8114454453125 0.6003016375 0.82850978125 0.6305433171875 0.8425683218750001 0.6497967250000001 0.8575212890625 0.6658149156250001 0.8677165296875 0.673412675 0.8808256265625 0.66519410625 0.8858088640625 0.6471693265625
3 0.8064118765625 0.7775622828125 0.8181813203124999 0.77268171875 0.8249704265625001 0.759432115625 0.8299826234375001 0.7435640234374999 0.8278252875 0.7159382375 0.8192900453125 0.6789680390624999 0.8135828734375 0.64307563125 0.81127785 0.6310602249999999 0.80528616875 0.593935475 0.801396809375 0.5537293187500001 0.7903248859375 0.487490215625 0.7838492453125 0.504128846875 0.770229046875 0.514196109375 0.7541641046875001 0.5217990640625 0.736775440625 0.520621459375 0.723047378125 0.5160026890625 0.7153178765625 0.519085209375 0.7026290265624999 0.5220146625 0.694005096875 0.5283323984375 0.698717940625 0.546714709375 0.7066262531249999 0.5769068515625 0.71254300625 0.5984726125 0.7164602421875 0.617471278125 0.7506917140625 0.6723061343750001 0.760359921875 0.6938711546875 0.7725557656250001 0.7274001875 0.784124678125 0.754151165625 0.7938996687500001 0.7670380421874999 0.8064118765625 0.7775622828125
3 0.502808671875 0.7940029562500001 0.5135848734375 0.794976471875 0.520898109375 0.7941534265625 0.5284050015624999 0.7911223015625 0.5344234734375 0.7836753828125 0.5387019546875 0.76970738125 0.5459142078125 0.7247748421875 0.54506358125 0.694684003125 0.5366890546875001 0.6563786796875 0.5207366921875 0.6025158546875 0.50915076875 0.5645192640625 0.4842762078125 0.5745887546875 0.4675513953125 0.576286609375 0.45489946875 0.5753134656250001 0.4396670578125 0.5783974703125 0.422138671875 0.5867709624999999 0.41126365312499996 0.588416309375 0.40302703125 0.5903178828125 0.42527947499999996 0.6643599499999999 0.4360158546875 0.695629878125 0.45107270625 0.72936374375 0.464550284375 0.7552413984374999 0.4793385578125 0.775624359375 0.4922670296875 0.783889125 0.502808671875 0.7940029562500001
3 0.6408664734375 0.7084781546875 0.6320098 0.6741782140625 0.629151690625 0.6475795609375 0.6177264828125 0.60824784375 0.6057152453125 0.5552058343749999 0.5910887734375 0.5568519234375 0.5793193265625 0.5617324875 0.5372497546874999 0.568416290625 0.5249152734375 0.567802534375 0.5144974234374999 0.5602561703125 0.511789165625 0.564775490625 0.5207366921875 0.6025158546875 0.54662584375 0.6912946062499999 0.5539481281249999 0.70777645625 0.5669055562499999 0.7181979093749999 0.5964111562500001 0.7403752015625 0.614126315625 0.7592170890625 0.6311685734375 0.7578786203125001 0.639597765625 0.7304047875 0.6408664734375 0.7084781546875
3 0.40331153906250006 0.5915502218750001 0.4161281640625 0.5881585968749999 0.43403589374999996 0.581428225 0.45489946875 0.5753134656250001 0.4822068265625 0.57679720625 0.4961404890625 0.5701189703125 0.511789165625 0.564775490625 0.5128852109375 0.5532729093750001 0.5100191374999999 0.5327335421875 0.5055658265625 0.5103972421875 0.4993146125 0.47722648124999995 0.49381412343750003 0.45340124375 0.48118898593750004 0.4078564328125 0.4555285953125 0.3627250015625 0.43127373125 0.31250965625 0.40591884218749996 0.276826534375 0.3824776828125 0.260604621875 0.362776034375 0.25347089375 0.3475276953125 0.2686734625 0.3298266484375 0.2874710078125 0.324109696875 0.3073958765625 0.327633825 0.38359834375 0.3312158703125 0.46411418437499996 0.33581795 0.49420427968749997 0.34501704375000003 0.5340499359375 0.35339555312500004 0.56932561875 0.3689714703125 0.59515150625 0.381544490625 0.5835953046875 0.40331153906250006 0.5915502218750001
3 0.2523654390625 0.735000196875 0.2620586234375 0.7617515453125 0.2790990671875 0.8101710734375001 0.29028465312499996 0.8383085734375 0.302715053125 0.8626972859375 0.31517042968750003 0.89227233125 0.3205959921875 0.90053858125 0.3299626828125 0.9096256500000001 0.3442927015625 0.9158361453125 0.3523925 0.8970918515624999 0.352618009375 0.8706466374999999 0.34630888125000003 0.8331625031250001 0.34469956874999996 0.7997854249999999 0.34562186875 0.7753427171875 0.3506290015625 0.7391400906250001 0.349985059375 0.7211164234375 0.3351008671875 0.6769585046875 0.3252020828125 0.6615041625 0.31503073593750003 0.6357285546875 0.3037752890625 0.6123666046875 0.300525890625 0.5932137562500001 0.2632339578125 0.5931697859375 0.24121533906249998 0.5831095734375 0.22965257656250002 0.600057309375 0.2145070375 0.6096113765625 0.2074124296875 0.61341266875 0.2059450046875 0.617212846875 0.207677028125 0.629793215625 0.210522109375 0.6421166140625 0.2147397796875 0.6502290546875 0.226696 0.67256386875 0.2389327453125 0.699160665625 0.2523654390625 0.735000196875
3 0.23639173125 0.5764350484375 0.24121533906249998 0.5831095734375 0.2632339578125 0.5931697859375 0.32278304687500003 0.5911040078124999 0.344887453125 0.58427010625 0.3467671625 0.58124009375 0.3471045203125 0.566451271875 0.346311809375 0.540673809375 0.33935185625000003 0.51458946875 0.331904696875 0.47217597343750006 0.3270590125 0.4339213 0.326200421875 0.4098897453125 0.32574217031249997 0.39571727968750003 0.31836197187500004 0.3749220546875 0.298469565625 0.3436025875 0.27409995781249996 0.3081246703125 0.2528230171875 0.2901050859375 0.2320412484375 0.282355371875 0.21375019375 0.2904722671875 0.20463615625 0.30685466875 0.200722171875 0.3579485359375 0.2003688859375 0.384855921875 0.2041713734375 0.4185920140625 0.20731399218750002 0.44642300625000003 0.2113470578125 0.47404842187499996 0.21521542343750003 0.5060386078125 0.223470140625 0.5387468234375 0.22935395625 0.5611855375 0.23639173125 0.5764350484375
3 0.0506607203125 0.5539805703125 0.05799495 0.5613734953125 0.0751001875 0.5846829375 0.084232321875 0.6029103250000001 0.093668871875 0.6072218453125 0.103307040625 0.603266 0.1195366796875 0.591298275 0.12782615 0.5733755406250001 0.13131300625 0.5569942515624999 0.12172660312500001 0.521564759375 0.113900096875 0.47750814375 0.10392530468750001 0.4231306375 0.08355871875000001 0.38975726875 0.054117915625 0.3424698921875 0.030226468750000002 0.3060162328125 0.0208637609375 0.29389952343750003 0.012362540625 0.27942055 0.0067683 0.2785487109375 0.012804865625 0.30571158125000003 0.0263533875 0.3501778625 0.0154027109375 0.4093863953125 0.01711084375 0.4401446125 0.034226214062499996 0.5041231265625 0.0506607203125 0.5539805703125
3 0.5249152734375 0.567802534375 0.5372497546874999 0.568416290625 0.5793193265625 0.5617324875 0.5910887734375 0.5568519234375 0.6057152453125 0.5552058343749999 0.62485584375 0.5538156015625 0.6371982875 0.5483700765624999 0.6530446000000001 0.537788875 0.6646164109375 0.5381460328125 0.6719625875 0.5364500343749999 0.6733141828125 0.52402310625 0.66413898125 0.46599960312500005 0.6510646390625 0.4235872203125 0.6327703328125 0.3616115828125 0.61806386875 0.3273641484375 0.6084325796875001 0.301896534375 0.5851550343749999 0.2579456765625 0.5628678359375 0.23453455937499998 0.5513079734375 0.225088475 0.5322991328125 0.22298689375 0.5105451109375 0.229307228125 0.5016287109374999 0.24045190781249998 0.49076672187500003 0.2563725078125 0.4837600703125 0.29000804062499996 0.48170081875 0.33288556406250003 0.485418603125 0.40687994843749997 0.49193441406250005 0.45643125625 0.5127773453125 0.5385868765625 0.5144974234374999 0.5602561703125 0.5249152734375 0.567802534375
1 0.6408664734375 0.7084781546875 0.6320098 0.6741782140625 0.628452 0.6719708734375 0.6225204015625 0.6858878546875 0.6164031109375 0.695953634375 0.6047324828125 0.6982153359375001 0.6007794093750001 0.70648344375 0.5950494281250001 0.7121330593749999 0.5886925171875 0.7110046203125 0.5922094140625 0.7201441953125001 0.5847854124999999 0.7326750265624999 0.5964111562500001 0.7403752015625 0.614126315625 0.7592170890625 0.6311685734375 0.7578786203125001 0.639597765625 0.7304047875 0.6408664734375 0.7084781546875
3 0.91662301875 0.3510286984375 0.9342751968749999 0.3452226734375 0.94298998125 0.34234535781250003 0.946142378125 0.314359071875 0.9422859562499999 0.2732799609375 0.930551265625 0.227529575 0.9197280125 0.189789584375 0.902225334375 0.13022723125 0.8848015640625 0.0831942265625 0.8759213515625 0.163558484375 0.8792116546875001 0.1757790953125 0.8886992390625 0.21382745 0.8876520609374999 0.2123385125 0.9097198984375 0.305893553125 0.91662301875 0.3510286984375
3 0.729670675 0.7498485546875 0.7284446859375 0.7150849546875 0.7240692015625 0.681913821875 0.71439194375 0.643043909375 0.7091260125 0.610078353125 0.7019962984375 0.5680242437499999 0.694005096875 0.5283323984375 0.6891036640625 0.5324927046875 0.6783564203125 0.5336758781250001 0.6733141828125 0.52402310625 0.6720574234375001 0.536860815625 0.67002098125 0.5381963140625 0.6536794953125 0.5385076468750001 0.6490665531250001 0.5408706515625 0.63913989375 0.546623796875 0.62485584375 0.5538156015625 0.6057152453125 0.5552058343749999 0.608713078125 0.5722533890625 0.6177264828125 0.60824784375 0.6237749953125 0.626321790625 0.6358600734375 0.671558609375 0.6609344375 0.70297975 0.6841909890625 0.7387146375 0.696782103125 0.761768225 0.7111620734375 0.778351378125 0.7252854078125 0.7724947015625 0.729670675 0.7498485546875
3 0.8601459546875001 0.45882318906249997 0.8611790203125 0.42267269687500003 0.8472699796875001 0.3380509125 0.8340497687499999 0.261490915625 0.798837728125 0.130299040625 0.785252284375 0.0897353546875 0.77477651875 0.0778756125 0.76735251875 0.09040644375 0.765185403125 0.11859793437499999 0.7636911875 0.16696978125 0.759051453125 0.213904453125 0.7555997046875 0.27614114375 0.7464538093749999 0.3167606765625 0.745766065625 0.332063065625 0.759578103125 0.369545715625 0.772033478125 0.3991207609375 0.773820884375 0.4058472359375 0.785438296875 0.45616778125 0.7867869953125 0.4701346703125 0.8035038437500001 0.4744960984375 0.8228380953125001 0.47089778437499996 0.8358523546875001 0.46226843593750006 0.8483475515625001 0.46154706562500003 0.8601459546875001 0.45882318906249997
3 0.161810034375 0.6230754609375 0.1795081828125 0.6306717359375 0.191401421875 0.6283586390625 0.197741321875 0.6182414671875 0.22965257656250002 0.600057309375 0.24121533906249998 0.5831095734375 0.22901493906249998 0.55989265625 0.223470140625 0.5387468234375 0.21521542343750003 0.5060386078125 0.2113470578125 0.47404842187499996 0.20731399218750002 0.44642300625000003 0.2041713734375 0.4185920140625 0.19547650156250002 0.40632112343750004 0.1731972671875 0.376850721875 0.1558733984375 0.3505630328125 0.1351973296875 0.310770996875 0.11838854375 0.2796049703125 0.0994575296875 0.26666855625 0.08614174687500001 0.262819953125 0.0787546703125 0.2714481875 0.082338528125 0.30220603281249997 0.09016104999999999 0.3492922890625 0.10392530468750001 0.4231306375 0.113900096875 0.47750814375 0.12172660312500001 0.521564759375 0.13131300625 0.5569942515624999 0.1449313890625 0.5966849828125 0.161810034375 0.6230754609375
3 0.9111768124999999 0.43103282812500004 0.915162825 0.42189176875 0.920175021875 0.406023675 0.9192795109375 0.38589471406250003 0.91662301875 0.3510286984375 0.9097198984375 0.305893553125 0.8876520609374999 0.2123385125 0.8792116546875001 0.1757790953125 0.8683225234374999 0.1397850109375 0.8625704656250001 0.1138544796875 0.855689421875 0.10029948281250001 0.852464996875 0.08633296406249999 0.8438240562500001 0.081405090625 0.8394796937500001 0.0971190015625 0.8392802421875001 0.1521147203125 0.8330424093750001 0.22970556250000002 0.8340497687499999 0.261490915625 0.8602346421875 0.4155352546875 0.87042988125 0.42313301562500005 0.8732499859375 0.43027008437500003 0.8787164531249999 0.43160409843750003 0.8910469515624999 0.4352474984375 0.901348971875 0.43416711250000006 0.9111768124999999 0.43103282812500004