3 0.20481130468750003 0.579540221875 0.2236944625 0.5835539609375 0.251764096875 0.6000599390625 0.28682549062499996 0.602242671875 0.30621885625 0.585285671875 0.3229073 0.562483925 0.3266326375 0.5263871921875001 0.316884659375 0.4979662109375 0.2995834171875 0.46793973437499997 0.2736572046875 0.441349759375 0.260694096875 0.42805477343750004 0.2229277796875 0.42002729531250005 0.20082949375 0.43113954843749996 0.1900611 0.444660046875 0.173934159375 0.4833905359375 0.1723522421875 0.509403271875 0.169698615625 0.540458009375 0.1702601171875 0.5563867499999999 0.183223225 0.5696817375000001 0.20481130468750003 0.579540221875
3 0.8812084499999999 1 0.8871074890624999 0.9722472062499999 0.8967528765624999 0.9268692250000001 0.8929249499999999 0.8891669953125 0.88588189375 0.8665907609374999 0.8680704453124999 0.8575350234375 0.8508204984375001 0.864408028125 0.8136156859374999 0.8723092906250001 0.7796260015625001 0.8650845593750001 0.7672243953125 0.8677183140625001 0.7429826890625 0.8889145656249999 0.7300708765625 0.912519059375 0.7160873546875 0.94116555 0.7145054375 0.9671782890625 0.7272632015625 1 0.8812084499999999 1
3 0.5313346859375 0.343296690625 0.5512895546875 0.34226843125 0.569049709375 0.31442468749999997 0.5749184640625 0.2682439578125 0.5640987765625 0.2448649734375 0.546287328125 0.2358092375 0.51229764375 0.22858450624999999 0.47509282812500003 0.23648576875 0.44814619999999994 0.251837275 0.42227128125 0.26214678125 0.42339428593750006 0.2940042640625 0.42936563124999994 0.3216224984375 0.44125702968749997 0.3399594828125 0.4763184234375 0.34214221562499997 0.5313346859375 0.343296690625
3 0.6527484015625 0.38491336249999997 0.687809796875 0.3870960953125 0.7093465812499999 0.3600550984375 0.72062518125 0.3255638609375 0.7130206234375 0.28705888281249997 0.6801026484375 0.27479215468749996 0.6509613046875 0.263328175 0.6169716203125 0.25610344375 0.60941835625 0.2544979484375 0.5862483578125001 0.2706522015625 0.5765516765625 0.2791307015625 0.569049709375 0.31442468749999997 0.5760927640625 0.3370009234375 0.602018978125 0.363590896875 0.6263119796875001 0.379294128125 0.6527484015625 0.38491336249999997
3 0.3798618015625 0.40595647812499996 0.39006869375000003 0.3765072390625 0.3937940296875 0.3404105046875 0.3888943921875 0.30775027499999996 0.3732263640625 0.288610540625 0.34786165156250004 0.2779493078125 0.31821010156249996 0.2874560671875 0.29182497500000004 0.3187363140625 0.2616632171875 0.3492138125 0.24824119687500001 0.39378904531250003 0.311933728125 0.4284065 0.356181596875 0.4430814703125 0.366949990625 0.429560971875 0.3798618015625 0.40595647812499996
3 0.7050624859375 0.7701886421874999 0.7347140375000001 0.7606818843750001 0.781615534375 0.744302121875 0.8096338734374999 0.7239086171875 0.8236173953125 0.6952621265625 0.8332627828125 0.64988414375 0.825658225 0.61137916875 0.8154000390625 0.6039289265625001 0.757678853125 0.59692970625 0.7366522765625 0.6029999640625 0.7086339374999999 0.623393465625 0.6822488109375 0.6546737125 0.669337 0.67827820625 0.6634682421875 0.7244589359375 0.6780645625 0.7486406671875 0.7050624859375 0.7701886421874999
3 0.1397420375 0.71853343125 0.1586251953125 0.7225471703124999 0.197463221875 0.7255326515625 0.216295084375 0.6926469078124999 0.23242202656250002 0.653916421875 0.2237457578125 0.620453440625 0.2037395953125 0.5845822203125 0.183223225 0.5696817375000001 0.1610736421875 0.5438945109375 0.133565509375 0.5433172734375 0.12494053593750001 0.546753775 0.11039551249999999 0.559471525 0.10018862343749999 0.588920765625 0.0916149453125 0.6292567484375 0.08732810625000001 0.649424740625 0.0830412671875 0.6695927328125 0.110039190625 0.691140709375 0.1397420375 0.71853343125
3 0.7236378734375 0.55280549375 0.746348959375 0.5945214640625001 0.781410353125 0.596704196875 0.801365221875 0.5956759359375 0.8325986890625 0.5601564406249999 0.8336191046874999 0.5182149609375 0.829791178125 0.48051273281249995 0.8248915406249999 0.44785250000000004 0.8130001453125001 0.429515515625 0.7914120640625 0.41965703125 0.76390393125 0.41907979375000004 0.7391007234375 0.4243473015625 0.7272606203125 0.44290979999999996 0.7208303625 0.47316178593749997 0.7144001046875 0.5034137734375 0.717666528125 0.5251872625 0.7236378734375 0.55280549375
3 0.673980159375 0.52644103125 0.69123010625 0.5195680265625 0.712256684375 0.5134977703125 0.7203201546875 0.49413252500000004 0.721902071875 0.46811978906249996 0.7261889109374999 0.447951796875 0.7256274078125 0.4320230546875 0.7164409328125 0.41953081562500005 0.6932196390625001 0.3987855859375 0.6716315609375 0.3889271015625 0.65759674375 0.3806741125 0.641980009375 0.3984338609375 0.6177383015625 0.4196301125 0.6058982 0.43819260781249997 0.60538799375 0.45916334687499993 0.6291707875 0.4958373171875 0.6523920796875 0.5165825468749999 0.673980159375 0.52644103125
3 0.4824436546875 0.48045889375 0.4937222546875 0.44596765468750005 0.495304171875 0.4199549171875 0.48448448437499997 0.39657593593749996 0.471521378125 0.383280946875 0.414871903125 0.37123972968749996 0.39491703437500003 0.37226798906249997 0.3787900921875 0.4109984765625 0.36965491250000004 0.4354057171875 0.385322940625 0.4545454515625 0.441972415625 0.46658666875000004 0.4624887875 0.4814871515625 0.4824436546875 0.48045889375
3 0.7720727375 0.8634790640625001 0.809839053125 0.8715065421875 0.8594454718750001 0.8609715250000001 0.8675089437500001 0.8416062828124999 0.88470759375 0.7978337953125 0.8846563 0.7609343140625 0.8824615843749999 0.734118828125 0.8657218453125 0.72002109375 0.8414288437499999 0.7043178640625001 0.8204022656250001 0.7103881203125 0.8058572406250001 0.7231058703125 0.781615534375 0.744302121875 0.76058895625 0.750372378125 0.7546689046874999 0.759653625 0.7439005125 0.7731741234375 0.7358370437499999 0.7925393671875 0.735326834375 0.8135101078125 0.738593259375 0.8352835953125 0.75048465625 0.8536205796875 0.7720727375 0.8634790640625001
3 0 0.808808721875 0.004498684375 0.8162616953124999 0.014246662500000002 0.8446826749999999 0.0299146921875 0.8638224078125001 0.046092928125 0.8619914015625 0.0795211109375 0.853287390625 0.0999861859375 0.8312883937500001 0.13662949687499998 0.8074583875 0.1500515171875 0.7628831546875 0.1451518796875 0.730222921875 0.106262559375 0.6903379609375 0.0803363453125 0.6637479859375001 0.086766603125 0.6334959984374999 0.0624736015625 0.61779276875 0.0365986828125 0.628102275 0.026902 0.636580775 0.011285265625 0.6543405250000001 0 0.672033165625 0 0.808808721875