3 0.8505179421875001 0.4971449609375 0.86464771875 0.4984514015625 0.8748262625000001 0.499917896875 0.88179350625 0.49685279375 0.8841702640625 0.489326084375 0.8775212046875 0.4779270953125 0.8658688703124999 0.45978063437500005 0.8547077984375001 0.44719416250000005 0.8385434515625001 0.4278602171875 0.8335545140624999 0.43309126875 0.8189442265625001 0.4352087296875 0.8021968906250001 0.4271146828125 0.799677521875 0.44007166875000003 0.8072546390625 0.44822639375 0.819239496875 0.463887284375 0.831529290625 0.4851580875 0.8358693140625 0.49837401718749996 0.8505179421875001 0.4971449609375
3 0.21160004687499998 0.6698402890625 0.21490306874999998 0.6575720031250001 0.225767078125 0.63998260625 0.23582880312499999 0.637286575 0.23726495937499997 0.622522921875 0.24021932656249997 0.5992643703125 0.24277524375 0.5856984734374999 0.23109890625 0.57864213125 0.2195286296875 0.5667644234375 0.21998692968750003 0.575927953125 0.21561144843750002 0.5953734640625 0.2109604109375 0.6026108875 0.2007506953125 0.60624525 0.194673165625 0.6051776859375 0.1895254875 0.6023631765624999 0.1914210328125 0.6288155843750001 0.1919721453125 0.6532317578125 0.19016691875 0.6710898921874999 0.1965877234375 0.678655775 0.20552968906250002 0.6747619874999999 0.21160004687499998 0.6698402890625
3 0.660911728125 0.5803021734375 0.673719284375 0.5669849484375 0.689478715625 0.559467071875 0.6916823937500001 0.53191628125 0.6868073890625 0.5077600140625 0.6761071125 0.475279171875 0.670915715625 0.46708431250000004 0.660108675 0.46998005000000004 0.652427290625 0.46814400312500004 0.6462419078125 0.4704004890625 0.647390346875 0.4955552890625 0.64635264375 0.5006262859375 0.6305111546875 0.501875409375 0.6183980250000001 0.5036233171875 0.60356844375 0.5093942453125 0.607767646875 0.529537765625 0.61711453125 0.5524957984375 0.6268107703125 0.55588888125 0.6418481859375 0.5680358078125 0.6538348375 0.5851940109375 0.660911728125 0.5803021734375
3 0.1676849453125 0.6058188578125 0.1788958140625 0.5977224109375 0.180266040625 0.5901658421875 0.169073796875 0.5826802265625 0.158875540625 0.564743265625 0.1485862625 0.533050975 0.142163665625 0.523987778125 0.1367619359375 0.5269329609375 0.12075991562499999 0.5186392093750001 0.106138871875 0.5117727796875 0.1114542546875 0.530119425 0.1196448265625 0.5524886125 0.13369184218750002 0.5780815171875 0.14504641093749998 0.5966073234375 0.1552686703125 0.6034541671875 0.1676849453125 0.6058188578125
3 0.8189807734375 0.4345998171875 0.833143515625 0.4323027171875 0.8420711421875 0.41643040937500003 0.8465251 0.4002590203125 0.8437763875 0.37733036875 0.8407976296875 0.34907129375 0.8355883109375 0.32590328125 0.8276421234375 0.3208430390625 0.82875580625 0.3481040640625 0.8220641171875 0.3633772546875 0.8050021828125 0.37274193125 0.795132159375 0.3798799828125 0.7891001421875 0.3856900828125 0.789530853125 0.4029491015625 0.7945011656250001 0.4133001140625 0.8010387874999999 0.4250285234375 0.8189807734375 0.4345998171875
3 0.16386166562499999 0.681733075 0.170483840625 0.6706723359375 0.1790112234375 0.6629953671875 0.18779803281250002 0.6540506500000001 0.1909183109375 0.6448269171875001 0.1906817984375 0.6029520203125001 0.180638696875 0.5900659890625 0.1783751703125 0.5987605953124999 0.16772328593750002 0.6067072625 0.152994390625 0.60316488125 0.146467525 0.6004203640625 0.142149009375 0.605172215625 0.14008435625 0.6242981000000001 0.1399302890625 0.6512997 0.14200499375 0.6717129203125001 0.1461952359375 0.684369865625 0.157831440625 0.689040490625 0.16386166562499999 0.681733075
3 0.8712970953125 0.4166874328125 0.8759026249999999 0.40257234531249997 0.87767309375 0.3868204375 0.8774706359375 0.37339452500000003 0.8755385421874999 0.3475510296875 0.8772029515625 0.336620484375 0.8669040078125001 0.32799683281249997 0.858192090625 0.33722104375 0.8413584078125 0.35041882812499997 0.846711428125 0.40020909375 0.8442286078125001 0.4125571671875 0.8522095515625001 0.415511184375 0.8591492078125 0.4205415671875 0.8712970953125 0.4166874328125
3 0.314650659375 0.558051859375 0.3284826703125 0.5597376484375001 0.3449981671875 0.56100395625 0.3609037921875 0.551050434375 0.3770340859375 0.541935390625 0.3822423171875 0.533050871875 0.38309010625 0.5250351703125 0.37571256875 0.4967565078125 0.3659894453125 0.47090370000000004 0.34812593281250004 0.46460652812500003 0.325325071875 0.44435480156249996 0.3136781125 0.430700284375 0.301070134375 0.42389357499999997 0.287161440625 0.42043098125 0.2799784890625 0.43014418125000004 0.2791504125 0.45463034843749994 0.28261685000000003 0.4854547828125 0.2859137921875 0.49924976406250005 0.29851569218749996 0.53211974375 0.3041689734375 0.5524727656249999 0.314650659375 0.558051859375
3 0.7707709109375 0.6131737828125 0.7829972734374999 0.6125937703125001 0.7924580906250001 0.606164484375 0.7862332765625 0.5754800375 0.7789600078125 0.5408826953125 0.770347684375 0.5087410671875 0.759471834375 0.48529404375 0.7496061015625 0.464871509375 0.7479219765625 0.4593315875 0.7373324359375 0.45707654218749993 0.730248378125 0.45597911875 0.7226676765625 0.44482976250000006 0.7168932921875 0.4478748 0.71246513125 0.454453384375 0.6871244843750001 0.46124339062499997 0.6788876984375001 0.46255175312499996 0.6768122921875 0.472693746875 0.6837752484374999 0.497189228125 0.69684690625 0.5176514156249999 0.712523571875 0.5344199984375 0.7356712953125 0.5641646765624999 0.7560570578125 0.5910547078125 0.7707709109375 0.6131737828125
3 0.2803448171875 0.705041259375 0.2817576703125 0.6708125093749999 0.298502125 0.6453567109375 0.29941584374999997 0.630133928125 0.297967846875 0.603861159375 0.291477528125 0.60050773125 0.2697885578125 0.6060197125 0.258968971875 0.5984342453125 0.24340911875 0.5858281875 0.23822060312499999 0.611183171875 0.235424975 0.642487284375 0.24074752500000002 0.6668231921875 0.25340031406249997 0.7110627828125 0.2665941625 0.740179440625 0.2761424140625 0.744510853125 0.2826094328125 0.728399184375 0.2803448171875 0.705041259375
3 0.8465645984375 0.58897065625 0.8537654734375 0.59423060625 0.857194271875 0.593611421875 0.8596770906250001 0.5812633484374999 0.853866859375 0.5543620828125 0.8461184578125 0.5276805875 0.8402039578125 0.5070980031250001 0.828953659375 0.4822535171875 0.8186805125 0.4640370625 0.8064326421875 0.4466492921875 0.7900507953125 0.4324661328125 0.7874769546875 0.43105887656249997 0.7797145999999999 0.4550066078125 0.77502880625 0.4643502578125 0.7558645796875 0.4613972015625 0.75446318125 0.4740546265625 0.7702727953124999 0.508461575 0.773297765625 0.5130430984375 0.7876156640625 0.5157969296875 0.8005142421875 0.516235034375 0.808772534375 0.5328944531250001 0.8191954609375 0.5516698921875001 0.8333084046874999 0.5700557140625 0.8465645984375 0.58897065625
3 0.6056657421875 0.5798277781250001 0.6089963515625 0.559464003125 0.6133406625 0.54511935 0.606980409375 0.5258544390625 0.6027847890625 0.508705546875 0.584449728125 0.513318853125 0.580690196875 0.5179209250000001 0.5314558125 0.5257211749999999 0.524096196875 0.5124156656250001 0.521602625 0.515779846875 0.5252045015625 0.5351847453125 0.5285709578125 0.5447672734375 0.541083628125 0.565379240625 0.556787884375 0.5740523375000001 0.5666776203125 0.5833847546875 0.5883791375 0.5883539765625 0.5984809984374999 0.588043665625 0.6056657421875 0.5798277781250001
3 0.9250306296874999 0.49275641875 0.92972359375 0.4894020296875 0.92549321875 0.474359365625 0.91797306875 0.45151097812499996 0.9096452625 0.4390640125 0.8940728640625 0.415976746875 0.8803469156249999 0.4094695953125 0.8755335515624999 0.40566682812500005 0.8717063015625 0.41597866874999995 0.8610142843749999 0.4215396171875 0.849641090625 0.418595875 0.84319628125 0.4221201109375 0.8623196703125 0.4532426625 0.8710201328125 0.46558977500000004 0.8868322421875 0.4709388234375 0.9037329421875 0.4825864859375 0.915855034375 0.488325153125 0.9250306296874999 0.49275641875
3 0.2575862 0.5955096078125 0.2669918421875 0.6052712953125 0.28734175781250004 0.602215025 0.2939291765625 0.5932605140625 0.300124221875 0.5679353890625001 0.304092290625 0.5506959578124999 0.2940276828125 0.5198421453125001 0.2837455734375 0.494139115625 0.25785560625000004 0.4780102609375 0.24374803906250003 0.46411638593750004 0.232645728125 0.438333571875 0.22166560624999998 0.42120522656250003 0.2108058875 0.41123403906249995 0.197726359375 0.41533780781249996 0.18793301874999999 0.4242526640625 0.189017321875 0.4581118625 0.197919540625 0.5144401000000001 0.20550920156250002 0.5330760328124999 0.2186700859375 0.5657962328125 0.232889090625 0.5793606890625 0.2575862 0.5955096078125
3 0.524910003125 0.6317216796875 0.5222745234375 0.6099609234375001 0.5243373828125 0.5893377234375 0.5302765875000001 0.568274978125 0.5293288171875 0.5550487734375 0.5228882968749999 0.531012425 0.5054920453125 0.5413653593750001 0.4707636796875 0.5533668281249999 0.45000455781250004 0.5571318640625 0.452846784375 0.5647579453125 0.4595832796875 0.586917634375 0.4722769015625 0.602987728125 0.49039017500000004 0.6310857890625 0.5020059625 0.6498411625 0.522348709375 0.6407956312499999 0.524910003125 0.6317216796875
3 0.422143521875 0.700597028125 0.43517683749999997 0.7201708109375 0.44625585 0.7264885296875 0.4516797875 0.7109559125 0.4494230453125 0.663032034375 0.44615977031250004 0.6150782968749999 0.44989958437500005 0.594005759375 0.44277609531250006 0.559967403125 0.4296145078125 0.557802415625 0.4185150765625 0.5655694453125 0.4087894578125 0.5687745343749999 0.4027466859375 0.5656007453125 0.3904149671875 0.5404469078125 0.3811368921875 0.5438316359375001 0.37197025781250004 0.5468869468750001 0.3650449390625 0.5538350859375 0.365431934375 0.565713753125 0.3702650140625 0.5859869875 0.3762633640625 0.6143356421874999 0.386877996875 0.6375531 0.3999532359375 0.6610099171875 0.4117954859375 0.68210108125 0.422143521875 0.700597028125
3 0.39022863750000003 0.5404968343750001 0.4033422203125 0.5648420546875 0.40908722500000005 0.5683951890625 0.42253761718750005 0.5626942546875 0.4305461484375 0.5575527828125 0.44083613125000004 0.558689859375 0.4719930875 0.5527378515625 0.503069778125 0.542014403125 0.520913575 0.531841109375 0.5237815953125 0.5298743890625001 0.519197190625 0.4993495140625 0.5060147984375 0.4486615328125 0.49987562968750004 0.42724046875 0.488939228125 0.4154924734375 0.46532354062500003 0.39965290625 0.45238482968750005 0.39682908125 0.43040058906249995 0.37366251093749997 0.4130175859375 0.3639414359375 0.40246459375 0.3610774796875 0.390240025 0.36315480624999996 0.3779477359375 0.37094190312499997 0.36924119375000003 0.3846580578125 0.370238059375 0.40775655625 0.37545275624999996 0.4354165140625 0.368435715625 0.45916453749999997 0.3672206453125 0.47177203749999996 0.38155217812500003 0.517059603125 0.39022863750000003 0.5404968343750001
3 0.1958276859375 0.604269215625 0.2016457890625 0.606604528125 0.2098789890625 0.602301534375 0.21609375156250002 0.5934468765625 0.219572346875 0.572144771875 0.21844183125 0.5619631265625 0.2079020890625 0.5390251609375001 0.20117097187500002 0.5213574171875 0.1835722625 0.518284440625 0.15570936562499998 0.5044815875 0.1433536421875 0.4904178671875 0.1303239109375 0.4738387140625 0.13487176875 0.5049724999999999 0.1486994921875 0.5342188718750001 0.15965919374999998 0.5654319625 0.16967112499999998 0.5834188515625 0.1808250265625 0.5900160624999999 0.1958276859375 0.604269215625
3 0.7191048421875 0.3957580546875 0.7215575796875 0.4205633671875 0.7220338015625 0.44470004999999996 0.7303214734375 0.45476129531250004 0.7378183234375 0.4581445859375 0.7531793015625 0.46031936250000005 0.7664157796875 0.4627638421875 0.7756992296874999 0.4638710578125 0.7818702734375 0.44963605156249997 0.78680653125 0.431538075 0.7890593046875 0.41385957968750003 0.78686599375 0.3877865171875 0.7834085187500001 0.364448659375 0.7723355875 0.3320676703125 0.7681747234375 0.3128125546875 0.7600715874999999 0.3012040640625 0.7511278296875 0.3036005375 0.7462449531249999 0.3040102234375 0.74078088125 0.3171571203125 0.7375527484375 0.32970489999999997 0.7370901609375 0.348101953125 0.7302504859375001 0.364313475 0.7169606265625 0.3795572859375 0.7164801171875 0.3829811890625 0.7191048421875 0.3957580546875
3 0.6360701484375 0.4123155109375 0.642557971875 0.4447268390625 0.6447699078125 0.45521783750000006 0.6522391703125 0.4666966140625 0.6605562218750001 0.4701596890625 0.66957486875 0.468042709375 0.6741180531250001 0.4641293359375 0.6851114234375 0.46118367187500003 0.694204959375 0.4593461828125 0.7070981609375 0.4552923421875 0.71324699375 0.4536447671875 0.7151048984374999 0.44865355781250005 0.7225161046874999 0.44277346093750003 0.7226060359375001 0.4244762609375 0.71970216875 0.396496678125 0.7156928765624999 0.3792978609375 0.702352834375 0.352616846875 0.6823433125 0.3286215921875 0.6675689078125 0.318201546875 0.6595238265625001 0.32395192968750003 0.6477647265625001 0.341182046875 0.64078781875 0.3673157890625 0.6353950515625 0.37774755 0.6283690484375 0.394008996875 0.6360701484375 0.4123155109375
3 0.8945569609374999 0.415547475 0.9057019015625001 0.4146581109375 0.91609794375 0.41097382343750005 0.92283335 0.40108098124999997 0.921131303125 0.3805679078125 0.9181944703125 0.356191865625 0.9145524593750001 0.33440125 0.91233873125 0.3224129375 0.907872228125 0.3281031171875 0.8990488703124999 0.33765674843750004 0.8901871734375 0.3463219734375 0.877224459375 0.3545882671875 0.87753835625 0.3676847578125 0.8780858828125 0.3891063015625 0.8759810984374999 0.40584646874999997 0.886501125 0.4123139671875 0.8945569609374999 0.415547475
3 0.34229791718749997 0.7342735171875 0.3522134484375 0.7340131296875 0.36894106875 0.725636709375 0.3688776359375 0.70378589375 0.3726324921875 0.6641366609375 0.376777928125 0.639360728125 0.37248949531250003 0.6069591937500001 0.3684311109375 0.57988808125 0.359984696875 0.5617812734375 0.3521517390625 0.557888925 0.3445889625 0.5617127203125001 0.32031898281250004 0.5598281875 0.313088728125 0.5611664109375 0.30843769062500004 0.568403834375 0.3052826546875 0.579733790625 0.3007172609375 0.596234596875 0.30140023125000004 0.6062366046875 0.3043789859375 0.63449568125 0.3113767 0.6568849343750001 0.3162757078125 0.6699510859375 0.3246472296875 0.6877784 0.3316066015625 0.70927925 0.34229791718749997 0.7342735171875
3 0.5452458984375 0.523523928125 0.57420525625 0.5190594421875 0.5805404171874999 0.5173619406250001 0.584449728125 0.513318853125 0.6082997484375 0.506928259375 0.6194027625 0.5021558609375 0.6334924078124999 0.501076584375 0.6469098359375 0.49897919062499996 0.64794933125 0.495405509375 0.645001746875 0.46204557656249995 0.64214518125 0.4424409734375 0.6346873765625001 0.40939087343749997 0.6241805984375 0.382849365625 0.5941537703125 0.336375278125 0.577059575 0.3187882828125 0.561895678125 0.3255474671875 0.548037871875 0.3334544828125 0.5352267296875 0.3437770765625 0.518297740625 0.3707801171875 0.5134381640625 0.3906549 0.5074151078125 0.40395157656249997 0.5015382453125 0.41481260937500003 0.5009570515624999 0.4275498203125 0.5220376234375 0.50547828125 0.52888018125 0.5228166046875 0.5308950343750001 0.5243736390625 0.5452458984375 0.523523928125