0 0.6562798187500001 0.33879745 0.6564843515625001 0.33786968125 0.6561385 0.3374528953125 0.6560442875 0.3365565265625 0.6559500765624999 0.33566015781249997 0.655053840625 0.33575435625 0.65450345625 0.3362653390625 0.6535440078125 0.338631859375 0.654031178125 0.3403932 0.65541458125 0.342060340625 0.6562166046875 0.341069771875 0.65637403125 0.33969381875 0.6562798187500001 0.33879745
0 0.5167039375 0.347123565625 0.5161696625000001 0.34491404062500003 0.5152263203125 0.3445600546875 0.5147701484375 0.3459674078125 0.5139681281249999 0.346957975 0.513826809375 0.3456134203125 0.513638384375 0.3438206828125 0.512380190625 0.34621860312499997 0.5119711234375 0.3480741390625 0.5128041453125001 0.3502522640625 0.5133384203125 0.3524617875 0.5155238468750001 0.3531383625 0.51632586875 0.35214779531249996 0.516389084375 0.349875471875 0.5167039375 0.347123565625
0 0.45087216718749995 0.338636146875 0.4510767015625 0.337708378125 0.451234128125 0.336332425 0.45113991562500005 0.33543605468750004 0.4504482125 0.334602484375 0.44974040156250006 0.3364894203125 0.44963008125000004 0.338313559375 0.4488280609375 0.3393041265625 0.4498656125 0.3405544828125 0.45080895312499997 0.34090846875 0.45087216718749995 0.338636146875
0 0.44855909374999997 0.35111392656249996 0.4493611171875 0.3501233578125 0.448921053125 0.3488102046875 0.44848099062499996 0.34749705 0.44863841718749997 0.3461210953125 0.4485442046875 0.34522472656250003 0.4474595453125 0.3435261859375 0.446563309375 0.3436203828125 0.44560385937499997 0.34598690468750004 0.44583939062500005 0.348227828125 0.44607492187500003 0.3504687515625 0.44690794218749996 0.3526468765625 0.4478041765625 0.352552678125 0.44855909374999997 0.35111392656249996
0 0.6668586640624999 0.35898295 0.6673458343750001 0.3607442890625 0.6675813640625 0.3629852140625 0.6680685343749999 0.3647465515625 0.6692002984375 0.36689327656250004 0.6701907453125 0.36769545 0.6708824484375 0.36852901875 0.6717315765625 0.3679866375 0.6727381328125001 0.3660683 0.6735401546875 0.365077734375 0.6742950703124999 0.36363898125 0.6747512421875 0.362231628125 0.6748615625000001 0.360407490625 0.6749247781250001 0.3581351671875 0.67533384375 0.35627962968750004 0.675192525 0.354935075 0.67495699375 0.3526941515625 0.6741710796875 0.3509642109375 0.673385165625 0.349234271875 0.6726934625000001 0.3484007 0.6720017609375 0.3475671296875 0.67105841875 0.34721314375 0.669957653125 0.348235109375 0.6690614171875 0.3483293078125 0.668463928125 0.34839210625 0.667457371875 0.35031044375 0.6664979234375 0.3526769640625 0.666387603125 0.354501103125 0.66593143125 0.3559084546875 0.66611985625 0.35770119375 0.6668586640624999 0.35898295
3 0.40386064218750006 0.5551916640625 0.41318495000000005 0.5519459609374999 0.42062379375000003 0.5393825750000001 0.42381821249999996 0.5209213984375001 0.41456321406249996 0.4788462390625 0.41220668906249996 0.46504671093749994 0.40390626406249996 0.4550438625 0.385872465625 0.4501422546875 0.37250704843750004 0.4551721015625 0.364455825 0.46190908437499995 0.352802334375 0.480353075 0.34702953124999997 0.49727270937499995 0.34826917968750004 0.5148147125 0.3526214875 0.5361077828125 0.36109422812499997 0.550623878125 0.36917523124999996 0.5556652953125 0.3848983921875 0.5558252687499999 0.40386064218750006 0.5551916640625
3 0.7741667015625 0.48908278125000004 0.785330584375 0.4860968671875 0.8046709015625 0.4804390328125 0.818083425 0.47585736718750005 0.8250338812500001 0.47014235312499997 0.8267804640625 0.4608960640625 0.8256189203125001 0.4469709375 0.8239689875 0.43989417968750005 0.817241609375 0.4247415046875 0.8083300234375 0.4003025453125 0.8004386625000001 0.3884441609375 0.7943546640625 0.3822865765625 0.7889301484375 0.38240358125 0.78528199375 0.385052696875 0.779118671875 0.38388794375 0.77128930625 0.37836694375 0.7650156640625 0.37902633125 0.7586155921875 0.3842303625 0.7503747234375 0.39778431406250003 0.7413318359375001 0.41232883437499995 0.7450729828125 0.4191857953125 0.7489703359375001 0.4332765125 0.7538569203125001 0.45677910625000007 0.7605061937500001 0.46831490625 0.7693098968750001 0.47735858750000004 0.7741667015625 0.48908278125000004
3 0.535259825 0.4403317765625 0.550684240625 0.44052314687500005 0.5615171609375 0.44300964687500005 0.578923690625 0.4361956546875 0.59178705 0.42351526718750004 0.59869161875 0.40874235781249996 0.603097125 0.387435075 0.6036511671875 0.36109496874999997 0.6004306234375 0.34194862187499997 0.59672169375 0.3296506453125 0.5830277515625 0.3229334921875 0.562053609375 0.3187940625 0.54243065625 0.3217627890625 0.5160927765625 0.33268745625 0.5016402624999999 0.35323817812499997 0.49592945468750005 0.3764951984375 0.49620965312500004 0.396403721875 0.5000747921875 0.415935453125 0.5041766796875 0.4290984015625 0.508515315625 0.43589256406250004 0.515260021875 0.4397150234375 0.535259825 0.4403317765625
3 0.603125953125 0.5170288765625 0.609068634375 0.521841903125 0.61584555625 0.52022335 0.6345561656250001 0.5200693281250001 0.650170225 0.5134437296875001 0.656224446875 0.5078229125 0.657956140625 0.4926874234375 0.65871349375 0.47402925625 0.6531352078125 0.44969308906250005 0.6459045531250001 0.4354995828125 0.633075846875 0.42551953906250006 0.6227933078125 0.42252205624999994 0.6128405140625001 0.42266186406250006 0.6024637640625 0.4187680125 0.5941299046874999 0.4228158859375 0.58392425 0.43204498750000003 0.5790960078125 0.4407089 0.5772068890625001 0.45722034218749996 0.5782730015624999 0.47885880625 0.5817773984375 0.4920845515625 0.5882382484375 0.5018276125 0.5942119296875 0.5098093328125 0.603125953125 0.5170288765625
3 0.2979028390625 0.5500153890624999 0.3265030296875 0.55199388125 0.335010425 0.5438495453125001 0.3449954375 0.5382687203125001 0.34537472343750003 0.5246347828125 0.33790975625 0.49959064375000006 0.3220960390625 0.472705178125 0.3132613375 0.46049280625 0.304332425 0.44738406406250003 0.299144659375 0.44113228437499996 0.29288834218750004 0.43046145312500006 0.28595399375 0.43345596249999996 0.2814567125 0.43664746093750006 0.27436371875 0.44962762968750003 0.2711978609375 0.488476915625 0.2717123703125 0.519236071875 0.2720867828125 0.5400409640625 0.274270990625 0.549327246875 0.2979028390625 0.5500153890624999
3 0.4370037375 0.45383085625 0.4427902125 0.45141012968750005 0.4461718375 0.44335139999999995 0.4496637828125 0.43346852968749994 0.45361068125 0.43078801406249995 0.46048181406250005 0.43006582968749996 0.46513530468750003 0.43410808593750005 0.4682789625 0.44102784687499996 0.469945003125 0.44538409687499997 0.47642317968750003 0.44379694062499997 0.48730442656250006 0.43812191718750004 0.49273015937500003 0.42939520625 0.4942895359375 0.409746471875 0.49444940156249995 0.3911511015625 0.49237673125 0.371430975 0.4821586265625 0.357551459375 0.46639079531250005 0.33972388750000004 0.4490338109375 0.32976665 0.429710821875 0.324094271875 0.4105750375 0.3288243375 0.39838849062500004 0.3364490953125 0.3881196234375 0.34795051875 0.384014078125 0.36061669531249996 0.3834773671875 0.3756265875 0.38952671250000004 0.4044446 0.3976052796875 0.4267054328125 0.40959974531250004 0.443117059375 0.42260198437499996 0.449000640625 0.4370037375 0.45383085625
3 0.3708136640625 0.4218180359375 0.377356275 0.4093488515625 0.379135071875 0.394661546875 0.3807886609375 0.37590918125 0.38061756406249997 0.36278622656250004 0.37258366718749997 0.35819299375 0.3527115125 0.34442188906250004 0.33909689374999996 0.33271190625 0.32654960625 0.3340306796875 0.3143010625 0.335318053125 0.30846748125 0.3372905953125 0.30557302656249996 0.347110665625 0.303889659375 0.35408463125 0.30949894218749996 0.3815894890625 0.31770271875 0.407915384375 0.3307508453125 0.42285685937500006 0.34719670625 0.42701909374999997 0.36133193124999996 0.42643969375 0.3708136640625 0.4218180359375
3 0.2025907515625 0.53692316875 0.21310881875 0.542161575 0.22831259531249998 0.5460012234375 0.2418664375 0.5427641140625 0.258973003125 0.544591228125 0.26226163593749996 0.5270264203125 0.270707034375 0.5125447000000001 0.2715759265625 0.4834526859375 0.27415796718749996 0.45916510781250003 0.2654013703125 0.45056961093750003 0.25832692343749997 0.44360985781249995 0.2487844125 0.433284421875 0.24170874687500002 0.434934375 0.233264565625 0.4408063875 0.22486749062500003 0.44712658593750004 0.2191442296875 0.44727498906249996 0.21422299374999998 0.4464328234375 0.2103232015625 0.4495615234375 0.207727490625 0.45935019375 0.206230109375 0.48533631406250005 0.20421577968750002 0.49778269531249997 0.1986165109375 0.5106058671875 0.195470415625 0.5209055234375 0.19490270625 0.5327467203125 0.2025907515625 0.53692316875
3 0.4821628140625 0.5501337234375 0.483562325 0.5490803578125 0.4910011703125 0.5365169734374999 0.493189034375 0.5199741328124999 0.4976875359375 0.5081729265625 0.49877463125 0.49265205156249997 0.496827171875 0.47699698437500004 0.4945338625 0.46092513437499993 0.4916901703125 0.44536426718750005 0.48318399375 0.44489889375 0.4674447234375 0.44745942968749997 0.45299464531250005 0.4507907359375 0.4381516109375 0.45325707499999995 0.42837113281250006 0.4579101296875 0.42711171875 0.4689177578125 0.42725182031250003 0.4788720203125 0.4307698875 0.506596675 0.439304625 0.5274501546875 0.4480451140625 0.5387661578125 0.4582793265625 0.549925165625 0.47467808125 0.553639215625 0.4821628140625 0.5501337234375
3 0.7364440328125 0.397435946875 0.7464141546875 0.385965921875 0.7505506953125 0.3764684375 0.7550343078124999 0.35877803125 0.7571589578125 0.3445075125 0.7596765640625 0.331101965625 0.7599145328125 0.31612347343749997 0.7601847171875 0.2957039640625 0.7608776390624999 0.287927828125 0.762356471875 0.28188163125 0.7486303125 0.28060549375 0.727592959375 0.2787383875 0.7215858421875 0.284807390625 0.7100277828125 0.2955380421875 0.6993027453125 0.30844681875 0.6870368765625 0.3210644078125 0.68491344375 0.32672521875 0.686672478125 0.3405875453125 0.691639603125 0.350487603125 0.7024242015625 0.361135625 0.7134914359375 0.3744727578125 0.7231752640625 0.3861427484375 0.7364440328125 0.397435946875
0 0.6649595296874999 0.3351663609375 0.6651640624999999 0.334238590625 0.665321490625 0.3328626390625 0.6649285328125 0.3319976671875 0.664535575 0.3311326984375 0.6639380859374999 0.331195496875 0.664032296875 0.332091865625 0.6644252546875 0.3329568375 0.6639690828125 0.3343641890625 0.6642046140625 0.33660511249999997 0.6645033578125 0.3365737125 0.6649595296874999 0.3351663609375
0 0.6388684140625001 0.380050275 0.6400162890625001 0.3794764921875 0.64102284375 0.37755815625 0.642312034375 0.3783289265625 0.6438528671875 0.3786201171875 0.6452994859375 0.378014934375 0.6457556578125 0.37660758125 0.6474068078124999 0.37507463125 0.6493567046875001 0.3735102828125 0.6514008125 0.37284229999999996 0.6521557296875 0.37140355 0.6536184546875 0.368077859375 0.6545307984375001 0.3652631546875 0.6545940140625001 0.36299083125 0.6540597375 0.36078130625 0.652975078125 0.359082765625 0.6513871421874999 0.35834339375 0.6506954390625 0.357509821875 0.6483525859375 0.35820920312500004 0.6465601171875 0.35839759843749996 0.644673434375 0.357689625 0.6433371375 0.3564706671875 0.6416388796875 0.357555434375 0.6402393656250001 0.3586088 0.6386985359375 0.3583176125 0.63740934375 0.35754684062500003 0.63600983125 0.35860020625 0.6342173625 0.358788603125 0.632613315625 0.36076973749999997 0.6306634203125 0.36233408749999996 0.6289651625 0.363418853125 0.6286032046875001 0.365722575 0.629231690625 0.36882846874999997 0.6312596921875 0.37088099531249996 0.6329889468750001 0.3729649234375 0.634560775 0.37642480312500004 0.6369817328125 0.37934230156250004 0.6388684140625001 0.380050275
0 0.7471317156249999 0.315201321875 0.743751309375 0.31465034531249997 0.74051221875 0.315443921875 0.738452003125 0.3188324109375 0.7383255734375 0.32337705625 0.7361401484375001 0.3227004828125 0.7342844640624999 0.325161203125 0.73137511875 0.329092071875 0.7293781171875 0.3302082375 0.7265480921874999 0.32914627812499997 0.724503984375 0.32981425781249996 0.7229470453125 0.3322435765625 0.722192128125 0.3336823296875 0.722427659375 0.335923253125 0.7246130859375 0.3365998265625 0.7253518953125 0.3378815828125 0.724691190625 0.3402167046875 0.7237788468749999 0.343031409375 0.7214198859375001 0.3464512984375 0.7210579265625 0.3487550203125 0.7215922015625 0.3509645453125 0.72288139375 0.351735315625 0.7245796515625 0.35065055156249997 0.726372121875 0.3504621546875 0.7283220171875 0.3488978046875 0.7301144875000001 0.34870940781250004 0.7321424859375 0.3507619359375 0.7336362109375 0.3506049390625 0.7342027046874999 0.3473734484375 0.7340613859375 0.34602889375 0.7346588749999999 0.3459660953125 0.7345485546875 0.347790234375 0.7352873640625 0.3490719890625 0.7371269390624999 0.349331778125 0.737771534375 0.3497171640625 0.739500790625 0.351801090625 0.7419849609375 0.3524462640625 0.742881196875 0.352352065625 0.7464661359375 0.3519752734375 0.7468752015625 0.3501197375 0.7472061625 0.344647321875 0.747961078125 0.34320856875 0.748386253125 0.3386325234375 0.7499902984375 0.336651390625 0.7494709125 0.340331065625 0.7499419734375 0.3448129125 0.7485263515625 0.3485867875 0.7489032015625 0.35217226562500004 0.7514505875 0.350545115625 0.7530075265625 0.348115796875 0.7538727640625 0.3448529046875 0.75531938125 0.3442477234375 0.7556491234375 0.34738501718750003 0.7550033109375 0.35560933906250003 0.7583551546875 0.3357722078125 0.7589538640625 0.3270997015625 0.759348040625 0.3193549625 0.7594434718749999 0.311641625 0.7591137296875 0.30850433125 0.757274153125 0.30824454375 0.7547738734375 0.31031987656250004 0.753421465625 0.3118214265625 0.751628996875 0.3120098234375 0.750465015625 0.31530411406250003 0.7496158859375 0.315846496875 0.7471317156249999 0.315201321875
0 0.6777298953125 0.3129798953125 0.6782802796875 0.31246891250000003 0.67843770625 0.3110929578125 0.6782963875 0.3097484046875 0.6779034312500001 0.308883434375 0.677164621875 0.30760167968749996 0.676771665625 0.3067367078125 0.67603285625 0.30545495312500004 0.6753882609375 0.30506956875 0.6747436640625 0.30468418124999996 0.67419328125 0.305195165625 0.673690003125 0.3061543328125 0.67447591875 0.30788427343749997 0.6746643421875 0.3096770125 0.6756547890625 0.31047918281250003 0.6763464906250001 0.311312753125 0.6770853 0.312594509375 0.6777298953125 0.3129798953125
3 0.2704329296875 0.44958763749999997 0.2752599546875 0.44953343125 0.27999398593749997 0.43997315 0.285922996875 0.43028727031249997 0.2924966046875 0.4209867765625 0.297513271875 0.41411560156249994 0.29988956093749997 0.3993655 0.3045454890625 0.386188340625 0.3081155390625 0.3799223484375 0.30357480625 0.3568365375 0.28917305312499997 0.352006321875 0.2778690703125 0.345037975 0.269049259375 0.3387148015625 0.25376616093750004 0.339867984375 0.23187967656250003 0.3385432609375 0.2224921546875 0.3440612875 0.2223186203125 0.34815774843749997 0.2324078578125 0.3838013234375 0.23991993125 0.409293646875 0.2501058203125 0.42861417812499997 0.25799718125000004 0.4404725640625 0.2658575421875 0.44916225781249997 0.2704329296875 0.44958763749999997
3 0.5276848015625 0.5263174671875 0.53853383125 0.5260834609375 0.548738265625 0.5254640671875 0.55807868125 0.51949785625 0.5692450015625 0.499292525 0.571431646875 0.491359390625 0.570270103125 0.477434265625 0.56799168125 0.46725161406250004 0.56363815625 0.45456825156249997 0.5582309671875 0.44335504062500003 0.549190515625 0.44068014375000003 0.5270994984375 0.44028318750000006 0.507445546875 0.44008322343749995 0.5044419890625 0.4431177234375 0.5022714515625 0.4483303515625 0.49962863593750007 0.4576708375 0.50036500625 0.4761720078125 0.50379008125 0.49439058593749996 0.51180665 0.5103140328125 0.5185662453125001 0.52002569375 0.5276848015625 0.5263174671875
3 0.6956438890625 0.49778899687499994 0.7063032765624999 0.504371959375 0.7232685234375 0.50485451875 0.7389135812500001 0.5013976140625 0.755172234375 0.4951574015625 0.7584906453125 0.48937099531249995 0.758020803125 0.47627943906250003 0.7534007484374999 0.45818645937499997 0.7490174421875 0.433724696875 0.744129640625 0.41883180937500003 0.7363486015625 0.40514928437500003 0.729463796875 0.3913725625 0.7208795171875 0.3872903125 0.7128766171875001 0.385865771875 0.70410269375 0.38860049218750004 0.6969315968750001 0.397963784375 0.690467090625 0.41404984687499996 0.6803854296875 0.4359537171875 0.6781987843749999 0.44388685156249996 0.6808379453125 0.4603754890625 0.6854270031249999 0.47529977656250005 0.6956438890625 0.49778899687499994
3 0.67152460625 0.3861338203125 0.679749365625 0.375300378125 0.68421686875 0.3603304796875 0.6842664109375 0.34355924843749996 0.6845985921875 0.32947712500000004 0.6787364515625 0.3110615578125 0.6683448109375 0.30127850624999997 0.6577015328125 0.2919750375 0.64259075 0.2976414671875 0.6325425250000001 0.3054946140625 0.6214084203125 0.320258928125 0.6122081046875001 0.33617940156250004 0.6153815421875 0.3548775609375 0.6186020828125 0.3740239078125 0.6235221015625 0.3834757796875 0.6338827453125 0.390090140625 0.6569171015624999 0.3908410828125 0.67152460625 0.3861338203125
0 0.5995653859375001 0.34521151250000004 0.5982141984375 0.33810335625 0.5970824343750001 0.3359566296875 0.5943305140625 0.338511546875 0.59513131875 0.3461306875 0.5958379093749999 0.352853459375 0.5997674828124999 0.361503159375 0.599941015625 0.3574066984375 0.6007752562500001 0.350975115625 0.5995653859375001 0.34521151250000004