3 0.3069241921875 0.39965052343749996 0.306978884375 0.43302714687500005 0.31846855937499996 0.433223521875 0.34962200625 0.441891153125 0.357817790625 0.4734268046875 0.366860134375 0.446062509375 0.3761874453125 0.4146832140625 0.38716744375 0.40538779218750004 0.40026698437499997 0.400697178125 0.4044591546875 0.40383442968749994 0.40592106718750004 0.3729767640625 0.41501847812500003 0.30988782656249997 0.40824548437499997 0.2687264109375 0.4024948109375 0.1865487421875 0.4011172625 0.143594853125 0.39573516875000003 0.12179316093749999 0.38538999375 0.10418894218750001 0.37068726406249997 0.1019694640625 0.34811616875 0.16027146406249998 0.3260217484375 0.21794940624999998 0.316818659375 0.2624878609375 0.30874671875000004 0.3132126359375 0.305642496875 0.35839210625 0.3069241921875 0.39965052343749996
3 0.526268515625 0.4260753359375 0.5509422749999999 0.43642148281250004 0.5769337015625 0.43814205156249997 0.5843398546875 0.3937518109375 0.588649390625 0.3331933640625 0.5883833390625 0.2627157765625 0.585816978125 0.240198790625 0.5807007546875 0.20022274687500002 0.5701221546874999 0.1913580640625 0.5617172328125 0.20092413593749997 0.5534035265624999 0.21353351250000002 0.5330148234375 0.26801993749999997 0.5029782484374999 0.33868338593749997 0.4932011453125 0.41215035 0.5025202953125001 0.42256805937499997 0.5067923734375 0.44189352656249997 0.5078204390625001 0.4386307859375 0.5151060796875 0.4292841515625 0.526268515625 0.4260753359375
3 0.69181986875 0.8078584718749999 0.7031265515625 0.7824175671875 0.712759409375 0.73118269375 0.72265405625 0.68267196875 0.7312701578125 0.6215549218749999 0.7321728937499999 0.566031678125 0.732279503125 0.535031565625 0.7235818265625 0.5213083796875 0.7061447609375 0.5059924875 0.6939001203124999 0.4986380921875 0.6709650796875 0.495216284375 0.65635820625 0.49469227812499994 0.6440394015625001 0.5089031796875 0.6422636015625 0.512761490625 0.6386662046875 0.5535070921874999 0.629459590625 0.638494721875 0.6186214203125 0.705108571875 0.632845434375 0.7184013609375001 0.643342640625 0.7410777515625 0.6547963453125 0.7911581203125 0.6655811140625 0.818920928125 0.6769094875 0.8167407921875001 0.69181986875 0.8078584718749999
3 0.1303473890625 0.4839008140625 0.14218747812500002 0.480763225 0.15354681406249998 0.49914819374999997 0.16198733437499999 0.508799396875 0.1641975359375 0.49689683437500004 0.161491384375 0.40661216875 0.1617711609375 0.38439432500000004 0.1493110796875 0.36083746875 0.141921803125 0.34118436875 0.13439031875000002 0.33331410781250004 0.127723559375 0.3302538453125 0.12094036562499999 0.3413386875 0.1185786875 0.36771975 0.11354663125 0.411685359375 0.11273715468750001 0.45980265468750003 0.11476658437500001 0.5004655015624999 0.12293085468750001 0.49188537343750005 0.1303473890625 0.4839008140625
3 0.19107519687500002 0.438036234375 0.20087510000000003 0.4269313828125 0.215879296875 0.430193784375 0.228967525 0.438648084375 0.23379248125 0.4253349453125 0.234145865625 0.3620011328125 0.23311928593750003 0.3352639515625 0.21756722343749998 0.29419105624999997 0.2123227 0.261954359375 0.2062655484375 0.24918286250000002 0.19320772656250002 0.2417429984375 0.1821411421875 0.24664728593750002 0.1710586125 0.26604431562499997 0.166046209375 0.3437199453125 0.16172276875 0.4083218859375 0.16342551562500002 0.465130215625 0.16449900312500002 0.497939759375 0.176539515625 0.4759467796875 0.19107519687500002 0.438036234375
3 0.5493038359375 0.8340031359375001 0.5647682046875 0.831583553125 0.5794075249999999 0.8226727421875 0.5916371500000001 0.7949692859375 0.60850929375 0.7478660859375 0.6208316234375 0.6932060109375 0.631924353125 0.621562721875 0.6379865125 0.5638851203125 0.6418080640625 0.5170956453125 0.6396827796875 0.474737325 0.6296529765625001 0.45413253750000004 0.614522521875 0.448160228125 0.599588409375 0.444231034375 0.5840116875 0.4398972171875 0.571678421875 0.43860093906250003 0.5527041703125 0.436606665625 0.5304395515625 0.425502490625 0.5140218359375 0.4291701921875 0.5071427875000001 0.4385595609375 0.49539409687499997 0.5333923953124999 0.48472964999999996 0.6283391859375 0.48324400624999997 0.646385334375 0.4941251828125 0.6953942859375 0.49864310781250004 0.73193665 0.5070378296875 0.774616834375 0.51413750625 0.79963276875 0.52996934375 0.8184878187500001 0.5493038359375 0.8340031359375001
3 0.6681523203124999 0.43593173125 0.6714497359375 0.3641432828125 0.67726605 0.289248784375 0.677641125 0.2491757390625 0.6674381546875 0.21978868281250002 0.6558644921875 0.22430259375 0.645529696875 0.2431040546875 0.6277577859375 0.285730653125 0.6080446953124999 0.3507375515625 0.59030523125 0.3839293328125 0.581420109375 0.4345686390625 0.6296529765625001 0.45413253750000004 0.6398487171875 0.47576600625000004 0.6432916671875 0.5094987484375 0.6607348546875 0.4934668859375 0.6681523203124999 0.43593173125
3 0.241830475 0.66045005625 0.24231752968750003 0.696231678125 0.24638195624999998 0.726658946875 0.251259009375 0.7376210125 0.26371853437500004 0.741627196875 0.27356534374999997 0.73659470625 0.2921205859375 0.712589815625 0.3127623640625 0.683073878125 0.323365625 0.655199484375 0.3375091765625 0.6327533828125 0.3424696625 0.619454490625 0.3486045 0.5702115156249999 0.3514753 0.533771578125 0.35351177968749997 0.493536075 0.3568366328125 0.4827619078125 0.3539198546875 0.46357888750000004 0.3494467984375 0.4435581359375 0.3340452828125 0.43755733750000003 0.311827571875 0.4325255265625 0.295816446875 0.4362359609375 0.2832517984375 0.433229965625 0.2708160046875 0.442035296875 0.2651871375 0.4525673046875 0.2585678390625 0.47513007656250006 0.2542128828125 0.49961623906249997 0.24792860781249998 0.5528884625 0.24345109531250003 0.62286748125 0.241830475 0.66045005625
3 0.1005946546875 0.7578530609375 0.111153603125 0.7330077265625 0.1277109296875 0.708455765625 0.1393989875 0.700246003125 0.14672059843750002 0.6410153765625 0.15793439843749998 0.5538791546875 0.1627608390625 0.51056609375 0.153792103125 0.49681441875 0.1425847984375 0.48350161875 0.129468759375 0.4831343078125 0.124846821875 0.48669347656250006 0.11690466562499999 0.499678984375 0.1067456328125 0.5363641343750001 0.10189805468749999 0.5759671015625 0.0979621109375 0.6264524265625 0.097059375 0.6819756703125 0.097934478125 0.7231913515625 0.1005946546875 0.7578530609375
3 0.06195366249999999 0.8073873765625 0.068443175 0.822563871875 0.07491563125 0.8131317687499999 0.08530808749999999 0.7677070828125 0.0947327359375 0.708023334375 0.096648146875 0.683280765625 0.0962193109375 0.6404265921875 0.10167445625 0.60156164375 0.10139097500000001 0.5755767234375 0.0977403703125 0.5529457796874999 0.0899610015625 0.5383078734375 0.08464954687500001 0.5353900625 0.07344075625 0.5520771859375 0.0672862671875 0.567610140625 0.0627303328125 0.5914010203125 0.05596734531250001 0.6557465546875 0.054227695312500004 0.6983728109375 0.0542241703125 0.7388219859375 0.05748264374999999 0.776917375 0.06195366249999999 0.8073873765625
3 0.24834892343749998 0.4602357640625 0.258918253125 0.47179611250000003 0.2704887671875 0.4386301078125 0.283698065625 0.431591471875 0.2961926328125 0.4352642609375 0.30735506875 0.432055446875 0.3025330828125 0.3853687375 0.30624951093749997 0.3395794515625 0.316970134375 0.24800936093749998 0.32196974375 0.21347856875 0.317582159375 0.1587476078125 0.3102268125 0.09965977031249999 0.30278803125 0.0648328875 0.2912540453125 0.067665571875 0.2782344125 0.088544403125 0.262198628125 0.1289939171875 0.24922089218750001 0.226394209375 0.2372269125 0.3235608171875 0.23429585625 0.37752255625000003 0.23116178281250002 0.441238265625 0.24834892343749998 0.4602357640625
3 0.6941315046875001 0.5003478109375 0.7217240796875 0.519427725 0.7338548796875 0.5500286437499999 0.7382083515625 0.5555424062500001 0.7451945640625001 0.53470359375 0.7599321546875 0.44793773750000004 0.7727083546875 0.3302914921875 0.7802778515625 0.27782850937500003 0.7783422343749999 0.2493103875 0.7681372234375 0.23037258125 0.7562502265625 0.22743780937500002 0.7311200015625 0.2709764140625 0.702439284375 0.3613329828125 0.6759192671875 0.42461320625 0.6672417984375001 0.4641507140625 0.6607348546875 0.4934668859375 0.6941315046875001 0.5003478109375
3 0.7260940390624999 0.776404559375 0.73393736875 0.8217234265625001 0.7512657875000001 0.87848868125 0.7718174578125 0.885030784375 0.7859016796875 0.8305558906250001 0.7936704875 0.720136175 0.8025009187500001 0.636120246875 0.8016258140625 0.5949045640625 0.7947007890625 0.5486709765625 0.787113128125 0.537424015625 0.770450121875 0.5434254921874999 0.7481814234375 0.553219821875 0.7331633234375 0.5540009125 0.7305363296875 0.6181069984375 0.7244272625 0.6697122375 0.712002403125 0.7344739234375 0.71682328125 0.7420592890625 0.7260940390624999 0.776404559375
3 0.1416169765625 0.7156477031249999 0.1389187890625 0.7413192375000001 0.15189206875 0.733918715625 0.1725245765625 0.7070984390625 0.19115194062500002 0.6719775046875001 0.215955484375 0.64458438125 0.2330972046875 0.6275095953125 0.2433810125 0.6235342734375 0.247984784375 0.5562651609375 0.25174811875 0.5165482390625 0.2575887203125 0.47401592812500004 0.24887454375 0.455234815625 0.2311756875 0.4371947734375 0.21703362187500003 0.42964095 0.2045179203125 0.422258065625 0.19107519687500002 0.438036234375 0.18279912812500002 0.459413634375 0.17302295625 0.483330003125 0.1623166125 0.5017553359375 0.15665177187499998 0.562171334375 0.145286496875 0.66378605625 0.1416169765625 0.7156477031249999
3 0.456900140625 0.4120428359375 0.46112735312500003 0.414846690625 0.48035616562500005 0.4118115265625 0.49336708125 0.41317902812499996 0.5042139671875 0.32431884375000003 0.499363059375 0.246617778125 0.4963843609375 0.18630454531250001 0.4940024765625 0.159424915625 0.48701051875 0.1425102125 0.47346471250000005 0.1488393203125 0.4496104359375 0.195882828125 0.4262875265625 0.2756789 0.4135586046875 0.33029624062499996 0.405766996875 0.3783538421875 0.403828409375 0.40983556718749997 0.456900140625 0.4120428359375
3 0.3591628796875 0.7722206546875 0.36919268125000004 0.7928254421875 0.3841876078125 0.79878350625 0.4083934078125 0.7875073765625 0.42754231093749995 0.7682839968749999 0.447069440625 0.7376396656249999 0.46457233125 0.6845353281250001 0.4745706171875 0.6650243375 0.4814821109375 0.6462001515625 0.49096701718749997 0.5689946015625 0.4976017046875 0.5123884125 0.5029960390625 0.47149459531250004 0.5054278 0.444446740625 0.5019127265625001 0.4218300421875 0.4959328890625 0.4161453421875 0.4761547234375 0.41136993750000006 0.46162979687499994 0.416584896875 0.45167990312499995 0.412168325 0.43680196875000005 0.4116158296875 0.42087483125 0.41061597968749997 0.4090836890625 0.40937668125000004 0.3991245234375 0.4076557703125 0.3876698890625 0.407126 0.3764446 0.418755196875 0.3672105484375 0.4427285453125 0.35506546562499997 0.4852723859375 0.35058795468750004 0.5552514046875 0.34502879375 0.6342178859375001 0.34524997812499997 0.6881738609375 0.3528016671875 0.7493048140624999 0.3591628796875 0.7722206546875
3 0.7886178687500001 0.5335372171875 0.7966425265625 0.5458413453125 0.8099537984375 0.5091504296875 0.8157315468749999 0.47503850156249994 0.82523555 0.4119922984375 0.8282887859375 0.38163896875000003 0.8195045265625 0.3635246484375 0.8079262281249999 0.36938639218749997 0.7970307703125 0.3935221984375 0.7807126140625 0.4470881359375 0.755577196875 0.4724238984375 0.745416678125 0.539108975 0.7404608265625 0.5510600359375 0.7484663890625 0.54920481875 0.7681342390625 0.536777571875 0.7886178687500001 0.5335372171875