3 0.38482272968750003 0.548891059375 0.3913186078125 0.5604581671875 0.4038543875 0.5729891406250001 0.42812123125 0.5742732375 0.47603807812500004 0.5700952640625 0.5094286296874999 0.5630108375 0.5284517 0.5508686109375 0.5261554359375 0.5114982453125 0.5108174890625 0.4038046890625 0.503040053125 0.33185054687500004 0.49013057499999996 0.28355046562499997 0.46873675 0.2316020703125 0.4392445578125 0.2015401109375 0.41118824531250003 0.190062078125 0.3968600578125 0.1956586796875 0.384867028125 0.20821683124999998 0.37873051874999997 0.24435892187500002 0.3732026609375 0.2940700859375 0.36803172812499996 0.3501329609375 0.3740642359375 0.44404616875 0.37992934218749996 0.5038704140625 0.38482272968750003 0.548891059375
3 0.8520084125 0.5111408421875 0.8538896406250001 0.5057934296875 0.8583925578124999 0.48562756875 0.8576680765625 0.438389571875 0.8466787218749999 0.35233325937500004 0.8353533125 0.28593118125 0.8239022374999999 0.23745203125 0.8175258828124999 0.2130791796875 0.8147678968750001 0.21128597343750002 0.8087631937499999 0.2243879578125 0.8045079125000001 0.2551826359375 0.795885615625 0.2796916125 0.7940043859375 0.2850390265625 0.8095011484375 0.3905812390625 0.8131072343750001 0.4233952453125 0.8158492421875 0.48189748281250006 0.8520084125 0.5111408421875
3 0.2252842859375 0.872054609375 0.23292667812499998 0.8395649390625 0.241567396875 0.7997044171875001 0.2451235578125 0.7873294453125 0.24202502343750001 0.7655387124999999 0.2285912203125 0.6767979578125 0.2321117859375 0.6072939171875 0.216457003125 0.59002948125 0.2029454140625 0.5661063578125 0.18010626406250002 0.5902291015625 0.1795626609375 0.696035346875 0.187627025 0.7892727046875 0.1966606609375 0.8559561765625 0.20463785781250002 0.8916444296874999 0.2125962296875 0.8996210124999999 0.2252842859375 0.872054609375
3 0.6547336687499999 0.9041722765625 0.6666382765625001 0.9218971765624999 0.6715848890625 0.9225689156250001 0.6804466328125 0.915511665625 0.689743484375 0.8930517078125 0.6989634031249999 0.8045140109375 0.697528771875 0.6980979234375 0.69138288125 0.611873278125 0.68222971875 0.55799555 0.6756511625 0.5285311015625 0.6557120421875 0.5228783078125 0.6527768171874999 0.5385879890624999 0.6429208390625 0.5496046375 0.61812801875 0.5526488125 0.5933311046874999 0.5591044421875 0.5930114265624999 0.565112859375 0.598989915625 0.6172485421875 0.6048075421875 0.673241296875 0.6132472531250001 0.7574788203125 0.624529275 0.8166379546875 0.642579378125 0.877524284375 0.6547336687499999 0.9041722765625
3 0.7542262765625 0.8412182156249999 0.765763725 0.8611200406249999 0.7725772359375 0.8683844578125001 0.7832522562500001 0.869205575 0.7928687875 0.8407372000000001 0.7955727546875 0.8007528828125 0.791495965625 0.7262125140625 0.783891671875 0.6401669375 0.7708561328125 0.5667265671874999 0.761168809375 0.5240000203124999 0.7501409578125 0.5134157390625 0.7414936984375 0.5153302265625 0.7286136765625 0.52927639375 0.6890264546875 0.5358425687499999 0.68006770625 0.536942565625 0.67974393125 0.5463624359375 0.6882266312499999 0.5947796890625 0.6953499828124999 0.6476275390625 0.6989810296875001 0.7030360359375 0.7173753765625001 0.7374452234375 0.73855471875 0.7945363796875 0.7542262765625 0.8412182156249999
3 0.13516598124999998 0.5876460640625 0.14527778281249998 0.5804353265625 0.152631596875 0.57143138125 0.14976597187500001 0.529146340625 0.142458840625 0.45585534687499996 0.13886913125 0.40939552343749996 0.1351328890625 0.35485268125 0.1340662125 0.3323860984375 0.11877449375 0.3163561890625 0.104943225 0.298441484375 0.0955182609375 0.2974668796875 0.09268823125 0.31231090781250004 0.0926206765625 0.368599903125 0.1000186734375 0.45296533281249995 0.1093638015625 0.520463296875 0.116080703125 0.5648336734375 0.12344924374999999 0.586952853125 0.13516598124999998 0.5876460640625
3 0.1655140640625 0.5988427015625 0.17619318125 0.5962523640625 0.185318934375 0.5861781140625 0.1993520078125 0.5661212046874999 0.20117756718750002 0.5637652109375 0.195215853125 0.5410469234375 0.188193603125 0.49074487343750006 0.1832773 0.4214240125 0.179322478125 0.3754353875 0.1792807421875 0.3234235 0.1624933765625 0.295212534375 0.14966453125 0.26651552343749996 0.14431146875 0.2573663109375 0.1365098640625 0.2489441109375 0.131711834375 0.2546496625 0.1328878 0.27283913593750003 0.135310128125 0.3373497921875 0.1435873265625 0.4702133296875 0.14990022187500002 0.547463721875 0.152996709375 0.57096018125 0.1575597859375 0.5874546640625 0.1655140640625 0.5988427015625
3 0.5708185125 0.8752498187500001 0.5825765890625 0.8848917015625 0.59273586875 0.8815124531249999 0.6005538500000001 0.8762888375 0.6079342765625 0.8451104390624999 0.610786825 0.8115034109374999 0.6122055375000001 0.7576067281250001 0.6071488406250001 0.6750856671875 0.5961160999999999 0.5817864109374999 0.5913012953125001 0.5580745640625 0.5576053953125 0.5592273171875 0.532874384375 0.5541628937499999 0.51901855 0.556716915625 0.5080197562500001 0.56531566875 0.517385353125 0.6157563609375 0.5305223921875 0.7348057484375 0.5441150125 0.82139515625 0.551106159375 0.8542199 0.56030845 0.8671601750000001 0.5708185125 0.8752498187500001
3 0.534431840625 0.558235353125 0.5557303078125 0.5594575500000001 0.5942180984375 0.557716425 0.63333910625 0.54907565 0.6449011203125 0.54850875 0.6533997984375 0.5402169734375 0.6578200375 0.5021537687500001 0.6538218312499999 0.4489221984375 0.648420890625 0.39287828125 0.6354164546875001 0.3369152171875 0.6204914968749999 0.27564516562499997 0.609133334375 0.2365347234375 0.592971 0.20824701406249999 0.5736630484374999 0.19740029375 0.55059059375 0.198954128125 0.5349525859375001 0.21110708906250003 0.5245726796875 0.2247462796875 0.5167260406249999 0.25385007656249997 0.5051623765625 0.29918591875 0.5042634984375 0.3538715125 0.5111228390625 0.4097363609375 0.5235624078125001 0.5024365125 0.5297140421875 0.5404807609375 0.534431840625 0.558235353125
3 0.743744134375 0.5061001609375 0.7590297109375 0.5272472500000001 0.776256278125 0.53664405625 0.7925483718749999 0.5435973859375001 0.805325246875 0.5288111453125001 0.811866159375 0.502852253125 0.814972484375 0.47475686406250006 0.8095486281250001 0.394412728125 0.79359179375 0.281678734375 0.77937619375 0.1934603421875 0.76927423125 0.1490792296875 0.7522023859375 0.1409425359375 0.73764743125 0.1619162609375 0.7222963484375 0.19535244062499998 0.7066607828125 0.24886288906249998 0.712114946875 0.2605579 0.720855515625 0.3110753359375 0.7371504515625 0.40244937031249994 0.7472630484375 0.48136506093750003 0.743744134375 0.5061001609375
3 0.28894974218749997 0.5465926062500001 0.29658434218749996 0.5639890609375 0.3254204046875 0.5766504578125 0.355372271875 0.5708409859375 0.377200809375 0.5643234578125 0.3856994875 0.5560316796875 0.387941734375 0.553624521875 0.381821203125 0.53305758125 0.3764882140625 0.46378788281250005 0.3716071078125 0.40853287343750005 0.368248259375 0.3432844703125 0.37132143281249996 0.2994175 0.3684230546875 0.2844240953125 0.35101475625 0.2528784171875 0.3285648859375 0.2129980203125 0.3148781015625 0.20487205937500003 0.295611490625 0.2029740125 0.28449521875 0.222672784375 0.2714772484375 0.26477623906250003 0.2671974015625 0.31603964375000004 0.2679345625 0.39610649375 0.2743939921875 0.4814399046875 0.280489959375 0.52247556875 0.28894974218749997 0.5465926062500001
3 0.3989522953125 0.9257717937500001 0.412694746875 0.9309063359374999 0.4311648328125 0.90220361875 0.44298227343749996 0.862379415625 0.44784376249999996 0.803796321875 0.44623638125 0.7545348859375001 0.43492325468750004 0.677898446875 0.4268736171875 0.6157842125 0.4220670015625 0.5852494578125 0.413432025 0.57692958125 0.3920963109375 0.563347259375 0.38418541875 0.5592021671875 0.36949007031250003 0.56697569375 0.34297688593750003 0.571510209375 0.3313014890625 0.5797656718749999 0.3289585390625 0.6226902453125 0.337858321875 0.71411955 0.3527071390625 0.7954382890625 0.3687274328125 0.8552947421875 0.382162884375 0.8992665546874999 0.3989522953125 0.9257717937500001
3 0.6567165125 0.5103902734375 0.6601862984375 0.5265926265624999 0.6734089171875 0.5309382578124999 0.7028822906250001 0.5332885484375 0.7323081828125 0.5318073484375 0.7439463359375 0.511191759375 0.7464853453125 0.47847596875000004 0.7407688203125 0.4250290125 0.72531544375 0.326729746875 0.7115992062500001 0.2563575375 0.698421625 0.21448590625000002 0.6731273953125 0.201389628125 0.658516771875 0.22535477187500003 0.641540284375 0.2679442734375 0.62704304375 0.28422085468749997 0.622506978125 0.28861513437499997 0.63614463125 0.3376785453125 0.648365221875 0.3958696984375 0.6591196234375001 0.50412604375 0.6567165125 0.5103902734375
3 0.2015426796875 0.5632940093750001 0.21281611875 0.5862128359375001 0.23045118437499998 0.6023813859375 0.246439975 0.6016973171875 0.2651040765625 0.5849091093750001 0.28293685 0.5665175 0.28634647812499997 0.546059509375 0.27795259687499996 0.5104224187499999 0.27291881562500003 0.45220157499999997 0.26669678750000003 0.38602561875 0.26741637812499996 0.350548640625 0.26779951562500004 0.291662684375 0.2687151671875 0.2663944875 0.2469439484375 0.22515165625 0.218251975 0.1792157890625 0.203220175 0.163580334375 0.191400290625 0.16204705156250002 0.17905238437499998 0.1665477671875 0.176527703125 0.18732346718749998 0.17464891875 0.23402837031249998 0.177207546875 0.315150678125 0.180805840625 0.3978508078125 0.187737625 0.48014163749999994 0.191123084375 0.5232155875 0.2015426796875 0.5632940093750001
3 0.5276526140625 0.9129539640625 0.54257268125 0.8915090375 0.5453282234375 0.8519447578125 0.5339717078125 0.7680653734375 0.5263964734375 0.70120283125 0.5143179250000001 0.6114429359375 0.50583931875 0.559614228125 0.47337914531249997 0.5725535828125 0.45562046250000005 0.57260223125 0.44140565781249996 0.57051026875 0.42582945624999996 0.5745546312500001 0.42615158124999997 0.6099037015625 0.44231675781249996 0.7226121156249999 0.46453616562500005 0.8243443062500001 0.4982512859375 0.8939664390625 0.5129200218750001 0.908367365625 0.5276526140625 0.9129539640625
3 0.827481990625 0.769547309375 0.8378786703125 0.7853255156250001 0.8405891765625 0.7832872296875 0.83872188125 0.7336313390625 0.835979871875 0.6751291 0.8356205046875 0.6274199031250001 0.830999315625 0.5725593499999999 0.8298356312499999 0.5441355140625 0.8225207109375001 0.5207306421875 0.8127056734375 0.4976327484375 0.804964228125 0.5258708890625 0.7932765484375001 0.5443607140625 0.7806789609375 0.5399383375 0.7675656328125 0.5313155984375 0.7628232703125 0.53402973125 0.7724549265625 0.5797476984375 0.780271259375 0.619293021875 0.7855318062500001 0.662136740625 0.7889172656250001 0.7052106921875 0.81006755 0.7431188140625 0.827481990625 0.769547309375
3 0.31447881093749996 0.97153245625 0.3345599734375 0.94561650625 0.339854921875 0.9163996484375 0.34611505 0.8640403593749999 0.35315288125 0.8145701624999999 0.349759234375 0.7783191203125 0.3349186046875 0.6901774734375 0.32833555625 0.6210612609374999 0.324219871875 0.578929709375 0.3102236453125 0.56828353125 0.29445138593750003 0.5621191109375 0.28800708125 0.5509720406249999 0.278611175 0.569180471875 0.2624390015625 0.5924846109375 0.242842475 0.6051236171875 0.2305502375 0.6066329140625 0.228756178125 0.6695294328125 0.2394319953125 0.7564769796874999 0.2670973765625 0.8767270921874999 0.28193146874999997 0.9269227078125001 0.30083131875 0.9740608953125 0.31447881093749996 0.97153245625