3 0.44935560468749997 0.61445166875 0.45273934843749997 0.604449121875 0.454262571875 0.5875030171875 0.45614385156250004 0.568807175 0.45550883593749997 0.554093165625 0.452246740625 0.5367754859375 0.449455959375 0.526360153125 0.44590109531250005 0.5223512875 0.44013754531249993 0.5214149328125 0.43504956406249995 0.5260858453124999 0.426671303125 0.5328787312500001 0.41859323593750003 0.5325625484375001 0.4140171171875 0.5350290640625001 0.4078955125 0.53584244375 0.4034731984375 0.5378542984375 0.40018292187500004 0.539976271875 0.398846634375 0.5411612265625 0.403860940625 0.5609035453125 0.40809384375 0.5725862578124999 0.41016108906250004 0.5803013203125 0.41403098906249997 0.5896006093749999 0.422537346875 0.6038592953124999 0.42645769062500005 0.6123181671875 0.43279096875 0.61640945625 0.4424120484375 0.6163121890625 0.44935560468749997 0.61445166875
3 0.36134549374999997 0.5462482390625001 0.3677722390625 0.5424589546874999 0.37111048593749996 0.5374299828125 0.3733142203125 0.5302243125 0.3709873328125 0.520511575 0.367415153125 0.5020366375 0.35937763437500003 0.4926137125 0.35062400312499997 0.48669026249999997 0.3435216921875 0.48487228125000004 0.3348382921875 0.49464107031250004 0.3265154265625 0.5047267078125001 0.323845325 0.5091631999999999 0.3237998265625 0.5141367781249999 0.33050353125 0.5268112390625 0.332412021875 0.5308477984375 0.33890652656250003 0.5406841734375 0.345247225 0.55097520625 0.355533975 0.5482188796874999 0.36134549374999997 0.5462482390625001
3 0.44704152500000005 0.4864891 0.45085603125 0.4924956390625 0.4518392109375 0.497193584375 0.4552931875 0.502883278125 0.45941283281249995 0.5059139109374999 0.46697903749999997 0.5084344921875 0.47104329375000004 0.508172375 0.47531674687500003 0.5107483484374999 0.4815441890625 0.5123873015625 0.49044420625 0.51165634375 0.4950757171875 0.512482578125 0.5006854609375 0.5138735953125 0.506650784375 0.5114482953125 0.5188915234375 0.50775495 0.5242895937500001 0.5042412953125 0.5246451765625 0.5004249765625 0.5219097875 0.4933023921875 0.5186956625 0.4730777171875 0.5154434640625001 0.4640263671875 0.5118356796875 0.45879133593750004 0.47786961562499997 0.45135455625 0.4611966703125 0.44879342656250004 0.456769409375 0.44667211562500003 0.4535849703125 0.451246425 0.444014334375 0.45050327812499996 0.43804900937499996 0.45292857968750005 0.43352828125 0.45868784218750003 0.4326608328125 0.4647085609375 0.433951625 0.468497184375 0.438638528125 0.47261616718750005 0.443534628125 0.479573240625 0.44704152500000005 0.4864891
3 0.5655033828125 0.549013703125 0.565538984375 0.535773796875 0.56197175 0.5214320234375001 0.5572749531250001 0.5090467109375 0.5499609703125 0.5023240578125 0.54249813125 0.50018923125 0.53287705 0.5002864984375 0.524236675 0.503015128125 0.5189948859375 0.508140703125 0.5097872546875 0.5097809828125001 0.5025360859375 0.512550825 0.5011518265625 0.516642775 0.5037284625 0.520086859375 0.5086873749999999 0.5365364265625 0.5132377875 0.555576146875 0.5227728218750001 0.5695592 0.537042728125 0.5847542406249999 0.5458923015625 0.5848637 0.5556622390625 0.58017860625 0.5598125421875 0.5658361703125 0.5655033828125 0.549013703125
3 0.33689520625 0.622672546875 0.343586540625 0.6250141 0.3507343484375 0.6218585046875 0.3568485328125 0.6148453765624999 0.3616190078125 0.602817459375 0.36793496875 0.5924426734375 0.36864366406250004 0.582743453125 0.36590332812500004 0.57148770625 0.3645546703125 0.56233975 0.3640329125 0.556277821875 0.35774513125 0.5472129531250001 0.3453505875 0.551360959375 0.3400914828125 0.5420204609375 0.33426759375000004 0.5336581921875 0.331073259375 0.5299661718750001 0.32922510625 0.5333555249999999 0.328614828125 0.539307334375 0.32718754843750003 0.550439446875 0.3273735125 0.57685035 0.329657375 0.593603246875 0.3322439046875 0.6053136578125 0.3327201671875 0.6163491640625 0.33689520625 0.622672546875
3 0.3878749578125 0.6164546453125 0.3950277125 0.6174322140624999 0.40078878749999997 0.6163019875 0.402571653125 0.6013535562500001 0.40512602500000006 0.5861984015624999 0.4092333015625 0.578896125 0.4055147359375 0.56707559375 0.40272148124999996 0.554593678125 0.398743271875 0.540775475 0.3941142359375 0.5420158203125001 0.3853175796875 0.54313253125 0.37986164375000003 0.5412868515625 0.376306778125 0.5372779890625 0.375328546875 0.53671320625 0.3708028734375 0.5383393062499999 0.36699825937499997 0.5405990968750001 0.3646357703125 0.544126265625 0.3634631828125 0.5531228875 0.36435289375 0.5657014078125 0.3680259640625 0.5824955171874999 0.37380930156250003 0.599964528125 0.3809314015625 0.618315165625 0.3878749578125 0.6164546453125
3 0.37986164375000003 0.5412868515625 0.3875816546875 0.543352771875 0.399514778125 0.54056875 0.40686683593749995 0.5361180765625 0.4133994171875 0.534781128125 0.4201891671875 0.53337526875 0.426928471875 0.5328098234375 0.43474195 0.5269951671875 0.43833489062500003 0.5198307078125 0.4406370421875 0.508877625 0.44283583125000003 0.4975387890625 0.4425687671875 0.48934136875 0.44106382968749996 0.47858149375 0.438277996875 0.472299321875 0.4313245453125 0.46589351562500003 0.42503923906249996 0.4588952296875 0.4091328515625 0.45199421093750003 0.403523109375 0.45060319531250004 0.39272696875 0.45763050312500003 0.38192835625 0.46259122656249996 0.3709734609375 0.4659400296875 0.36645768125 0.47583245781250005 0.36720348125 0.4971319671875 0.3709368890625 0.5213519890625 0.37450165 0.53362718125 0.375535271875 0.5374847140625 0.37986164375000003 0.5412868515625
3 0.49569395 0.5991412046875 0.5028417578125 0.595985609375 0.5078189578125001 0.5847291968749999 0.5105271359375 0.5691193796875 0.5108124859375 0.5496108203125 0.507810034375 0.534290815625 0.5040385484375001 0.5212441171875 0.499863509375 0.514920734375 0.49322261875000006 0.51173876875 0.48406543125 0.512538634375 0.47696559687500006 0.5127872328125 0.474242575 0.5159975578125 0.46781335625000003 0.5177202624999999 0.46482822031250004 0.5168663312499999 0.46102113281249996 0.5170595390625 0.45248412031249996 0.5201739234375 0.45207809218749995 0.52483065625 0.45141737031250007 0.5316228781250001 0.45467946406250004 0.5489405578125 0.458299615625 0.5645085 0.46444101250000003 0.5802277734375 0.4740264890625 0.5933704125 0.4831456 0.603743871875 0.4898319875 0.601952259375 0.49569395 0.5991412046875
3 0.6094584796875 0.5628698062499999 0.621124540625 0.5518883640625 0.6321778499999999 0.5447921499999999 0.6305646031250001 0.5295133562500001 0.6281318796875001 0.5173482859375 0.62456959375 0.507139675 0.61915668125 0.49825383749999996 0.6135874875 0.487756078125 0.5945471062500001 0.484588953125 0.586106034375 0.4818893453125 0.5789003625 0.479685609375 0.574225828125 0.4858995359375 0.5716590874999999 0.49072177968749997 0.5658500421875 0.494759003125 0.5620048796875 0.506125534375 0.56165424375 0.5140750171875 0.5633659046874999 0.5256064 0.5669811078125 0.5370411765625 0.5752253515625 0.5472356078125 0.5868152609374999 0.5586008140625001 0.5988161468750001 0.5694424515625001 0.6094584796875 0.5628698062499999
0 0.4743014109375 0.4791848359375 0.4764645984375 0.48108590625 0.477392384375 0.4824911015625 0.47883698125 0.48582506406250003 0.4807959171875 0.489021209375 0.4840406953125 0.49187281406250005 0.4867711359375 0.4948622359375 0.4892948546875 0.49708015000000005 0.491354678125 0.4985954671875 0.49207326562500003 0.49716257343750003 0.49052530625 0.493442859375 0.4896454890625 0.48913066718750003 0.4885085046875 0.4848873828125 0.4874748828125 0.4810298515625 0.4861840921875 0.47724122968750005 0.48443188125000003 0.47481658906249996 0.48098037812500005 0.471193478125 0.47881719062499994 0.46929240781250003 0.47613966874999997 0.4675291546875 0.4736688703125 0.46653740781249997 0.4716619625 0.46624825937500003 0.4695012515625 0.466413771875 0.4682683265625 0.4679844796875 0.46559575000000003 0.47035438906250004 0.46400476562500004 0.473674834375 0.4631348453125 0.4776289703125 0.46529803125 0.4795300390625 0.4687445875 0.4790199859375 0.47105910624999997 0.4783998125 0.4743014109375 0.4791848359375
1 0.4540048703125 0.5011612375000001 0.45735301093749997 0.50439859375 0.46064823437499997 0.5064097828125 0.46697903749999997 0.5084344921875 0.47166099375000003 0.5084203125 0.47644878593750006 0.51085846875 0.4828300328125 0.5120427609375 0.49162668906249996 0.51092605 0.49656828593749996 0.5129095453125 0.4939337859375 0.5041061296875 0.4904169953125 0.48892394218749996 0.48726568437499995 0.4781917640625 0.48211241562499996 0.47130359843749997 0.476911175 0.46732243125000006 0.4708879828125 0.4643884015625 0.46698000781250004 0.4662624375 0.4595295359375 0.4744605203125 0.45340792968750004 0.4752739015625 0.44548119531249997 0.472436475 0.43575180625 0.46801482656250004 0.444099409375 0.47859500937500005 0.44719533125 0.48603443906250005 0.4517309 0.49267466718749997 0.45152912343749996 0.49603632500000006 0.4540048703125 0.5011612375000001
0 0.40464083906250004 0.5247245125 0.4085488125 0.5228504765624999 0.41235342656249996 0.5205906859375 0.41389396562499997 0.5181106546875001 0.41090635625000005 0.5151901421875 0.40658245624999995 0.513454584375 0.402465284375 0.5124905328125 0.398812003125 0.5122290796875 0.395007390625 0.51448886875 0.39180810781250003 0.5066636859375 0.3915939625 0.499692434375 0.392511853125 0.492831303125 0.39456425781250004 0.48814687343749996 0.3968812484375 0.4895932828125 0.39801081250000003 0.48763682187499996 0.4018179 0.4874436125 0.4052669296875 0.4890001421875 0.40670410468749996 0.48613435781250003 0.40536287031249996 0.48318614843749996 0.40176003437499996 0.48208428124999997 0.39790002812499997 0.481051321875 0.3943501109375 0.481175621875 0.3915716984375 0.48109319843750004 0.38863948125 0.481465434375 0.387409028125 0.48510272343749994 0.38623149375 0.4899661828125 0.38721961875 0.4987972921875 0.38913305781249996 0.506967015625 0.3933610140625 0.5145165656249999 0.39676454843750003 0.521046671875 0.40088419531249997 0.5240773062499999 0.40464083906250004 0.5247245125
1 0.38775127343750004 0.5131255484375 0.3929574609375 0.52123988125 0.398733378125 0.5325091468750001 0.4036799234375 0.5386258046875 0.40907799375 0.53511215 0.414788625 0.5348223390625 0.4195185484375 0.5319011625 0.4250753734375 0.5320660140625 0.4348453109375 0.5273809203125001 0.439260203125 0.519169321875 0.44221813125000003 0.49729085156249997 0.4423620421875 0.4885698609375 0.44065285468750004 0.47910506249999996 0.438277996875 0.472299321875 0.43492985624999997 0.469061965625 0.429057996875 0.4636066921875 0.42825088906250003 0.477053321875 0.42558820781250006 0.48768956093750004 0.42182414375 0.48084260937499995 0.41285884062499995 0.47001448906250004 0.40750131874999995 0.4644214 0.402718475 0.4661164078125 0.3973154578125 0.46549689687500007 0.38996339999999996 0.46994756875 0.386317540625 0.4758858609375 0.38143875625 0.48339486249999997 0.3780525375 0.49133082968749997 0.375130215625 0.49996939375 0.3763250640625 0.509572009375 0.38142294374999997 0.513167425 0.38775127343750004 0.5131255484375
3 0.547747340625 0.5012634031250001 0.5568491375 0.4971707890625 0.5609109171875 0.4948420890625 0.56821253125 0.4912318328125 0.572529009375 0.4867676453125 0.57751115625 0.47964439687500005 0.569634865625 0.4759665578125 0.547193425 0.468335909375 0.52907588125 0.46244081562500006 0.5155947953125 0.46150512343749994 0.5189048625 0.47591580625 0.5210324453124999 0.4910567828125 0.5229434093750001 0.4971599234375 0.5307163375 0.500452009375 0.5445050359375 0.50047838125 0.547747340625 0.5012634031250001