3 0.764159171875 0.583562425 0.775268971875 0.6034287125 0.7823415296875 0.608975565625 0.800254171875 0.58684345625 0.8129872984375 0.5674317390625 0.8279792968749999 0.547255871875 0.84192185 0.5258858625 0.8510960375 0.5018687609375 0.854953109375 0.4887516609375 0.8495005859375 0.4822694796875 0.8372026453125001 0.48216955468749995 0.8314530859374999 0.4806289640625 0.8235140031249999 0.4693722734375 0.8160761609374999 0.46646636875 0.80176886875 0.484086878125 0.781734403125 0.505193975 0.764826434375 0.5184658671875 0.7507708609375 0.5274808734375 0.7468455390625001 0.5382973328125 0.747209728125 0.5484372796875 0.7507227984375 0.555769196875 0.75017459375 0.562925840625 0.7544406218749999 0.57000304375 0.764159171875 0.583562425
0 0.4148372328125 0.38086532968750003 0.41579549218749995 0.38112209375 0.417073171875 0.38146444687500003 0.417506709375 0.3811241421875 0.41889850781250004 0.38104060156249997 0.41974265 0.3817232609375 0.41960559843749995 0.383512421875 0.4178485140625 0.3862369078125 0.4174149765625 0.3865772140625 0.41625141406250005 0.3858089671875 0.41495080156249997 0.38682988281249997 0.41536140625 0.38785284531249997 0.4157720109375 0.3888758078125 0.4162967328125 0.389472878125 0.4177797140625 0.3903267125 0.41885209218749997 0.390157584375 0.419947403125 0.3886251875 0.4214762515625 0.3867524875 0.42277686406250004 0.38573157187499996 0.424716315625 0.384881834375 0.42729460937499997 0.3842032734375 0.4299640875 0.3844620859375 0.43176648906250004 0.385401509375 0.433454771875 0.3867668265625 0.435485409375 0.3868544625 0.436786021875 0.385833546875 0.43555420937499995 0.3827646578125 0.43249706093749996 0.38011961250000004 0.4292346109375 0.3769630890625 0.4247627328125 0.3757648515625 0.4196520140625 0.3743954390625 0.417004921875 0.3791638046875 0.41561312343749995 0.37924734375 0.4148372328125 0.38086532968750003
3 0.48036516249999994 0.64993899375 0.49081428593750004 0.6582164796875001 0.49505792812499994 0.660266503125 0.50099040625 0.6572913953125 0.506945815625 0.6529530203125 0.510231746875 0.64835583125 0.51249116875 0.641201234375 0.50849869375 0.6369361578125 0.5043926515625 0.6267065265625 0.4981647859375 0.615451884375 0.49090986093750005 0.60803028125 0.4857079578125 0.60572349375 0.47941074375000003 0.6049491031249999 0.47393473750000004 0.6062206359375 0.46820756562500004 0.6097072265625 0.46282274531249995 0.6119161359375 0.45985623125 0.6165989125 0.4579162296875 0.623839096875 0.4579386140625 0.628866275 0.465832378125 0.63645905625 0.48036516249999994 0.64993899375
3 0.40893580468749996 0.553655959375 0.41712715312500004 0.549916703125 0.42509081562500006 0.540638784375 0.43152617812500005 0.526843121875 0.43590797031250006 0.5143230890625 0.4345860703125 0.4975359328125 0.42639636875000003 0.48210385 0.4193014265625 0.47152981875 0.414145390625 0.46649649374999996 0.40698110156249995 0.4664027125 0.40202981875 0.46827131718750004 0.39671325 0.47278087031249993 0.3931073484375 0.4836829171875 0.391577403125 0.4983365109375 0.3944276015625 0.5196414140625001 0.400586665625 0.534985859375 0.406129825 0.5487958609375 0.40893580468749996 0.553655959375
3 0.44988541406250004 0.618035478125 0.4552249171875 0.612162659375 0.46031380000000005 0.6021144453125 0.46414848593749997 0.5839701671874999 0.464925475 0.5695712890625 0.45641580312499996 0.5604440640624999 0.44772321406250004 0.5558325375 0.43843765156250003 0.5483232984375 0.4280791625 0.5473736328125 0.42200963593749996 0.5521379015625001 0.41968196406249997 0.5569918546875 0.41860848749999996 0.5699418781250001 0.42020503906249995 0.576760265625 0.4275735328125 0.590146421875 0.43840977968750006 0.6072005859375 0.4427899234375 0.6138518937499999 0.44988541406250004 0.618035478125
3 0.409651128125 0.4602710796875 0.420055484375 0.45849420781249994 0.42701501875 0.45168606093749997 0.43579989062499996 0.4444540703125 0.44602242499999994 0.434412003125 0.4535536484375 0.41269349687499995 0.45506066093750003 0.3994031703125 0.455107625 0.3838957421875 0.45284985000000005 0.3718789984375 0.45045502187500003 0.36165141562500003 0.4470560703125 0.3538936046875 0.43970941249999995 0.3519250734375 0.4199965625 0.3475559734375 0.41082456875 0.3460112875 0.400237296875 0.35230385468750003 0.3968143125 0.3586902046875 0.3939591734375 0.394899321875 0.39452646874999997 0.4311125359375 0.39730786875 0.45650724218749994 0.3975355546875 0.4620459015625 0.4040610046875 0.46196850625 0.409651128125 0.4602710796875
3 0.664330296875 0.6750393406249999 0.6792523953125 0.6717341703125 0.690318525 0.6687652078124999 0.6892696296875 0.661180621875 0.682858846875 0.6544416765625 0.66996793125 0.6514440375 0.6556852203125 0.6485299375 0.6456232187500001 0.6490291296875 0.6369983312499999 0.6531086921875 0.6288752343749999 0.6591485921875 0.6230563265625 0.668088253125 0.6236034328125 0.6737125015625 0.6242417234375 0.6802741250000001 0.62608944375 0.684877459375 0.6323866578125 0.68565185 0.6477422953125 0.6820063734375 0.664330296875 0.6750393406249999
3 0.6957721453125 0.6624664953125 0.7102607078125 0.6595016265625 0.729016396875 0.6508330703125 0.746608521875 0.6413962671875 0.760481728125 0.6305065078125 0.77175370625 0.62165858125 0.775359059375 0.6171469796875 0.7770255078125 0.6070946703125 0.7719841375 0.5952450078125 0.7640450546875 0.58398831875 0.7563342078125 0.5718798406250001 0.749398703125 0.5645438265625 0.7380131546875 0.5674272015625 0.7244140515625 0.574738634375 0.7095825875 0.585371628125 0.7031248390625 0.5941401125 0.6940653171875 0.611340871875 0.6897059109375 0.6288880828125001 0.6886095015625 0.6432013734375001 0.690821959375 0.6515542062499999 0.6957721453125 0.6624664953125
3 0.40172082812500004 0.3467672421875 0.4057362359375 0.3496690515625 0.41328874375 0.34575861875 0.4334351328125 0.3497874140625 0.4474896078125 0.3535532984375 0.4631188 0.352719946875 0.4696677328125 0.3448888375 0.47274945781250005 0.32699927500000003 0.47562643437499996 0.30220778125000003 0.47642580625 0.292836084375 0.4812640703125 0.278612478125 0.4844828484375 0.2589337546875 0.483252134375 0.2430839703125 0.48037790312500006 0.2359232296875 0.4678293421875 0.23164791093749998 0.4637686171875 0.2250821921875 0.4568560453125 0.2163829078125 0.45055883124999996 0.21560851718750002 0.4435081109375 0.2214792890625 0.43239501875 0.23995568125000002 0.4199125125 0.26354279062499997 0.4150283828125 0.28049293125 0.409253696875 0.30587739687500004 0.40087778281249997 0.3333036921875 0.40172082812500004 0.3467672421875
3 0.5408021296875 0.687587165625 0.5498829390625 0.688194478125 0.5552906937500001 0.6846223015625 0.5564777375000001 0.6776368328125 0.5557253296875 0.6715011015625 0.5506380921875 0.662377975 0.5497491812499999 0.6516409609375 0.5470573187500001 0.6463549671875 0.538889453125 0.6423405109375 0.530265115625 0.6400296265625001 0.521891396875 0.641894134375 0.5142935703125 0.6421406578125 0.5098211421875 0.6473328671874999 0.5067858296875001 0.6561054484375 0.50715001875 0.6662453953125 0.5080624125 0.6692286953125001 0.5303071390625 0.6820362171875 0.5408021296875 0.687587165625
3 0.5908151046875 0.6900327984375 0.6033412796875 0.6892809390625 0.61246795625 0.6871617140625 0.6173280546875 0.6843557359375 0.6193592406249999 0.6780529265624999 0.6168273625 0.6696145046875001 0.6093212703125 0.66440795625 0.6005145640625 0.660222321875 0.596841509375 0.6560428328125 0.5894036671875 0.653136928125 0.5814181671875 0.6509972203125 0.5735462390625 0.654822065625 0.565947315625 0.66784948125 0.5614978203125001 0.671678425 0.558120703125 0.6753382375 0.5596719359375 0.678492715625 0.5593749015625 0.68343430625 0.5604696640625 0.6882923578125 0.564485071875 0.6911941671874999 0.5739994171875 0.691461171875 0.5908151046875 0.6900327984375