1 0.286124609375 0.84388048125 0.2818176265625 0.820085675 0.27395340625000003 0.8154489484375 0.25445946406250003 0.81340221875 0.24257982656250002 0.8016745859375 0.2307834953125 0.794719496875 0.21927873281250002 0.8044683078125001 0.21898157343750002 0.8617614546875 0.2325745546875 0.8973291640625 0.2431573703125 0.9090794328125 0.254453871875 0.8873992656249999 0.272067859375 0.8560608328124999 0.286124609375 0.84388048125
3 0.0476459953125 0.707210234375 0.05952563125 0.7189378671875 0.071155353125 0.7163478703124999 0.0941232265625 0.6944639796875001 0.11056535468749999 0.6703069984375001 0.12056503593750001 0.6486494671874999 0.13027314843749999 0.6102880359375 0.1437051125 0.5623136125 0.15269954218749998 0.5573826171875 0.1473040015625 0.5455418046875 0.1284404375 0.505292096875 0.1202013453125 0.4791789296875 0.1070665421875 0.469860203125 0.082426975 0.47029028906250003 0.0735991546875 0.48476636875 0.053516485937500004 0.5233088890625 0.0463603578125 0.5592387734375001 0.039620754687499996 0.6190313749999999 0.0375685984375 0.650098175 0.043297359375 0.6810291578125 0.0476459953125 0.707210234375
3 0.27325649375 0.6268882390625 0.2850111734375 0.6314570578125 0.300531353125 0.6287991546875 0.3104893828125 0.6047553515625 0.3099895515625 0.5761200953125 0.31220831875 0.55459838125 0.322166346875 0.5305545781250001 0.33099416875 0.5160785 0.32890595 0.4707619796875 0.3296612875 0.439717815625 0.32121393125000003 0.40167329062499996 0.3027668921875 0.38528629531249997 0.2933975890625 0.3687408484375 0.28252320468750003 0.34028668125 0.27181543124999996 0.32137759843749997 0.2587222796875 0.3144451453125 0.24851433437499998 0.32417131875 0.2382647375 0.331511221875 0.233369028125 0.348305665625 0.22428570312499999 0.42246116718750004 0.2231082484375 0.5036396640625 0.23188882500000002 0.5607743609375 0.242763209375 0.589228528125 0.2561062765625 0.610478609375 0.27325649375 0.6268882390625
3 0.690982153125 0.85113565625 0.7095958015625 0.8770677359375 0.7201786171875 0.888818003125 0.730136646875 0.8647742015625 0.749463978125 0.8572758484375 0.7635623812500001 0.8474817640625 0.7603856078125 0.8141192374999999 0.7541570171875 0.754553 0.7455014 0.704577115625 0.7318251124999999 0.6642368640625 0.7235860187500001 0.6381236968749999 0.7113731624999999 0.60730589375 0.7011652171875 0.6170320671875 0.6779890796875 0.6269846015625 0.6676145265625 0.6271656890624999 0.6614219968749999 0.64398276875 0.656567940625 0.663163484375 0.66455711875 0.6749590249999999 0.6701192687499999 0.6963449234375 0.670993971875 0.7464566203125 0.6705302015625 0.794204684375 0.684039878125 0.8249998515625 0.690982153125 0.85113565625
3 0.3134355296875 0.9221747140625001 0.335059340625 0.9719242343750001 0.3466890625 0.9693342390625 0.362084284375 0.9595175218750001 0.365433259375 0.9284280859375 0.380245346875 0.8852035671875 0.391333584375 0.85159204375 0.393677309375 0.8372291437499999 0.3892037140625 0.8038892531249999 0.38364715625 0.7085063078125 0.383397240625 0.6941886796875 0.3766215765625 0.6775979609375 0.3659554546875 0.6610751500000001 0.3528623046875 0.6541426953125 0.3320298890625 0.6497323296874999 0.31525454375 0.6547991421875 0.30362482343749997 0.6573891374999999 0.29082323906249996 0.667160584375 0.2846723625 0.6863639359375 0.2829117734375 0.7341346343749999 0.28742701875 0.769860796875 0.30269169218749997 0.8268823125000001 0.3067487625 0.8363594890625 0.302519490625 0.891334275 0.3134355296875 0.9221747140625001
3 0.6805410671875001 0.6245530578125 0.6998683984375 0.617054703125 0.7203675921875 0.602374896875 0.735471246875 0.5758542796875 0.7427939859375 0.5494694796874999 0.7486116421875 0.5111759578124999 0.75041388125 0.46579152968750004 0.7494975265625 0.4132935609375 0.737326321875 0.38486202812500003 0.72398325625 0.363611946875 0.715702509375 0.3351125078125 0.7026510109374999 0.330566325 0.6924430671875 0.3402924984375 0.6696001500000001 0.3693352046875 0.6543715375 0.3886970078125 0.646632275 0.3912190953125 0.6390179687499999 0.40089999687500005 0.641903175 0.417558625 0.638595853125 0.45103433125 0.6411422484375 0.5225998359374999 0.634860821875 0.6086414203125 0.6572399718749999 0.627346778125 0.6805410671875001 0.6245530578125
3 0.5245199203124999 0.9757781828125 0.5374048078125 0.9707792796874999 0.5485763515625 0.9419403000000001 0.5620499671875 0.8963521468750001 0.5689145250000001 0.843718359375 0.5675816453125 0.767357678125 0.5650352515625 0.6957921734375 0.5608948765624999 0.681542453125 0.547843378125 0.6769962703125 0.53479188125 0.6724500890625 0.52450063125 0.6774037203125001 0.5089387999999999 0.6776753531249999 0.49764229843749996 0.6993555203125 0.4822887296875 0.711558509375 0.46952879843749995 0.7237162265625 0.47324705624999996 0.78810028125 0.482902334375 0.8953466765625 0.4896779984375 0.9119373953125001 0.501974159375 0.9475277390624999 0.51397875625 0.9664141859375001 0.5245199203124999 0.9757781828125
3 0.183317784375 0.60220114375 0.19373399062500002 0.604406325 0.2077490890625 0.5898397015625 0.2115145890625 0.5826129796874999 0.21791537968750002 0.57772725625 0.2304670484375 0.5536381828125 0.23159725781249998 0.5440704609375 0.223066596875 0.50125339375 0.2249937953125 0.46302777968750003 0.22625455312499998 0.38662182343749996 0.19722469843749998 0.3584845625 0.162715996875 0.31373394375 0.1470292078125 0.3068467625 0.1452269671875 0.352231190625 0.14610167031250001 0.40234288749999997 0.1555903390625 0.500044196875 0.16859459375000002 0.57620115625 0.1728599234375 0.5976096906249999 0.183317784375 0.60220114375
3 0.7790160296875001 0.6180601734375 0.792067528125 0.62260635625 0.806124278125 0.610426003125 0.8198894593749999 0.58154175 0.8317330343749999 0.5168860640624999 0.8424880531250001 0.46418436874999996 0.8492693093750001 0.406778040625 0.84605088125 0.3710292421875 0.8364316640625 0.3401661671875 0.8231302515625 0.32130235625000003 0.807735028125 0.33111907500000004 0.7863138890625 0.3672979578125 0.764767790625 0.396318028125 0.7508359984374999 0.4156571953125 0.74924201875 0.47297297968749996 0.74865329375 0.513562228125 0.7427106796875 0.5446969359375 0.753501759375 0.5683785609374999 0.7682666031250001 0.596764821875 0.7790160296875001 0.6180601734375
3 0.44600266718750003 0.936569734375 0.46386656875 0.9195489296874999 0.4776734046875 0.893050946875 0.4799754765625 0.8763017765625 0.4761739140625 0.8071451796875 0.4695704515625 0.7261024968750001 0.48099190937499997 0.711581146875 0.4778984421875 0.6829911609375 0.4749299296875 0.661559990625 0.468362528125 0.6569006296875 0.45539433437500004 0.657126990625 0.3958656046875 0.6653270640625 0.3870794359375 0.682189415625 0.38343889375 0.6965749515625 0.385610415625 0.7466640140624999 0.392088921875 0.8205478812500001 0.39936441562499997 0.86577385625 0.41596756093750004 0.92515900625 0.429227321875 0.9416365453125 0.44600266718750003 0.936569734375
3 0.608146734375 0.9361264968749999 0.6255052171875 0.964467484375 0.6396452703125 0.9570596734375 0.6534521062499999 0.93056169375 0.6606082343749999 0.8946318062499999 0.662160559375 0.83492975 0.6689834671875 0.77990969375 0.671582696875 0.7058673718749999 0.668697490625 0.6892087453125 0.6592032296875 0.665504484375 0.6499588859375 0.6561178515625 0.6291681234375 0.6540937578125 0.6186686124999999 0.6471160312500001 0.608335709375 0.649683390625 0.6019349187499999 0.6545691140625001 0.58905003125 0.6595680171875 0.5723163359375001 0.6670211 0.565957196875 0.6742930953124999 0.5623166546875 0.68867863125 0.5664153749999999 0.7005420796874999 0.567498340625 0.762585134375 0.570336303125 0.8508545375000001 0.5812523390625 0.8816949765625001 0.5973556546875 0.9124448718749999 0.608146734375 0.9361264968749999
3 0.7598024718749999 0.7807114390625001 0.761390859375 0.797392703125 0.7795463296875 0.7970757984375 0.8005453546875 0.8110312484375 0.82041416875 0.834554421875 0.8323354578125001 0.848668325 0.8453453046874999 0.8508282359375 0.84915245625 0.845987784375 0.8566418046875001 0.82914806875 0.8573554890624999 0.795717634375 0.8553922296875 0.757559928125 0.8416742906250001 0.7148334046875 0.8277897421875 0.6625617953125 0.806124278125 0.610426003125 0.792067528125 0.62260635625 0.7790160296875001 0.6180601734375 0.7737037953125 0.6109919046875001 0.7622823359375 0.62551325625 0.7551678609375 0.663829415625 0.7488920265625 0.675873953125 0.74274115 0.6950773031249999 0.7455430515625 0.7069633890625 0.7498916875 0.733144465625 0.7598024718749999 0.7807114390625001
3 0.156631653125 0.55970098125 0.1657093875 0.5595425281249999 0.154126909375 0.490521746875 0.14907018125 0.423774059375 0.1445132828125 0.385661625 0.13271695156250002 0.37870653593750003 0.121925871875 0.3550249109375 0.107036071875 0.3194798359375 0.10477565312499999 0.3386152796875 0.102723496875 0.3696820796875 0.10606688125 0.41258969062500006 0.11601931875 0.46254293593750007 0.1270186625 0.49815591875000004 0.1432885859375 0.5384508984374999 0.156631653125 0.55970098125
3 0.8964322687499999 0.7305865890625001 0.8956825234375 0.68763370625 0.888490334375 0.647180271875 0.8814647546875 0.616271925 0.8705903703125 0.5878177578125 0.8587523875 0.578476396875 0.8523515953125 0.58336211875 0.8445290265625 0.581111665625 0.8301390578125 0.5742018468750001 0.8197645015624999 0.5743829359375 0.8186342921875 0.5839506578125 0.8060826265625 0.60803973125 0.8075044015625 0.615175909375 0.8277480890625 0.660175525 0.8416326375000001 0.712447134375 0.8566890484374999 0.7575372921875 0.869740546875 0.7620834750000001 0.8929583375 0.7545172109375 0.8964322687499999 0.7305865890625001
3 0.151088790625 0.836689546875 0.1655204125 0.845985634375 0.17037446875 0.8268049187500001 0.18171262500000002 0.8075110234375 0.2010816078125 0.8023989390624999 0.2078212109375 0.742606340625 0.2168628859375 0.66606456875 0.2217169421875 0.6468838531250001 0.21619644531249999 0.6278842265625 0.20942078125000002 0.6112935078125 0.19892126875 0.60431578125 0.1820626171875 0.60461005 0.1707244640625 0.623903946875 0.154823821875 0.67908245625 0.1429802453125 0.74373814375 0.141053046875 0.7819637578124999 0.1454849875 0.8129173765625 0.151088790625 0.836689546875
3 0.117668646875 0.779984934375 0.1291317578125 0.767849853125 0.14080313125 0.7676461296875 0.1429802453125 0.74373814375 0.156037334375 0.6742872765625 0.17068281093749998 0.621517675 0.17951063125 0.6070415953125 0.1807241453125 0.602246415625 0.17415674375 0.5975870546875 0.164370915625 0.5571788921875 0.1462570984375 0.5598820703125 0.130231496875 0.607901765625 0.1193515203125 0.65344464375 0.109476796875 0.6822609890625 0.111731625 0.7371225953125 0.105664053125 0.7610984890625 0.117668646875 0.779984934375
3 0.3803454234375 0.6679849671875 0.4023497015625 0.6652138828124999 0.4566911546875 0.6571043546875 0.47597683437500005 0.6472197265624999 0.48614312656249997 0.6351072828125 0.49078892031250004 0.6039952093750001 0.48669019999999996 0.5921317625 0.4840549078125 0.5897907625000001 0.487820409375 0.5825640390625 0.49275777187500003 0.56815586875 0.493221540625 0.5204078062499999 0.48711790625000007 0.46800037968749997 0.48364956562500006 0.41793395312500004 0.478087415625 0.3965480546875 0.46118711093750003 0.394456053125 0.427053284375 0.371181878125 0.40463248281249997 0.35009024843750003 0.3824199453125 0.3409299765625 0.353973225 0.34620051093750004 0.3411716421875 0.35597195937500004 0.33619262656250004 0.367993859375 0.33142187500000003 0.3919471171875 0.3264012078125 0.40158274531249993 0.33028607499999996 0.4755118875 0.33291577499999997 0.5518499328125 0.3390194078125 0.604257359375 0.353950859375 0.6421887046875 0.3633201640625 0.6587341515625 0.3803454234375 0.6679849671875
3 0.5073143515625 0.5846107703125 0.5066006671875 0.61804120625 0.5055537625000001 0.6323814703124999 0.5070588453125 0.644290190625 0.51496471875 0.6513131875 0.533245146875 0.6581550968750001 0.5501037984375 0.657860828125 0.5747850171875 0.6598170140625 0.6032317375 0.654546478125 0.61975716875 0.6351620375 0.6272048640625 0.6159360515625 0.636912978125 0.577574621875 0.6411422484375 0.5225998359374999 0.6385542 0.4486480609375 0.641861521875 0.415172353125 0.636382678125 0.3985589984375 0.627013375 0.38201355000000004 0.6149254765625 0.3583545609375 0.58982773125 0.3325356625 0.5690369703125 0.33051156875 0.547199303125 0.3428277375 0.5163255546875 0.35768863125 0.49214416562499996 0.3843677015625 0.48344130312500005 0.40600259687499995 0.49071679843749993 0.45122857187500004 0.49552361093749997 0.5036586328125 0.49451835937500005 0.5203851687500001 0.5012523703125 0.5345896156250001 0.5055177015625001 0.55599815 0.5073143515625 0.5846107703125
3 0.9135632015624999 0.44862175625 0.9194225093749999 0.41271450625000006 0.9227298328125 0.3792388 0.921183096875 0.3649438078125 0.88562749375 0.334533453125 0.8679302015625 0.36109934374999997 0.8528681984375 0.3900062328125 0.8476809218750001 0.39009677656249997 0.8480141421875 0.40918694687499996 0.8390141203124999 0.488114990625 0.8403525937499999 0.49047862656249996 0.8497218953125 0.5070240734375 0.86180979375 0.5306830625 0.8749862500000001 0.5423880578125 0.8826838609375001 0.5374797 0.898876071875 0.49900508906249996 0.9135632015624999 0.44862175625
1 0.7842977953125 0.4747480765625 0.7846366046875 0.41984120156250004 0.7945946359375 0.3957973984375 0.8160574281249999 0.3620047859375 0.8260154578125001 0.3379609828125 0.8297809578124999 0.3307342609375 0.8231302515625 0.32130235625000003 0.807735028125 0.33111907500000004 0.7876523609375 0.36966159374999996 0.7508776515625 0.418043465625 0.7476896953125001 0.5326750359375 0.7567674296875 0.5325165828125 0.76053293125 0.5252898609375001 0.7671003328125 0.529949221875 0.7735011234375 0.5250635 0.7822039859375 0.5034286046875 0.7842977953125 0.4747480765625
1 0.6457128421875 0.9330837796875 0.65048359375 0.909130521875 0.65282731875 0.894767621875 0.64747343125 0.88531308125 0.64094768125 0.8830399906249999 0.63162003125 0.8688808140625 0.616016546875 0.8667661750000001 0.60426186875 0.8621973578125001 0.5979027296874999 0.869469353125 0.596897478125 0.8861958874999999 0.602584584375 0.9147405984375 0.6132090531250001 0.9288771390624999 0.6239584828125 0.9501724921875001 0.6368850234375001 0.9475598609375 0.6457128421875 0.9330837796875
1 0.3573191234375 0.9094737296875 0.358074459375 0.8784295656250001 0.3525539625 0.859429940625 0.3408825890625 0.8596336656249999 0.32381567499999997 0.8479965765624999 0.3145713296875 0.8386099437500001 0.308003928125 0.8339505828125 0.30812888437499997 0.8411093968750001 0.31389929843750003 0.8744266515625 0.323810084375 0.921993625 0.33719480156250003 0.9456299781249999 0.3476943140625 0.9526077031250001 0.35643882968749996 0.9333590796875001 0.3573191234375 0.9094737296875
1 0.42159931874999995 0.5789459375 0.4344009015625 0.5691744921875 0.444608846875 0.559448315625 0.44933794687499995 0.5331087875 0.45126514375 0.4948831734375 0.45335895312499996 0.46620264687499996 0.4543642046875 0.4494761109375 0.45135404062499995 0.42565867031250004 0.4433648609375 0.41386312812500003 0.43554229375000003 0.4116126734375 0.42378761562499995 0.4070438546875 0.4106944640625 0.4001114015625 0.4028718953125 0.397860946875 0.39525758906249997 0.40754184843749997 0.3806121140625 0.46031145156250003 0.36584167968750003 0.5059222390625 0.36906010624999996 0.5416710375 0.3864185875 0.5700120265625 0.40478232031249994 0.5816264765625 0.42159931874999995 0.5789459375
0 0.3031305828125 0.5547568328125 0.3082762078125 0.55228001875 0.3095313734375 0.5498711109375 0.3081095984375 0.5427349328125 0.3043024453125 0.547575384375 0.300370334375 0.5452570203125 0.2977350421875 0.542916021875 0.297901653125 0.55246110625 0.3005369453125 0.5548021046875 0.3031305828125 0.5547568328125
1 0.286313584375 0.557437375 0.289198790625 0.5740960015625001 0.2932975109375 0.58595945 0.3000315234375 0.600163896875 0.301494953125 0.609686346875 0.3029583828125 0.619208796875 0.30797905000000003 0.609573165625 0.3099479 0.5737338249999999 0.31220831875 0.55459838125 0.3221246953125 0.5281683078125 0.3271870140625 0.52091895 0.328400528125 0.516123771875 0.3205363078125 0.5114870453125 0.308864934375 0.5116907687500001 0.2998288515625 0.5142354921875001 0.2922561984375 0.5263026671875 0.2873604890625 0.543097109375 0.286313584375 0.557437375
0 0.5296574390625 0.5269328078125 0.530870953125 0.52213763125 0.535974925 0.5172745421875 0.5385269109374999 0.514843 0.537188440625 0.512479365625 0.5331730234375 0.505388459375 0.5305377328125 0.5030474593750001 0.5253088015625 0.5007517328125 0.5254754125 0.5102968171875 0.5268971890625 0.5174329953125001 0.525683675 0.522228175 0.5245118140625 0.529409625 0.5271054515625 0.529364353125 0.5296574390625 0.5269328078125
0 0.5146843328124999 0.4866151921875 0.5186164437499999 0.48893355625 0.513220903125 0.47709274375 0.51046065625 0.4675929296875 0.5066118484375 0.470047109375 0.5040182109375 0.47009238125 0.5013412671874999 0.46536511249999996 0.49883093437500003 0.47018292656250005 0.4988725875 0.47256919843749995 0.49899754375 0.47972801093750006 0.4992058078125 0.49165936875 0.49803394531249995 0.49884081875 0.5030546124999999 0.4892051890625 0.50811693125 0.48195583124999997 0.510793875 0.48668310000000004 0.5146843328124999 0.4866151921875
1 0.5012523703125 0.5345896156250001 0.5054760500000001 0.5536118796875 0.5071060890625 0.5726794140625 0.5088610859375 0.5989057625 0.5092776109375 0.622768475 0.5068505828125 0.632358834375 0.5142566265624999 0.6107465750000001 0.5189024203125 0.579634503125 0.51568399375 0.54388570625 0.5297823968750001 0.534091621875 0.5375633125 0.53395580625 0.551786671875 0.5313205390625 0.5501566312499999 0.5122530046875 0.533048065625 0.49822964531249997 0.5169864046875 0.46986602031249997 0.507533796875 0.4485480328125 0.5008414375 0.43672985468750003 0.4978729265625 0.415298684375 0.50289359375 0.40566305468749997 0.5026020250000001 0.38895915625 0.5077059984375001 0.38409606875 0.511346540625 0.3697105328125 0.490847346875 0.3843903375 0.48339965156250003 0.40361632500000005 0.4920136171875 0.45120593593749997 0.49552361093749997 0.5036586328125 0.49585683124999996 0.5227488046875 0.5012523703125 0.5345896156250001
0 0.7187126734375 0.35892994843750003 0.718879284375 0.368475034375 0.7202177562500001 0.37083866875 0.721472921875 0.3684297609375 0.7200927984375001 0.3636798546875 0.72000949375 0.3589073125 0.7187126734375 0.35892994843750003
1 0.71100388125 0.511832403125 0.686869734375 0.46690069687499997 0.681099321875 0.4335834421875 0.6818963109375 0.4049255484375 0.6960780203125 0.3999040109375 0.714650015625 0.42344981875 0.7253994421875001 0.4447451734375 0.7235194875000001 0.41136000937499995 0.714025228125 0.3876557484375 0.7176657703125 0.3732702125 0.724024909375 0.36599821875 0.7144473437500001 0.33752141406249997 0.70394783125 0.3305436890625 0.6873390953125 0.3451555859375 0.6530747203125 0.38871964375 0.6402731359375 0.398491090625 0.6431583421875 0.41514971718749993 0.6411061874999999 0.4462165171875 0.6411422484375 0.5225998359374999 0.6361159890625 0.6062325140625 0.6449021562499999 0.5893701625000001 0.663057628125 0.5890532578125 0.68878575 0.576669178125 0.7092432921875 0.5596031015625 0.7217949609375001 0.5355140281249999 0.71100388125 0.511832403125
0 0.68516198125 0.369063571875 0.68771396875 0.366632028125 0.6849120656250001 0.35474594375 0.6939064968750001 0.3498149484375 0.700348940625 0.34731549687499996 0.7080882046875 0.34479340937499997 0.7054112609375001 0.3400661375 0.702734315625 0.33533886874999996 0.6835735953125 0.3523823078125 0.667089815625 0.3741530203125 0.6607723296875 0.38381128593749997 0.659558815625 0.38860646249999997 0.6787611890624999 0.3739492953125 0.68516198125 0.369063571875
0 0.660172421875 0.572394628125 0.6640212265625001 0.56994045 0.666406603125 0.557963821875 0.667495159375 0.546009828125 0.6659484250000001 0.5317148359375 0.6670786343749999 0.5221471140625 0.6722659109375 0.5220565703125 0.676198021875 0.5243749328125 0.6774115359375 0.5195797546875001 0.6759897593749999 0.5124435765625 0.6720576484375 0.5101252140625 0.668167190625 0.510193121875 0.6655319000000001 0.507852121875 0.6629382609375 0.50789739375 0.6616414421875 0.5079200296875 0.659047803125 0.507965303125 0.6577926359374999 0.5103742109375 0.6592144125 0.5175103890625 0.6609277578125 0.5413504671875 0.6623495359375 0.54848664375 0.6599641578125001 0.5604632734375 0.6575371296875 0.5700536296875 0.65636526875 0.5772350796875 0.660172421875 0.572394628125
0 0.0686033671875 0.718779415625 0.08006647812499999 0.7066443328124999 0.09278475625 0.69210034375 0.10169588125 0.68239680625 0.1080550203125 0.6751248109375 0.10889366250000002 0.648853190625 0.1036647328125 0.6465574640625 0.09337348125 0.6515110953125001 0.086889384375 0.651624275 0.0833738 0.6731686265625 0.07195234218749999 0.6876899796875 0.055176996874999995 0.6927567890625 0.051536451562499995 0.7071423265625 0.0582288109375 0.718960503125 0.0686033671875 0.718779415625
3 0.20115932343749998 0.8811685296875 0.2275538875 0.9069647953125 0.2409386046875 0.9306011484375001 0.2548287453125 0.9088757078125 0.272317775 0.8703784609375 0.28746308125 0.846244115625 0.304238428125 0.8411773046875 0.3054102890625 0.8339958546874999 0.298634625 0.8174051359375 0.287468671875 0.77224706875 0.2829117734375 0.7341346343749999 0.2834588484375 0.6911591140625 0.27798000312500004 0.674545759375 0.2724178546875 0.6531598609375 0.2666890921875 0.6222288781249999 0.256147928125 0.6128648812499999 0.25342933125 0.6057513390625 0.2405444453125 0.6107502421875 0.22652934687499998 0.6253168671875 0.2169045390625 0.668450840625 0.2022534703125 0.795217490625 0.198065853125 0.852578546875 0.20115932343749998 0.8811685296875