3 0.639531790625 0.6564625859375 0.6368643031250001 0.638712365625 0.6323628328125 0.6116024921875 0.6293397578125 0.5950119468749999 0.6210390203125 0.5617778203125 0.6171760015625 0.567499334375 0.6113795734374999 0.5705333718750001 0.6065670562500001 0.575648528125 0.603092765625 0.5779863093750001 0.606030346875 0.6419360953125001 0.60841359375 0.67119316875 0.6151658546875 0.6872596109375 0.6230192859375 0.7013217921875 0.6304929593749999 0.6954627328125 0.638826946875 0.67727605625 0.6414180203125001 0.6698838 0.639531790625 0.6564625859375
3 0.335529565625 0.5830386468750001 0.34366596875 0.58189515 0.3506476875 0.574995528125 0.3559343234375 0.5683341375000001 0.3613394890625 0.5612861875 0.36564475 0.559941321875 0.3657085 0.5480955562500001 0.366873421875 0.5342455296875 0.36997428593750004 0.5304806296875 0.3665599484375 0.5098761703125 0.36121990937500004 0.45958043593750003 0.35456580781249997 0.43314299375000004 0.3434726140625 0.413247828125 0.3223707171875 0.42176200937499997 0.30541987812500004 0.42414429531250003 0.29106264375 0.42653197187499997 0.28453593593750004 0.42559974062499994 0.2923969671875 0.461854865625 0.3012572078125 0.49538025937499996 0.3059281875 0.5224663125 0.3116302546875 0.54089975 0.32211423125 0.5638397375 0.335529565625 0.5830386468750001
3 0.3057314375 0.7399952875 0.310868934375 0.743342159375 0.314322853125 0.7310199374999999 0.3213542859375 0.720784228125 0.3263006375 0.710471659375 0.3236153140625 0.6901346453125 0.3188958890625 0.6700835046875 0.31851993125 0.6612587375000001 0.3195484875 0.6452084734375 0.32050949218749997 0.6299075046875 0.3189826515625 0.6264230859375 0.315963375 0.6209290140625 0.31097755 0.6149715234375 0.3047032046875 0.6084553203125 0.29802102812500003 0.599037234375 0.29123689375 0.588893675 0.287269384375 0.5864920703125 0.2779132796875 0.5900263859375 0.273390065625 0.5984299875 0.270050875 0.5992691796875 0.26791608437500003 0.60252840625 0.2629174859375 0.6087794171875001 0.25746134062500003 0.6154646328125 0.2535320390625 0.625634265625 0.25145202499999997 0.6403527 0.251253171875 0.6536970531249999 0.255773746875 0.6870925484375 0.259476121875 0.707286625 0.2765849640625 0.7207878421875 0.293998415625 0.7327666500000001 0.3057314375 0.7399952875
3 0.46581650625000004 0.5728658156249999 0.470890253125 0.58805845625 0.4777929171875 0.59781545625 0.4915256296875 0.603283453125 0.5101537171875 0.59807614375 0.521018825 0.5954394515625 0.5384947609374999 0.5918736703125 0.5465623484375 0.5877806421875 0.5505413625 0.5742749218750001 0.5474431390625 0.5362407250000001 0.5391883156249999 0.4885740375 0.5317007125 0.45374603281250003 0.519854334375 0.41250250624999996 0.51277583125 0.38427520937500004 0.5053455375 0.368304059375 0.48863175625000005 0.369913228125 0.45688397187499996 0.377704190625 0.43857833125 0.38397588125 0.43748349218750004 0.40447426406250003 0.43817165625000004 0.433969565625 0.44274067656250005 0.46033014687499996 0.4493794734375 0.4915784421875 0.458975059375 0.5438653999999999 0.46581650625000004 0.5728658156249999
3 0.5651250937500001 0.73831050625 0.5694863984375 0.752123671875 0.5815227609375 0.7541310734375 0.5945379671875 0.7434243015625001 0.609908453125 0.7297972125000001 0.6132107 0.7200856078125 0.6094319109375 0.6747490546875 0.6058251625 0.6367863296875 0.6042512484375 0.5948389046875 0.6036688406249999 0.577165546875 0.5998542687499999 0.5758521484375 0.5953973390625 0.57980763125 0.588752103125 0.5792619578125 0.5831404874999999 0.577461315625 0.5648004390625 0.58225824375 0.5636495546875 0.58759859375 0.5668484703125001 0.6226594359375001 0.5669975 0.6618479125000001 0.569481440625 0.68813163125 0.5677264046875 0.7113121 0.5657649203124999 0.7256439765625 0.5651250937500001 0.73831050625
3 0.5020245890624999 0.7690028156250001 0.51880591875 0.766644353125 0.52287285625 0.7623737796875 0.5256296375 0.7438612296875 0.5223746765625 0.69364235625 0.5191910671875 0.653770659375 0.513584625 0.6175685734374999 0.51212026875 0.598539565625 0.49710283593750004 0.603609328125 0.48586303593749997 0.6011200765625 0.4738419796875 0.5943018203125 0.4693634109375 0.5845740375 0.46566483593749997 0.5754764328124999 0.4643775859375 0.578616546875 0.46287237968749995 0.58881539375 0.456146821875 0.601227515625 0.4519766625 0.60107379375 0.4520123359375 0.6062473828125 0.45422734218749994 0.639227103125 0.46118594375 0.713338878125 0.46719262031250003 0.7302499046875 0.4778486375 0.7605637171875 0.48336209375 0.7727353578125 0.5020245890624999 0.7690028156250001
3 0.54749411875 0.5366034609375 0.5498811671875 0.57695700625 0.5553067015625001 0.5798935000000001 0.5692076578124999 0.58163885 0.5849375296875 0.577948559375 0.5923627578125 0.5791244125 0.5982777140625 0.57570381875 0.606329996875 0.5764216453125 0.6122780953125 0.5707769921875 0.6171084515625 0.568248628125 0.6204960859375 0.5603745234375 0.6209307296875 0.542558228125 0.61732398125 0.5045955015625 0.611550565625 0.4758148859375 0.6055082140625 0.4537302703125 0.5985469734375 0.42141758906250004 0.593962646875 0.3998678625 0.587565975 0.38264174375 0.5804746984375 0.36662295 0.5759285828125 0.357644459375 0.56711414375 0.3588832484375 0.548027246875 0.3608259359375 0.53521215625 0.3618871796875 0.527212121875 0.3652309109375 0.52601405625 0.381304996875 0.5230023796875 0.3980038703125 0.520463553125 0.40945768437499996 0.5269659812499999 0.43850574531250003 0.5370994359375 0.4774007046875 0.54749411875 0.5366034609375
3 0.5379259609375 0.7624776062499999 0.5466550109375 0.7594013171875 0.5553139765624999 0.7496766734375 0.564309428125 0.7325067359374999 0.5682693375000001 0.712715396875 0.5684440203125 0.6782901265625 0.56732891875 0.639607321875 0.5651304828125 0.6055155734375 0.5627829078125 0.5814320890625 0.5494911703125 0.5766419171875 0.5475284203124999 0.5872749703125 0.543970009375 0.5914740734375 0.53422264375 0.5909944765625 0.52345949375 0.5943566390624999 0.51464505625 0.5955954265625001 0.51246055 0.6021907421875 0.5148412671875 0.6240501671875001 0.5200079984375 0.6632732531250001 0.523415896875 0.714580334375 0.5247158109375001 0.7484284625 0.529838003125 0.7565861890625001 0.5379259609375 0.7624776062499999
3 0.3931190390625 0.5967690859375 0.40507254687499994 0.6043366359375 0.42590677499999996 0.606217278125 0.44478975781249996 0.602823646875 0.45738309218750006 0.5977246671875001 0.46287237968749995 0.58881539375 0.46488610937499997 0.578545078125 0.45590100624999996 0.5269121203125 0.4465603140625 0.476438840625 0.43496883437499995 0.43700899218749995 0.4282140421875 0.41354490468750005 0.42373420937499995 0.40011829531250004 0.4181863453125 0.38647188906249996 0.4096421078125 0.3847135015625 0.3945749640625 0.393119353125 0.3769307859375 0.400407784375 0.3597097453125 0.40578724531250004 0.35825425312500003 0.4126500046875 0.3596739625 0.44981039999999994 0.367016228125 0.50574314375 0.37321658125 0.5437112609375 0.37890334531250003 0.566955553125 0.385791971875 0.5852222312500001 0.3931190390625 0.5967690859375
3 0.6175610390624999 0.503822384375 0.6200972265625 0.5341676640624999 0.620479515625 0.5614865531250001 0.6265996546875 0.563215725 0.6346366328124999 0.56874440625 0.6512471890625 0.5627109406249999 0.6535795671875 0.5424085359374999 0.65256895625 0.51184885 0.64703133125 0.47859629375 0.641798315625 0.44382132500000004 0.6343107109375 0.40899331875 0.6260634859375 0.3835195765625 0.6209884734375 0.3646281125 0.6137340203125 0.367127259375 0.60035689375 0.3604995875 0.58999904375 0.35936598750000004 0.5849366953125 0.3774627640625 0.5926053140625 0.3963596203125 0.5972393515625 0.4145732609375 0.6019256359375 0.4368484578125 0.6099893140625 0.4708557015625 0.6175610390624999 0.503822384375
3 0.19477648281249998 0.572858284375 0.2005576046875 0.574635103125 0.20472903125 0.5784876484375 0.2101711375 0.5803121124999999 0.21456178593750003 0.5808047484375 0.220019196875 0.5778183578125 0.2280867828125 0.57372533125 0.2299335375 0.570876484375 0.23337088593750002 0.559666290625 0.24037044375 0.555353465625 0.24711510468750003 0.5492269624999999 0.2436510546875 0.5319585921875001 0.23977663906250002 0.504390690625 0.2367357265625 0.4852133515625 0.2339331390625 0.46896172031249994 0.22267423593750002 0.46018685000000004 0.212938375 0.4437999265625 0.2032012484375 0.4237141765625 0.1980981578125 0.42184206875 0.18924931250000002 0.4216060921875 0.1772996046875 0.425135015625 0.17016494843750002 0.43094642812500006 0.17434777031249998 0.4680883921875 0.1786784671875 0.491523265625 0.18068955625 0.52305204375 0.185275146875 0.548300596875 0.188907440625 0.5618463171875 0.19477648281249998 0.572858284375
3 0.255288125 0.7045461078125 0.25876368125 0.7059071515625 0.2559101140625 0.689292784375 0.25126974375 0.652585025 0.2517553671875 0.635131465625 0.254210071875 0.6255389734375 0.2594610328125 0.61370399375 0.2502030890625 0.6068673062500001 0.2421826828125 0.6002265984374999 0.2332471828125 0.5944542953124999 0.2232117796875 0.594385078125 0.218432403125 0.597276178125 0.2149415421875 0.6007259875 0.20790757656249997 0.6035640484375 0.200330678125 0.6049988125 0.1962968859375 0.6070453265625 0.19141555 0.6092109546875 0.18994222031250002 0.6134869187499999 0.18845358437499998 0.6225737375 0.1882381640625 0.637030121875 0.19453034375 0.64613311875 0.2198137984375 0.6710620765625 0.24068876718749999 0.69291160625 0.255288125 0.7045461078125
3 0.2621286296875 0.5822574687500001 0.2723870515625 0.590063246875 0.2767279875 0.5938919703125001 0.2817100140625 0.588752990625 0.2865238 0.5873366546875001 0.2883883921875 0.5870746046875001 0.2903536765625 0.5838392 0.2937413125 0.5759650953125 0.29740168125 0.5724914625 0.3014660828125 0.560823240625 0.303191775 0.55096330625 0.30522334375 0.5432797828125 0.308934690625 0.540168884375 0.3104590015625 0.53625565625 0.304671546875 0.5159847171874999 0.3010354546875 0.49134252343749996 0.2950784921875 0.47109540625 0.2914627703125 0.45643765468749997 0.2823564953125 0.4469903515625 0.270213109375 0.4294621828125 0.26615894687499997 0.421524253125 0.253411409375 0.4218362015625 0.23586539062499998 0.41875363125 0.228458 0.420164571875 0.23332138906250002 0.46460889375000003 0.23920056406249998 0.505211453125 0.24526455 0.5409793359374999 0.2491517375 0.5563387359374999 0.2546996015625 0.56998514375 0.2621286296875 0.5822574687500001
3 0.1523993828125 0.5788139984375 0.156976109375 0.57817078125 0.16483977968750002 0.5726268109375 0.1693132828125 0.5675592984375 0.171667296875 0.5609401593750001 0.17341209375 0.55736584375 0.17969920781249998 0.55167354375 0.185581021875 0.550477009375 0.18396752656249998 0.541456265625 0.1802995609375 0.5227369546875 0.17923923749999998 0.49551335781250005 0.1777621078125 0.48869284999999996 0.1700425109375 0.46943325625 0.1573727625 0.4493897609375 0.1490452140625 0.436873815625 0.133621215625 0.44274051875 0.1108930515625 0.4544424578125 0.1110995015625 0.4632910484375 0.117364871875 0.4931122265625 0.122358296875 0.5212626625000001 0.1291806390625 0.5439774578125001 0.14166430937500002 0.5651568046875 0.1479233484375 0.5764838609375 0.1523993828125 0.5788139984375
3 0.3286991921875 0.734917878125 0.3308912953125 0.7505155078125 0.3472685921875 0.7563516328125 0.3620514984375 0.7594526328125 0.38326041875 0.76645921875 0.396568728125 0.7701373625 0.4002979125 0.769613259375 0.40172923593750004 0.7416695843750001 0.3998010015625 0.704580659375 0.397551584375 0.6701261749999999 0.39286656875000003 0.6515498 0.3869949921875 0.633140184375 0.381430559375 0.6206058078125001 0.375952778125 0.6136077546875 0.3695943140625 0.6089528750000001 0.3648965234375 0.602585003125 0.36060656875 0.5991190140625 0.3544698578125 0.598501871875 0.34989313125 0.5991450875 0.3456554203125 0.599740659375 0.34012919375 0.5997775203125 0.334671784375 0.602763909375 0.3298082859375 0.6075163328125 0.3249779296875 0.610044696875 0.3221676359375 0.6207968640625 0.3198505625 0.6362884140625 0.3189762109375 0.6571257078125 0.3188105015625 0.6682460031249999 0.3240065765625 0.6941485578125001 0.3269123875 0.7148244859374999 0.3286991921875 0.734917878125
3 0.4046912 0.7283068 0.4095801328125 0.7483341171875 0.4179102140625 0.7682477125 0.421302915625 0.775168903125 0.439510396875 0.7792682140625 0.460698946875 0.77629035625 0.4612292171875 0.7407054109375 0.457190465625 0.678759884375 0.452524659375 0.6172723859375 0.449925990625 0.602471696875 0.44167105781249993 0.604001753125 0.425788246875 0.6066038359375 0.40822565781250003 0.60463329375 0.395679503125 0.5989985375 0.38969319687500004 0.5920719546875 0.38679245 0.5861913234375 0.385401975 0.5849071421875001 0.3833181609375 0.5885291046875001 0.38108267812499996 0.5947616828125 0.380711784375 0.6007322125 0.384229346875 0.6257609656249999 0.3883701640625 0.6392352203125 0.39444565625 0.6590957765625001 0.398469209375 0.6766554140625 0.401208046875 0.7047528125 0.4046912 0.7283068