3 0.4901266578125 0.871592315625 0.49638346875000006 0.880588084375 0.505844146875 0.8814670390625 0.5175679343749999 0.8698076875 0.5288877750000001 0.8488083718749999 0.5402852218749999 0.8360404656249999 0.5487275390625 0.824266521875 0.5492452140624999 0.8198959609375001 0.546788625 0.8170672765625 0.54500278125 0.8054847374999999 0.5453471828125 0.795622328125 0.543177596875 0.78457496875 0.5387438265625 0.7756428609375 0.520225346875 0.7728018624999999 0.50606303125 0.7706615640625001 0.49656408750000003 0.7708784328125 0.4926692703125 0.7778739609375 0.48904339375 0.787621778125 0.48641567500000005 0.800147353125 0.48390382968749995 0.819808509375 0.4846734546875 0.8395842578125 0.485960759375 0.8549894453125001 0.4901266578125 0.871592315625
1 0.4414698375 0.581888790625 0.44333007343749997 0.570433575 0.43897283906249995 0.559309821875 0.4345199359375 0.5509256265625 0.4292612828125 0.5447076125 0.42605634375 0.5424013734375001 0.4193594625 0.5460075718749999 0.41661587187500004 0.5513975609374999 0.41155176875 0.5709695921875 0.41101602968749995 0.5863111171875001 0.4159494140625 0.6018436296874999 0.42456500156250004 0.5955615359374999 0.43214416718750004 0.587597509375 0.4414698375 0.581888790625
3 0.483828365625 0.832423209375 0.48384535624999997 0.811029190625 0.4875095 0.8001855499999999 0.48549298125 0.7847548953125 0.48257504375 0.774229984375 0.4787939578125 0.7675149875 0.47307502812499996 0.7640238 0.4665694828125 0.7621508828125 0.46000653593749996 0.7619216984375 0.4540197390625 0.7661012734375 0.448052075 0.7697329374999999 0.4426796921875 0.7772254453125 0.43757625000000006 0.7874702453125 0.433988640625 0.796122240625 0.429884428125 0.8195678484375 0.42859926875000004 0.8250087687500001 0.42712277500000007 0.8359288046875 0.4322474921875 0.8459822000000001 0.44201645 0.858940675 0.45182260156250004 0.860380271875 0.4641799390625 0.85148594375 0.483828365625 0.832423209375
3 0.8573050859375 0.8734428734374999 0.8704681734375 0.8623823625 0.8666679515625001 0.8562152781249999 0.8588761765624999 0.8493602250000001 0.849070025 0.847920628125 0.845635484375 0.8521893296874999 0.8433139000000001 0.8559483171875 0.8319525765625 0.84677429375 0.8187490796875 0.8380845203125 0.8111879765625 0.83507758125 0.8025723875 0.8413596765625 0.7980248890625 0.8461380921874999 0.79272796875 0.8410159015625001 0.786951640625 0.8391684484375 0.7813103156250001 0.8439086687499999 0.777799240625 0.850369015625 0.7746719078125001 0.856294184375 0.7713139015625 0.8583712390624999 0.7801251125 0.8883022421875 0.79402063125 0.90853635625 0.807299590625 0.90461143125 0.8229001328125 0.8969275171875 0.839325559375 0.886529509375 0.8573050859375 0.8734428734374999
3 0.5442394265625 0.6600844359375 0.5458711328125 0.6656272140625 0.55080344375 0.6707366718750001 0.5568104468749999 0.6764322390624999 0.5669620734375 0.67843248125 0.58075978125 0.6805600484375 0.593866540625 0.681566325 0.6074909734375 0.6782020421875 0.6160491625 0.6735636828125 0.622650375 0.6726970421875 0.6290209140624999 0.6679822890625 0.6355253875 0.6594321515625 0.6391512640625 0.6496843343750001 0.6391119265625 0.6403571046875001 0.6365585968749999 0.629844925 0.63674993125 0.6243658078125 0.6396848578125 0.6134967015624999 0.6408541453125001 0.6009202 0.636094034375 0.5908795359375 0.620971828125 0.5848656578125 0.5941247640625 0.5800880796875 0.5727468203125 0.5755014875 0.5643799671874999 0.5746607296875 0.555917446875 0.57655953125 0.5496436453125 0.5889577828125 0.5524276484375 0.6033180765624999 0.5506067515625 0.6241005203125 0.5469426078125 0.6349441625 0.5449867046875 0.649138934375 0.5442394265625 0.6600844359375
3 0.5541244125 0.86834136875 0.56176419375 0.8900027671874999 0.5803974734375 0.8895562968749999 0.5951720609375 0.8741634218750001 0.6075474609375 0.8542981281250001 0.6111722640624999 0.8341272562500001 0.61243721875 0.818811196875 0.6113805890624999 0.807254121875 0.608520053125 0.7950854734374999 0.603337934375 0.7866758140625 0.5961414390625001 0.7836816078125 0.5790622578125 0.7814394499999999 0.5655908921874999 0.780420440625 0.56150366875 0.78247203125 0.5574366515625 0.7943987625 0.5547132640625 0.80966389375 0.5522003453125001 0.8189019984374999 0.5494567546875 0.8242919859375 0.5495162984374999 0.8434943578125 0.5541244125 0.86834136875
1 0.5044120359375001 0.5775038218749999 0.5093624078125 0.571642315625 0.5110121765625 0.566214128125 0.5101096875 0.560696815625 0.50692388125 0.557842665625 0.5029897265625001 0.5555109625 0.49349078124999995 0.5557278328125 0.48644842656250004 0.5587733859374999 0.48378136875 0.5619717296875 0.482093334375 0.5684957390625 0.483322165625 0.575121609375 0.4860859609375 0.5796067609375 0.49186229062500003 0.5814542140625 0.49913532031249996 0.5822567734375 0.5044120359375001 0.5775038218749999
3 0.462202603125 0.657219646875 0.46824787187499994 0.6618193890625 0.484771109375 0.66952793125 0.514668975 0.6705719890624999 0.5220759375 0.6675391671875001 0.5300005765625 0.6601357828125 0.5342791359375 0.6526050765625 0.536579440625 0.6285478953125 0.5357534859374999 0.620838934375 0.5423132171875 0.58979895625 0.5335232828125 0.5801661499999999 0.5190526875 0.5659463296875 0.5030088593750001 0.55496305 0.493855390625 0.5557405656250001 0.48644842656250004 0.5587733859374999 0.47326620625000004 0.5703818078125 0.4646134234375 0.5881827796875 0.45989479375000003 0.6083154546875 0.4565389296875 0.6312386171875 0.45749989218750003 0.6455352484375 0.462202603125 0.657219646875
3 0.6529872375 0.6507160765625 0.65799715625 0.66405694375 0.6647142421875001 0.6703258859375001 0.6715843953125 0.6722115359374999 0.675249609375 0.6717909484375 0.6791072312499999 0.6763142984375 0.6819666953125 0.6780598921875 0.690679025 0.67946129375 0.700849784375 0.6809136234375 0.7088711625 0.6811937359375 0.7169882078125001 0.678734290625 0.7303628359375 0.67206980625 0.7408779984375 0.6636597281250001 0.7444273390625 0.6561035562499999 0.7477077421875 0.64579509375 0.751582353125 0.6289244234375 0.7448450625 0.6127803390625 0.7403910875 0.5939730890625 0.73566924375 0.582836603125 0.7237700390625 0.5681579984375 0.7144815640625 0.562347840625 0.7050208859375 0.5614688859375 0.6929122828125001 0.5632403640625 0.6830306687500001 0.574415465625 0.6739941453125 0.592751615625 0.6631537125 0.6104761937500001 0.6559200234375 0.6190008640625 0.6537717109375001 0.6282517000000001 0.6523143515625 0.638623825 0.6529872375 0.6507160765625
3 0.4208860125 0.6486453015625 0.43161271718750005 0.6446312484375001 0.442013078125 0.6395086390625 0.4487290921875 0.6353545281249999 0.4533148578125 0.6294802890625 0.45640392500000004 0.6246509437500001 0.45444587812500004 0.617999609375 0.45632417500000005 0.5955734296874999 0.4563805046875 0.5835066421875 0.4469378875 0.5716567234375 0.4375526734375 0.55816306875 0.4314106640625 0.5458798296875 0.426075478125 0.5418534625 0.4193403296875 0.5465554828125 0.415464646875 0.5530031 0.407811090625 0.5840048796875 0.40529924531250006 0.6036660375 0.40342094843750004 0.6260922171875001 0.405514 0.639331221875 0.41180907656250004 0.6472311687500001 0.4208860125 0.6486453015625
3 0.69000629375 0.8555319156250001 0.6899308296875 0.8681466140625 0.6970901296875 0.882659696875 0.7107358421875001 0.8995936109375 0.7385045296875 0.9093405906250001 0.7561013859375 0.9072121875000001 0.7701860968750001 0.9011210796875 0.777112578125 0.8909399406249999 0.7765162265625001 0.8766560421875 0.772350325 0.8600531703125001 0.7657278359374999 0.8406216171875001 0.758549403125 0.8266564453124999 0.7521575859375 0.811073003125 0.748779375 0.8032749171875 0.7455553015625 0.8015165906249999 0.7367281718750001 0.8034026593749999 0.7314514578125 0.8081556109375001 0.7170988781250001 0.8219174828125 0.7110164125 0.8288366140625 0.7041856 0.8362781953124999 0.6965873 0.8447901328125 0.69000629375 0.8555319156250001
3 0.6394820484375 0.8806479796875 0.6554865390625 0.882304028125 0.6724881125 0.876314778125 0.6873020390625 0.870249134375 0.6913307921875 0.8594182265624999 0.6890644640625 0.8406873718749999 0.68040739375 0.8167961281249999 0.6714250546875 0.8022193828124999 0.656608984375 0.7874389203125001 0.6381861718749999 0.7818583625 0.6264421796875 0.7836425734375 0.6199568390625 0.791644796875 0.6167338375 0.8003095234375 0.6131270953125 0.8095094296875001 0.6124584953125 0.8391093921874999 0.612075825 0.850067625 0.616816803125 0.8606561984375001 0.628735140625 0.874786890625 0.6394820484375 0.8806479796875
3 0.7859044984375 0.73325598125 0.7886491625 0.7382890453125001 0.794387225 0.741232321875 0.7983979140625 0.741372378125 0.8074355109375 0.7334592796875 0.8219220234375 0.715862028125 0.8336064734375 0.6948754453125 0.8397633296875 0.664918559375 0.8459010515625 0.635509584375 0.8320629343749999 0.613631734375 0.8149826828125001 0.600966525 0.795715853125 0.598647971875 0.782129684375 0.60091643125 0.7727466140625 0.6082688843749999 0.7583175 0.624222403125 0.7515260234375 0.6409912140625 0.7489557062500001 0.6518730500000001 0.75244871875 0.65638366875 0.7536584171875 0.6635574484375 0.7612397234375 0.6764395296875 0.771777234375 0.6987507 0.779167209375 0.7171118953125 0.7859044984375 0.73325598125
3 0.39087243125 0.8286285359375001 0.398914015625 0.8387837906250001 0.409659853125 0.8342218265625 0.42151864687499996 0.8291501468750001 0.4266614265625 0.8282325765625 0.4310739203125 0.8168664874999999 0.4335092328125 0.799396978125 0.4345063171875 0.7917516796874999 0.42974513437499995 0.7712879625 0.4252730984375 0.7634516796875 0.42099346875 0.7605593328125 0.4155052125 0.7609162578124999 0.41287642187499995 0.763018778125 0.40938448281250006 0.7689312140625 0.40378249843749997 0.7829986640625 0.3993700046875 0.7943647515625 0.3954177875 0.8030040140624999 0.3897190640625 0.8093879671875 0.3887602453125 0.8159374421875001 0.39087243125 0.8286285359375001