3 0.18911599375000002 0.39303438125 0.1987450375 0.3826030453125 0.195460628125 0.3641096875 0.1934420828125 0.341715571875 0.19234255625000002 0.3248764296875 0.1849556 0.31199487187499997 0.171650471875 0.3002063046875 0.1667645734375 0.2983650109375 0.1606995234375 0.298060546875 0.149514984375 0.29688126875 0.13663515937499998 0.29870595624999996 0.13498883125 0.30217574062499997 0.14011128125 0.33177905 0.15166391562499998 0.3715386921875 0.16039931875 0.3908720203125 0.16957948125 0.40168124687500006 0.178861684375 0.4007056484375 0.18911599375000002 0.39303438125
3 0.680296671875 0.61456836875 0.702160821875 0.6216896359375 0.7212189484375 0.61168015625 0.738890878125 0.5980486609375 0.7512698999999999 0.58827021875 0.757779709375 0.5800505859375 0.754849225 0.568113525 0.7422306937500001 0.521401453125 0.7329944859374999 0.49411437343750003 0.72147135625 0.4769579046875 0.7158734812499999 0.4747204796875 0.703525125 0.46565713437499995 0.69893298125 0.466610753125 0.6914174421875 0.47163934375 0.68841854375 0.4813738234375 0.681497603125 0.5080042671875 0.6754803500000001 0.5496105796874999 0.6700435265625 0.5807946765625001 0.668893878125 0.6049346765625 0.675128225 0.6132277375 0.680296671875 0.61456836875
3 0.21500666562499998 0.5532667265625 0.22593932187500002 0.53610488125 0.2350268484375 0.49182105 0.241062396875 0.4695223421875 0.23447 0.46738944531250004 0.22271328124999998 0.45119945625 0.207992453125 0.41318569531250005 0.202959675 0.40994694843749996 0.196807915625 0.4120064171875 0.191601715625 0.4134955390625 0.1852765359375 0.420282875 0.17952766250000002 0.42936446093749997 0.1762143890625 0.49988634374999996 0.18071157499999999 0.5267295875 0.181152209375 0.53092195 0.1901253234375 0.536572334375 0.20328357343749998 0.54696345 0.21500666562499998 0.5532667265625
3 0.2829645 0.5875689093750001 0.28834824062500003 0.56863545625 0.2873130078125 0.5428412406249999 0.294000359375 0.5171772765625 0.30129764375 0.5036942703125 0.313970421875 0.4967107390625 0.324529696875 0.4951299515625 0.32818748593749997 0.49804225 0.335360309375 0.48975293124999997 0.3333488484375 0.48337084687500004 0.3241197265625 0.47209580156250003 0.31523332187499997 0.46408148281250006 0.31169586875 0.4686919609375 0.30786465937499996 0.470507528125 0.30008190468749996 0.46661588906249996 0.2984509109375 0.46066478125000004 0.294254565625 0.45262848125 0.2881181390625 0.44526705624999996 0.2841288421875 0.4423896 0.2740326203125 0.45475389218749995 0.2576867203125 0.46824601718750003 0.24120927499999997 0.4709197953125 0.2346953421875 0.49185589218750003 0.22962777499999998 0.52017539375 0.2259617390625 0.542696021875 0.22598003281249998 0.562003625 0.2532686375 0.576090184375 0.2829645 0.5875689093750001
3 0.23342651874999998 0.46702815624999994 0.244094921875 0.46967457343749996 0.257121625 0.46924734062500006 0.2728045109375 0.4558249015625 0.289410540625 0.43524097343749996 0.2864576390625 0.41671277343749996 0.28195336875 0.3738574984375 0.2774715171875 0.3375933625 0.26171429062499996 0.315230346875 0.24278887187499998 0.2946132125 0.2351907453125 0.289289275 0.2200770796875 0.28899392968750004 0.20781130937499998 0.2902831140625 0.1936656234375 0.2960085609375 0.193359496875 0.3313630421875 0.1964286109375 0.3701304828125 0.20124609375000002 0.3936433109375 0.21033542187499998 0.4195329359375 0.22423515 0.4529233578125 0.23342651874999998 0.46702815624999994
3 0.3906813171875 0.45803543593749996 0.40176793593750004 0.4582830765625 0.413235021875 0.45896169374999995 0.422517225 0.45798609375000005 0.431294503125 0.4617732078125 0.44996803906249994 0.46404921562499996 0.4565981859375 0.46335235937499997 0.46066298281250007 0.4605703109375 0.463021284375 0.457496659375 0.48595545625 0.4588538921875 0.5116283968750001 0.45756845156250003 0.517829115625 0.4559748 0.521181940625 0.45279662031249995 0.519957953125 0.4411511640625 0.5104321140625 0.39835271250000004 0.4963743 0.36026926718749996 0.48031623124999995 0.319099309375 0.4648527640625 0.2995312 0.4561132375 0.2929143359375 0.43959804062499996 0.2984178671875 0.4181857375 0.298784534375 0.407577503125 0.29989950625 0.3931646015625 0.2967047203125 0.3858673171875 0.31018772656250004 0.3807171640625 0.3281547 0.3778232703125 0.354832846875 0.3834382765625 0.41782283593749997 0.38838730625 0.4521540125 0.3906813171875 0.45803543593749996
3 0.6861204109375 0.48820886406249997 0.6911838546875 0.47260582500000003 0.698650434375 0.4671114140625 0.7038566312500001 0.4656222921875 0.7151615078125 0.474324346875 0.721422396875 0.4764920859375 0.733706459375 0.49451050625 0.7429916265625 0.5222634046875 0.757915378125 0.5781524703125 0.7660785999999999 0.5824750859375001 0.7752139265625 0.5801020328125001 0.7849031390625 0.5734320859375 0.7897554109375 0.5653866671875 0.7841433671875 0.531125175 0.7726886515625 0.49229716874999996 0.76542615625 0.474221925 0.7522608203125001 0.4478187765625 0.740394975 0.42740158125 0.7309434734375 0.4203885859375 0.7223997843750001 0.41563499375 0.7118405109375 0.4172157828125 0.7017820390625 0.42675032343749997 0.6958597453124999 0.4405597765625 0.69401345625 0.45488275 0.6894171906250001 0.46855283124999997 0.6829185890625 0.480068034375 0.6840334484375 0.48748628437499997 0.6861204109375 0.48820886406249997
3 0.381213959375 0.6135067078125 0.386611871875 0.6265973218750001 0.39434566718749997 0.6300231453125 0.41273665625 0.632799815625 0.42701388749999997 0.6378927140624999 0.44247027031249997 0.6414487875 0.4474806296875 0.6380963921875 0.45508700468749996 0.6179874046875 0.45598476874999994 0.5755062796875 0.4494761203125 0.542280953125 0.4459132890625 0.5115717937500001 0.44995566875000004 0.5021986046875 0.4542050953125 0.497984259375 0.45294335781250006 0.48916855625 0.45131236250000006 0.4832174484375 0.4473720265625 0.48080580937499995 0.4323450703125 0.4781465296875 0.41370928281249997 0.47304076874999995 0.4045137890625 0.471652434375 0.40114975781249995 0.47153504375 0.3963128171875 0.4701595703125 0.3849814 0.4675828375 0.3728513 0.46697390624999996 0.366085484375 0.46956887812500003 0.3599826828125 0.4720941640625 0.35208667656250003 0.47669178125 0.349777334375 0.48023125 0.3504515578125 0.48345713593750006 0.34695185624999997 0.4852378625 0.349283615625 0.4882895328125 0.3576987203125 0.5109532734375 0.3642982015625 0.5290982015625 0.371583115625 0.5537645859375 0.3749164828125 0.5727237625 0.37756029375 0.5978779453125 0.381213959375 0.6135067078125
3 0.522952728125 0.44413315000000003 0.5254803265625 0.44904809375 0.5297521703125 0.4514248890625 0.5338016359375 0.45806373437500003 0.5452421796875 0.464867671875 0.5630680734375 0.468645665625 0.5711109578125 0.46544550312500005 0.577251509375 0.4600904640625 0.591408403125 0.45766058593750003 0.6107490796875 0.447150446875 0.6190745109375 0.44344962499999996 0.6218622390624999 0.4412727671875 0.626725721875 0.436522915625 0.6334915375 0.43392794375 0.6402951031249999 0.4285032203125 0.6356174109375 0.3903758125 0.6276623984375 0.34976708125 0.616893115625 0.317460528125 0.6105272234375 0.2983491203125 0.6026058359375 0.2676270984375 0.5744878859375 0.274350128125 0.5645538734375 0.27869098124999997 0.5522013953125 0.2823441015625 0.529191721875 0.286646371875 0.5162098546875 0.3002558859375 0.507918046875 0.3138434203125 0.49953953125000006 0.32979488749999997 0.50840648125 0.3599465625 0.5161391156249999 0.40481734375 0.522952728125 0.44413315000000003
3 0.29773185 0.4442566140625 0.30460679218750003 0.4458888484375 0.311112478125 0.45038567812499997 0.3160473375 0.4526927890625 0.321965509375 0.4515997984375 0.3288027015625 0.4560617859375 0.347867915625 0.462064340625 0.3652643828125 0.46494553906249997 0.36995444375000003 0.46492355781250005 0.3753452703125 0.46200213906250004 0.380099625 0.45302508281250004 0.3843755921875 0.4426854140625 0.3842817953125 0.429037315625 0.38129939375 0.3879059421875 0.37507741562499997 0.341463490625 0.36712536562500003 0.3295832546875 0.34864058125 0.3131584859375 0.3283024234375 0.2950446578125 0.32075325625 0.2901865375 0.3130530859375 0.296647428125 0.3111843796875 0.3043792609375 0.303092534375 0.3071136046875 0.3010810734375 0.300731521875 0.2991297796875 0.2981108265625 0.28947007187499996 0.3273839453125 0.2794747296875 0.3694083734375 0.2864688484375 0.42000834375 0.289508459375 0.4361726109375 0.29468811562499997 0.4408088109375 0.29773185 0.4442566140625
3 0.5553632562499999 0.64088639375 0.564321040625 0.655957671875 0.5809943234375 0.6551471656250001 0.5983194125 0.6509714046874999 0.6053076078124999 0.644114384375 0.612021503125 0.612325096875 0.617985671875 0.5829694296875 0.6213844921875 0.5515285703125 0.624678309375 0.503144040625 0.625307696875 0.4931876453125 0.62314935625 0.4854081078125 0.6182899984375 0.4774414921875 0.6131593015625 0.473271109375 0.60855595 0.4709291578125 0.597382621875 0.47304545 0.590790225 0.4709125546875 0.5833991468749999 0.47074745937499995 0.577529934375 0.47230626718749996 0.5724216546875 0.47472702499999997 0.56674828125 0.4781491046875 0.563531125 0.47942917031250004 0.5615798328125 0.476808475 0.5495099 0.47996093125000006 0.544303703125 0.481450053125 0.54421699375 0.48381398750000004 0.5403102828125 0.4912890609375 0.5381549046874999 0.5122380171875001 0.537294890625 0.551889390625 0.5411249375 0.5915187828125 0.5491330343749999 0.61987686875 0.5553632562499999 0.64088639375
3 0.176067509375 0.4984888890625 0.17952766250000002 0.42936446093749997 0.189477003125 0.41560271249999997 0.18111794375 0.4094168234375 0.168584959375 0.401785775 0.1562478109375 0.3960180015625 0.14120964687499998 0.39006315156250004 0.12237389843749999 0.39581058125 0.11440239062499999 0.4060677015625 0.10884935312499999 0.417012559375 0.10841580312500002 0.428832228125 0.1084494296875 0.43871893906250004 0.1207293703125 0.469453821875 0.13075305312500002 0.49147752968749997 0.13922124062500002 0.5018906249999999 0.1523794890625 0.5122817390625001 0.16148827500000001 0.5160340078125001 0.176067509375 0.4984888890625
3 0.7798720453125 0.3756850046875 0.7785053046875 0.3499256296875 0.7762307500000001 0.3219068515625 0.7733421421875 0.29442357656249996 0.7696100140625 0.255725821875 0.7615865859375 0.23678862656250002 0.7548473109375 0.23325827656250003 0.736282903125 0.235209475 0.7224197640625001 0.2404342609375 0.7118074062499999 0.2542656953125 0.700870628125 0.2841440046875 0.6935733453124999 0.29762700937500003 0.7035622375 0.3512089671875 0.7025930953125 0.386633134375 0.7218989812500001 0.4076812421875 0.757339596875 0.4227948453125 0.76534473125 0.42242443593749995 0.7700990859375 0.41344738124999997 0.7706683046875 0.39972959375 0.7798720453125 0.3756850046875
3 0.49125788750000005 0.65280474375 0.5053882421875 0.6565001890625 0.5153222515625 0.6521593328125 0.5253317625 0.642158975 0.5331941421875 0.6276746484375 0.5353760624999999 0.600600365625 0.5373468124999999 0.5810837046875 0.537942571875 0.561240596875 0.5368165046875 0.5505267796875 0.5386598328125001 0.5074753078125 0.5371798390625 0.49020519062499995 0.535499884375 0.4837882640625 0.531461628125 0.480444990625 0.5241195078125 0.4807457140625 0.504816584375 0.48842610156250005 0.50179526875 0.49156943750000004 0.49710520625 0.4915914203125 0.488018840625 0.4944302921875 0.48052984062500004 0.49333356093749997 0.46726955 0.49472727499999997 0.46116674843750005 0.49725256093750003 0.454634521875 0.49888105312500003 0.4504228453125 0.500265646875 0.44633150625000007 0.5091730171875 0.446365134375 0.519059728125 0.450014675 0.547404953125 0.45827877812500006 0.581387703125 0.4673150234375 0.619527971875 0.47239263749999993 0.635949 0.48162175781250005 0.6472240453125 0.49125788750000005 0.65280474375
3 0.6447781171875 0.4233223953125 0.6524517453125 0.4229868296875 0.6613045234375 0.4211144359375 0.6681570484375 0.41615553125 0.68904613125 0.4012439703125 0.7003928796875 0.39439980937499997 0.7032602328124999 0.37384698437499997 0.7030348921875 0.3493805375 0.693682471875 0.3018542171875 0.6900553484375 0.2801001328125 0.677809034375 0.2592519609375 0.6703465765625001 0.2520299078125 0.662759659375 0.250001540625 0.6513527421875 0.2530843109375 0.6446470953125 0.25944067187500003 0.6289866265625 0.2794542515625 0.6204346921874999 0.3001335875 0.6165014390625 0.3137339828125 0.6273308906249999 0.3498019234375 0.6370525687499999 0.39446364843750004 0.6402237265624999 0.42144626093750004 0.6447781171875 0.4233223953125
3 0.6256392046875 0.4931528015625 0.62504344375 0.5129959093750001 0.6213089921875 0.5571880734375 0.6173828265625 0.5868005046875 0.62181275625 0.5938703249999999 0.6357431499999999 0.608418959375 0.6487922703125 0.6145828671875 0.6673566796875 0.61263166875 0.6690295484375001 0.6030365625 0.6700924859375 0.5812604953125 0.68270741875 0.4876256546875 0.680557325 0.45441319062499996 0.6784101953125 0.44992922343749997 0.669561540625 0.439085153125 0.6638167890625 0.435450271875 0.6561319515624999 0.4324902703125 0.6490723796875 0.43229033125000005 0.645512509375 0.43030966875 0.6408714062499999 0.43079746874999997 0.6343503890625 0.43572153125 0.6267970984375 0.4435798765625 0.5946367671874999 0.4596760921875 0.5916644109375 0.4632852484375 0.59117069375 0.4713435296875 0.599420625 0.47330221093749997 0.608604909375 0.47139497500000005 0.6149637171875 0.47449434999999995 0.622670971875 0.48404549374999994 0.6256392046875 0.4931528015625
3 0.2882166953125 0.557817109375 0.2886419984375 0.571430365625 0.291067553125 0.5881301359375 0.314785078125 0.5969404609375 0.34060077187500004 0.6097689359375 0.3540303609375 0.6163638203125 0.363839909375 0.61721665 0.3728283578125 0.6134461421874999 0.37775613125 0.59974121875 0.3750144015625 0.5736553984375 0.371632075 0.5542304031249999 0.36491225781250003 0.5285626984375 0.3538716359375 0.500052378125 0.3457614953125 0.4834791171875 0.34334302656250004 0.48279138125000004 0.33946285781249996 0.48414113125 0.33705559531249996 0.4867489640625 0.32686145624999996 0.498181621875 0.3231547078125 0.4948035046875 0.311747790625 0.49788627500000004 0.302906221875 0.5030542375 0.294750084375 0.5147436562500001 0.29095250156249997 0.5264459359375 0.28711716875 0.5409779671875 0.2882166953125 0.557817109375