3 0.6027835671874999 0.6869261890625 0.59847143125 0.6502345093749999 0.60128014375 0.6195196234375 0.5988430109375 0.5917873171875 0.5967402234375 0.5564748500000001 0.5892062671875 0.5332621609375 0.583996728125 0.5255905140625 0.5687835875 0.5217820484375 0.5331666359375 0.5222580453125001 0.5087383703125 0.5252554125 0.5056514171875001 0.5284480046875 0.504102759375 0.5462095578125 0.5084031 0.573048378125 0.517924771875 0.6174117015625 0.5351610109375 0.6719293765625001 0.5459545296874999 0.7131922234375 0.552211921875 0.7355642453125 0.5643909265625 0.7457050749999999 0.571901296875 0.74921205 0.5889177531249999 0.743075540625 0.6037012734375 0.7158541046875 0.6027835671874999 0.6869261890625
3 0.83250095625 0.49763959843750005 0.8235390562499999 0.4700786375 0.8109516578125 0.44664305156250006 0.8022562078125001 0.43675152656250005 0.79160370625 0.4313268 0.7812973453125001 0.4281747703125 0.7695267328125001 0.4313286953125 0.7580975421875 0.432814175 0.7589025359375 0.44955083125 0.7597051703125001 0.4643169125 0.7668236578125 0.46832313125 0.7821037703125 0.48709480000000005 0.8052498281249999 0.5195284250000001 0.812682865625 0.5404027109375 0.8241743093749999 0.5499392921874999 0.8429790015625 0.5622471828125 0.8495542265625 0.563245040625 0.85032855625 0.5543642640625001 0.8449053875000001 0.5321629546875 0.83250095625 0.49763959843750005
3 0.67397644375 0.69268728125 0.673560975 0.673480809375 0.6733765734375 0.6423852 0.6680929890625 0.6138386375 0.6648367093750001 0.557546246875 0.66359409375 0.544080778125 0.6574446953125 0.5299588749999999 0.6457009578124999 0.5145762859375 0.6339161921875001 0.5059067828125 0.6160994609375 0.4992477796875 0.596085175 0.501062425 0.581566671875 0.5037699234375 0.5729405515625 0.510812175 0.57143291875 0.52186064375 0.5848814124999999 0.526930428125 0.5893048265624999 0.5336299906249999 0.5975287046875 0.5594175015625 0.6014749046875 0.6182847140625001 0.619900940625 0.6831280828125 0.6249638171874999 0.6912332671875 0.6363590593749999 0.7023725890625 0.64818720625 0.7062995796875 0.6601068375 0.7046826875 0.6661364468750001 0.7007016140625 0.67397644375 0.69268728125
3 0.3134991 0.787305690625 0.3231990234375 0.816640103125 0.3402966015625 0.8372902281249999 0.3575054609375 0.8279482390625 0.367194515625 0.8072169921875 0.3727416828125 0.76906624375 0.374759553125 0.7334381296875 0.37963566875 0.7084771359375 0.38428071875 0.6954052765625 0.3724770828125 0.6709712 0.3619019140625 0.6481791593749999 0.353920896875 0.6203553703125 0.349517278125 0.589207575 0.3443582 0.58270513125 0.3329653171875 0.5735363828125 0.32413264218750004 0.5719606828125 0.3131891765625 0.5693736046875 0.3007791046875 0.5711219125 0.287880946875 0.574972203125 0.2808270703125 0.5839586156250001 0.2746602359375 0.596255515625 0.271736453125 0.6128085703124999 0.2690074328125 0.628126715625 0.272322171875 0.6512872203125 0.27832962499999997 0.6697838046875 0.28823846249999996 0.7097067406249999 0.294296375 0.7293725265625 0.2990730078125 0.7442565015625 0.3071912484375 0.763764465625 0.3134991 0.787305690625
3 0.774547240625 0.6089687515625 0.7503028703125 0.5606655468749999 0.73102753125 0.524040840625 0.7179520484374999 0.5027072390625 0.7056721265625 0.4902280046875 0.6935940390625001 0.482425578125 0.678243671875 0.48693293750000005 0.665790215625 0.49342375625 0.659318265625 0.4967348734375 0.6526294 0.52375855625 0.6590674015625 0.5330722390625 0.6641373546875 0.5470891390625 0.6657789296875001 0.5659670765625 0.6681679609375 0.5945007515625 0.673025715625 0.6361713625000001 0.6859545359375 0.6579385015625 0.704343759375 0.6510399203125 0.7225089875 0.6619421921875001 0.7335580890625 0.6708088156249999 0.759046003125 0.6923646828125001 0.7849092890625 0.6996273046875 0.7928502046875 0.6939513734375 0.7988656609375 0.678146871875 0.7877354359375001 0.6424936125 0.774547240625 0.6089687515625
3 0.54427100625 0.7412401734375 0.5483341265624999 0.7338436125000001 0.5441299875000001 0.7054020515625 0.5262495687500001 0.645537615625 0.5123139171875 0.6023570140625 0.5061795984375 0.5598457375 0.502977571875 0.5488764953125 0.49589303124999995 0.532245478125 0.49107773593750004 0.5260451578125 0.4772010546875 0.5321288484375 0.4517532390625 0.5440727 0.4380208578125 0.5477522796875001 0.4267477640625 0.5566865062499999 0.42815119375000005 0.581541865625 0.44081028125 0.6238818 0.451048746875 0.6522834296875 0.45655868125000004 0.6649997125 0.4686603546875 0.6925078578125 0.48302419687500003 0.724534984375 0.5005160156249999 0.7466564359375 0.518339825 0.759227153125 0.5355053 0.754627678125 0.54427100625 0.7412401734375
3 0.2225121375 0.72140444375 0.21619249218749997 0.6880103625 0.216722525 0.6389824890625 0.2221419015625 0.617029853125 0.23341499375 0.608095625 0.226037134375 0.5923316843750001 0.21699082656250002 0.5762263203125 0.20874715156249998 0.574887040625 0.19021126875 0.582219159375 0.1811956234375 0.5917312265625 0.17267042187499998 0.60111188125 0.172100290625 0.6166400375000001 0.181369665625 0.6551573515625 0.192951665625 0.699362853125 0.200139484375 0.7203028453125 0.20613986093749997 0.732887715625 0.21281128906250002 0.7322828343750001 0.2225121375 0.72140444375
3 0.42538216562500003 0.7683654546875001 0.4354385890625 0.767642046875 0.4437737453125 0.7634374453125 0.4537127390625 0.746581634375 0.46196913124999994 0.71756096875 0.4635682484375 0.700968615625 0.44996694374999996 0.6502078546875001 0.43554085000000003 0.607158665625 0.42903116093750004 0.5789406359375 0.427687625 0.5631367640625 0.4292480765625 0.55522806875 0.4228628921875 0.549054159375 0.41093854375000005 0.5467299078125001 0.3935254875 0.54942451875 0.376213353125 0.5544575328125 0.3615048046875 0.5623410828125001 0.35675176249999996 0.567162825 0.3521500984375 0.5754921687500001 0.3486278765625 0.5839265203124999 0.352238296875 0.6081905171875001 0.3569786203125 0.6337287218750001 0.3668228453125 0.660659025 0.37429690781249997 0.6748202265625001 0.3829994359375 0.6906234640625 0.3890431953125 0.6984658234375 0.3951949515625 0.714558296875 0.3996278015625 0.72914015 0.406955203125 0.7437348874999999 0.41713377500000004 0.7630850296875 0.42538216562500003 0.7683654546875001
3 0.236553425 0.7708645921875 0.251669440625 0.8164886015624999 0.261345775 0.8261172984374999 0.262711465625 0.8194435109375 0.2641450515625 0.787520125 0.271129596875 0.7615999343750001 0.2813430421875 0.7281124734375 0.28918068125 0.7181275703125001 0.28340665625 0.68971241875 0.27468525781249997 0.65814460625 0.2690121515625 0.632067859375 0.24805328750000002 0.623491103125 0.23897067187499998 0.6180399671875 0.235331021875 0.6103419125 0.2250798375 0.612300228125 0.22292330625 0.6140607921875 0.22209380156249997 0.6178312234375001 0.2178500703125 0.6382861234375 0.2167027296875 0.66343071875 0.21629105312500002 0.6883781953125 0.22038719687500002 0.708569634375 0.22537981875000002 0.7399538484375 0.236553425 0.7708645921875
3 0.259294790625 0.629152246875 0.26935593125 0.632369984375 0.2701255421875 0.6195480640625 0.277254390625 0.5912237640625 0.2894027328125 0.5757471640625 0.29129045468750003 0.554346590625 0.30161189374999997 0.5291092484375 0.3050600671875 0.4997999796875 0.3006154234375 0.47536526874999996 0.2905764359375 0.4496698765625 0.2749044421875 0.4313974515625 0.265432303125 0.4284161328125 0.252735984375 0.43694323125 0.2354144125 0.4340939578125 0.2204346984375 0.420366928125 0.2042840546875 0.412078775 0.1886743125 0.40482841093750005 0.1813129640625 0.402858471875 0.1719898453125 0.4014141875 0.1724991578125 0.417047346875 0.1735422953125 0.4278065796875 0.1784434328125 0.464734675 0.19562921093750002 0.5180831484375 0.21079096874999997 0.5609352140625 0.21861352968749997 0.579339684375 0.2402472375 0.6188806359375 0.259294790625 0.629152246875
1 0.8118208453125 0.59898131875 0.8288175062500001 0.617293040625 0.8335318828125 0.6211549562500001 0.8357388734375 0.6205635953125 0.8341043750000001 0.6075973718750001 0.8275583781250001 0.5900335703125 0.8269094812500001 0.5807456640625 0.8260681812499999 0.5746632375 0.8241978968750001 0.5696450093750001 0.8207119828125 0.5674251296875 0.8170454609375 0.578263590625 0.8111144124999999 0.5826124953125 0.8084697999999999 0.5864750421875 0.8038153171875001 0.591664615625 0.8018535484375 0.59219026875 0.8118208453125 0.59898131875
0 0.8275385828124999 0.6144818015625 0.8289137078125 0.6156903 0.829793671875 0.61308906875 0.8284138296875 0.607939428125 0.8283610124999999 0.604799653125 0.8282600921875 0.60246125 0.8264426265625 0.60058279375 0.8251156015625 0.598572925 0.824524240625 0.5963659359375 0.8239328796875001 0.5941589453125 0.822754875 0.593686109375 0.8214783109375 0.592845440625 0.820694546875 0.5938439328125 0.8217282484374999 0.596720878125 0.8225190890625 0.601634103125 0.8232594703125 0.6053781265625 0.8227737453125 0.6094506828124999 0.8245431109375 0.612130509375 0.8275385828124999 0.6144818015625
0 0.6639534609375 0.5983897093749999 0.6633210765625 0.6028958046875 0.662049228125 0.6059962796875 0.66352763125 0.6115137546875 0.664169453125 0.6148899453125 0.6636356265625001 0.6197638734375001 0.6640803265625 0.6224044015625 0.6659001515625 0.626253428125 0.666582996875 0.622916534375 0.6656959546875 0.61960605 0.6663740828125 0.6123280125 0.6663717234375001 0.610357440625 0.6669583671875 0.6086232875 0.6667565296875 0.6039464812500001 0.6653766875 0.5987968390625 0.664585846875 0.5938836140625 0.662612284375 0.5845564109375 0.6612805421875 0.578605396875 0.6601025375 0.5781325625 0.656573240625 0.5806551953125 0.6570179406250001 0.5832957249999999 0.660063871875 0.58681621875 0.6619822578125001 0.5910330781249999 0.6639534609375 0.5983897093749999
1 0.7174027296875 0.658579521875 0.7391524328125 0.6720695015625 0.7593393265625 0.69149760625 0.7753409484375 0.698248725 0.7876548203125 0.6981031578125 0.7954467171874999 0.6908901968750001 0.7975914546875 0.679276775 0.7983705015625 0.6743371421875 0.7907908015625 0.65389639375 0.78400194375 0.638368871875 0.7871629453125 0.6560511984375 0.785850075 0.6658647578125 0.7828112203125001 0.6682559796875001 0.7794719671875 0.6656025624999999 0.7727981796875001 0.6642368734375 0.76706189375 0.6673508703125 0.76098654375 0.674103884375 0.7511225234375 0.6716218109375001 0.740850109375 0.65584498125 0.7348016312500001 0.64406148125 0.7297797796875 0.6292432109375 0.7256496875 0.6216765703125 0.7223948421874999 0.6075675546875 0.717861075 0.5906473 0.7076367609374999 0.5740691015625 0.6989389515625 0.5622070046875 0.6904934390624999 0.55619091875 0.687209365625 0.558647846875 0.6792203453125001 0.5651251453125 0.6745611453125 0.5663735734374999 0.665678009375 0.5636286734375 0.66851881875 0.600714590625 0.6734175984374999 0.635672115625 0.685365534375 0.6577020828125 0.69752566875 0.6520783406249999 0.7043414 0.6490693484375 0.7174027296875 0.658579521875
1 0.6532670109375001 0.6055897828125001 0.6589740671875 0.6190417312500001 0.659949309375 0.6550505625 0.6614536578125 0.6822443265625 0.6637229015624999 0.692675025 0.6701373140625 0.6822829921875 0.6729696140625 0.6712738203125 0.673523234375 0.6419516625 0.6672083062499999 0.6124987234375 0.6645938484375 0.5595825265625 0.6621345609375 0.554327878125 0.6596318906249999 0.55381574375 0.6595979437499999 0.56644054375 0.659463075 0.5767269421875 0.653486284375 0.5838477875 0.6545798828125 0.595776221875 0.6532670109375001 0.6055897828125001
0 0.671367628125 0.6034994218749999 0.6729856171875 0.60267164375 0.6753873671874999 0.6008453734375 0.677548615625 0.6030259546875001 0.67867851875 0.6043001593749999 0.67922178125 0.6073085203125 0.6818230109375001 0.6081884843750001 0.682654875 0.606388625 0.6845157234375 0.6035245687499999 0.688780684375 0.6008048125000001 0.6919204578125 0.60075199375 0.6968248796875 0.5994378578124999 0.7008974359375 0.5999235828125 0.7005946796875 0.5929083734375 0.7009771265625 0.5845268406249999 0.7004796078125 0.5787465390625 0.6946353265625 0.5736104171874999 0.6904618515625 0.5707862890625 0.6872692578125 0.5676993343750001 0.6845166500000001 0.5633117640624999 0.6836319671875 0.5619718515625001 0.6801050296875 0.5664650578125 0.67603483125 0.5679499046875 0.67097903125 0.5657564359375 0.6682334984375 0.56728058125 0.669178075 0.57767198125 0.6685504078125 0.5861192203125001 0.6691464875 0.592267353125 0.669446884375 0.5973119921875 0.670189625 0.6030265859374999 0.671367628125 0.6034994218749999
0 0.685657421875 0.61465163125 0.6841837374999999 0.6130753015625 0.6839866171875 0.6123396375 0.6833495125 0.6129045890625 0.68433275625 0.6146123343750001 0.6860035625 0.616924328125 0.6869363468749999 0.617462871875 0.6871311078125 0.6162279625 0.6864435453125 0.6156237124999999 0.685657421875 0.61465163125
0 0.68938148125 0.6108940890625 0.690215703125 0.6110648000000001 0.6908528078125 0.6104998484374999 0.6898214625 0.609593471875 0.689379121875 0.608923515625 0.688886321875 0.607084359375 0.6891796421875 0.60621728125 0.6880016375 0.6057444453125 0.6871674140625 0.605573734375 0.6863836515624999 0.6065722250000001 0.6868764515625 0.6084113828125 0.6880063562500001 0.6096855890625 0.68938148125 0.6108940890625
3 0.8360826546875 0.62086571875 0.8339072546875 0.6068617078125 0.8277050390625 0.5896000328125 0.829265490625 0.5816913359375 0.826210125 0.57028855625 0.818046140625 0.5535525328124999 0.8060864109375 0.5216697078125 0.7948788546875 0.5033837640625001 0.7824451921875 0.485426353125 0.765645653125 0.46785029375000003 0.7590199671875 0.465683234375 0.752990359375 0.46966430781249996 0.732838846875 0.47979477812500004 0.726229671875 0.49142172031250003 0.7173559703125 0.4965591046875 0.7164279046875001 0.49996170624999997 0.7188848343750001 0.5032457828125 0.7305347296875 0.5222016828125 0.76038288125 0.57964785625 0.76455635625 0.5824719843749999 0.78138984375 0.58742324375 0.8006274421875 0.592518803125 0.81054428125 0.5981406515625001 0.8214995406250001 0.6105805859375 0.83338758125 0.6235590656250001 0.8360826546875 0.62086571875