3 0.632006703125 0.5858253062500001 0.6362196328125 0.55207419375 0.640039209375 0.53411371875 0.6387851312499999 0.5112372374999999 0.6349565984375001 0.47847349218749996 0.6326943015625 0.479042790625 0.623031928125 0.47892828437499996 0.6169188109375 0.47718995625 0.6093511625 0.4693734 0.6065951796875 0.46592197031250004 0.6060203 0.48814844375 0.60349576875 0.4992448359375 0.5979028546875 0.5075112046875 0.5946631250000001 0.50645136875 0.5923352703125 0.5096524421875 0.588652021875 0.5144775609375001 0.566658815625 0.522133909375 0.5693437796875 0.5471668968750001 0.5803828531249999 0.5595131375 0.5945148984374999 0.6017981906250001 0.6096199015625 0.6203502671875001 0.6233799359375001 0.62478276875 0.6308874828125 0.6162813125 0.632006703125 0.5858253062500001
3 0.731968675 0.4391585703125 0.7355811515624999 0.44483703593749996 0.7398035265625 0.439654196875 0.746228096875 0.41758404687499995 0.7468536328125001 0.38310730937500004 0.7469700921875 0.3571473 0.7448292234375 0.334962753125 0.74317185625 0.3214645859375 0.7400128328125 0.3163134921875 0.7341527171875 0.331900790625 0.7289829609375 0.34361350156250003 0.7282722421875001 0.356819384375 0.7318641109375 0.3829071171875 0.7326192953125 0.40963467812500004 0.731968675 0.4391585703125
3 0.18545124375 0.521421765625 0.196500740625 0.518024384375 0.202138853125 0.5164575359375 0.210306709375 0.49592248593750005 0.20073924375000002 0.46707016562500003 0.19390243125 0.44779440625 0.190134 0.43134867187500003 0.17533643125 0.4089690234375 0.16235267343749998 0.388698865625 0.15622609062499998 0.37837317187499997 0.14825539999999998 0.3688569546875 0.1458870671875 0.37964264375 0.146012728125 0.3933288828125 0.152405778125 0.42956756875 0.161761175 0.478852665625 0.1682855875 0.49874983124999994 0.173540528125 0.5083079765625 0.18545124375 0.521421765625
3 0.47224480468749996 0.64275678125 0.4827248796875 0.6426360875 0.49168367343749997 0.6269598453125 0.49626438124999994 0.5946211984375 0.5004216875 0.5699141828125 0.49584741718750003 0.53899115 0.4919429 0.5246027984375 0.48527173125 0.5335846109375 0.473909834375 0.5376034 0.44719063437499995 0.5400095296874999 0.4415373765625 0.5430358625 0.4252982515625 0.5453213 0.42854270312500004 0.5606652734375001 0.4375409921875 0.581716309375 0.44907871562499996 0.6012894421875 0.45577944375 0.622622584375 0.4630093640625 0.637185678125 0.47224480468749996 0.64275678125
3 0.6767119875 0.41649923125 0.6788327437499999 0.4369370984375 0.6865615593750001 0.4476491125 0.69389726875 0.4630737921875 0.6987794625 0.4680133046875 0.706155646875 0.47585336875 0.71211609375 0.480077440625 0.7166960671875 0.48097271406250003 0.72206225625 0.47244265937499996 0.7284967625000001 0.4567848328125 0.73256839375 0.43296291406250004 0.7321809890625001 0.4076478203125 0.7318641109375 0.3829071171875 0.7285394421875 0.3494984546875 0.723254696875 0.3207033328125 0.720393171875 0.30531234218750003 0.719310196875 0.291743646875 0.7164586046875 0.28276498437500003 0.7119744859375 0.27631896718750004 0.7063564890625 0.2796324953125 0.702915115625 0.283261815625 0.699408184375 0.28952290937499997 0.6913662328125 0.31266622499999996 0.6807846015625 0.348365415625 0.673977103125 0.37048258437500003 0.6708076546874999 0.3810751140625 0.6742435703125 0.3963955765625 0.6767119875 0.41649923125
3 0.2928480296875 0.46538094843750005 0.300173559375 0.4854712734375 0.30844150312499996 0.495825565625 0.3138628234375 0.500407359375 0.329154565625 0.5046517921875 0.34514188125 0.49714982343749997 0.3582671796875 0.49641281406250004 0.3654571140625 0.496404575 0.3696442265625 0.49093454062499997 0.36832980000000004 0.4628180234375 0.3666525640625 0.4364952015625 0.3680789703125 0.4132896 0.36199783124999996 0.39858545312500004 0.3484749484375 0.3786730171875 0.3332038109375 0.354019315625 0.32192783281250004 0.3460750375 0.31386128750000003 0.3421095625 0.30242389531249997 0.34234779843749996 0.29442763125 0.3500346890625 0.2898019703125 0.364595840625 0.28664245781250003 0.38160069375 0.28517085 0.39810677656250004 0.2865409 0.41717919375 0.2892862109375 0.44745221874999996 0.2928480296875 0.46538094843750005
3 0.7001972265624999 0.6077711453125 0.7065107953124999 0.5927112203125 0.707654853125 0.57828603125 0.7045924203125 0.5343502765625 0.6975343374999999 0.495861046875 0.6890148296875 0.4692122515625 0.683089890625 0.4541974015625 0.6766509078125 0.444493115625 0.67510380625 0.4572186421875 0.6725993906250001 0.47006171406249997 0.6691125734375001 0.4780694875 0.65830495 0.480271071875 0.6547528203125 0.47983264375 0.658123675 0.47918702968750004 0.6535486609375 0.477939821875 0.650026828125 0.4745824265625 0.64275121875 0.475475759375 0.6385340578124999 0.4727867875 0.6349565984375001 0.47847349218749996 0.6387851312499999 0.5112372374999999 0.640039209375 0.53411371875 0.648468321875 0.5473634703125 0.659995865625 0.5716022515625 0.6706264375 0.6011986140625 0.6785114531249999 0.6115999234375 0.687691515625 0.6151371515624999 0.7001972265624999 0.6077711453125
3 0.13487013750000001 0.5051849328125 0.152141828125 0.5176404765625 0.1603042265625 0.5160552109375 0.168104059375 0.5051856671875 0.165786628125 0.49264311875000005 0.16050660625 0.478132134375 0.1578315765625 0.45951147187499997 0.15328735625 0.43674744531250004 0.140671378125 0.41788975468749995 0.131582203125 0.405595621875 0.120915878125 0.3978680125 0.11073826875 0.39095497031250004 0.1053522109375 0.386660371875 0.0990440984375 0.3827705140625 0.09631320156249999 0.384271925 0.094287565625 0.3915172375 0.094075740625 0.40087204062500004 0.09657445625 0.418056728125 0.10368840625 0.436423884375 0.1133668734375 0.45826597968750005 0.12069737031250001 0.48156246875 0.13487013750000001 0.5051849328125
3 0.791680165625 0.42687099999999994 0.7956907171875 0.4310429625 0.8020594187500001 0.42909488749999997 0.810116275 0.4155700609375 0.8164956468750001 0.38680038906249997 0.8184360984374999 0.35828422187500003 0.8203966671874999 0.331514734375 0.8172177734374999 0.3135389890625 0.8102649906250001 0.29806729375 0.8030596640625 0.3106129890625 0.7941713953125 0.326863621875 0.78814514375 0.3363492984375 0.7921549609375 0.373755184375 0.7943209125 0.40089257187499994 0.791680165625 0.42687099999999994
3 0.201168659375 0.6430984390625001 0.2071648609375 0.6254537578125 0.21632032968749998 0.601882196875 0.2239840765625 0.5930700359375 0.2232537328125 0.5823732921875 0.22486166718749998 0.552731853125 0.22942201562500003 0.5297245015625001 0.2313873046875 0.51723915 0.2233006453125 0.511526996875 0.217158915625 0.5026607875 0.211959353125 0.49513651718749996 0.2066989546875 0.5045281578125 0.20061707968750003 0.5230579328125 0.1968931109375 0.546545640625 0.19256942500000002 0.5762290046875 0.194030115625 0.59762249375 0.19474506875 0.6208566953125 0.19713799375000002 0.637179796875 0.201168659375 0.6430984390625001
3 0.291352878125 0.6352319828125 0.3075411015625 0.6562747796874999 0.32421853125 0.6559761984375 0.338780171875 0.6384459125 0.3425900609375 0.6029951375 0.3448126171875 0.5767765328125 0.347659975 0.5493151093749999 0.34456699999999996 0.519376296875 0.33904013437499997 0.5028549453125 0.329154565625 0.5046517921875 0.31499645625 0.501725790625 0.3138628234375 0.500407359375 0.30844150312499996 0.495825565625 0.300173559375 0.4854712734375 0.2961731890625 0.4766336625 0.28960780937499997 0.486477059375 0.28306776093749997 0.4901953265625 0.28149557812500003 0.4979680109375 0.2790164890625 0.5046859515625 0.2767790296875 0.5212860671875 0.2760832125 0.544110440625 0.27657640625 0.57028711875 0.2836799296875 0.6043978953125 0.291352878125 0.6352319828125
3 0.8358195921875 0.5552612578125 0.8351801328124999 0.5358076109375001 0.8309232312500001 0.507469334375 0.8179953421875 0.467077103125 0.800114490625 0.43224894062499997 0.790622028125 0.42933312187499995 0.787699421875 0.4419360171875 0.7786147234375 0.45500399375 0.7684723765625 0.448378146875 0.7606375265625 0.447882521875 0.7612722625 0.453052034375 0.7709105 0.47140077031249994 0.783778040625 0.5065529640624999 0.788967178125 0.5298208546875001 0.8012357375000001 0.5379347859375 0.8194193000000001 0.5546512390625 0.8358195921875 0.5552612578125
3 0.1391513875 0.5717099718750001 0.1449073296875 0.5397465015625 0.14939578125 0.5206013734375 0.14132426874999998 0.5134297359375 0.132149175 0.5130986703125 0.12446555781249999 0.5090861765625 0.11864095 0.513882696875 0.11266486406250001 0.5332740578124999 0.11194893125000001 0.5543517515625 0.1107897265625 0.5702364249999999 0.1135002640625 0.5780663078125 0.12204534375000001 0.5875119984375 0.1325557140625 0.5844723375 0.1391513875 0.5717099718750001
3 0.746228096875 0.41758404687499995 0.7456837578125 0.425813578125 0.754012046875 0.44140790937499996 0.7606375265625 0.447882521875 0.7684723765625 0.448378146875 0.7786147234375 0.45500399375 0.78707461875 0.44317883125 0.7922848515625 0.42388150468749997 0.79393301875 0.3977334265625 0.7920995828125 0.3717213078125 0.78814514375 0.3363492984375 0.78494116875 0.3134207109375 0.7849061500000001 0.302055540625 0.779802196875 0.3000585046875 0.7757159078125 0.3031839609375 0.768178065625 0.3146043859375 0.76141104375 0.32913693906249997 0.7554955484375 0.3426903625 0.7469700921875 0.3571473 0.7468536328125001 0.38310730937500004 0.746228096875 0.41758404687499995
3 0.38170323125 0.63346715 0.39614344687499997 0.6386907093749999 0.40857863125 0.6307503140625 0.41374366562500003 0.6047534671875 0.420042575 0.5689970796875 0.423086365625 0.5447183109375 0.4018441109375 0.542662134375 0.387086528125 0.53485381875 0.37818881718749997 0.522536178125 0.37058614843750004 0.5033544546875001 0.3654571140625 0.496404575 0.3582671796875 0.49641281406250004 0.34514188125 0.49714982343749997 0.34248647499999996 0.5024317875000001 0.3448692203125 0.5234205375000001 0.34890436406249997 0.554701290625 0.3550458484375 0.5746454734374999 0.363444665625 0.59081419375 0.37095147812499996 0.615546659375 0.38170323125 0.63346715
3 0.49954402968749995 0.3854867265625 0.49375444062499996 0.40164841406249996 0.48863509531249993 0.41218883437500003 0.483178265625 0.418397821875 0.488039609375 0.4548245765625 0.4915001171875 0.4972538328125 0.49985349062499995 0.517801003125 0.5013044890625 0.5217041921875001 0.5032039765625 0.5229285875 0.5121674921875 0.5215364828125 0.5191307000000001 0.52126455625 0.531515228125 0.5255744250000001 0.547945815625 0.523265478125 0.5711632953125 0.5192486296875 0.588652021875 0.5144775609375001 0.5923352703125 0.5096524421875 0.5946631250000001 0.50645136875 0.5979028546875 0.5075112046875 0.60349576875 0.4992448359375 0.6060203 0.48814844375 0.6065951796875 0.46592197031250004 0.6033509734375 0.4395000234375 0.5982576921875 0.4106813921875 0.5929727 0.39296424218750003 0.5901009953125 0.3822389 0.58602513125 0.3696207359375 0.57626595625 0.351869896875 0.5673078984375 0.33431221875 0.5582289031250001 0.317352440625 0.5538960171875 0.3073895578125 0.54542643125 0.30172442187500004 0.5380753281249999 0.2988372 0.527237409375 0.3039577515625 0.520077525 0.3121249953125 0.514036125 0.32307015625 0.509556484375 0.34198625 0.5049256109375 0.3644192125 0.49954402968749995 0.3854867265625
3 0.5563677546875 0.6330108296875 0.560202725 0.602512896875 0.5654439874999999 0.5470626828125 0.566658815625 0.522133909375 0.547945815625 0.523265478125 0.531515228125 0.5255744250000001 0.5191307000000001 0.52126455625 0.5099556046875 0.5209334921875 0.5032039765625 0.5229285875 0.49576744531249994 0.5098484875 0.49228584218749993 0.5099844499999999 0.4919429 0.5246027984375 0.50262339375 0.5751828203125 0.5150277921875 0.592317340625 0.52665094375 0.6220833546875 0.5340671140625 0.6444947484375 0.547419140625 0.6440214265625 0.5563677546875 0.6330108296875
3 0.154174946875 0.627587228125 0.1709738046875 0.6045348015625 0.18385250625 0.5907094515625 0.19256942500000002 0.5762290046875 0.1968931109375 0.546545640625 0.20061707968750003 0.5230579328125 0.202138853125 0.5164575359375 0.196500740625 0.518024384375 0.18545124375 0.521421765625 0.173540528125 0.5083079765625 0.168104059375 0.5051856671875 0.1603042265625 0.5160552109375 0.152141828125 0.5176404765625 0.14939578125 0.5206013734375 0.14327343125 0.5467157640625 0.1391513875 0.5717099718750001 0.1396194984375 0.5929338093750001 0.14227441406250002 0.6098077921875 0.14767537343749998 0.623720878125 0.154174946875 0.627587228125
3 0.785983490625 0.5704176328125 0.7939795078125 0.5738087171874999 0.7936119749999999 0.5613182765625 0.7901055328125001 0.545423421875 0.788967178125 0.5298208546875001 0.783778040625 0.5065529640624999 0.7709105 0.47140077031249994 0.76193729375 0.45530257656249995 0.754012046875 0.44140790937499996 0.7475075046875 0.4343353953125 0.7429930890625001 0.43080834843750004 0.7398035265625 0.439654196875 0.7367147843749999 0.4461554671875 0.743002534375 0.459376621875 0.752161990625 0.4833231171875 0.7636286984375 0.5244778078125 0.765830159375 0.54082441875 0.7756196296875 0.5556562890625 0.785983490625 0.5704176328125
3 0.21749664375000002 0.49591424687499996 0.2288833796875 0.507926275 0.240229884375 0.51644494375 0.2455101515625 0.51987795625 0.2558995859375 0.5174361937499999 0.2694232046875 0.504114709375 0.273645578125 0.49893187031249997 0.2768401109375 0.4932921828125 0.28960780937499997 0.486477059375 0.29554342031249997 0.47467031562499995 0.2912408296875 0.4617884640625 0.28809223125 0.44089375156250005 0.2865409 0.41717919375 0.2854529546875 0.4004043359375 0.2756786328125 0.3841129828125 0.266932153125 0.368278475 0.25212440625 0.3505644734375 0.2418914171875 0.34161755625 0.22894764687500002 0.3359187328125 0.2204929625 0.339872084375 0.2133633734375 0.3451203609375 0.2050244140625 0.35634762656249996 0.20402637656249997 0.375127759375 0.19683073906249998 0.4051637546875 0.1940186453125 0.432912371875 0.1967289375 0.451820228125 0.2079339 0.4813460640625 0.21749664375000002 0.49591424687499996
3 0.23025594531250002 0.6409845953125 0.2352136328125 0.6497046609375 0.24204572343750003 0.6546962828125 0.2520524734375 0.6412235640625 0.26094074218749996 0.6249729312500001 0.2755277125 0.6013175140625 0.28125670937499997 0.5909937625 0.27657640625 0.57028711875 0.27548870625 0.5424342859375 0.2685461046875 0.52229694375 0.262021446875 0.5134777515625 0.2558995859375 0.5174361937499999 0.2455101515625 0.51987795625 0.240229884375 0.51644494375 0.23423417500000002 0.5119336765625 0.22942201562500003 0.5297245015625001 0.22486166718749998 0.552731853125 0.2232537328125 0.5823732921875 0.2249058859375 0.60374326875 0.22768149218749997 0.631097328125 0.23025594531250002 0.6409845953125
3 0.7163821968749999 0.5480619640625 0.7327467359375001 0.5705407375 0.7540942890625 0.595614446875 0.76367739375 0.6008513359375 0.768358434375 0.5883240578125 0.765830159375 0.54082441875 0.7636286984375 0.5244778078125 0.752161990625 0.4833231171875 0.743002534375 0.459376621875 0.731968675 0.4391585703125 0.7284967625000001 0.4567848328125 0.7211579828125 0.47292052656249994 0.72206225625 0.47244265937499996 0.7195826015625 0.4763843 0.7165599828125 0.483030096875 0.712818134375 0.48021467187500005 0.71211609375 0.480077440625 0.706155646875 0.47585336875 0.6987794625 0.4680133046875 0.6931411046875 0.48065812656249995 0.6984966234375001 0.498949665625 0.7058318421875 0.5365302921875 0.7163821968749999 0.5480619640625
3 0.37058614843750004 0.5033544546875001 0.37818881718749997 0.522536178125 0.387086528125 0.53485381875 0.3992140328125 0.54181896875 0.41704521093749997 0.5445854984375 0.4415373765625 0.5430358625 0.44719063437499995 0.5400095296874999 0.473909834375 0.5376034 0.48527173125 0.5335846109375 0.4919429 0.5246027984375 0.4915001171875 0.4972538328125 0.48744510312499995 0.453148425 0.48288598125000004 0.4207659078125 0.47132317500000004 0.39623993281250003 0.46513624531250003 0.38067419999999996 0.4592416015625 0.362740384375 0.4488375109375 0.34448568125 0.43925961874999997 0.33137698125 0.42622520625 0.3233570859375 0.4179873140625 0.3211618 0.406116584375 0.3226193421875 0.40028700937500006 0.32420969843749997 0.39227063125 0.3301499078125 0.38386114375 0.3408027828125 0.37588947500000003 0.3755984609375 0.3695806265625 0.4049425234375 0.366718121875 0.4338634296875 0.37016348125 0.4777521671875 0.37058614843750004 0.5033544546875001
3 0.6035978156249999 0.44151038906249995 0.6058596234375 0.46309703593749996 0.6093511625 0.4693734 0.6169188109375 0.47718995625 0.62336300625 0.47902242968750003 0.6326943015625 0.479042790625 0.6385340578124999 0.4727867875 0.64275121875 0.475475759375 0.650026828125 0.4745824265625 0.6535486609375 0.477939821875 0.6601843203125 0.47974878906249996 0.6674750765625 0.47739597343750007 0.6725993906250001 0.47006171406249997 0.6751996609375001 0.4516679015625 0.677386709375 0.4362400734375 0.6767119875 0.41649923125 0.6741176656250001 0.3937873125 0.6676841390625 0.36513324062499997 0.663124771875 0.3438287 0.6576684328125 0.3278817375 0.6506148281249999 0.31475461875 0.6407496187499999 0.30722017031250004 0.6322748203125 0.30942684374999996 0.6256188 0.316949171875 0.6180506609374999 0.33128856406249996 0.6125533562500001 0.345082165625 0.6054789015625001 0.3634422890625 0.6016039453124999 0.379368890625 0.598343609375 0.3987183234375 0.5982576921875 0.4106813921875 0.6035978156249999 0.44151038906249995