3 0.6093168875 0.6133206578125 0.6210141874999999 0.5813822859375 0.628776096875 0.5647413546875 0.6327002484375 0.5421690890625 0.6363400796875001 0.50938384375 0.6340077015625 0.5094296453125 0.62461873125 0.5071445125 0.6190533328125001 0.5040755859375 0.613437984375 0.49475701718750004 0.6115290421874999 0.4907740859375 0.6059690265625 0.5123015765625001 0.601013053125 0.5225456734375 0.5937039578125 0.5293420421875 0.5907856734375 0.527580590625 0.5877973953125 0.5301759671874999 0.5831231328125 0.5340488671875 0.5599713093750001 0.5365615890625001 0.5569562593749999 0.5615569687499999 0.5649351031250001 0.5760700265625001 0.569192878125 0.620450334375 0.57973743125 0.6419248093750001 0.5921477 0.6493390421874999 0.6013752421875 0.6427443078125 0.6093168875 0.6133206578125
3 0.7397096765625 0.49289953124999997 0.7419521890625 0.4992450875 0.7472322296875 0.4951449109375 0.7584568421875 0.47508563125 0.766821925 0.44163324687500005 0.77277513125 0.41636478906249996 0.77567956875 0.3942672390625 0.7771011078125001 0.38074220312499996 0.7751817921875 0.37501250625 0.7659654921875 0.3888820625 0.75829345 0.3991316359375 0.7546302687499999 0.411839175 0.7522616171875 0.43806627656249997 0.7469850515625 0.46427869062499993 0.7397096765625 0.49289953124999997
3 0.188694259375 0.450114653125 0.20022480156250003 0.4492899421875 0.206070875 0.4490315515625 0.21864877031250002 0.43086018125000003 0.215816878125 0.4005951328125 0.2134913953125 0.3802754625 0.21351903437500003 0.36340351718749997 0.2041350515625 0.3382687296875 0.19604386093749998 0.315597384375 0.1923970765625 0.30415815625 0.18677135625000002 0.293092825 0.1820374734375 0.30306931875 0.17908117968749998 0.31643304687499996 0.1771584453125 0.353181059375 0.17518732812499999 0.40330749062500004 0.17706863281250002 0.4241623671875 0.180038775 0.43465764062499995 0.188694259375 0.450114653125
3 0.4408428796875 0.6328543734375 0.4510815015625 0.6350942765625 0.46333706875 0.62183510625 0.47507498750000005 0.59135573125 0.4846836109375 0.5682171453125 0.487182746875 0.5370576812500001 0.486614978125 0.522159778125 0.4780943234375 0.5294107 0.46611959843750006 0.5307706171875 0.43954395 0.527104565625 0.43335480625 0.5287816265624999 0.41701777812499996 0.52735548125 0.4167274328125 0.5430360328125 0.42075964218750006 0.56557170625 0.4275986578125 0.5872386046875 0.429328734375 0.6095323140625 0.43309736875000004 0.6253485359375001 0.4408428796875 0.6328543734375
3 0.6909664578125 0.4583908984375 0.6884353375 0.47878201093749995 0.6935563859375 0.49095808124999996 0.697234284375 0.507637603125 0.7008801984375 0.513548771875 0.7063037015625 0.5228471765625 0.7111611734375 0.5283037937499999 0.71542236875 0.5302063921875 0.7225698671874999 0.523102090625 0.7323617015624999 0.5092930234375 0.74168774375 0.4869975765625 0.7470049265625 0.46224415937499996 0.7522616171875 0.43806627656249997 0.7565374734375 0.4047659875 0.7578656687499999 0.3755200734375 0.7585397031250001 0.3598798515625 0.7605367765625 0.3464153046875 0.7597780296875001 0.33702529531250003 0.7568588765625 0.3297357828125 0.7506394890625 0.331700609375 0.7464698984375 0.3344627703125 0.741644409375 0.33977450625 0.728602459375 0.3605156125 0.7102614625 0.3929194875 0.6986531593749999 0.4129384390625 0.69318214375 0.4225465125 0.6930836421875 0.43824722656250004 0.6909664578125 0.4583908984375
3 0.3059449140625 0.41966917812500004 0.30856335156250003 0.44089247499999995 0.314290178125 0.45284127031250004 0.318541871875 0.45852516562499995 0.3324868984375 0.46610070625000005 0.349752034375 0.46238737656250006 0.362706725 0.46462180625 0.369714234375 0.4662311625 0.3750245203125 0.46184321875 0.38006862343750003 0.43415164375000004 0.3843557203125 0.40812617968750003 0.39096569375 0.3858362078125 0.38834812812499997 0.37014096875 0.37965115781250003 0.3476968984375 0.3703172953125 0.3202398125 0.3611173921875 0.309962603125 0.3541496296875 0.30428418437500004 0.34295178593750003 0.3019434609375 0.33343129375 0.30763456875 0.325648640625 0.320781971875 0.3187448453125 0.33664025625 0.3135978953125 0.35239224999999996 0.31064247031250003 0.3712840375 0.30650747031250003 0.40139872656250003 0.3059449140625 0.41966917812500004
3 0.6708229515624999 0.65004355625 0.68036245 0.636789859375 0.684722146875 0.62299174375 0.6916215984375 0.5794931609375 0.69340260625 0.5404026859375 0.691096128125 0.5125204250000001 0.6887006515625 0.4965575828125 0.6846096875 0.4856535609375 0.68023961875 0.49770491093749997 0.674910328125 0.5096554453125 0.6697115203124999 0.5166736171874999 0.658685646875 0.5163875874999999 0.6553231828125 0.515161340625 0.658752875 0.515290553125 0.6545756796875 0.5130461562499999 0.651899359375 0.5089825703125 0.64460926875 0.5082163515625 0.6411050796875 0.50464764375 0.6363400796875001 0.50938384375 0.6327002484375 0.5421690890625 0.628776096875 0.5647413546875 0.634008625 0.579547653125 0.6397881796875 0.6057583281250001 0.6434885578125 0.636987496875 0.6488316968750001 0.6488959640624999 0.656980771875 0.6544075984375 0.6708229515624999 0.65004355625
3 0.1430620375 0.4229156953125 0.157089165625 0.43893729062500003 0.1653989703125 0.4392287953125 0.175444009375 0.4303924171875 0.176007434375 0.41765002500000004 0.174127 0.402323209375 0.1757092671875 0.38357804375 0.1764023078125 0.3603752296875 0.168351734375 0.3391628828125 0.1622610921875 0.32513922812499996 0.153606478125 0.3152102765625 0.145244815625 0.30618495 0.1409628765625 0.3007888234375 0.13569146875 0.29557964531250003 0.13269282031250001 0.29642825781250004 0.1290892609375 0.3030322046875 0.12677849218749998 0.31209959375 0.1253474515625 0.3294059265625 0.1281473609375 0.348902625 0.13266436875 0.372362090625 0.1345664140625 0.3967104953125 0.1430620375 0.4229156953125
3 0.8006548671875 0.4943590515625 0.8036241421874999 0.499326265625 0.8102678359375 0.49886076562500004 0.8211606187499999 0.487494978125 0.8338482562499999 0.4608977171875 0.8421537156250001 0.43354892500000003 0.8500858593749999 0.40790656875 0.8510321031249999 0.3896764453125 0.84773789375 0.3730372515625 0.837895071875 0.38364055625 0.8255790125000001 0.3974752625 0.8175734015625 0.40536220937499995 0.813065953125 0.44271139687499994 0.8090718078125001 0.4696404890625 0.8006548671875 0.4943590515625
3 0.17663754375000001 0.5722084109375001 0.1864492515625 0.5563648125 0.2006725140625 0.535456921875 0.21012214375 0.5285945843750001 0.21181676249999998 0.5180077046875 0.22005135937500003 0.48948768125 0.2296703546875 0.4680958609375 0.23439386562500003 0.456372603125 0.227799421875 0.44898775 0.2238095671875 0.438967190625 0.22043586093749998 0.4304661203125 0.213197628125 0.43843372187499996 0.20310333906250003 0.45512045624999997 0.1941912296875 0.477168465625 0.18330105624999998 0.5051184296875 0.17991182187500002 0.5262921875 0.1753818921875 0.549091728125 0.17404158593750002 0.5655347609375 0.17663754375000001 0.5722084109375001
3 0.2662799125 0.5848306062499999 0.277319634375 0.6089756359375 0.2936367890625 0.6124363109375001 0.311768671875 0.5986309828125 0.3234556015625 0.5649458468749999 0.3315190984375 0.5398991890625 0.340470953125 0.5137821171875 0.34419201875 0.4839148671875 0.342523303125 0.46657368281249995 0.3324868984375 0.46610070625000005 0.319349865625 0.46006481718750003 0.318541871875 0.45852516562499995 0.314290178125 0.45284127031250004 0.30856335156250003 0.44089247499999995 0.3066535390625 0.431381484375 0.2980421484375 0.43949570781249997 0.2908332921875 0.4416474828125 0.2875529296875 0.44886729062499997 0.283626171875 0.45485537656249997 0.2777118453125 0.47052671406249996 0.2718994953125 0.492609575 0.2664915765625 0.518226290625 0.2657397828125 0.5530607562500001 0.2662799125 0.5848306062499999
3 0.8147814796875 0.6293878875 0.8185345281249999 0.6102889890625 0.82076145625 0.5817194265625 0.8172511828125 0.539454303125 0.807663246875 0.5014964671875 0.79906999375 0.496520040625 0.7933872578125001 0.5081424812499999 0.78159574375 0.5188319156250001 0.7732038375 0.51009435625 0.7656812859375 0.5078489765625 0.7651368656249999 0.513028778125 0.7704005078125 0.5330753703125 0.77503073125 0.57022118125 0.7748527359375 0.59406001875 0.784981615625 0.6047258156249999 0.79893875 0.6251042390625 0.8147814796875 0.6293878875
3 0.13226868125 0.48869877500000003 0.1450673140625 0.45884933125 0.15374744375 0.44120457343749997 0.147496071875 0.4324010484375 0.1386306078125 0.430014521875 0.1320465359375 0.4243764296875 0.1252922296875 0.42773976406249997 0.11510720468749999 0.44528979843750005 0.10966817031250001 0.465666221875 0.104965403125 0.48088300781250004 0.105845128125 0.48912195 0.11204638125 0.5002477734374999 0.12297114687499999 0.4996503375 0.13226868125 0.48869877500000003
3 0.7584568421875 0.47508563125 0.7560752125 0.48298179062499996 0.7606820875 0.5000498984374999 0.7656812859375 0.5078489765625 0.7732038375 0.51009435625 0.78159574375 0.5188319156250001 0.792498896875 0.5092128921875 0.8019165453125 0.491582203125 0.8094045078125 0.4664750546875 0.813469515625 0.44071719218750005 0.8175734015625 0.40536220937499995 0.8196093531249999 0.3823005421875 0.8221318390624999 0.3712187828125 0.8176079359375 0.3681247921875 0.8129233031249999 0.37025092656249997 0.8030096171875 0.3796830015625 0.7931469203125 0.3923208375 0.7843341828125 0.4041961921875 0.77277513125 0.41636478906249996 0.766821925 0.44163324687500005 0.7584568421875 0.47508563125
3 0.35471159375 0.6034354125 0.36760666249999996 0.611773434375 0.381509334375 0.606833859375 0.39239000625 0.5826651890625001 0.40657091406249996 0.54924218125 0.414998225 0.5262703796875 0.39476294843750004 0.5194884359375 0.382140090625 0.5085605125 0.3762412921875 0.4945570234375 0.3731484296875 0.47415669843749997 0.369714234375 0.4662311625 0.362706725 0.46462180625 0.349752034375 0.46238737656250006 0.345976503125 0.46693662812500003 0.3435767390625 0.4879234390625 0.34047182187499997 0.519310178125 0.3419694359375 0.5401247265625 0.346515821875 0.557768365625 0.348266640625 0.5835556046875 0.35471159375 0.6034354125
3 0.5253155984375 0.38831912343749997 0.51603880625 0.40276421406249996 0.5086795921875 0.4118828828125 0.5019659015625 0.41670521406249994 0.4985084125 0.45329191875 0.4923357234375 0.495412159375 0.495852890625 0.5173118078125001 0.49638867500000006 0.5214413609374999 0.49796405000000005 0.5230616671874999 0.5070109859375 0.52372159375 0.5138568968749999 0.52502301875 0.5249545 0.5320083375 0.5414833734375 0.533454646875 0.5650093859374999 0.534763546875 0.5831231328125 0.5340488671875 0.5877973953125 0.5301759671874999 0.5907856734375 0.527580590625 0.5937039578125 0.5293420421875 0.601013053125 0.5225456734375 0.6059690265625 0.5123015765625001 0.6115290421874999 0.4907740859375 0.6143116281250001 0.46429954531249995 0.6158316687500001 0.43507379375 0.614667621875 0.41662186874999996 0.614282196875 0.405525421875 0.6131492656249999 0.3923137921875 0.6076332875 0.3728225703125 0.6028544421875 0.35369976875 0.5978232625000001 0.3351323390625 0.5958425875 0.3244501171875 0.5888644546874999 0.317024934375 0.58235124375 0.31255807343750003 0.570639228125 0.3151093859375 0.56182561875 0.32145667968749997 0.5534769359375 0.33076229687500003 0.5448569125 0.34818587343749996 0.535298409375 0.3690021609375 0.5253155984375 0.38831912343749997
3 0.525002125 0.6422817578125 0.5355993484375 0.613428165625 0.5531798625000001 0.5605781624999999 0.5599713093750001 0.5365615890625001 0.5414833734375 0.533454646875 0.5249545 0.5320083375 0.5138568968749999 0.52502301875 0.5049914328125 0.5226364921875 0.49796405000000005 0.5230616671874999 0.49366049843750004 0.508643953125 0.4902375421875 0.5079932406250001 0.486614978125 0.522159778125 0.4856437015625 0.5738460234375 0.493875746875 0.5933317703125 0.498505103125 0.6249495234375 0.5006897296874999 0.648454790625 0.5138060203125 0.6509971515624999 0.525002125 0.6422817578125
3 0.1343375390625 0.546523465625 0.1558915109375 0.527840790625 0.171550159375 0.5172668625 0.18330105624999998 0.5051184296875 0.1941912296875 0.477168465625 0.20310333906250003 0.45512045624999997 0.206070875 0.4490315515625 0.20022480156250003 0.4492899421875 0.188694259375 0.450114653125 0.180038775 0.43465764062499995 0.175444009375 0.4303924171875 0.1653989703125 0.4392287953125 0.157089165625 0.43893729062500003 0.15374744375 0.44120457343749997 0.1419075484375 0.4652724234375 0.13226868125 0.48869877500000003 0.12795046875 0.5094839484375 0.12674151875 0.5265226765625 0.1288742890625 0.5412941234375 0.1343375390625 0.546523465625
3 0.76281323125 0.6329451203125 0.7698414828125 0.6380480046875 0.7722931078124999 0.6257950171875 0.7724521 0.60951876875 0.7748527359375 0.59406001875 0.77503073125 0.57022118125 0.7704005078125 0.5330753703125 0.765278590625 0.5153712390625 0.7606820875 0.5000498984374999 0.755935225 0.4916954484375 0.7523299265625 0.4872432765625 0.7472322296875 0.4951449109375 0.7427601828125 0.500784740625 0.7459126671874999 0.5150814718750001 0.749450578125 0.54047465 0.751365603125 0.5831539968749999 0.749833453125 0.5995768671875 0.7560355765625 0.6162307484375 0.76281323125 0.6329451203125
3 0.22565628124999998 0.4324695375 0.2340490578125 0.4467351546875 0.24318846875000003 0.4575878984375 0.24756114375 0.462120725 0.2582335734375 0.4620786609375 0.274407265625 0.4521407578125 0.2796873046875 0.44804058125 0.2840686140625 0.4432640515625 0.2980421484375 0.43949570781249997 0.30648156875 0.42932679062499995 0.3051870390625 0.415807228125 0.3068194265625 0.3947397640625 0.31064247031250003 0.3712840375 0.31335593125 0.3546943828125 0.3074968828125 0.33662183125 0.3025365640625 0.31922563125000003 0.2920931203125 0.2986346203125 0.284135021875 0.287615090625 0.2728049546875 0.2791506125 0.263677653125 0.28110075 0.255550190625 0.2846107046875 0.24489937187500002 0.2936743578125 0.239702303125 0.3117486484375 0.22593446093749997 0.33939615624999997 0.2169523609375 0.3658009953125 0.2153398453125 0.384833928125 0.21961575781249998 0.4161235859375 0.22565628124999998 0.4324695375
3 0.205454834375 0.576691959375 0.20832386875000003 0.5863037671875 0.2138579828125 0.592704340625 0.22663896249999999 0.58182795625 0.238955021875 0.5679932515624999 0.258489440625 0.548225475 0.26639394375 0.5394550640625 0.2664915765625 0.518226290625 0.271697278125 0.490842646875 0.26946253124999997 0.4696596765625 0.2650889875 0.45959879062500003 0.2582335734375 0.4620786609375 0.24756114375 0.462120725 0.24318846875000003 0.4575878984375 0.23836124218750002 0.45184351562499997 0.2296703546875 0.4680958609375 0.22005135937500003 0.48948768125 0.21181676249999998 0.5180077046875 0.2086193734375 0.539201625 0.20517051562500002 0.5664789765625 0.205454834375 0.576691959375
3 0.7000247468749999 0.5955055421875 0.7109132390624999 0.6210894062500001 0.7260732984375 0.6503226343749999 0.7342327453124999 0.65758103125 0.741611834375 0.64642783125 0.749833453125 0.5995768671875 0.751365603125 0.5831539968749999 0.749450578125 0.54047465 0.7459126671874999 0.5150814718750001 0.7397096765625 0.49289953124999997 0.7323617015624999 0.5092930234375 0.7215812734375 0.52336429375 0.7225698671874999 0.523102090625 0.7192670890625 0.52638490625 0.7148269625 0.53218043125 0.71181435 0.5285954312500001 0.7111611734375 0.5283037937499999 0.7063037015625 0.5228471765625 0.7008801984375 0.513548771875 0.6925418859375 0.524601153125 0.693645440625 0.5436286109374999 0.6923388578125 0.5818961125000001 0.7000247468749999 0.5955055421875
3 0.3731484296875 0.47415669843749997 0.3762412921875 0.4945570234375 0.382140090625 0.5085605125 0.39238995 0.5180752421875 0.40914178124999995 0.5247820078125 0.43335480625 0.5287816265624999 0.43954395 0.527104565625 0.46611959843750006 0.5307706171875 0.4780943234375 0.5294107 0.486614978125 0.522159778125 0.4923357234375 0.495412159375 0.49830619531250003 0.451524990625 0.5011484046875 0.41894685625 0.49539909687500006 0.39244841406250003 0.492872265625 0.37588987500000004 0.49116293281249995 0.35708969375 0.4851319125 0.336962446875 0.47874831718750005 0.322035165625 0.467852059375 0.311288715625 0.46031913593749996 0.3072965703125 0.44842477656249996 0.3060464234375 0.442386859375 0.30628465 0.433239684375 0.3102693203125 0.4226493578125 0.3187574390625 0.4070546765625 0.3508680703125 0.394306546875 0.37804086406250004 0.38501161875 0.40557660625 0.37849585625 0.44911551562499996 0.3731484296875 0.47415669843749997
3 0.6140999093749999 0.46631391093749996 0.6114478078125 0.48785609062499996 0.613437984375 0.49475701718750004 0.6190533328125001 0.5040755859375 0.624920146875 0.5073107218749999 0.6340077015625 0.5094296453125 0.6411050796875 0.50464764375 0.64460926875 0.5082163515625 0.651899359375 0.5089825703125 0.6545756796875 0.5130461562499999 0.6606343375 0.5163014578125 0.6682675015624999 0.5156490078125 0.674910328125 0.5096554453125 0.6815816609375001 0.4923179984375 0.6871831625 0.47777756406250005 0.6909664578125 0.4583908984375 0.693547696875 0.43567748906250003 0.693724825 0.40631059062499997 0.6940747921875 0.38452644999999996 0.6923455859375001 0.3677607984375 0.6884257234375 0.3533834109375 0.680508240625 0.34382287968749997 0.6717542578125 0.34406658125 0.6635766750000001 0.34989883437499997 0.6529768453125 0.3621682484375 0.6445175515625 0.3743716953125 0.6334942859375 0.39066984531250004 0.6261359375 0.405316571875 0.6186064890625 0.423436665625 0.6158316687500001 0.43507379375 0.6140999093749999 0.46631391093749996