3 0.233146153125 0.6401676828125 0.23742068437500002 0.650374371875 0.242666878125 0.6563487671875 0.253979084375 0.6330026921874999 0.2658885171875 0.6160732484375 0.2748057328125 0.60428633125 0.27442675 0.582747975 0.2724780078125 0.564343234375 0.27126924531249996 0.519043140625 0.2727155765625 0.4910035546875 0.276563184375 0.4729561828125 0.2711208765625 0.4667087453125 0.2623438078125 0.46113754062499995 0.256547459375 0.46078017187500003 0.24880865000000002 0.463569434375 0.24268754375 0.46994078437500003 0.23790993125 0.47738478281249996 0.22960772812500002 0.50678334375 0.22648425468750003 0.534881496875 0.22852887968750002 0.5667176453125 0.2289354109375 0.5997305609375 0.2307262203125 0.6242984140625001 0.233146153125 0.6401676828125
3 0.5263542421875 0.3757878 0.53622011875 0.380481309375 0.5530598828125 0.3818524875 0.572078134375 0.3761503234375 0.5770900375 0.375415521875 0.586102265625 0.3823779671875 0.5971261546875 0.3828326765625 0.6073957546875 0.3777159109375 0.613938371875 0.3727292953125 0.6188730484375 0.3644401390625 0.620719625 0.3478621 0.6209111890625 0.3159478609375 0.6198249890625 0.3008716890625 0.614936315625 0.267735403125 0.6082427218750001 0.236341490625 0.607489303125 0.225452059375 0.6122181062500001 0.2166103109375 0.6109633421875 0.212735659375 0.60282515625 0.1987454203125 0.5967856234375 0.18608134999999998 0.594894584375 0.1746718640625 0.590276640625 0.1653168390625 0.5766243375 0.164394134375 0.5410795796875 0.1723527640625 0.5157449796875 0.1788352828125 0.51348839375 0.183672228125 0.5058330984375 0.215567215625 0.49960113125000005 0.2401353375 0.4989268765625 0.284941409375 0.5025937484375 0.352546928125 0.509191459375 0.37050943125 0.5263542421875 0.3757878
3 0.20248211875000002 0.42992095468749997 0.20922084531250001 0.4252073796875 0.21761806093749997 0.41455818437499997 0.2190804375 0.40834951875 0.20887462499999998 0.383235853125 0.2021313515625 0.3557621453125 0.2003103859375 0.3356736 0.197949896875 0.3161636734375 0.1865062375 0.3036883203125 0.173022496875 0.291564096875 0.162586940625 0.2919285140625 0.15785900625 0.2954523078125 0.15983877500000002 0.3040597859375 0.1637983109375 0.3212747453125 0.16789993125 0.3692727265625 0.17374074374999998 0.397617621875 0.18099599375 0.41303814687499996 0.1926064796875 0.42494789375 0.20248211875000002 0.42992095468749997
3 0.26858901562500004 0.4155771453125 0.278534728125 0.4118711453125 0.2823406796875 0.40865943906249996 0.28831448437499996 0.4034127953125 0.29678438125 0.3681306734375 0.304555084375 0.35022619375 0.30998047500000003 0.3399606671875 0.30772910625 0.31288988125 0.30878582187500003 0.2683503453125 0.3085257234375 0.239530678125 0.3079985703125 0.22443498437499998 0.299025390625 0.21859073750000002 0.2886599078125 0.21027609374999998 0.28114910625 0.1982231828125 0.272167034375 0.18678143125 0.26873552031250003 0.1793442109375 0.26092837812499997 0.18017662343750002 0.24792298124999998 0.1817503453125 0.23599663125 0.182166821875 0.23286687499999997 0.1887136046875 0.229088471875 0.20339986875 0.22697831875 0.21243006250000002 0.22151475 0.216259434375 0.2196104703125 0.22584222031249998 0.220374521875 0.23169324531250002 0.225305721875 0.2446759109375 0.2328360484375 0.257287921875 0.23530652968750002 0.2639190296875 0.2348051859375 0.27093380625 0.2344964734375 0.299493446875 0.24385318281249999 0.35906333125 0.2550670984375 0.39701676875 0.259881153125 0.4066448359375 0.26471560156249996 0.411514046875 0.26858901562500004 0.4155771453125
3 0.4093676515625 0.61078295625 0.41198369375 0.6269252671875 0.4165706125 0.646077553125 0.42342474374999994 0.6553544875 0.428787215625 0.6700014375000001 0.4421041296875 0.6826912671875001 0.464122621875 0.6827620375000001 0.473376965625 0.6485720828125 0.48513107499999997 0.6218518875 0.48729351562499995 0.5929476234375 0.477106159375 0.5149339546875 0.47512271406249995 0.4688212390625 0.470367234375 0.460870471875 0.45950388281250004 0.438298784375 0.45269942968750004 0.42510164375 0.4478764828125 0.40987607031250006 0.43957060312499996 0.4017693953125 0.43070393906250004 0.404318153125 0.4207183078125 0.41222390937500003 0.4149121953125 0.41158699062500004 0.405653309375 0.4135896625 0.379925615625 0.424844053125 0.37749244531250004 0.42996705625000003 0.37751023125 0.44116206562500004 0.37826365 0.4520514953125 0.38654218125 0.5074606687500001 0.401045725 0.5808453609375 0.40352422812500005 0.5983919281250001 0.4093676515625 0.61078295625
3 0.6986036359375001 0.286085375 0.6892063390625001 0.294810259375 0.6928100921875 0.32855119843749997 0.6962363890625001 0.36789615000000003 0.6954697296875 0.3779989890625 0.702274184375 0.39119613124999997 0.7146691140625 0.40419804687500005 0.7276141984375 0.41158293749999997 0.7408636468750001 0.4169979625 0.744355471875 0.41547657187500003 0.7524029890625 0.3841276703125 0.7551670046875001 0.3350502609375 0.75568854375 0.26449957031250004 0.7585263078125 0.24424833906250001 0.761156459375 0.23408042343750002 0.7590018421875 0.21512309062499999 0.75802215625 0.2084399234375 0.7559350046875 0.196757396875 0.7404866765625 0.2031745703125 0.7205952515625 0.2105865734375 0.714688040625 0.228425975 0.7084569421875 0.24767614375 0.7052562421874999 0.268219940625 0.6986036359375001 0.286085375
3 0.7827247546875 0.40825898125000004 0.7983639796875 0.43402258125 0.8123100140625 0.4380138265625 0.8289554062500001 0.4284760515625 0.841786825 0.411234521875 0.8493959171875 0.36198791875 0.851393271875 0.3230133515625 0.8529754015625001 0.30420542031250003 0.8534589609375001 0.2859956328125 0.8451034015625 0.2818091625 0.8388261015625 0.28370771562499997 0.8287712671874999 0.294974578125 0.8172727109375 0.3183271609375 0.8062338421874999 0.3495006328125 0.8043571125 0.370557978125 0.794584509375 0.39524974375 0.7884634015625 0.40162109375000005 0.7827247546875 0.40825898125000004
3 0.6510367703125 0.5802323140625 0.6717766265625 0.6024591046875 0.67643275 0.618250284375 0.696039334375 0.6133672453125001 0.6999889109375 0.5715255984375001 0.6981731609375 0.5195293203125 0.69533171875 0.5022753171875001 0.692040353125 0.47747997499999995 0.6867577171875 0.45443351249999997 0.6832285828125 0.44420079375 0.6760505625000001 0.4363346234375 0.6659601562499999 0.42521146718749997 0.6570845984375 0.42216271875 0.652033646875 0.42177931874999997 0.6484815109375 0.432259321875 0.644556675 0.4427523375 0.646458346875 0.44912341875 0.64782851875 0.46698858281250005 0.6451762328124999 0.4925512625 0.64353553125 0.5096818937500001 0.63995063125 0.54059506875 0.6406712875 0.5719176703125 0.6510367703125 0.5802323140625
3 0.23161377500000002 0.414629225 0.24857242343750002 0.408719090625 0.257077021875 0.40114494375 0.2570086875 0.39918809375 0.25208724843749997 0.386484978125 0.2437742171875 0.3621448875 0.24010038906250003 0.3370830078125 0.2377008515625 0.316454884375 0.2347715515625 0.29668493281249997 0.2279369421875 0.287967096875 0.21508232500000002 0.2671442921875 0.20827787031249997 0.2539471515625 0.20417905625000002 0.24877235937500003 0.19884413437499998 0.24559996874999998 0.1973524703125 0.250969984375 0.19805360156250001 0.2817334875 0.1984592640625 0.32006435781250003 0.2023860359375 0.3577124875 0.209286371875 0.3843410375 0.2199039296875 0.4105598890625 0.23161377500000002 0.414629225
3 0.31539001718750004 0.3666412765625 0.318526928125 0.3763279109375 0.326949953125 0.387789184375 0.3366010640625 0.386332596875 0.3567285171875 0.37499388125 0.3812493859375 0.36658054375 0.3860554171875 0.36529315 0.3883226328125 0.3554178 0.3801356375 0.3400298125 0.37455753125 0.3245507203125 0.372559978125 0.30474822968750004 0.37537821718750003 0.2839378984375 0.3804157328125 0.2465365109375 0.383744209375 0.22430890468750003 0.38686594375 0.20684666406250002 0.38471935 0.198804790625 0.3713323625 0.19479402343750002 0.3630460078125 0.187246446875 0.3549867890625 0.170174653125 0.332595596875 0.1701168984375 0.3195902015625 0.1716906203125 0.31323480312499996 0.1713527734375 0.3095247359375 0.18799588750000001 0.3062353078125 0.21134169218749999 0.3089366 0.24595381718749998 0.3084283015625 0.2955122359375 0.308442609375 0.3279790671875 0.312351596875 0.3544321875 0.31539001718750004 0.3666412765625
3 0.38850898125 0.35541129374999997 0.393912240625 0.36054053124999996 0.3987564484375 0.36568929375 0.4109463765625 0.3728206625 0.42645240937500006 0.3733987421875 0.42877732812499997 0.370518646875 0.4313764546875 0.3701479921875 0.43513185625000006 0.3761744484375 0.4392901109375 0.377708584375 0.44763677656249995 0.3762975484375 0.45400280625 0.3715969890625 0.45698526250000004 0.366174915625 0.4652529625 0.367845434375 0.46887082500000005 0.3752761484375 0.47777566875 0.379163546875 0.485347653125 0.3769398921875 0.49306780625 0.3682735734375 0.49866002187499997 0.3574424390625 0.5014383437500001 0.3408318625 0.49924902656250003 0.29416655468749997 0.49449073749999994 0.24339259531250002 0.48845381093749995 0.214774659375 0.48163157187500005 0.1903825078125 0.476905378125 0.18327038906249998 0.458202990625 0.17664633125 0.41970766875 0.17491181875 0.3949924265625 0.17241620468750002 0.381378503125 0.23670671250000003 0.37501528125 0.2842304625 0.373207753125 0.30192670312500003 0.3738911 0.32149519375 0.38058643281250004 0.342253196875 0.38850898125 0.35541129374999997
3 0.7825767828125 0.4734787 0.7677122421875 0.44852772031250004 0.7548257296875 0.44282012968749995 0.7448108125 0.44988723750000004 0.7610954046875 0.5475602296875001 0.76467248125 0.5645086546875 0.77465289375 0.588510628125 0.7843786234375 0.6105622609375 0.7982252984375 0.6223939203125 0.7962312234375 0.581319609375 0.79443760625 0.513928565625 0.7825767828125 0.4734787
3 0.5405461953125 0.6753351234375 0.552405946875 0.6623258875 0.5550360984375 0.652157971875 0.5656180875000001 0.655986803125 0.5705030843750001 0.651617853125 0.5732831453125 0.624371365625 0.57070528125 0.614665209375 0.5767686859375 0.6012986046875 0.5737107390625 0.5885304140625001 0.5705462796874999 0.56736921875 0.5756725234375 0.527165825 0.570820090625 0.452324546875 0.5691162703125 0.43559059843750003 0.56305634375 0.42768538281249996 0.5484634015625 0.421197709375 0.5390572125 0.4243250890625 0.526385465625 0.42476759687500004 0.5201765 0.42862299843749996 0.5068179296875 0.4307688359375 0.49646047031249996 0.43336965312500003 0.49040682812499997 0.44701580625000004 0.4818809671875 0.4646667640625 0.4765158875 0.46597368125000005 0.47689660937499995 0.4768761265625 0.47780100625 0.5241460859375 0.48797773125 0.607198159375 0.49561283281249996 0.6388390859374999 0.5178345921874999 0.6554163140625 0.525266428125 0.67055078125 0.5405461953125 0.6753351234375
3 0.191516528125 0.6127926703125001 0.1904251109375 0.62962423125 0.1918857484375 0.6340514749999999 0.20695335781250002 0.6167318578125001 0.21569659375 0.58927713125 0.22776482812499999 0.5608666203125 0.2267487 0.5371113875 0.2288623296875 0.5068093734375 0.2386553265625 0.477358753125 0.2415889734375 0.47053892812500003 0.22996785625 0.4636675875 0.21772825 0.46045642343750004 0.21166658593749998 0.46318711874999996 0.20300492499999997 0.4716064234375 0.1965200109375 0.4835882953125 0.18976891406250002 0.503976184375 0.18840155 0.5289342125000001 0.189035215625 0.5524229093749999 0.19069825 0.57867456875 0.1909796125 0.5974174265625 0.191516528125 0.6127926703125001
3 0.628449665625 0.6386785734375 0.6453994203125 0.6271709359375001 0.6467277375 0.6010947062499999 0.6394831187500001 0.5806357765625 0.6385264328125 0.5532398875 0.64553743125 0.5028946078125001 0.6478480421875 0.46754768281250003 0.6458611203125 0.44270678593749996 0.64046849375 0.43253914218749995 0.6356438062499999 0.42794948125000004 0.627179996875 0.42600591718749997 0.620079203125 0.42569410156250004 0.614341425 0.42701403281249994 0.6033654765625001 0.4332750265625 0.5954305578125 0.43579124687500004 0.5899669875 0.43962061874999997 0.57917651875 0.4511930609375 0.576115965625 0.4543787375 0.5710339875 0.4637926 0.5759857796875 0.5307934671875 0.57069358125 0.5662445125 0.573318515625 0.5879843296875 0.590458296875 0.6139754187500001 0.6164842671875 0.6379768515625 0.628449665625 0.6386785734375
3 0.6333852859375 0.3846452796875 0.6368256921875 0.39768000468750003 0.6394337109375 0.4029068546875 0.6485541921875 0.4076263953125 0.6524480015624999 0.4069306390625 0.6593127671875 0.41116916875 0.66651118125 0.4142764828125 0.6760744328125 0.41030394687499994 0.6812726859375 0.4095626390625 0.68619673125 0.4063118890625 0.6925254515625 0.38985721875 0.6962363890625001 0.36789615000000003 0.6947108937500001 0.340240234375 0.69195818125 0.32018422343749997 0.6879027625 0.28953785625 0.684601634375 0.26446296406249997 0.6925090078125 0.250472184375 0.6911184421875001 0.237365878125 0.684108115625 0.22361614375 0.6740389718750001 0.20241617500000003 0.6618312609375 0.184089796875 0.6468753828125 0.17789468749999998 0.6402342765625 0.18540376249999999 0.6275989703125 0.2029183328125 0.6193189 0.216922128125 0.6076446265625 0.23524281249999998 0.6143577437500001 0.26719582656249996 0.6201976874999999 0.300858675 0.6206042171874999 0.333871590625 0.62039660625 0.343954909375 0.6236311390625 0.3564370421875 0.6333852859375 0.3846452796875
3 0.8128712734375 0.30448632343750004 0.8138153890625001 0.28877947187499997 0.8143859375 0.2784035875 0.81406465625 0.2638604859375 0.8102808390625 0.251677425 0.798344728125 0.251814353125 0.7879864000000001 0.25973312656249997 0.7750777546875 0.26942030156249996 0.7620324390625 0.275193778125 0.757216646875 0.27620162187499997 0.7556078390625001 0.27821703750000004 0.7553843796875 0.3252464921875 0.7543888453125 0.35550946250000004 0.7536204453125 0.3762482125 0.763348784375 0.38234598124999997 0.7714772062499999 0.39605666875 0.788267290625 0.4013480515625 0.7939766500000001 0.3938715171875 0.8039160781250001 0.3686141453125 0.8128712734375 0.30448632343750004
3 0.38063710781250004 0.6322182765625 0.3877999515625 0.6129355703125 0.3992275640625 0.6035800046875 0.40044762812499995 0.579746684375 0.393138153125 0.5360590828125 0.38448344687499997 0.5019347468750001 0.38548613593750003 0.4879051921875 0.3803499328125 0.4690519796875 0.37778356875 0.4489894625 0.3725568984375 0.443574165625 0.3636618171875 0.4399663171875 0.3449292734375 0.437821565625 0.3302751515625 0.445610459375 0.3239384078125 0.45114966875 0.318259203125 0.45414689687500004 0.31233246875 0.4714272015625 0.316495271875 0.5051486187500001 0.3359263375 0.5540107390625 0.3406694484375 0.5776358218750001 0.34425454843750003 0.6054997046875 0.3501352796875 0.62964484375 0.361155690625 0.651371375 0.36881466406249996 0.6569816234375 0.3748372796875 0.653132728125 0.38063710781250004 0.6322182765625
3 0.737822346875 0.6023918640625 0.7482845796875 0.6188199625 0.7557181546875 0.6233185203125 0.7614220984375 0.5889726578125 0.7613385874999999 0.5598669328125 0.7546395796875001 0.5016036953125 0.744712321875 0.45240969218749993 0.7393507203125 0.43244478906249995 0.7330165859375 0.42203013125 0.72542681875 0.413058775 0.718198246875 0.414430765625 0.71232293125 0.4171549546875 0.704936428125 0.4246900578125 0.699952940625 0.43158146249999996 0.6933304890625 0.444967590625 0.6882183562499999 0.4588607578125 0.6932951171874999 0.4813546265625 0.6959094218749999 0.5081328484375 0.70483118125 0.5285332125 0.7209602515625 0.557638396875 0.7292537609374999 0.5814193875 0.737822346875 0.6023918640625
3 0.27576155 0.6370001750000001 0.2849939578125 0.6769820453125 0.293054046875 0.688735884375 0.2982620625 0.688274125 0.3129862578125 0.6718061703125 0.32218202812499996 0.63593891875 0.3253534421875 0.61455646875 0.3313892984375 0.5897153046875 0.3398459546875 0.5754254515625 0.3359263375 0.5540107390625 0.3263771953125 0.5316730484375001 0.3155440015625 0.50462205625 0.314360178125 0.4867503859375 0.3123919125 0.4677865453125 0.3087065828125 0.45308102968749997 0.30603022968750004 0.44589732812499994 0.2990092703125 0.4371860015625 0.2928606171875 0.4320827921875 0.28761268281249996 0.43674430624999994 0.2839336390625 0.44359015937499996 0.27607247031250004 0.4749325546875 0.2723038296875 0.48989837031250005 0.271726325 0.5428178953125 0.27405946718749996 0.6096303171875 0.27576155 0.6370001750000001