3 0.251432803125 0.617690065625 0.26776988749999997 0.5942039921875 0.2741864484375 0.582552771875 0.25518821406250003 0.5552610734375001 0.24961446718750002 0.5159508859375 0.25075296406250003 0.4706314515625 0.2515957765625 0.41967004374999994 0.24602202968750003 0.38035985625 0.2159205390625 0.3423351109375 0.19692230625 0.3150434125 0.1884359625 0.2872008078125 0.17353305937500002 0.2710094234375 0.163316853125 0.27720230468749996 0.1609956234375 0.29995383750000004 0.1604484953125 0.3565572203125 0.1677963421875 0.42971925625 0.186543128125 0.5192563140625001 0.2105237421875 0.574574253125 0.230113340625 0.6131499 0.251432803125 0.617690065625
3 0.54314880625 0.6193742906249999 0.5887003296875 0.6169870359375 0.6342518515625 0.6145997828125 0.6508846171875 0.5967556828125 0.659326725 0.5567109546875 0.6507961453125 0.46098101874999997 0.647543628125 0.398919296875 0.6407871453125 0.33704120937500004 0.6244058265625 0.29263995 0.602494996875 0.27681583593750003 0.5674553640625 0.278652184375 0.55023123125 0.2852123359375 0.5444060390625001 0.308147503125 0.5283646375 0.337275553125 0.5117761093750001 0.423006984375 0.505995153125 0.513829484375 0.513343 0.586991521875 0.5183253796875 0.6150177609374999 0.54314880625 0.6193742906249999
3 0.671612715625 0.5900118984375 0.696731825 0.6000104046875 0.731180090625 0.5868901046875 0.75131681875 0.568862371875 0.7600546109375 0.5344596171875 0.75502799375 0.438546046875 0.7479758296875 0.371025984375 0.738602434375 0.32625745625 0.7336200546875 0.2982312171875 0.72281248125 0.293140146875 0.7090923124999999 0.2995166609375 0.6796264265625 0.3406632 0.6545515546875 0.3985520265625 0.6490220453125 0.4271291703125 0.658439675 0.53978503125 0.6643091046875 0.58473719375 0.671612715625 0.5900118984375
3 0.5201437171875 0.7167569421875 0.535889434375 0.6819869171875 0.5484268703125 0.6530425046875 0.5402362093749999 0.630841875 0.53964484375 0.619557925 0.52182934375 0.6148341265624999 0.51423005 0.6039174453125 0.5101347203125 0.59281713125 0.49991851406250004 0.5990100109375 0.49029367500000004 0.616486840625 0.4555497234375 0.6239651640625 0.45322849375 0.6467166984375 0.45061158125 0.6638262562499999 0.46028065781249994 0.7142367593750001 0.46935837031250005 0.7533633140625 0.4839655890625 0.7639127234374999 0.4979814421875 0.763178184375 0.5201437171875 0.7167569421875
3 0.4083125765625 0.7282752343750001 0.42756225625 0.6933215765625 0.4371870953125 0.675844746875 0.44622056718750003 0.64708396875 0.448541796875 0.6243324343750001 0.4307262984375 0.619608634375 0.3880873734375 0.610528303125 0.3693848234375 0.5888785796875 0.36237689687499997 0.58924585 0.3559603375 0.6008970687499999 0.3457441296875 0.6070899484375001 0.34253584843749996 0.6129155578125001 0.34519700000000003 0.6636933296875 0.3513621125 0.71428746875 0.35634449375 0.7423137078125001 0.37154308125 0.7641470671875 0.38526325 0.7577705531250001 0.4083125765625 0.7282752343750001
3 0.9294275796875 0.548213040625 0.9244452000000001 0.5201868015625 0.89202248125 0.504913590625 0.8844231875 0.49399691093750003 0.87331993125 0.48326386718750003 0.86981596875 0.483447503125 0.8704073343750001 0.4947314515625 0.855844353125 0.5520693734375001 0.8734084062499999 0.61903853125 0.8924066390625001 0.64633023125 0.9117005546874999 0.6792639046875 0.9292203718750001 0.6783457296875001 0.9388452109375001 0.6608689 0.9399837078125 0.61554946875 0.9294275796875 0.548213040625
3 0.2029244484375 0.563657571875 0.20262876406250002 0.558015596875 0.186543128125 0.5192563140625001 0.1677963421875 0.42971925625 0.1601528109375 0.3509152453125 0.1443628578125 0.3177979359375 0.1326682328125 0.2957809421875 0.1253646234375 0.2905062375 0.11514841718749999 0.2966991171875 0.11460128750000001 0.3533024984375 0.13161821093749998 0.47687504062499997 0.1447912515625 0.5271019078125 0.1608768890625 0.565861190625 0.1821963515625 0.57040135625 0.2029244484375 0.563657571875
3 0.8704958093749999 0.630506115625 0.8605310484375 0.5744536375 0.855844353125 0.5520693734375001 0.8491321078125 0.5580786171875001 0.8257870984375 0.5819319625 0.8012593562499999 0.58321740625 0.7869478203125 0.578309971875 0.779644209375 0.5730352671875 0.790791703125 0.6516556437500001 0.8100856203125 0.6845893171874999 0.8252842062499999 0.7064226765625 0.84398675625 0.7280724015625 0.8618022562500001 0.7327962015625 0.87433969375 0.7038517875 0.8704958093749999 0.630506115625
3 0.7923143578125 0.74775285 0.7931571703125 0.696791440625 0.7831924109374999 0.6407389640625001 0.7773229796875001 0.5957868015625001 0.7758445640625 0.567576928125 0.7574376968750001 0.5515691765625 0.75131681875 0.568862371875 0.7276761265625 0.587073740625 0.7002357875 0.5998267703125 0.6646047890625 0.59037916875 0.66958716875 0.6184054078125001 0.6748652328125 0.6520736203124999 0.708470684375 0.68991473125 0.7321556140625 0.7395906937500001 0.7511538468750001 0.76688239375 0.783280884375 0.776513628125 0.7923143578125 0.74775285
3 0.2855853875 0.5989277921875 0.3139127765625 0.6031006875 0.33493655625 0.6019988781250001 0.3559603375 0.6008970687499999 0.3655851765625 0.5834202390625001 0.3591243796875 0.5271841265625 0.3514808484375 0.4483801140625 0.350298115625 0.42581221406249997 0.32661318437500003 0.376136253125 0.303519621875 0.33774423750000004 0.2883210359375 0.315910878125 0.2734181328125 0.29971949531250003 0.2591065953125 0.294812059375 0.2488903890625 0.3010049390625 0.2427695125 0.31829813281249997 0.2463177140625 0.38600183125 0.2527785109375 0.44223794375000003 0.25311843125 0.5157672515625 0.25518821406250003 0.5552610734375001 0.2741864484375 0.582552771875 0.2855853875 0.5989277921875
3 0.23923528906249997 0.7201637859375001 0.24797307812499997 0.6857610328125 0.2499986234375 0.657367525 0.2476331578125 0.6122317265625 0.2336173046875 0.612966265625 0.210819425 0.5802162265625 0.19942048437499998 0.56384120625 0.185700315625 0.570217721875 0.1716844625 0.5709522609375 0.1728671953125 0.5935201609375 0.17202438281250002 0.6444815687500001 0.181693459375 0.694892071875 0.20187442656250001 0.7447516703125 0.209769403125 0.761310325 0.22289820625 0.7436498609375 0.23923528906249997 0.7201637859375001
3 0.75680209375 0.4723978953125 0.76035029375 0.5401015921875 0.7831481734375 0.5728516328125 0.8012593562499999 0.58321740625 0.8257870984375 0.5819319625 0.849427790625 0.56372059375 0.8645821421875001 0.5176666203125 0.8701116515624999 0.4890894765625 0.8668591343750001 0.4270277546875 0.864153746875 0.3083626484375 0.8541889875 0.2523101703125 0.8459983265625001 0.2301095421875 0.8307997390624999 0.20827618124999997 0.81007164375 0.2150199671875 0.8013338531249999 0.24942272031249998 0.7905705171874999 0.3122189828125 0.7742334343749999 0.33570505625 0.7581920359375001 0.3648331046875 0.7514797921875 0.37084234843749997 0.75680209375 0.4723978953125
3 0.6620321125 0.675376059375 0.6590752796875 0.6189563125 0.6578925453125 0.5963884125 0.6508846171875 0.5967556828125 0.634547534375 0.62024175625 0.5606686234375 0.618456115625 0.5615556734375 0.6353820406249999 0.570633384375 0.6745085937499999 0.5940226296875 0.7185425828125 0.6273324 0.7507417171874999 0.6585723859375 0.7434470281250001 0.6603022484375 0.7094115453125001 0.6620321125 0.675376059375
3 0.888222834375 0.49945525156250004 0.9244452000000001 0.5201868015625 0.9416693328125 0.5136266515625 0.9565279999999999 0.46193070468749997 0.9553010296875 0.3714754734375 0.9470661328125001 0.28138751093750003 0.9394226015625 0.20258349843749998 0.9221984671874999 0.20914365 0.896532228125 0.2557485265625 0.8842904765625 0.2903349140625 0.8954379703124999 0.368955290625 0.8937081062500001 0.40299077656250004 0.8765282109375001 0.47743825624999997 0.888222834375 0.49945525156250004
3 0.33873620312499997 0.6074572171875 0.3139127765625 0.6031006875 0.289385034375 0.6043861328125 0.2741864484375 0.582552771875 0.26776988749999997 0.5942039921875 0.254641084375 0.61186445625 0.24792884062499998 0.6178737 0.251477040625 0.6855773984375 0.2538425078125 0.730713196875 0.27545765625 0.7408953359375 0.2988026640625 0.7170419921875 0.3177566609375 0.6764463609375 0.33641497343750004 0.6302087515625 0.33873620312499997 0.6074572171875
3 0.3880873734375 0.610528303125 0.4202144078125 0.6201595390625 0.4520457609375 0.6241487984375 0.49029367500000004 0.616486840625 0.5028311109375 0.5875424265625 0.506882203125 0.530755409375 0.49864730625 0.44066744687500004 0.4807875703125 0.36805631562499996 0.4609022859375 0.3238386921875 0.42729683281249997 0.28599758125 0.384953590625 0.2825592265625 0.36832082499999996 0.3004033265625 0.3575574890625 0.3631995875 0.357010359375 0.4198029703125 0.3561675453125 0.470764378125 0.363219709375 0.5382844421875 0.3690891390625 0.583236603125 0.3880873734375 0.610528303125