3 0.67231295 0.324744071875 0.6735409203125 0.33168257031250004 0.6769443296875 0.33551003125 0.6838090296875 0.3353374265625 0.6919822875 0.3339510625 0.69841154375 0.3295059046875 0.7023145109375 0.326189353125 0.7059347515625001 0.3199161890625 0.7103599843749999 0.30913089843749997 0.7131939328125 0.29660275468749997 0.7133137015625 0.291390078125 0.7104427984374999 0.28694721875 0.7031653609374999 0.2825225421875 0.6930664421875 0.28344793749999997 0.6846496390625 0.2848172703125 0.676723934375 0.29666305 0.6740262296874999 0.3072428265625 0.6727443859375 0.318574240625 0.67231295 0.324744071875
3 0.5139008046875 0.31170892031249997 0.5239997234375 0.31078352656249997 0.529318553125 0.3082186140625 0.5281649359375 0.2967168953125 0.5261898546875 0.286462996875 0.5216038890625 0.27504758125 0.5168300328125001 0.2698190234375 0.508549471875 0.269239990625 0.50378585625 0.27086478125 0.5007043546875 0.2729335109375 0.49477243125000003 0.28426607656249997 0.49151951406250005 0.2957859765625 0.490322265625 0.30940751718750004 0.496031125 0.3117646140625 0.50652630625 0.3121721921875 0.5139008046875 0.31170892031249997
3 0.443184784375 0.39552185 0.44372129843749997 0.40534883906249997 0.4536550328125 0.410285578125 0.460338075 0.412710796875 0.46778069687499996 0.41127334062500004 0.474492678125 0.40978479375 0.4784245875 0.402554478125 0.48738012968750005 0.3969807125 0.49219539375 0.391117428125 0.49524394687499995 0.3825200796875 0.49277553906250005 0.37582115781250003 0.49017088906249995 0.371070603125 0.48335783593750004 0.3670047140625 0.47468724531250006 0.361503671875 0.464986815625 0.3497306171875 0.456683546875 0.3494763109375 0.45084245312500004 0.359509965625 0.448219103125 0.365526521875 0.44835935468750004 0.3740205390625 0.445333509375 0.38229315937499997 0.443184784375 0.39552185
3 0.6025020953125 0.3081150546875 0.6015546265625 0.3181645875 0.604536840625 0.3350152265625 0.609570715625 0.343525121875 0.6147243609374999 0.34682234218749997 0.6240409953125 0.35008435000000004 0.6363091187500001 0.349636959375 0.641803371875 0.348063259375 0.650265590625 0.34604447031249996 0.656185046875 0.341889978125 0.6629940921874999 0.33551348281250004 0.6680653671875 0.3224891578125 0.671828084375 0.3106785890625 0.672583653125 0.2963735328125 0.6713227359375 0.28290641562499996 0.6672403359375 0.27478936875 0.662800853125 0.26827893281250004 0.6515193796875 0.26161637187500003 0.6434823640625 0.26105436875 0.6379654046875001 0.26295279531250004 0.628987153125 0.2688512890625 0.615453659375 0.2838944046875 0.60790774375 0.29380884687500003 0.6036022796875 0.29938146250000003 0.6025020953125 0.3081150546875
3 0.4646092515625 0.337630534375 0.467356378125 0.3368436859375 0.470522475 0.3370650796875 0.473315015625 0.335628775 0.47914987656249997 0.3291841578125 0.4851828703125 0.323406028125 0.49037168906249995 0.31920044375 0.4925244203125 0.3164141359375 0.49271231093749995 0.3102272765625 0.49057204531250004 0.305835509375 0.4854638140625 0.3018888359375 0.48065700937500005 0.29013165937499996 0.47150556093749996 0.28100751874999996 0.46520230625 0.2766509640625 0.45859762656249997 0.2801049078125 0.453097140625 0.2852676453125 0.449369596875 0.289575409375 0.4495200890625 0.304922771875 0.45106996875 0.31775746250000003 0.452976928125 0.3289855453125 0.4556207609375 0.33667568124999997 0.45969291874999996 0.33793938125 0.4646092515625 0.337630534375
3 0.651646278125 0.354298909375 0.65159463125 0.35853740312500004 0.652612003125 0.3719874890625 0.652966859375 0.38441230000000004 0.6540585875 0.393299165625 0.6574557640625 0.40071566562500005 0.6626423578125 0.410541503125 0.6729331734375 0.41387163437499996 0.6803076734375 0.41340836249999996 0.6845614890625 0.41207423906249996 0.6875419203125 0.4044510734375 0.6900931406249999 0.3889663171875 0.6910076609375 0.372388165625 0.6920232515625 0.3613644484375 0.6914413234375 0.35218691406249997 0.6904960796874999 0.348205028125 0.687670590625 0.3431127140625 0.6827831984375 0.3395077984375 0.67897729375 0.33793639999999997 0.6729113531250001 0.33718591249999996 0.665179771875 0.33925579375 0.6587732234375 0.343376225 0.6550229734374999 0.34800871718750004 0.651646278125 0.354298909375
3 0.5364864609375 0.3247093125 0.5375327750000001 0.334245634375 0.5410826671875 0.3429780765625 0.5463890296875 0.3475912375 0.552380615625 0.3529049453125 0.5586219812500001 0.35464664687499997 0.56694795625 0.354576225 0.578043765625 0.353394225 0.59219836875 0.3504682234375 0.5976307328125 0.3462796703125 0.602377875 0.341390571875 0.6046049609375 0.33404104375 0.6029580203125 0.3260943 0.601401909375 0.316848646875 0.6024174984374999 0.305824928125 0.6023845515625 0.29929631093750003 0.598941959375 0.2925292671875 0.594304346875 0.2853523421875 0.586296271875 0.280876575 0.574102503125 0.276760746875 0.56677341875 0.2765745625 0.5594999890625 0.2825922703125 0.5492523609375 0.2926441046875 0.5423070734375 0.3009689671875 0.5368911828125 0.308421828125 0.5359953609375 0.3142328703125 0.5364864609375 0.3247093125
3 0.5066901609375 0.4218257328125 0.515226734375 0.415243721875 0.5215157390625 0.4023045484375 0.521086528125 0.3944429578125 0.5206800234375 0.3862566375 0.5191403859375 0.3802752921875 0.516649271875 0.3739010984375 0.5125152234375 0.3700225453125 0.5076897203125 0.3690324828125 0.504540096875 0.3720753953125 0.498098375 0.383698628125 0.4934358296875 0.390877853125 0.49096519687500007 0.3982103515625 0.4909464984375 0.40897746250000006 0.49600308125000003 0.41716263124999997 0.5066901609375 0.4218257328125
3 0.7183538109375001 0.2963109359375 0.724442459375 0.2967366953125 0.7263618859375 0.300786703125 0.7306940640625 0.3053317453125 0.7337693328125 0.30685205 0.736221265625 0.3102866625 0.74088781875 0.313549821875 0.7447164328125 0.3147964921875 0.7469083453125 0.314949765625 0.7503015140625 0.3119238828125 0.753740096875 0.3082485421875 0.7537752703125 0.300745740625 0.7521056234375 0.2931237265625 0.751195553125 0.2816390375 0.7513215546875001 0.2728373234375 0.742417659375 0.274172596875 0.7340400359375 0.27848151250000003 0.7281432875 0.282311275 0.720184634375 0.287628434375 0.7183146296875 0.2933713546875 0.7183538109375001 0.2963109359375
3 0.5729181750000001 0.4231936890625 0.5791822468750001 0.4246106625 0.5889694984375 0.42464242343749997 0.600308853125 0.42347745468750003 0.6020817953125001 0.4226224828125 0.6033801125 0.4145553765625 0.604610309375 0.40746245468750003 0.6078342859375 0.39985632031249996 0.60777863125 0.3936524296875 0.60758495 0.36492310156249996 0.6060453125 0.35894175625 0.6017131328125 0.3543967171875 0.5977090953124999 0.3521588328125 0.5930590171875 0.3521599828125 0.5906916796874999 0.3510154953125 0.5783327265625 0.3527618 0.5698705078125 0.354780590625 0.56858465625 0.355669621875 0.5637177453125 0.365771396875 0.5644132109375 0.37332529062500003 0.5634595078125 0.3869638609375 0.5647885484375 0.3994567953125 0.5668771671874999 0.40808705312500004 0.5729181750000001 0.4231936890625
3 0.7018145109375 0.371838590625 0.7007886796875 0.3760089625 0.7057317265624999 0.3858177703125 0.71560758125 0.3985820375 0.7208685296875 0.40384465468749997 0.72784053125 0.405637446875 0.7283503312499999 0.40534678125 0.73577024375 0.404234053125 0.740335728125 0.401942778125 0.7462119953124999 0.3844063203125 0.74908735 0.3607863375 0.7487262593749999 0.35195056406249997 0.7448646984375 0.344175275 0.7389350015625 0.3414764203125 0.7350382671875 0.341203934375 0.729868146875 0.33464240625 0.726198484375 0.3311226390625 0.721967375 0.3321320359375 0.717554609375 0.33573925312499997 0.71448958125 0.3410722921875 0.70902204375 0.352763646875 0.7050611953125 0.36390772656250003 0.7018145109375 0.371838590625
3 0.5218047 0.401672121875 0.523117265625 0.4109007453125 0.526491734375 0.4186419734375 0.5294761734375 0.4214611921875 0.5443778890625001 0.4218505890625 0.5518823984375001 0.4230279875 0.5562043359375 0.42071968125000003 0.564606890625 0.4020546171875 0.5633913875000001 0.3879380453125 0.564016946875 0.37199231875 0.5631625328125 0.36671151874999997 0.5609149640625 0.36035435625 0.5575115546875 0.3565268921875 0.5505849656249999 0.35408464375 0.5426160734375001 0.3525484578125 0.5382549531249999 0.3519171828125 0.5356378375 0.354344703125 0.5331569640625 0.354823853125 0.5320465359375001 0.3567041 0.527282921875 0.3583288890625 0.5224449515625 0.36451690000000003 0.5206822484375 0.3722252171875 0.52070273125 0.3859319109375 0.520911103125 0.39345174374999997 0.5218047 0.401672121875
3 0.6087795296875 0.40383820625 0.6112252296875 0.41086185625000005 0.6152786890625 0.42289266718749996 0.6233838265625 0.4224804875 0.6298749703125 0.4206501828125 0.638642621875 0.4212632765625 0.644646675 0.419398909375 0.6474454484375001 0.41437356718749996 0.6496787687500001 0.40343500312499997 0.6537985671875 0.3900178265625 0.6528822640625 0.382122175 0.652787428125 0.372978703125 0.65159463125 0.35853740312500004 0.65155545 0.355597821875 0.6502304171875 0.353547271875 0.6453430250000001 0.3499423546875 0.64153711875 0.3483709578125 0.63451346875 0.3508166578125 0.6314382000000001 0.3492963515625 0.6267654140625 0.349622228125 0.625388734375 0.3518101734375 0.6226189 0.35292175000000003 0.6180369421874999 0.35194871562499996 0.613296034375 0.353248778125 0.6096757937499999 0.359521940625 0.6079812140625 0.366256075 0.60738459375 0.3782880359375 0.6075805 0.3929859421875 0.6087795296875 0.40383820625
0 0.5214137734375 0.295265859375 0.523316725 0.296051559375 0.5252650921875001 0.296187803125 0.52595655 0.29329931249999996 0.5259400750000001 0.29003500312499997 0.5243260828125 0.288616878125 0.5230237578125 0.2862416015625 0.5219422703125 0.2842080828125 0.5206791265625 0.2847723859375 0.519234325 0.2879345125 0.5186109906249999 0.28984881875 0.5177441093749999 0.2917460953125 0.51782870625 0.2940362203125 0.5192445671875 0.294787859375 0.5214137734375 0.295265859375
1 0.4763470953125 0.3237671171875 0.4814677921875 0.32053571718749996 0.48652036875000004 0.3182785015625 0.4901695484375 0.308091575 0.48488589375 0.30315368593750003 0.47759821562500004 0.29187566249999997 0.47222996562499997 0.2846476484375 0.470593265625 0.28355425156249997 0.4656769328125 0.2838631 0.46342090625 0.2951263921875 0.4634868015625 0.3081836296875 0.4644877 0.31836940625 0.4664627828125 0.3286233046875 0.468518453125 0.33072494531249996 0.4763470953125 0.3237671171875