3 0.4151499109375 0.560065159375 0.430427275 0.5635078499999999 0.44585346093749995 0.5666895234375 0.4587334203125 0.569297415625 0.46226095 0.56479036875 0.4596310609375 0.5486845875 0.4575685328125 0.5383031734375 0.45687096875 0.5283275328125 0.4568012125 0.5273299703125 0.45581295781250003 0.5251435812499999 0.4529435171875 0.52233690625 0.45055541874999994 0.5192459625 0.4478871171875 0.5169264421875 0.4442468234375 0.5174316078125 0.4421993765625 0.516822946875 0.438978796875 0.518551815625 0.4373859484375 0.519665640625 0.4335619515625 0.519933040625 0.43131336875 0.5188372234374999 0.4296251921875 0.5161985578125 0.42882063593749997 0.5142499328125 0.426177903125 0.5146853421875 0.42377118906250005 0.5161066875 0.4216004921875 0.518513971875 0.41967512031250004 0.51965105 0.4180206453125 0.522272846875 0.4157894984375 0.521426421875 0.41319908437499997 0.5226100031249999 0.4117027375 0.5227146375 0.40918208125 0.5248957828124999 0.40734390468750004 0.5272798140625 0.40568825000000003 0.53466329375 0.40531036406250004 0.5412055890625 0.40545682968749996 0.5504679359375 0.4080623265625 0.5590571078125001 0.4151499109375 0.560065159375
3 0.45971825624999996 0.54993154375 0.463091075 0.5694939203125 0.46834979218750006 0.5706298578125 0.47976828281249995 0.5738411671875 0.49635829375 0.5769414578125 0.5080221109374999 0.578882559375 0.509565 0.5674971984375 0.51126601875 0.5535946765624999 0.5094430421875 0.52991415625 0.5076084 0.51801314375 0.50629693125 0.5135938624999999 0.5047226984375001 0.510195396875 0.5032356625000001 0.5080438859374999 0.5003743515625 0.507742746875 0.497521171875 0.5099471453125 0.49391575625 0.5109510921875 0.4906079796875 0.5114330046875 0.4893302125 0.5122741859375 0.4875629703125 0.5108941 0.48583060937500006 0.510012796875 0.48082535000000004 0.5101121890625 0.47855001562500005 0.5110231265625 0.4762921234375 0.5121834562500001 0.4755480171875 0.5134885421875001 0.4747341515625 0.5137960625 0.47322967499999996 0.5113951609375 0.4701672265625 0.5106068671874999 0.466509490625 0.510862640625 0.46479456875 0.510230728125 0.46135541093750004 0.5112230484375 0.4599113828125 0.51207585625 0.458834753125 0.51340419375 0.45755580625 0.5190070578125 0.45715235156249995 0.5227944265625 0.456907025 0.524064634375 0.4566430828125 0.52984713125 0.45740227187500004 0.5383148 0.45971825624999996 0.54993154375
3 0.42893705156250006 0.468129465625 0.43380621562500005 0.4875872078125 0.44269356249999997 0.4999974890625 0.4468930875 0.5027111546875 0.4546805921875 0.504171484375 0.4625122828125 0.5038744484375 0.4661177 0.5028705015625 0.4712973515625 0.5052650203125 0.47449118281249997 0.5055429078125 0.4771339140625 0.5051074984375 0.47867444687500005 0.5032455015624999 0.47943599375 0.50218980625 0.48291002812499995 0.5016962687500001 0.4855876390625 0.5017596421875 0.487679271875 0.5006109390625 0.4885547609375 0.4987954453125 0.4886780125 0.4957795015625 0.49108355000000004 0.4991198359375 0.4961236875 0.4995192265625 0.5010068734375 0.4976740984375 0.50316013125 0.4950174234375 0.5063818890625 0.4885268734375 0.5079677859375 0.48014583125000004 0.508267784375 0.47010043437500004 0.5072818859375 0.45839068281250006 0.50646106875 0.45143098750000005 0.505598421875 0.43670529062499996 0.5057658609375 0.43193198437499997 0.50390329375 0.4267994078125 0.49632859218750003 0.4140467265625 0.4917709765625 0.4086013859375 0.48672270781250004 0.4056964578125 0.47951305 0.4029426703125 0.4772993453125 0.40234563593750006 0.47390437500000004 0.40158059375 0.45744574687500006 0.39796989374999997 0.44364493281249995 0.40369654062500004 0.430892821875 0.414863284375 0.4259014671875 0.4294971109375 0.42727915781250003 0.44919900156250003 0.42893705156250006 0.468129465625
3 0.6637910406249999 0.5319022265625 0.66912764375 0.5365412640625 0.6756304265625 0.5315755578125 0.681267028125 0.5261691984375 0.683437725 0.5237619140625001 0.68363426875 0.5074584890625 0.6830064609375001 0.4984804125 0.681284584375 0.49058128281249996 0.67949295 0.4816845890625 0.6767293234375 0.4756125796875 0.6727402453125 0.4711299234375 0.6709811343750001 0.47225537500000003 0.6677338078124999 0.47599099687499996 0.665248028125 0.47867092343750006 0.6613112671875 0.47493644062499996 0.6573128796875001 0.47270993125 0.65251806875 0.4710403328125 0.648115046875 0.47736287343750006 0.6460408546874999 0.4787609671875 0.6448433296875 0.47358188749999997 0.6423854765625 0.46949337812499997 0.6368558640625 0.4668727203125 0.6338189859375001 0.468839353125 0.6298275515625 0.47388006093749996 0.6270871390625 0.48008634062500005 0.6383126203125 0.4853160296875 0.6422238109375 0.4862955859375 0.645837359375 0.487797175 0.6499217640625 0.496032321875 0.6549478796875 0.5177345828125001 0.656250040625 0.524410009375 0.6584986234375 0.5255058265625 0.6637910406249999 0.5319022265625
3 0.585333325 0.5734764328125 0.598013321875 0.5708354875 0.61053636875 0.5659500234375 0.613172146875 0.5582473984375 0.6144046671875001 0.5280879546875 0.6130769375 0.5186575999999999 0.610471440625 0.5100684281250001 0.607681065625 0.506003171875 0.603910565625 0.5022570640625 0.6006295390624999 0.500732221875 0.5962021265625 0.49953815312499994 0.593323378125 0.4989876234375 0.5893075515625 0.49651172343749994 0.586577625 0.4957001765625 0.58393489375 0.496135584375 0.5794016671875 0.49820685156250005 0.573074453125 0.5009047875 0.5672553296875 0.5013117 0.5656101625 0.5016773531250001 0.5632732046875 0.5040962625 0.5611897031249999 0.5077505015625 0.56020026875 0.5103257953125 0.5617442203125 0.5300160578125 0.5633567484374999 0.5554655671875001 0.567256275 0.56822463125 0.573030034375 0.5743367625 0.5791119218749999 0.5729090343750001 0.585333325 0.5734764328125
3 0.3874731 0.45098007031250004 0.392338846875 0.44888554999999997 0.39666975312499997 0.45108880781250005 0.39928573749999996 0.4526601546875 0.4019982265625 0.45322230937499997 0.40478047031250003 0.4547820296875 0.40825450625000004 0.45428849062500004 0.4121924453125 0.4532612921875 0.4159815625 0.45249511093750006 0.4196927921875 0.448225828125 0.42275641875 0.44425244218750004 0.425408459375 0.4415608875 0.4255247578125 0.43127772656249996 0.4243097953125 0.4258492546875 0.4186069703125 0.4159730046875 0.41251 0.40762797968750003 0.4068943703125 0.3989986859375 0.4000358515625 0.39170935625 0.394392296875 0.389848496875 0.38700589375 0.3941241625 0.375532728125 0.39968804375 0.3679103078125 0.40297777031250004 0.36281667500000003 0.4065918875 0.36540355468749997 0.41969335 0.3677288484375 0.42905394843750005 0.37253061249999997 0.43799076406250004 0.378207865625 0.4451120859375 0.3841130078125 0.450713809375 0.3874731 0.45098007031250004
3 0.5467085296875001 0.5754255109375 0.5590292609375 0.574814571875 0.5631114234375 0.556735775 0.5601828296875 0.510076403125 0.5597456734375 0.508603309375 0.5592387624999999 0.5061326515625 0.5581365625 0.5047060625 0.5567367203125 0.5038015062500001 0.5531754890625 0.503048090625 0.549368934375 0.50356488125 0.5478900265625 0.50391890625 0.545991403125 0.5030492296875 0.5444601796875 0.5026550828125 0.542482490625 0.5030439859375 0.5406885 0.5036706546875 0.5392537796875 0.5022673171875 0.5369877562500001 0.5009221109374999 0.5333125828124999 0.50092849375 0.5303722093750001 0.5018859359375 0.5284642765625 0.503272403125 0.52766785 0.503829315625 0.5260843078125 0.5026869953124999 0.5246844671875001 0.501782440625 0.5211581140625 0.50152780625 0.517036475 0.5023172406249999 0.5138333359375 0.5042954984375 0.512476503125 0.5063952609375 0.5107429609375 0.5102756390625001 0.5092361296875 0.5173981015625 0.5083257609375 0.5187148125000001 0.511047440625 0.5528581296875 0.513111146875 0.5584778609375001 0.518234946875 0.5744092515625 0.5204125953125 0.579269184375 0.5363038640625 0.5771555171875 0.5467085296875001 0.5754255109375
3 0.643457509375 0.4513744609375 0.649083625 0.45298592812500005 0.6539749406250001 0.45364633593750003 0.659627803125 0.45325105 0.6620787046875 0.4500723390625 0.663812246875 0.4461919609375 0.6663782687500001 0.437491771875 0.668585021875 0.4308215875 0.6702848625 0.421680746875 0.671354540625 0.41308519062500004 0.6706302281250001 0.4051163046875 0.6709116093749999 0.3995831984375 0.6698454671875 0.393893709375 0.660580234375 0.388025725 0.6527392359374999 0.3905789046875 0.6459132390625 0.3933117203125 0.63820244375 0.40011617343749994 0.6326007203125 0.40602131406249997 0.6276733484375 0.40962380625000006 0.621844915625 0.4122868640625 0.6243550859375 0.4171235453125 0.6275558703125 0.4246686484375 0.631439134375 0.4324166390625 0.6367571203125 0.44156796875 0.6409031515625 0.4482951421875 0.643457509375 0.4513744609375
3 0.5181841546875 0.4613874796875 0.518584078125 0.47188515468750003 0.5209175015625 0.48375128749999996 0.523400925 0.4905947234375 0.527415571875 0.49783230625 0.53003155625 0.4994036515625 0.5337241703125 0.499646659375 0.5367168625 0.499437390625 0.5384934109375 0.49856133125 0.5410489484375 0.4968789671875 0.5421953328125 0.49654819375 0.5428254984375 0.4960029078125 0.5432894015625 0.49546924687500005 0.5438579406249999 0.4964319328125 0.543927696875 0.497429496875 0.544496234375 0.49839218281250003 0.545546115625 0.49907060000000003 0.5473924218749999 0.49919210312500006 0.54852136875 0.4986119390625 0.5501490984374999 0.497996896875 0.5513036140625001 0.5001716593750001 0.5533243125 0.5027870734375 0.5560368 0.5033492296875 0.5575854640625 0.5039927671875 0.560744415625 0.5037718718749999 0.5625035281249999 0.5026464203125001 0.56456028125 0.5009989359375 0.5664065875000001 0.501120440625 0.5689353765625 0.50144483125 0.5729256328125001 0.5011658046874999 0.576994953125 0.4996281984375 0.580513175 0.49737729531249997 0.5830512734375 0.49544554218750003 0.5842941625 0.494105578125 0.5874891718749999 0.48962178281249996 0.5894064125 0.48597917031250004 0.5913166999999999 0.4750693390625 0.5925084515625 0.46821952031249997 0.5929479640624999 0.46016925156250005 0.5932119078125 0.4543867546875 0.59303869375 0.4471311625 0.5931108078125 0.43860536406249995 0.5928410890625 0.43235896250000005 0.5922214125 0.42588642187500003 0.5892566453125 0.41932725625 0.5820574749999999 0.4095556421875 0.5726259828125 0.403699284375 0.566361571875 0.4001275671875 0.555047715625 0.39841260312500004 0.5460696390625001 0.3990404125 0.537082253125 0.40192436562499995 0.53117475625 0.4058460046875 0.5240499390625 0.41386253437500004 0.519962 0.41991243125000005 0.513562671875 0.4311361671875 0.515249671875 0.4385365140625 0.51615650625 0.451504846875 0.5181841546875 0.4613874796875
3 0.40568235937499997 0.5584717 0.4056579671875 0.5509550921875 0.405539428125 0.5349243109375 0.4059952015625 0.5318851140625 0.40169221874999994 0.5229134203125 0.39679395156249997 0.5149857953125 0.39180730937499997 0.5105728953125 0.3835477703125 0.507140690625 0.3746836375 0.5070087 0.3688912609375 0.505408859375 0.3647951921875 0.5089532203125 0.36268494375000004 0.5146142140625 0.36140481874999997 0.5249787578125 0.35665996875 0.5335806953125 0.3643846671875 0.541310678125 0.376939059375 0.551209040625 0.3963985109375 0.55711600625 0.40568235937499997 0.5584717
3 0.35751471874999996 0.47412624374999995 0.36188981249999996 0.47457213906250006 0.3639814453125 0.47342343593749997 0.3683832875 0.4718625765625 0.370929515625 0.4724363578125 0.374500053125 0.47093362968749997 0.3771172171875 0.46774329375 0.3797611265625 0.46254620468749996 0.3834816640625 0.4560207765625 0.38477805 0.4506673046875 0.38137495 0.4473967265625 0.3743850484375 0.44061780468749995 0.3698193015625 0.4326669265625 0.3672568140625 0.42708207187499997 0.3658058328125 0.4206676625 0.36242017031249996 0.417646475 0.356873121875 0.41477642656249997 0.3514307046875 0.4134027234375 0.348892609375 0.415334478125 0.340901609375 0.42291035624999995 0.3366741578125 0.426965125 0.3341093125 0.430903634375 0.33933892499999996 0.44356968906249994 0.34344889843750004 0.4545597625 0.3463787875 0.460620146875 0.348792453125 0.46646601875 0.3524315703125 0.470722534375 0.35751471874999996 0.47412624374999995
3 0.6131118156250001 0.5191563828125 0.61497320625 0.529050640625 0.6171229296875 0.540679009375 0.6234559187500001 0.550009971875 0.628957603125 0.559399065625 0.6405958515625 0.558585240625 0.65094006875 0.5536015234375 0.6559302453125 0.543729378125 0.6556024359375 0.5247059046875 0.65255283125 0.5073764203125 0.6498868859375 0.4955335390625 0.645636221875 0.48731001875 0.63866258125 0.48554216875 0.632966709375 0.4829331375 0.6274022203125 0.479813696875 0.6209448015625 0.4782603609375 0.6145466515625 0.48472241406250005 0.611280709375 0.4929703265625 0.6085658656249999 0.5019315328125 0.6082147265625 0.506467075 0.6103749359374999 0.51107761875 0.6131118156250001 0.5191563828125