3 0.6894993296874999 0.3403561265625 0.698128940625 0.353031615625 0.702833934375 0.3563697890625 0.7159497 0.3598461765625 0.7310214984375001 0.361293246875 0.7385176078125 0.3597372765625 0.740061071875 0.35942531093749996 0.7435804609375001 0.35822377968749997 0.7477658328125 0.344469528125 0.7515286875 0.331862753125 0.7535640578125 0.309025234375 0.7520303 0.284539865625 0.7504344921875 0.26917637656250004 0.733593053125 0.2677601953125 0.7186877515625001 0.263174946875 0.70601936875 0.259975775 0.6946583234375 0.255613684375 0.6876370734374999 0.271697634375 0.68082708125 0.28720784843749997 0.6834618906250001 0.311388971875 0.683946696875 0.326486828125 0.6821150046875 0.335639596875 0.6894993296874999 0.3403561265625
3 0.399270953125 0.3830453671875 0.40747046718749996 0.38375731874999996 0.417469465625 0.3861480078125 0.42880066875 0.388800471875 0.4321088015625 0.388172678125 0.43966956718750005 0.390320903125 0.45805447031249996 0.3914251171875 0.47370533281249994 0.3880166578125 0.48607293125 0.3866606796875 0.49113578437500005 0.385147184375 0.4950130328125 0.37909398437499997 0.4953434171875 0.35999155 0.49459500937499995 0.3297919734375 0.49180365156250005 0.30931890625 0.48920863125 0.28741728593750004 0.48493349375 0.270675440625 0.4788986609375 0.254534359375 0.47048788750000003 0.2543961453125 0.4559032625 0.2555057953125 0.4251408125 0.25518768281250004 0.3992150375 0.2530749953125 0.3902204671875 0.282874584375 0.3838183109375 0.3217497171875 0.3827572875 0.349700678125 0.38510623593750004 0.3701814671875 0.38717168750000003 0.3744207890625 0.399270953125 0.3830453671875
3 0.2537423328125 0.6024895171875 0.263890540625 0.6134283515625001 0.268545796875 0.6139171421875 0.2762131359375 0.5841407203125 0.2893585015625 0.563959525 0.2977318515625 0.549277096875 0.29951120000000003 0.524448875 0.30350520937500003 0.5124081140625 0.3110583953125 0.5014453265625 0.3198170796875 0.49616199375000003 0.320965259375 0.48588105625000005 0.31503984687500003 0.4760086140625 0.307740075 0.4761360328125 0.29708006875000004 0.48658299843749997 0.29130883750000003 0.4855436375 0.28368341406250003 0.4796912171875 0.2756354734375 0.4749862703125 0.26612862187499997 0.4754372375 0.25629872656249997 0.4827344421875 0.25265760312499996 0.489638596875 0.2498266984375 0.492253234375 0.24399863125 0.5259879 0.24233106875 0.5445436234375001 0.2417347171875 0.561085478125 0.248788659375 0.584904440625 0.2537423328125 0.6024895171875
3 0.41532423906249993 0.6181957109375 0.4202551703125 0.59644775 0.42181331406250006 0.5716233890625 0.428024346875 0.5598289546874999 0.42736049062500003 0.5344733265625 0.4270720203125 0.5179469171875 0.4297586921875 0.5070690765625 0.427693240625 0.5028297562499999 0.41615575312499997 0.5010359703125 0.3982132609375 0.49992403281250003 0.3836236609375 0.50074874375 0.372744815625 0.4986584359375 0.3652536796875 0.5004993437499999 0.3592910859375 0.5011734703124999 0.35736489374999997 0.504912415625 0.3544570171875 0.5157941203124999 0.35422349999999997 0.527769240625 0.35780517968750003 0.542813040625 0.3664075578125 0.5666049765625 0.379983503125 0.609121740625 0.38580210312499996 0.6255516203125 0.398806084375 0.63530050625 0.40977682031249996 0.6299785625000001 0.41532423906249993 0.6181957109375
3 0.31527505312500004 0.6416039687499999 0.3258010140625 0.6488308843749999 0.3358869296875 0.6435243859375 0.346323125 0.62025520625 0.35287188125 0.5771021390625 0.357295746875 0.5516577046875 0.3577554421875 0.5399636609375 0.3540122421875 0.528342978125 0.354442096875 0.5149393046874999 0.35778740937500003 0.5037649421875 0.36037721562499997 0.5000144140625 0.35250571875 0.4927411640625 0.3467295140625 0.49141686250000005 0.3413609046875 0.48809027499999996 0.31610632656250004 0.499077015625 0.3112845734375 0.5017264031249999 0.3043751078125 0.5115378546875 0.2978460046875 0.5304634640625 0.2986067265625 0.5486917765625 0.30107740625 0.5634699453125 0.30352085156249997 0.5893645609375 0.30785330625 0.6220667984375 0.31527505312500004 0.6416039687499999
3 0.7477260890624999 0.6084032671874999 0.7520033515625 0.5872367671875 0.755793440625 0.5635135453125 0.7543641296875 0.5450118749999999 0.7475437078125 0.5092177906249999 0.7412677750000001 0.49194081875 0.7315967953125 0.48298882968749995 0.7209540750000001 0.4817494765625 0.71720850625 0.4826699296875 0.70798254375 0.48653629218749994 0.7021243953125 0.49319411874999997 0.6949340421875 0.49959017499999997 0.689694746875 0.5036719765625 0.68646121875 0.508573840625 0.689177971875 0.5247728375 0.69035884375 0.5543948125 0.6975866203125001 0.5628194 0.7075981734375001 0.578606040625 0.7218176 0.5946042578124999 0.7337901578125 0.6086465203125 0.7422606140625 0.6122039906250001 0.7477260890624999 0.6084032671874999
3 0.3060090171875 0.3516103734375 0.3090139984375 0.35896856875 0.3148498875 0.363712125 0.3219682421875 0.365868071875 0.3308214265625 0.3659985640625 0.340328278125 0.365547596875 0.3489900984375 0.367391578125 0.3592003546875 0.36920853125 0.3684760546875 0.36819155000000003 0.371739421875 0.3649993125 0.3753904921875 0.3586650359375 0.38229995625 0.34885358437499997 0.382998146875 0.32546935625 0.38719583125 0.299743846875 0.379028525 0.2882003875 0.36240805 0.2614131359375 0.3553616890625 0.2507051828125 0.3480718640625 0.2514024765625 0.3215471296875 0.25300556875 0.3052575203125 0.2578503015625 0.3019768640625 0.2727288609375 0.302170834375 0.2838414453125 0.30155458749999997 0.2992435453125 0.29958885 0.32607019843749996 0.3006825625 0.33802215156250004 0.3060090171875 0.3516103734375
3 0.7826442640625 0.3524114703125 0.7860592078125 0.345226240625 0.7877442968749999 0.340351403125 0.7893846265625 0.332912125 0.7901152640625 0.3240635984375 0.79277209375 0.3114761296875 0.79477525625 0.29947011875 0.795451184375 0.28748727500000004 0.7946483078125001 0.27952059375 0.7825938046875 0.27346045625 0.7701615484375 0.2711122390625 0.7606198828124999 0.2695686390625 0.755994465625 0.27078947656249996 0.75211224375 0.2765577390625 0.7535491375000001 0.3081704203125 0.7515336609375 0.332147690625 0.7498634921875 0.3378773421875 0.75125538125 0.34155837031249997 0.759564315625 0.3485389578125 0.7705127921875 0.3546184 0.7747405578125 0.355969728125 0.7793858703125001 0.35588864375 0.7826442640625 0.3524114703125
3 0.2537600578125 0.375324371875 0.256006925 0.377280328125 0.263266909375 0.3748734046875 0.2740164421875 0.3695553234375 0.2864759328125 0.3607870953125 0.30393361875 0.346801175 0.3008789 0.3365936 0.29960377031249996 0.32692501093750004 0.300818975 0.3078071328125 0.3023399375 0.2935293390625 0.2979729078125 0.284199746875 0.2936878234375 0.266888025 0.28893309375 0.260700471875 0.27463433125000003 0.2655104546875 0.253286840625 0.2721536234375 0.24071295781250002 0.2743682765625 0.2380288953125 0.2980721921875 0.23636630625000002 0.31691285625 0.24077573124999999 0.341348028125 0.24406160156249998 0.3521216203125 0.2482621359375 0.36458939375 0.2537600578125 0.375324371875
3 0.7842064609375 0.49261644687499995 0.777132625 0.4676577296875 0.771565071875 0.45293361875000004 0.7634401609375 0.45649573749999994 0.7528123625 0.45611119687499996 0.74090706875 0.458599203125 0.7321334625 0.4630277203125 0.7221221515625 0.47260829062500004 0.718722128125 0.480648334375 0.72493576875 0.48167997500000004 0.732260409375 0.482977246875 0.741936365625 0.49221417343749996 0.7472876875 0.5072270859375 0.7544188390625 0.5481461953125 0.762103946875 0.5574178703125 0.7737608015624999 0.566050171875 0.7841524734374999 0.565583759375 0.7889765921875 0.550393234375 0.7884543640625 0.5204747375000001 0.7842064609375 0.49261644687499995
3 0.6052426328125 0.355793053125 0.6045169687499999 0.3649265140625 0.6082874046875 0.3654307515625 0.6174165031250001 0.3686917 0.6302464062500001 0.368467753125 0.643896475 0.3645241671875 0.650743890625 0.3638345953125 0.6538059484375001 0.3617859734375 0.664585321875 0.35817751875 0.67271520625 0.35490033906249996 0.6763961187499999 0.350275690625 0.6816974625000001 0.33707200937500004 0.68393675 0.3259169515625 0.6834221015625 0.3091094671875 0.680354828125 0.28550594218750003 0.67852786875 0.2695764375 0.6735443531249999 0.2502817328125 0.655149503125 0.2486076421875 0.6396551890625 0.2483080453125 0.6232412375 0.24602932812499997 0.618208228125 0.24925245468749999 0.609220996875 0.2667958453125 0.602505503125 0.28771988125000003 0.600251296875 0.2980201234375 0.6032240703125 0.316209828125 0.6048049546875001 0.3307185015625 0.6052426328125 0.355793053125
3 0.2162290921875 0.5703664515625 0.221110528125 0.5711363203125 0.2311019453125 0.5604159984375 0.2417768734375 0.550823846875 0.2431734953125 0.5294226015625 0.24918795 0.4936895078125 0.2580385265625 0.48099392500000004 0.268561878125 0.47539476562500005 0.2778773671875 0.47665728749999997 0.28368341406250003 0.4796912171875 0.2740074578125 0.47045429062500005 0.2630142203125 0.46181040781249993 0.253619153125 0.45598887499999996 0.24603351875 0.45241596093750003 0.239618565625 0.45252793437500005 0.23258476093749997 0.45521593281249995 0.217204840625 0.46146991249999997 0.20824508593750002 0.49326406875 0.205822015625 0.519243628125 0.20619503749999998 0.5406139828125001 0.206570425 0.549443203125 0.20781571250000003 0.5574021625000001 0.2162290921875 0.5703664515625
3 0.5746116671875 0.591188225 0.5844742515625 0.623793934375 0.5910310734374999 0.6444863015625 0.5944884125 0.65240665 0.6022654109375 0.654266075 0.6095104765625 0.651004340625 0.6174215203125 0.6351898828125 0.6234286359375 0.6117129875 0.63289024375 0.55796315625 0.6368219609375 0.5296770625 0.63358321875 0.5089267796875 0.6290248265625 0.501310675 0.6229627609375 0.4962860390625 0.6152653390625 0.49898562343749997 0.604436228125 0.49974469531250004 0.5971762453125 0.5021516187499999 0.5865583937500001 0.502336953125 0.5764277156250001 0.5050790093749999 0.5685190359375001 0.5083523296875 0.5643509515625 0.5104202578125 0.562887065625 0.5152912328125 0.5663046171875 0.5209320765625 0.567338646875 0.529464775 0.56600905 0.542029078125 0.563436771875 0.5594604953125 0.5671103421875 0.5670920453125 0.5746116671875 0.591188225
3 0.49626068749999996 0.37451180625 0.49706356406249996 0.38247848906250004 0.4997379203125 0.3835719078125 0.5040402937499999 0.3891973078125 0.5249181359375 0.39367830625 0.5426394250000001 0.3947941046875 0.55720415625 0.392544703125 0.5761681234375 0.3887933859375 0.58251841875 0.3849772171875 0.5911305015625 0.38397181874999997 0.5990441546875 0.3809834359375 0.6039577984375 0.370921796875 0.6052675015625 0.3572177421875 0.60422825625 0.3230328953125 0.6017227625 0.3062601609375 0.5964931734375 0.285544628125 0.5935999765625 0.271913934375 0.5867572937500001 0.247521234375 0.57550069375 0.2491428421875 0.5660037906250001 0.2501636859375 0.5532634109375001 0.2555165171875 0.5371204015625 0.25608331875 0.5258240140625 0.255425425 0.506594078125 0.2566161578125 0.502883325 0.2595311796875 0.49804428593749994 0.2738668890625 0.49358063281250003 0.29703181875 0.492039778125 0.310169859375 0.4938567890625 0.32552948593750003 0.4955049390625 0.35656843125000004 0.49626068749999996 0.37451180625
3 0.5151673812500001 0.6210133421874999 0.520461628125 0.6454330703125 0.526598296875 0.6547317765625 0.5344051390625 0.6583008312499999 0.5411680015625 0.6527673109375 0.5470434375 0.6344231625 0.5556403609375 0.6071957390625 0.5632354609375 0.5606041078125 0.5651341750000001 0.5426143984375 0.5669409984375 0.5320369406250001 0.5663046171875 0.5209320765625 0.562906959375 0.5164309859375 0.5560247296874999 0.515125990625 0.539238 0.516844128125 0.5299324578125 0.5161514828125 0.51799235 0.5166449234375 0.51071744375 0.5181970312499999 0.49996293906249994 0.523230175 0.49694066875000004 0.527558303125 0.4959168296875 0.5449626921874999 0.4965432640625 0.555497678125 0.5020338468750001 0.57848885625 0.5095351703125 0.602585034375 0.5151673812500001 0.6210133421874999
3 0.2170075390625 0.3614296203125 0.224292390625 0.3604473890625 0.23239740625 0.3557455171875 0.2374154984375 0.35166757656250003 0.24149405625 0.3444707640625 0.2395503390625 0.334528821875 0.2365775640625 0.31633911718749996 0.236659509375 0.308356990625 0.238043815625 0.29892700781250003 0.2386600625 0.28352490625 0.22788802812500003 0.2748771609375 0.2160623109375 0.2819241765625 0.20727378437500002 0.28549787968749996 0.1985001796875 0.289926396875 0.1967530390625 0.30392311250000004 0.20092136562500001 0.3272223953125 0.20265879843749998 0.3380230140625 0.2102868296875 0.356701509375 0.2134384125 0.3597817703125 0.2170075390625 0.3614296203125
3 0.4688362546875 0.641488771875 0.47904887656249995 0.6307645890625 0.48437248281249995 0.606159525 0.4907623265625 0.57925565 0.494661834375 0.561801065625 0.4958273046875 0.53983380625 0.4961875296875 0.5224409999999999 0.4941270515625 0.5184866171875 0.4894121109375 0.51457856875 0.48250003750000003 0.5115639468750001 0.4612295203125 0.50994005 0.445036775 0.5076574703125 0.429955028125 0.505640525 0.42683589375000003 0.517095965625 0.4282604734375 0.5606799062500001 0.435416253125 0.5776564953125 0.44065578906249997 0.59894190625 0.44620108125 0.6250674015625 0.451955025 0.6377930875 0.45824327187499997 0.643098796875 0.4688362546875 0.641488771875
3 0.69054335 0.61567194375 0.69233264375 0.5914135953125 0.6901949562499999 0.5703590671875001 0.68939941875 0.5501361874999999 0.689615409375 0.5244801765625 0.6871447296875 0.509702009375 0.6818779593750001 0.49953304374999996 0.6769119703124999 0.49391922812500005 0.67088471875 0.4908891609375 0.663167403125 0.4924489921875 0.6580647625 0.491682984375 0.65229353125 0.490643621875 0.6483217859375 0.49128299843749995 0.643052646875 0.49365517031249995 0.6386484375 0.494872146875 0.6337471078125 0.492962525 0.6299766703125 0.4924582875 0.6277894859375001 0.493921590625 0.626104396875 0.498796428125 0.629019853125 0.5010257375 0.6338044234375 0.50892291875 0.63703321875 0.5291033265625 0.6331462640625001 0.5599538609375 0.6446989125 0.5879696734375 0.6540567984375001 0.6043377734375001 0.6650775125 0.627232421875 0.6743707390625 0.6398963281250001 0.6820631875000001 0.63691180625 0.69054335 0.61567194375