3 0.2712742890625 0.6218602234375 0.279004146875 0.5987801953125 0.278454575 0.58358486875 0.27818583124999996 0.5571009484375 0.279358103125 0.5446020625 0.274668815625 0.5333490890625 0.2670854125 0.5318985609375 0.25553322968750003 0.5261875796875 0.24532435625 0.5303991625 0.2429064828125 0.5370379515625 0.234162996875 0.54093805625 0.2245219765625 0.5496225781249999 0.21808647187500002 0.549969678125 0.21017338749999998 0.5577765140625 0.2023274390625 0.556892196875 0.19462195625 0.5656757140625001 0.1950616328125 0.5839568265625 0.21416675000000002 0.6089889765625001 0.2408064125 0.6334404171875 0.2506856046875 0.6384861953125001 0.25977715625000003 0.6452306078125 0.2712742890625 0.6218602234375
1 0.635227796875 0.4138359171875 0.6463952484375 0.39972289375000003 0.638738515625 0.379913384375 0.6433239000000001 0.360053759375 0.6354230046875 0.3607123359375 0.6248416890625 0.36857591562500003 0.6148282265625 0.38091243750000003 0.615554828125 0.3843308265625 0.61967016875 0.3946849859375 0.623999203125 0.4024417015625 0.624029775 0.4151953203125 0.628780103125 0.4213312734375 0.6356308109375 0.4229375375 0.635227796875 0.4138359171875
3 0.42253910625 0.5805206093749999 0.43862182968749996 0.5985391171875001 0.44839112812500004 0.6066706843749999 0.459424309375 0.6099399609375 0.46844253125 0.5983253890625 0.473021821875 0.5820398890625 0.4724355828125 0.5576650734374999 0.4693826203125 0.5378978125 0.464027771875 0.5181094296875 0.4589171890625 0.50847721875 0.45468586093749996 0.504782971875 0.44113100781250003 0.5076641453125 0.436472290625 0.5091647921875 0.43285157500000004 0.51554885 0.42494458437500005 0.51978155625 0.415425646875 0.5182320359375 0.4124399203125 0.5203978859375 0.40982054218749997 0.5224858671875 0.406773775 0.5297687375 0.4048627140625 0.545997490625 0.41110900624999996 0.5645755828125 0.42253910625 0.5805206093749999
3 0.30011761875 0.489149021875 0.306290578125 0.4893681328125 0.3102105046875 0.4915973546875 0.316438409375 0.490273571875 0.32088952656249997 0.48779624374999997 0.32585964375 0.48776062343750004 0.3293155171875 0.48600524375000004 0.334920621875 0.48175141562499996 0.3482739703125 0.4743194296875 0.35168099062499997 0.4705328171875 0.355985546875 0.46196178593750004 0.357774525 0.45596707500000005 0.3619691875 0.45048182968750006 0.36187148125 0.4464193609375 0.3387488359375 0.44571977812499997 0.3265677578125 0.44065287656249996 0.3151193765625 0.43543023593749997 0.305862984375 0.4333145046875 0.29597160312500004 0.4354169828125 0.28443171093749997 0.45318200312499995 0.2843096296875 0.4634160453125 0.2887730359375 0.484414721875 0.292216721875 0.4898075984375 0.29655794375 0.49041605937500005 0.30011761875 0.489149021875
3 0.2862640640625 0.6365382125 0.2940306921875 0.653261934375 0.3079885578125 0.6594823828124999 0.322117359375 0.6575000234374999 0.3325582109375 0.6399686109375 0.3411673234375 0.6228265453125 0.34470251875 0.6052317625 0.34370108125 0.5789035796875 0.340092553125 0.5781393828125 0.3313184984375 0.5692858671875001 0.3231183875 0.5613311640624999 0.3169148578125 0.548358434375 0.3124270765625 0.5416562734375 0.3042697265625 0.5393069328125 0.2955384296875 0.5360587812500001 0.290519459375 0.5340631671875 0.286855984375 0.5348418625 0.283766459375 0.536519371875 0.27946190312499997 0.545090403125 0.2783873375 0.5616517578125 0.2792910703125 0.5839174703125 0.2815991515625 0.6109887265625 0.2862640640625 0.6365382125
1 0.4082451546875 0.49525887187500006 0.40966169218750004 0.492916159375 0.41515690312500003 0.491748115625 0.416677240625 0.48989374375 0.41747706874999996 0.48104685625 0.4181242453125 0.46968039062500005 0.42319816250000003 0.47013311093750004 0.42305769687500006 0.46046527812500004 0.41809976875 0.45335264375 0.42021233281250003 0.4416747 0.423210246875 0.4323605953125 0.4223920328125 0.4213056078125 0.42010233750000003 0.41413622656250004 0.415980903125 0.40735619375 0.4111206796875 0.40430602968749996 0.4046851734375 0.4046531296875 0.397358225 0.40621052031250005 0.38980539531249997 0.4175136140625 0.382783753125 0.42411015625 0.37749614375 0.42625488125000005 0.3687526578125 0.430154984375 0.365821878125 0.4307779421875 0.3665362921875 0.4413445859375 0.3794500640625 0.44625575 0.38748533281249997 0.4588391328125 0.39656469375 0.47273180156250005 0.4047708984375 0.4771123734375 0.4060592578125 0.4885778328125 0.4082451546875 0.49525887187500006
1 0.525683825 0.4406930390625 0.531008103125 0.4477278046875 0.535398178125 0.4503674984375 0.54156504375 0.45416073749999997 0.535508071875 0.44728171093749997 0.53128893125 0.436439209375 0.531783453125 0.42255316875000004 0.539433990625 0.41531254687499997 0.547762275 0.4094590765625 0.5442697359374999 0.4020349625 0.532833540625 0.389664065625 0.5190405140625 0.3788149375 0.506493090625 0.373825903125 0.48584945937499996 0.3919947703125 0.47330823125 0.41405586874999994 0.4661584140625 0.4344605828125 0.4805803359375 0.4446656296875 0.4902275515625 0.4630312390625 0.48972683124999994 0.44986714843750003 0.49643707499999995 0.44180558124999997 0.5039288625 0.43561950937500005 0.5144491375 0.43287295312499996 0.52088464375 0.432525853125 0.525683825 0.4406930390625
3 0.499813728125 0.48651386875 0.5059745 0.49388123593750005 0.5118788171875 0.4982406859375 0.5212451031249999 0.49727063125 0.5242186421875 0.5022530359374999 0.531026590625 0.4982539390625 0.5365828406250001 0.49196887499999997 0.5462177687499999 0.4868584796875 0.5498384828125 0.4804744203125 0.5503818593750001 0.46861961562500004 0.5471518671875 0.46062929218750004 0.539580653125 0.45203050781250004 0.5350379234375 0.446871240625 0.53118513125 0.4359508671875 0.5319910546875 0.4235298515625 0.537809853125 0.41667857656249996 0.5447765484375 0.4116249265625 0.5478660750000001 0.40994741718750005 0.543225640625 0.400725678125 0.532729740625 0.389175725 0.519980809375 0.3796358796875 0.5059679953125 0.3749583265625 0.4850129640625 0.39166216875000004 0.47299683124999997 0.41259084531249995 0.4683137390625 0.42838800312499997 0.4660546140625 0.43397224218749997 0.4708598890625 0.43856529999999994 0.4795850921875 0.44538758125 0.4874677078125 0.45545138593749995 0.48939715 0.45912450781249997 0.4889697625 0.46431939843750003 0.4913083125 0.47352001406250005 0.499813728125 0.48651386875
3 0.3727709078125 0.6201922343749999 0.38457954375000003 0.628911134375 0.397816903125 0.628139065625 0.4047957859375 0.615937159375 0.4089720640625 0.5905500390625 0.41074265781249997 0.564653453125 0.4048627140625 0.545997490625 0.40656617500000003 0.5287920546875 0.3996788015625 0.5180062984375 0.3932982421875 0.5168105046875 0.38539734531250003 0.5174690828124999 0.377545303125 0.5201588953125 0.36455830312500004 0.527513009375 0.349263325 0.5384201281250001 0.346582903125 0.5456251296875 0.34551443437499996 0.5586123578125 0.3474805421875 0.5714649703125 0.350075546875 0.583673503125 0.356376784375 0.6007087015625 0.3727709078125 0.6201922343749999
3 0.637450359375 0.42969644687499997 0.6346966093749999 0.41854246718750004 0.6350690515624999 0.41489046875 0.64130914375 0.4064184296875 0.6478606390625 0.39941141562500004 0.645045846875 0.39337445625 0.638323315625 0.3779600203125 0.6462119203125 0.3538254390625 0.6411990453125 0.3482556984375 0.6328768546875 0.3505350390625 0.6208607203125001 0.37146371562499997 0.611579953125 0.3836444984375 0.6025617343749999 0.39525906875 0.5971031890625 0.40560660156250006 0.604454615625 0.42037695781249995 0.6126974828125 0.4339370234375 0.6195909484375 0.44114865156249994 0.6285847921875 0.44383059375 0.6341410453125 0.43754552812499997 0.637450359375 0.42969644687499997
3 0.6206293609375 0.568529103125 0.626539771875 0.5693144265625001 0.6322120124999999 0.5563694453125 0.6295803421875 0.534981421875 0.6241338828125 0.5075564406249999 0.6162206968749999 0.48473901406250003 0.6064635843749999 0.46945919375 0.6003516671875 0.46412306093750005 0.5930308125 0.46210632343749997 0.588683496875 0.4650719921875 0.5835180703125 0.48760693593750004 0.580770515625 0.5035030875000001 0.580233234375 0.5117837656249999 0.5910161578124999 0.5390952546875 0.60689128125 0.5561370812499999 0.6206293609375 0.568529103125
3 0.2487924171875 0.5214955265625 0.2514667421875 0.517864653125 0.25603384687499997 0.5087274093749999 0.2615412453125 0.5004111109375 0.26453916093749996 0.49109700468749995 0.2701015046875 0.48123781250000003 0.27403971562499996 0.47274465 0.2778313640625 0.458157784375 0.2650763390625 0.4521920671875 0.25127721875 0.44491706718749996 0.23607375 0.4328365234375 0.2224211890625 0.431655228125 0.2127191265625 0.445456771875 0.2031880015625 0.4510555078125 0.1984743390625 0.45409904687499997 0.197888203125 0.46034849062500005 0.2045008390625 0.47884871406249996 0.21654155468749997 0.50487204375 0.2254133171875 0.517788028125 0.232990625 0.5228126828125 0.2401588265625 0.5223098453125 0.2487924171875 0.5214955265625
3 0.577290471875 0.580803496875 0.5850387140625 0.5776253437500001 0.5864368671875 0.5553807546875 0.58313354375 0.52903145 0.57878003125 0.5049469875 0.5754950921875001 0.49849955625 0.5688092265625 0.4922646109375 0.5626973078125 0.486928478125 0.552860875 0.48748806250000004 0.5438609359375 0.48838024999999996 0.537578084375 0.491246925 0.5315516828125 0.49712151718750003 0.5296528125 0.506202015625 0.5312464796875 0.522706625 0.536186128125 0.5405416437499999 0.5543081890625 0.5591474890625 0.5674112796874999 0.57575771875 0.577290471875 0.580803496875
3 0.40907555625 0.49916560312499997 0.4100158515625 0.49998654531250003 0.41272074999999997 0.509109290625 0.4148516984375 0.5173332234375 0.4242118921875 0.51993729375 0.43368807187499997 0.515881453125 0.4367348375 0.50859858125 0.43826126875 0.50317008125 0.440880646875 0.5010821015625 0.4469680875 0.49009048593750004 0.44964850624999997 0.482885484375 0.4486287875 0.46727968750000004 0.44529499531249994 0.4588010234375 0.4429564453125 0.4496004078125 0.4444340234375 0.4421406734375 0.4458566515625 0.4362238328125 0.44853707187499997 0.42901883124999995 0.4550824734375 0.42558594375 0.4550397140625 0.41998058125000004 0.44553905625 0.40770867656250004 0.4306469875 0.39709315625 0.4195100046875 0.3933355390625 0.40339681250000003 0.393187671875 0.3896832109375 0.397123396875 0.3750659796875 0.40941766875 0.365821878125 0.4307779421875 0.365907396875 0.4419886671875 0.3792913171875 0.447310303125 0.3866488375 0.45850653125 0.396198346875 0.4728096703125 0.40450834999999996 0.4776785859375 0.40590051093749996 0.489632384375 0.40907555625 0.49916560312499997
3 0.5026715875 0.5900289703125 0.514382515625 0.5946854 0.5194075812500001 0.593106884375 0.5250187796875 0.5852789281249999 0.5281876265625 0.5677620125 0.5297872875 0.5500682343750001 0.5315884515625 0.5369252671875 0.5292681828125 0.51700226875 0.5255741375 0.5050273453125 0.52098255625 0.49783684062500005 0.509784534375 0.49919624531249995 0.5029338250000001 0.49758997968749996 0.49718216093749995 0.49575010468749997 0.486716834375 0.4969537703125 0.4690283578125 0.5002031671875 0.46687912656249997 0.50270161875 0.466280803125 0.51609931875 0.468717059375 0.529362403125 0.47198981093750003 0.5429580890625 0.4778269953125 0.5560086890625 0.4868514109375 0.57144425 0.5026715875 0.5900289703125