3 0.6468558515625 0.5284795203125 0.6454520671874999 0.5353384796875 0.6438330890625 0.540599140625 0.6381181171875 0.54057998125 0.636227634375 0.5524667187500001 0.637196465625 0.5580910718750001 0.641074525 0.571180540625 0.643982840625 0.5817816359375 0.6459182203125 0.6008703 0.651632278125 0.604025440625 0.65831699375 0.606532971875 0.6578829515625 0.6158803015625 0.6588526953125 0.6183686734375 0.6696869750000001 0.62733959375 0.6734070640625001 0.6274704046874999 0.679231915625 0.620448759375 0.6962234281249999 0.5918676703125 0.7096015343750001 0.5670909 0.7172614703125 0.553270909375 0.7195828 0.543012778125 0.7246004453125 0.53078150625 0.7274080125 0.5170635875 0.724877884375 0.50377154375 0.7211074203125001 0.4914812265625 0.7147464109375 0.4882351625 0.702560546875 0.49201074375 0.6903728578125 0.502058290625 0.682338384375 0.5060252984375 0.6727961828125 0.5035081875 0.6705815390625001 0.5177014515625 0.665887140625 0.5307621796875 0.659524759375 0.5322200875 0.6530561515625 0.5281748734375 0.6468558515625 0.5284795203125
3 0.3573380015625 0.3258887359375 0.3529641109375 0.34918686875 0.35349616093749997 0.3735665 0.353708159375 0.3861407359375 0.356292771875 0.397480365625 0.3635681296875 0.40830319687500005 0.36788114375 0.40890934999999995 0.37548340156250004 0.408017709375 0.3780702984375 0.411517384375 0.3832454578125 0.4138127625 0.38750398750000004 0.416371328125 0.394890596875 0.4154493796875 0.3973154109375 0.420102315625 0.403513884375 0.42606963281250004 0.406748190625 0.428092240625 0.409713271875 0.4289009703125 0.414134796875 0.42717029218749997 0.421466921875 0.42820075468749996 0.42761273749999995 0.429848521875 0.4311707453125 0.43113259375 0.4400664515625 0.431990790625 0.44977073437500004 0.4333546390625 0.4602309359375 0.4309045859375 0.4640059640625 0.42751499375 0.47058810624999997 0.41197547187500005 0.4743677 0.3929059703125 0.47922235312500006 0.3849639421875 0.4842436515625 0.36018874218749997 0.4845723765625 0.3422023078125 0.479888025 0.3207672328125 0.47525632812499996 0.303651709375 0.46776577656249996 0.2912305796875 0.4578494953125 0.277292496875 0.42383162499999993 0.268983471875 0.40161959999999997 0.2658617765625 0.38830191406250003 0.2683022484375 0.3762758484375 0.27876452343749997 0.3650542484375 0.30384436875 0.3573380015625 0.3258887359375
3 0.32393039687499997 0.8139549625000001 0.32710884687499997 0.822633953125 0.34236510781249996 0.8283062062500001 0.3645762171875 0.8345638843750001 0.37207133593749997 0.831305103125 0.384959546875 0.8225320500000001 0.391269728125 0.8151865984375 0.41355769374999996 0.7426603015625 0.4158822171875 0.7214262328125 0.4145896828125 0.7165404125 0.414592421875 0.7071324671875 0.413354828125 0.69872624375 0.41125371718750003 0.6933347734375 0.4064562890625 0.6899164421874999 0.39966352031249996 0.688177753125 0.3963207046875 0.688491978125 0.393354709375 0.6908192328125 0.39141385156249997 0.6905464625 0.3900128078125 0.687997475 0.385646678125 0.684639759375 0.3817658796875 0.6809582375 0.37971742656249996 0.67988631875 0.37745286562499997 0.6803520828125 0.3748646 0.68155638125 0.37265360937500003 0.683205715625 0.3706587265625 0.6833173671874999 0.3700662578125 0.68127403125 0.3695818421875 0.67846185625 0.368558071875 0.6763579046875 0.3647848703125 0.673475534375 0.3600950390625 0.6708563515625 0.356536571875 0.67114026875 0.35195296875 0.674024209375 0.34817748125 0.67898179375 0.344617190625 0.685537675 0.33906019062500004 0.6984771734375 0.3335549328125 0.71887220625 0.32658958125000004 0.7543505734375 0.3219959328125 0.79173031875 0.32393039687499997 0.8139549625000001
3 0.63068341875 0.5215024671874999 0.6383919031249999 0.526113946875 0.6462089 0.528388596875 0.65354148125 0.52785106875 0.6594171640625001 0.5314209390625 0.6659411671875 0.530377759375 0.6697725078125 0.518763790625 0.6755488109375001 0.49331067187500005 0.6768463671875 0.4809485890625 0.6768536734375 0.45586073281250006 0.67421823125 0.43392958593750003 0.669423084375 0.4226712984375 0.6642483796875001 0.4188079296875 0.6480182671875 0.424759228125 0.6332977093750001 0.43092267812499996 0.6241858953125 0.43160216562500003 0.6151267390624999 0.4366012046875 0.6105962468749999 0.4422367078125 0.60682030625 0.44876228124999995 0.6033653296875 0.46395726875000004 0.6029285484375 0.4827125453125 0.602169890625 0.4959343921875 0.6044326234375 0.5017405921875 0.6146194953124999 0.51218858125 0.63068341875 0.5215024671874999
3 0.48196066875000004 0.794219190625 0.46782299062500005 0.8353537890625 0.46436984062500003 0.8442768125000001 0.4754715140625 0.860733575 0.4894338703125 0.8662239796875 0.505123715625 0.8641168921875 0.5172555515624999 0.86072573125 0.5296066921875 0.8448209500000001 0.5427664078125 0.82942181875 0.54692875625 0.791981459375 0.5452044640625 0.7886030171875 0.5450442093750001 0.7834843140625 0.5439677828125 0.7770608109375 0.541599734375 0.76261550625 0.5391213484375 0.7567789984375 0.5348106171875 0.7483328890625 0.5310374140625 0.7454505171875 0.5278026546875 0.7449959015625 0.5242441906249999 0.74527981875 0.52127865 0.74603908125 0.5186922109375 0.740971415625 0.5155668734375001 0.7350439843750001 0.5135188765625001 0.732404075 0.5103921687499999 0.731180615625 0.5060786984375001 0.732142453125 0.504299009375 0.733852403125 0.5000391093750001 0.7359978093749999 0.4975053265625 0.7352496953125 0.4954573296875 0.7326097859375 0.49400225937500003 0.7304452203125 0.4913608796875 0.72889795625 0.48925885625000004 0.7266424671875 0.48613215 0.7254190109375 0.4811717265625 0.7262899234375 0.4756714921875 0.7294370546875 0.47238133437499996 0.73407083125 0.478256559375 0.73920869375 0.48229761406250005 0.748008915625 0.4832119625 0.75558568125 0.484067715625 0.779226778125 0.48196066875000004 0.794219190625
3 0.670926853125 0.6279058609375 0.6584218515625 0.6167400671875 0.6578316656250001 0.6068567765624999 0.6462419234375 0.600131765625 0.6447882203125 0.5932632250000001 0.635085765625 0.5856274140625 0.6334132171875 0.5897045046875 0.633780903125 0.623077353125 0.633556121875 0.6544068671875001 0.6403447812499999 0.6702574765625 0.6504808203125 0.6701139484375 0.6638525359375 0.667289053125 0.67619545625 0.6796081109375 0.6871373328125 0.68937818125 0.6959781 0.6937567812500001 0.7033669890625001 0.6849948765625 0.7188484890625 0.6577696234375 0.73006963125 0.6342577687500001 0.737191584375 0.6164420296875 0.7487918265625 0.587103246875 0.7457768265625 0.5725670203125001 0.7412518140625 0.5593866281250001 0.7373156171875 0.5607935015625001 0.728793534375 0.5729242703125 0.7160660328125 0.585248034375 0.6977338953125 0.588943840625 0.6829538312500001 0.6143076046875 0.6742156406250001 0.6279760578125 0.670926853125 0.6279058609375
3 0.239736828125 0.740184146875 0.2486361875 0.7284984140625 0.2560836703125 0.7036721765625 0.26196392031250004 0.6915621375 0.2727496515625 0.6821015859374999 0.27054368281249996 0.6665030187500001 0.2700606375 0.65898686875 0.26381041875 0.645564015625 0.260576571875 0.6419734187499999 0.255724203125 0.6420754890625 0.24812194375000002 0.64296713125 0.23933155312499999 0.6507480390625 0.23172655312499998 0.6610476281250001 0.2168375234375 0.6903162140625 0.20253730937499997 0.7341720656249999 0.199617578125 0.762770746875 0.205762025 0.7691224859375 0.2224783796875 0.7597114015625 0.239736828125 0.740184146875
3 0.268093 0.38038052968749997 0.27256352968750003 0.395513334375 0.28420821093750004 0.3987179421875 0.3082008375 0.39699370625 0.31154365 0.39667948124999997 0.3223252734375 0.4013308484375 0.3326769625 0.4012176296875 0.33742173593749997 0.40031640937499996 0.33995643124999997 0.3979285390625 0.342492953125 0.3892687078125 0.349072809375 0.3815691421875 0.34859204843749997 0.3662130359375 0.3439658296875 0.330281621875 0.3384216140625 0.29931736875000003 0.3340032859375 0.290072109375 0.3280213765625 0.28099911718750004 0.319665025 0.27943269531250003 0.298957990625 0.2922030640625 0.2855263140625 0.3157962609375 0.2730108109375 0.3406942609375 0.268423096875 0.3576901234375 0.268093 0.38038052968749997
3 0.5469704546874999 0.833932796875 0.5560204796875 0.8602935796875 0.5624336921875 0.8694271890625 0.581951678125 0.86668206875 0.593705328125 0.865981853125 0.599261871875 0.8546103468749999 0.6011024359375 0.8289961109374999 0.6008364125 0.81680629375 0.5989074265625 0.77576575625 0.5958384 0.76161395 0.5924974109375001 0.7556562109375 0.5830632625 0.752370259375 0.574814053125 0.753170978125 0.5680734843749999 0.7573198328124999 0.56510703125 0.7612150765625 0.5597121109375001 0.7730013109375 0.5544257 0.7824507140625 0.550703784375 0.7885918671875001 0.547198434375 0.791627346875 0.545844565625 0.8122138046874999 0.5469704546874999 0.833932796875
3 0.57120948125 0.3563384265625 0.57940238125 0.363762084375 0.5954113640625 0.3765963734375 0.604197190625 0.38449537500000003 0.6106653421875 0.3901085796875 0.615464140625 0.38882293749999997 0.6223690734375 0.3756808671875 0.6243199749999999 0.34145783281250003 0.6219020093750001 0.31328502812500003 0.6184021359375 0.29750461562499997 0.6068142203125 0.2845076390625 0.595224934375 0.27621463749999997 0.5716109546875 0.2736799359375 0.550692378125 0.2723080765625 0.5411492640625 0.2729269484375 0.536617403125 0.283266425 0.5341857390625 0.302133353125 0.5362845671875001 0.3153647796875 0.5452860421875 0.3232940890625 0.5636653578125 0.3427337265625 0.57120948125 0.3563384265625
3 0.20507915937500001 0.522057815625 0.22001034531250002 0.533172575 0.22944495156250003 0.5348905359375 0.2450317640625 0.5163043875 0.2561434828125 0.4982653484375 0.268228140625 0.47173874062500004 0.2713589578125 0.4588502796875 0.260738046875 0.45774962031250005 0.25044038125 0.45747842031249997 0.24887634531249997 0.45921867812499995 0.2386336203125 0.45542707499999996 0.2319447953125 0.46703146249999994 0.22029874375 0.468530828125 0.2153969125 0.4533374109375 0.2136281828125 0.417415575 0.20694574999999998 0.40706808906249997 0.196487375 0.40324617656250006 0.183001671875 0.4272237953125 0.16784387812499998 0.4537105140625 0.16724090625000002 0.487730975 0.16917674062500002 0.5052516453125 0.1739178609375 0.516894353125 0.180656603125 0.5190174625 0.19413636875 0.515423728125 0.20507915937500001 0.522057815625
3 0.4693617671875 0.7352145140624999 0.46677350312500004 0.7364188125 0.46380841874999995 0.735610084375 0.46219309375 0.728326815625 0.4599834734375 0.725272178125 0.4569103359375 0.7252322906249999 0.453675575 0.724777675 0.451411015625 0.7252434375 0.44817625312500003 0.724788821875 0.4476378125 0.7223610671875 0.447908859375 0.7173029796875 0.44677749218749996 0.7143998796875 0.445915803125 0.7111426671875 0.443759753125 0.7092716 0.44052544843749997 0.7072489921875 0.438153746875 0.705347615625 0.43588918593750003 0.7058133796875 0.43222266718749996 0.7068661390625001 0.427045225 0.7124107171875 0.420464909375 0.721678275 0.41690644375 0.7219621921875 0.4138813984375 0.7419217687499999 0.4078912703125 0.7610726140625 0.391809084375 0.814478371875 0.394773253125 0.8184230828124999 0.39902858750000003 0.8319575875 0.4021530109375 0.8410209984374999 0.41676277656250005 0.8450343390624999 0.429970584375 0.8496346703125001 0.44813835781250005 0.85493208125 0.45886823593750004 0.8521279156249999 0.4657727109375 0.8405538343750001 0.4740283140625 0.8178012406249999 0.4813672875 0.7953118390625 0.4836364140625 0.7791661624999999 0.48369546249999995 0.7615338406250001 0.4833740421875 0.75443241875 0.4824047546875 0.75037605625 0.4782025328125 0.7395931140625 0.4728666625 0.7337470265625 0.4693617671875 0.7352145140624999
3 0.238903296875 0.45507296249999996 0.24725873593749997 0.4597753671875 0.255294578125 0.45110438437499994 0.2703424921875 0.43165847187499995 0.283825 0.4186567890625 0.28727769531249997 0.41130175781249995 0.28631069062500003 0.399405440625 0.2846935390625 0.3983941375 0.2727251515625 0.3959280625 0.26777020937499996 0.37798308281250004 0.26809985 0.3568606640625 0.271609765625 0.33814527499999997 0.263202128125 0.3275553265625 0.2571648203125 0.3235707296875 0.25080335468750004 0.3218926546875 0.234246796875 0.33799043125 0.2207088921875 0.3560805078125 0.214935328125 0.3721256796875 0.21422065156249998 0.419458909375 0.216421596875 0.452305378125 0.22051439374999998 0.4685611359375 0.23172914531250002 0.46700115468750003 0.238903296875 0.45507296249999996
3 0.25088339843749996 0.7876163109375 0.26009915625 0.8002799015625 0.27961440312499997 0.806942728125 0.2921230578125 0.80556459375 0.29940389375 0.79757153125 0.3114867265625 0.7773168890625 0.3177982765625 0.7652674640625 0.3323677125 0.722625490625 0.336794259375 0.703646909375 0.338305640625 0.6975871 0.336853309375 0.6860145875 0.33442986406249997 0.676657678125 0.33184296875 0.673158003125 0.3279081421875 0.6698609015625 0.3251051390625 0.6678989109375 0.3224092765625 0.668304059375 0.31971295781250003 0.6702771984375 0.31717826250000003 0.67266506875 0.3143207765625 0.6726554890625 0.3121642703125 0.6723524109375 0.30963003125 0.6731722890625 0.3071498203125 0.6736077453125 0.304670065625 0.6724752109375001 0.3020827140625 0.670543528125 0.29685261406249996 0.671768553125 0.292214525 0.6766049062499999 0.288493065625 0.6811780671875 0.285796290625 0.6847191984375 0.2838014078125 0.6848308515625 0.28153775937500003 0.6821606328125001 0.275715190625 0.6813423234375 0.272264321875 0.682425390625 0.26633233125 0.6870798984375 0.2613165109375 0.6930392046875 0.2554362609375 0.7051492453125 0.24982340781249998 0.724745128125 0.24620635000000002 0.741093378125 0.2455557453125 0.7535463828125 0.24479571562500002 0.771472203125 0.25088339843749996 0.7876163109375