3 0.33304888125 0.5483756125 0.335482184375 0.5455402828125 0.33930919375 0.53957745625 0.3457005328125 0.5264325734375 0.349718134375 0.5195354671875 0.355195490625 0.5014414609375 0.3553752515625 0.4998867390625 0.3516197046875 0.4980903890625 0.3467920703125 0.49414053124999996 0.34247123125 0.48366516718749997 0.337824428125 0.46636851406249996 0.337521190625 0.44899604374999996 0.34195353281249996 0.4302996453125 0.3463306578125 0.4202930921875 0.3405944515625 0.4117043359375 0.33081898593750003 0.408771796875 0.3189859859375 0.40649580468749996 0.3092321796875 0.4048041546875 0.298874109375 0.404054003125 0.2945846921875 0.4072320484375 0.297721940625 0.44472566718750006 0.2967495328125 0.4838426078125 0.29881576249999997 0.5073906484374999 0.30665716875000004 0.5299069328125 0.3174440875 0.5433726015625 0.33304888125 0.5483756125
3 0.49172596874999996 0.4764051578125 0.49195339687499995 0.4894345109375 0.49224038906249995 0.5058763125 0.49476033125 0.508004546875 0.5000232984374999 0.5131880734375 0.5046224375 0.5159006500000001 0.5102124390625 0.51611339375 0.5195200796874999 0.5159509296875 0.528174725 0.5139379578125001 0.531653040625 0.5117050234375 0.5380541421875 0.51097265625 0.547388859375 0.5123613046875 0.556903340625 0.5121952296875001 0.561644334375 0.5111815234375 0.5723619296875 0.5088222265625 0.5765809515625 0.5016112875000001 0.5791669421875 0.4956701234375 0.580909340625 0.4888127296875 0.581802734375 0.4807288890625 0.5811995390625 0.46987831562500004 0.5782561609375 0.455344784375 0.5751221921874999 0.44174553124999993 0.572837228125 0.429372728125 0.570219815625 0.4216604859375 0.5668735953125 0.40775461875 0.5584961828125 0.41379687499999995 0.53804644375 0.41570541250000004 0.515033440625 0.41300393281250003 0.49974919843750004 0.4145119890625 0.49587238749999996 0.429474884375 0.49284999531249996 0.445974453125 0.49357338906250003 0.45185785312500004 0.492489403125 0.460875971875 0.490649534375 0.46214935625000003 0.49172596874999996 0.4764051578125
3 0.6481215203125 0.534497434375 0.643893803125 0.517503784375 0.6380547156249999 0.503020796875 0.6339558890625 0.5052645625000001 0.623853390625 0.5073028046875 0.614099584375 0.50561115625 0.61062126875 0.507844090625 0.6061250140625 0.51102574375 0.6041216296874999 0.5147845203125 0.6110555328125 0.5208698328125 0.61510455625 0.5276261343749999 0.6158604390625 0.5353708703125 0.615440284375 0.546859940625 0.6117540609375001 0.560888559375 0.6041585406250001 0.5880187359375 0.6121212109374999 0.5937757718750001 0.63024053125 0.6005967937500001 0.6427211171875 0.6044130671875 0.6476061046875 0.576088934375 0.6488276 0.5512422390625 0.6481215203125 0.534497434375
3 0.5300244281250001 0.584347675 0.5401594171874999 0.5841707671874999 0.550103815625 0.584928140625 0.5536535953125 0.5749360265625 0.55867395625 0.5543674609375 0.562894046875 0.5353644515625 0.56340084375 0.5288389437500001 0.5624651968750001 0.52264893125 0.5584215890625 0.5162028515625 0.555694809375 0.514078228125 0.5519771687499999 0.5144534375 0.5484392875 0.513273921875 0.5395236578125 0.512188275 0.531473278125 0.513259746875 0.518692734375 0.5159653703125 0.5062879578125 0.5164922140625 0.50203103125 0.52153159375 0.501126809375 0.5289949890625001 0.5020538343750001 0.5702509953125 0.504518559375 0.581069075 0.50838240625 0.589069878125 0.5182834828125 0.5873454687499999 0.5300244281250001 0.584347675
3 0.60842195 0.5714975046874999 0.613714128125 0.554648 0.61579980625 0.54375049375 0.6162795265625001 0.535673871875 0.6146962968749999 0.527943578125 0.6116814578125 0.5211692234374999 0.6036971265625 0.5141712953125 0.5946677828125 0.5065709734375 0.5921695 0.5056836296875 0.5888384546875 0.5045005046875 0.586928190625 0.50174099375 0.5809407625 0.5024661375 0.57659178125 0.502231734375 0.5735758734374999 0.5072494515625 0.5696838843750001 0.5094896062500001 0.5637127000000001 0.5111454203125 0.5585472015625 0.5115459015625 0.557169740625 0.51560406875 0.561170028125 0.519568365625 0.5631452718750001 0.52605055 0.5628615578125 0.5335031156250001 0.5571438078125001 0.5615314671875 0.5559179656250001 0.57427586875 0.5594168734375 0.5850758968750001 0.573487171875 0.5851406156250001 0.5851133359375 0.5874202171875 0.59467655 0.590046146875 0.6021497390625 0.5914672875 0.60842195 0.5714975046874999
3 0.284795340625 0.5575964453125 0.2920465171875 0.54629845625 0.3011104859375 0.5321759703125 0.30488876249999997 0.5234211390625 0.29881034687499997 0.5070804265625 0.296961784375 0.4841492203125 0.2967191796875 0.458397128125 0.2861120203125 0.44337673437499997 0.27680544687499997 0.43174712812499993 0.27094362968749997 0.427815321875 0.2655496359375 0.4269785234375 0.2621200546875 0.4320034625 0.26096353906249997 0.4605728296875 0.2624569234375 0.49871577968749997 0.2672391015625 0.5237679984375 0.27227791875 0.5398165406250001 0.27846570000000004 0.5505696343750001 0.284795340625 0.5575964453125
3 0.5007543171875 0.5550681359375 0.5012740796874999 0.5255789296875 0.5016011140625001 0.5206081453125 0.49653956718750003 0.5151107859375 0.4891865765625 0.508722471875 0.4867695171875 0.51248846875 0.48097268125000003 0.512279334375 0.47355364062499994 0.5139604203125 0.46692945625000004 0.5137657296875 0.4646921609375 0.5159770031249999 0.459107575 0.51607448125 0.45396373749999996 0.517715853125 0.4479600625 0.51751033125 0.44801421093749993 0.5206125578125 0.45115466406250004 0.5227299609375 0.4527054046875 0.5285989203125 0.45537483125 0.5629975328125 0.45307583281249997 0.5853805015625 0.4623499171875 0.595148771875 0.479702525 0.5936046125 0.48816116093749995 0.5922156968750001 0.494388984375 0.5815562046875 0.4999746390625 0.569666653125 0.5007543171875 0.5550681359375
3 0.4125152109375 0.5137845828125001 0.418763625 0.5161580531250001 0.43619204062500005 0.5189570109375 0.44587545312500004 0.516615765625 0.453751484375 0.5174092421875 0.4638593984375 0.5156812203125 0.46755538124999996 0.5140651203125 0.47417414999999996 0.513949590625 0.48240970625 0.5116336171875 0.48675327187499995 0.5115578000000001 0.4896056640625 0.509025475 0.492844653125 0.5049348140625 0.49146605 0.4615144703125 0.48978970000000005 0.46030246249999995 0.4893662640625 0.44789716406249996 0.48788157187500003 0.43395880625 0.48579261406249996 0.420961946875 0.4827507 0.41263647968750006 0.45155629062499997 0.41535320000000003 0.4244661234375 0.41613637812500004 0.41492998437499995 0.41506156406250005 0.4092457921875 0.43315917812500004 0.40238990937499997 0.467103421875 0.4014250515625 0.48294644218749994 0.40330175781250005 0.49563668906249997 0.40848784687500006 0.5082691703125 0.4125152109375 0.5137845828125001
3 0.582063721875 0.48382750625000004 0.5831087328125 0.48442989843750006 0.58962355 0.490212209375 0.59554493125 0.4975564640625 0.6003617359375 0.500885875 0.60659390625 0.502328678125 0.6101101265625 0.502267303125 0.614943175 0.5065273828125 0.6222041125 0.5076419109375 0.632121434375 0.50684816875 0.6390780671875 0.5023823000000001 0.643944675 0.49671164375 0.646814378125 0.4833179125 0.646646515625 0.47370100937500004 0.645368659375 0.459759040625 0.6398241140625001 0.43844393593750003 0.6351718953125001 0.420837059375 0.6308629546875 0.39919006874999996 0.622594909375 0.3996447046875 0.618915171875 0.402191471875 0.6095966984375 0.40173349375 0.6017098375 0.40031957343749996 0.5924184390625 0.40141270625000003 0.5868771734375 0.4039919671875 0.5809969749999999 0.4227136390625 0.5760643187500001 0.43645369375 0.5753127828125 0.44081125312499997 0.5778262421875 0.4544213375 0.58189044375 0.4739003796875 0.582063721875 0.48382750625000004
3 0.35036785625 0.49749160468750003 0.355587503125 0.50019335 0.35789519531249997 0.5020149734375 0.35945134843750004 0.5081941546875 0.3647305609375 0.5143083484375001 0.37198066875 0.5148024328125 0.3754752296875 0.513500165625 0.3796498640625 0.5155995171875001 0.384221928125 0.51676098125 0.3937526515625 0.517525571875 0.39804748437500004 0.51465775 0.40191781249999997 0.5111767046875 0.4043457015625 0.5080311546875 0.40611517656249996 0.5027248765625 0.4034977640625 0.4950126328125 0.40143046718750003 0.4832566640625 0.4023953234375 0.46741364531249996 0.4071547 0.44374646406249996 0.40788999062500003 0.4384582375 0.40638905468750003 0.42358920937500005 0.403712078125 0.4124645171875 0.4026291609375 0.40969056562499995 0.3862620015625 0.40842466875000005 0.37572958437500004 0.409539465625 0.36528380625 0.4156178234375 0.3538807234375 0.41426527812499997 0.34974399375 0.4143374859375 0.34237262031250004 0.43060264843749996 0.3369223390625 0.450247765625 0.3371768421875 0.46482823125 0.34205214375000004 0.483362165625 0.3474125796875 0.49412969999999995 0.35036785625 0.49749160468750003
3 0.3493738625 0.5946382390625 0.3504394671875 0.60827359375 0.35139135625 0.615394275 0.372385796875 0.6091317890625 0.3869953796875 0.6045323375 0.3910996203125 0.60259879375 0.3998203109375 0.5925164234375 0.3963495453125 0.5714754359375 0.39151321875 0.5433209890625 0.39118725312499997 0.5364997015624999 0.3930931703125 0.5271569171875 0.39548856718750003 0.52215003125 0.3987600484375 0.5199207046875001 0.3974378046875 0.515289028125 0.3943731625 0.517514740625 0.3877435640625 0.517009828125 0.380694878125 0.5162019124999999 0.3758889015625 0.5134929453125 0.37094107187500003 0.5145102609375 0.36451289375 0.5136915140625 0.3594567640625 0.5085043765624999 0.357693771875 0.50232880625 0.3557943390625 0.5001897390625001 0.35247305624999997 0.5114191328125 0.349119284375 0.5207871875000001 0.3482475515625 0.5301119203125 0.3475003609375 0.5465717734375 0.3475155390625 0.5592945140625 0.3475144703125 0.5710865859375 0.34788375625 0.58038965625 0.3493738625 0.5946382390625
3 0.6472388812500001 0.48393113750000005 0.6484084390625 0.49166865312499997 0.6583571828125 0.50452831875 0.67573038125 0.5160171234375001 0.6842539984375 0.5183508796875 0.6896263312500001 0.5179467875 0.694433375 0.5088636828124999 0.6997472140625 0.49325506875 0.7001684375 0.46997392656250003 0.69676371875 0.44086353906250003 0.693412084375 0.4266474515625 0.6868983359375 0.40907306875 0.683704803125 0.3920613671875 0.67674275625 0.3962170125 0.6641148984374999 0.3958167984375 0.6535933109375 0.3975520390625 0.6441221515625 0.40019989687499996 0.6426461531250001 0.41046612812500005 0.6388732921875 0.41953118125 0.635846553125 0.4239284546875 0.6426970984375 0.4489445703125 0.6455809109375 0.46006565468750005 0.6472388812500001 0.48393113750000005
3 0.4418676875 0.5951959718750001 0.4459935875 0.594503321875 0.4524228328125 0.5835299953125 0.45389883124999997 0.5732637640625 0.4551571640625 0.5623806984375 0.45423341562499997 0.5450190593750001 0.452939315625 0.5301464234375 0.450947828125 0.5227335703125 0.4469692 0.5200101640625 0.4409330359375 0.5179433046875 0.43390059374999995 0.51806605625 0.41814311562500006 0.5161688843750001 0.4106753421875 0.515057965625 0.4061249375 0.51513739375 0.4008175828125 0.5192641578125 0.39589682656249997 0.5218325875 0.3930931703125 0.5271569171875 0.3913940890625 0.5364960921875 0.3915294625 0.5442516578125 0.396801125 0.573639775 0.40064765781249995 0.5925019828125 0.4026283140625 0.5992943875 0.4131553171875 0.59786936875 0.42655095625 0.59484269375 0.4418676875 0.5951959718750001
3 0.2876586359375 0.6149551484375 0.2883917921875 0.633251065625 0.298674053125 0.6296580984375 0.3170066921875 0.6249936609375 0.3357367625 0.619391334375 0.34417915312499997 0.61707175 0.35035175937499996 0.6151021046875 0.3482649390625 0.5785211 0.347379096875 0.5633310203125 0.34449421562500004 0.5640020109375 0.340940090625 0.5618918265625 0.3356554625 0.5554674109375 0.3322161203125 0.5480798296875 0.328858 0.5453455921875 0.325352609375 0.5460274140625 0.3213956421875 0.544544896875 0.3170141703125 0.5424491546875 0.314690234375 0.5396968640625001 0.3096178578125 0.5335790593749999 0.3009459015625 0.5464534343749999 0.2967756125 0.5564563765625 0.2936990734375 0.5698537171875 0.2902575921875 0.5860502828125 0.2882477234375 0.6012909078125 0.2876586359375 0.6149551484375