3 0.5935109953125 0.6056419578125001 0.59175811875 0.6103590140625 0.5874238625 0.6192254671875 0.5822980249999999 0.6311392031249999 0.5792644984375 0.6410909 0.5777551828124999 0.6544153421875001 0.57445930625 0.6778667296875 0.57946724375 0.6848876125000001 0.5841571203125 0.7239003265624999 0.588936390625 0.739011009375 0.5984230390625 0.7426003640625 0.6096878265625 0.7374152453125 0.61781674375 0.729984534375 0.6237963468750001 0.7145810375 0.6275191078125 0.68938476875 0.6299780609375001 0.666718196875 0.6324843046875 0.6269119562500001 0.633351678125 0.6116924203125 0.6320813953125 0.5961724562499999 0.6293154046875 0.5822471578124999 0.6212622796875 0.577505615625 0.6145098859375 0.573849315625 0.6094261578125 0.5790006875 0.605722184375 0.582089878125 0.597978046875 0.5945380734375 0.5935109953125 0.6056419578125001
3 0.4303386890625 0.6873923359375 0.43024605468750005 0.7022695359375 0.4303283203125 0.7081469421875 0.43691941874999995 0.7090732609375 0.4422635546875 0.7098243296875 0.45033351875000005 0.711860928125 0.455188584375 0.71479935625 0.4588051046875 0.7162100625 0.46151085781249995 0.7111757062499999 0.4646603359375 0.7016915234375001 0.4674535390625 0.69215726875 0.46957629531249995 0.6757605109375 0.4744637546875 0.6448620859374999 0.4763915328125 0.631145234375 0.47779331875000003 0.61600080625 0.4764355875 0.6049807390625 0.4717586609375 0.602067346875 0.467064890625 0.6018588984375 0.45475654062500004 0.602836384375 0.4506593703125 0.602260565625 0.44644625 0.6012172296875 0.44085336875000003 0.602236078125 0.4384132046875 0.6027955734375 0.4368300453125 0.6088901375 0.43515943437500004 0.619484596875 0.433107284375 0.63408640625 0.431606390625 0.646058375 0.42926015 0.6601676328125 0.42895245624999995 0.671404859375 0.4303386890625 0.6873923359375
3 0.3980264515625 0.588997646875 0.39375438125 0.5974216218749999 0.3896436046875 0.6085755765624999 0.38547388125 0.6291968421874999 0.3790149203125 0.6738621874999999 0.3777206640625 0.69082660625 0.39035160625 0.6953090828125 0.40693850156250005 0.7039572796875 0.41023243281250005 0.6999080249999999 0.4158842625 0.68942186875 0.42124200156249997 0.6784431625 0.42596621875 0.6642168875000001 0.42961318750000005 0.651192875 0.43256445 0.635363771875 0.4350940109375 0.610902246875 0.43513611562500004 0.604139884375 0.43439506562499997 0.5990723296875 0.43222891093750004 0.5938044890625 0.4278629140625 0.5886787015625 0.42378258906250005 0.5853979359375 0.418438453125 0.5846468671875 0.41548071875000003 0.582426309375 0.4126305140625 0.5820257390625 0.40822241249999996 0.583662315625 0.4059688078125 0.5828943718749999 0.401196009375 0.5858333499999999 0.3980264515625 0.588997646875
3 0.3515066078125 0.3861795515625 0.35601381875000004 0.3877154359375 0.357927990625 0.3857283609375 0.361026940625 0.38435901562499997 0.364900628125 0.3826473328125 0.3705725390625 0.3784810625 0.3720345640625 0.3822962859375 0.3743503546875 0.38262175 0.3822842890625 0.377870946875 0.38456315937499996 0.374581471875 0.38837142343750003 0.3642874375 0.3937997703125 0.35151377968749997 0.39803491874999997 0.3394748671875 0.39975605625 0.32076556875 0.4008754109375 0.31280094687500004 0.3982907953125 0.3079255140625 0.39292658125 0.3008545609375 0.38863119375 0.29393382031250004 0.38318471249999997 0.2809854625 0.37953969062500004 0.27460734375 0.3700193578125 0.27642787968750004 0.36351052500000003 0.281378965625 0.3574907625 0.28414269375 0.3478376359375 0.288200659375 0.3409051578125 0.3039214578125 0.34308944375 0.3349113140625 0.3446285515625 0.354981246875 0.34705834687500003 0.37517635781249997 0.3484866875 0.384401471875 0.3515066078125 0.3861795515625
3 0.5370361031249999 0.73216811875 0.539558534375 0.737486028125 0.5475747359375001 0.7386126328125 0.5518953859375 0.7414759546874999 0.5593940171875 0.73982250625 0.564387059375 0.7301462015625 0.56996180625 0.7034053359375 0.5737383328125001 0.6791190609375 0.577871134375 0.65488285625 0.578925065625 0.638335884375 0.5787236109375 0.6229661328125 0.5762802078125 0.6145007984374999 0.572573 0.6085651578125 0.5645282984375 0.6024711421875 0.5597723421875 0.602705175 0.5543491796875 0.6051015296875 0.5467177546875 0.608992409375 0.5387132125 0.6155381625 0.5365418734375 0.6206476265624999 0.5345182234375 0.640216846875 0.5306089046875 0.666740553125 0.531477565625 0.6799479796875 0.53389051875 0.702848034375 0.5359724609375001 0.721640603125 0.5370361031249999 0.73216811875
3 0.3596432421875 0.673395771875 0.36578219375 0.6801243890625 0.37073831562500004 0.66683314375 0.37663046875 0.65592954375 0.382480515625 0.651788309375 0.385420115625 0.6282868484375 0.386349675 0.6126248328125 0.3864170453125 0.6018050515625 0.384397290625 0.58257000625 0.3829067640625 0.5737873703124999 0.382555671875 0.5633599953124999 0.38034417343750004 0.5558296890625 0.376326034375 0.5521064453125 0.3720390671875 0.5438332328125 0.36792181875 0.5369375296875 0.364305296875 0.5355268234375 0.3583561421875 0.5364955984375 0.3519464171875 0.5446191453125 0.345398715625 0.5653574265625 0.337731659375 0.594060328125 0.32957876875 0.6339754234375 0.3393174 0.644819690625 0.34851319531249997 0.656941325 0.3596432421875 0.673395771875
3 0.4851241578125 0.7176528703125 0.489473309375 0.7254836046875 0.4998674875 0.7264931906250001 0.505762878125 0.7246144218749999 0.5124582703125 0.7183358984375 0.5164278296875 0.7107718453125 0.5216864609375 0.6966206781250001 0.5266510015625 0.6819769625000001 0.53116858125 0.662758240625 0.53476696875 0.6384469296875 0.5366662468750001 0.6197626671875 0.5345538546874999 0.6154048234375 0.5308298046875 0.612174128125 0.51943740625 0.609219375 0.5174072828125 0.6107389359375001 0.51587465 0.6087186625000001 0.51410169375 0.6071158328124999 0.5066820921875 0.6056218578125 0.5043125359375 0.6043864015625 0.4995481578125 0.60597290625 0.49750961406250005 0.6088449375 0.4952054796875 0.61619183125 0.4909282265625 0.6349931093750001 0.48514489375 0.676143659375 0.4837346875 0.6926405609375 0.4834101484375 0.7065827312499999 0.4851241578125 0.7176528703125
3 0.44897001562499994 0.3867917953125 0.44686928437500006 0.3901063078125 0.4467481484375 0.40001609531250004 0.44786555625 0.41145360625 0.4495510625 0.41755633124999997 0.4545674234375 0.4232247421875 0.45856872187500003 0.42965293125 0.4624877515625 0.430203715625 0.47122492656250003 0.4300779890625 0.47777068125 0.428741840625 0.4902571703125 0.4277893890625 0.49229571562499996 0.4249173578125 0.49640130625 0.4241407046875 0.49877086249999997 0.4253761609375 0.5042562125 0.4225373265625 0.508457675 0.41590830468749995 0.5111265046875 0.40725900781249996 0.513481165625 0.391797278125 0.5162426296875 0.3682707828125 0.5151789875 0.35774326562500003 0.515503525 0.3438010953125 0.5130853875 0.33127834218749996 0.5078086234375 0.31970749062500003 0.49581638906250003 0.3080952796875 0.488368284375 0.30163389218750003 0.4796848765625 0.3026696125 0.47209037499999995 0.31017543125 0.46563530625 0.31603651250000003 0.46227076875 0.32188071875 0.4581768359375 0.33032972968749996 0.45732630625 0.342844321875 0.4558085703125 0.3575212359375 0.45273293593749997 0.3742352953125 0.4516926109375 0.37905249375 0.4497162515625 0.3814820484375 0.44897001562499994 0.3867917953125
3 0.695198571875 0.41462868124999996 0.6964487734375 0.4238287609375 0.7067270015625 0.424370834375 0.7148474953124999 0.4182925953125 0.7219296109375 0.397629421875 0.7266337484375 0.37708326406250003 0.7298421765625001 0.358131771875 0.7234544796875 0.353173071875 0.71533916875 0.34887400625 0.7081832078125 0.36230730312500004 0.697634209375 0.37661739375000003 0.6912899078125 0.3933232921875 0.6848834203124999 0.41047166874999996 0.6886612375000001 0.41461235625 0.695198571875 0.41462868124999996
3 0.400573534375 0.3899169265625 0.4046201765625 0.3986075828125 0.41141791406249995 0.40452635 0.4204945203125 0.4071556390625 0.4276990625 0.4050096390625 0.43074424687499996 0.4027303015625 0.434547328125 0.4028135703125 0.436809353125 0.40222903906249996 0.4410023953125 0.39695248906249997 0.445096328125 0.38850347812499997 0.44855673749999997 0.3768069015625 0.45093989843750004 0.3663125828125 0.45160386875 0.3551254296875 0.4527854109375 0.3467183265625 0.4502714015625 0.34004794375 0.4446215203125 0.33113196718750004 0.44214119687500003 0.3190516921875 0.4377434625 0.29993366250000003 0.4342143921875 0.294023059375 0.42936774843750003 0.2897321578125 0.42730070312499996 0.287636778125 0.42243721562500003 0.286050821875 0.41560579375 0.2855419484375 0.40846343906250004 0.2872454671875 0.4035157390625 0.2991842375 0.39969387031250003 0.321208046875 0.3979105453125 0.340359825 0.39687345625 0.3542018515625 0.3962379875 0.3703564171875 0.400573534375 0.3899169265625
3 0.6673144921875 0.44500245468750005 0.6729663203125 0.43451629843750006 0.6834330546875 0.414328803125 0.695454446875 0.3830793296875 0.7019399640625 0.362783528125 0.7054457171874999 0.353349415625 0.7061012671875 0.34351473593750004 0.6965323515625 0.334047975 0.6859062703125 0.3321033578125 0.6783337953124999 0.326526928125 0.6614877859375 0.3404032515625 0.6471609703125 0.3505726546875 0.641631565625 0.37957598593749997 0.6425002281250001 0.3927834109375 0.645605653125 0.40946372656249996 0.6516066265625 0.428807078125 0.660268009375 0.44085360625 0.6673144921875 0.44500245468750005
3 0.6443249796875 0.538783521875 0.649344578125 0.5534767609375 0.657468309375 0.556423353125 0.6631518765625 0.5599294375 0.6714168234375 0.5592861265625 0.681884846875 0.5675255921875 0.6841416890625001 0.5773183640624999 0.6841261375000001 0.6084502734375 0.701454084375 0.6221660265625 0.7226868265624999 0.5719062796875 0.7218589796875 0.523509528125 0.7196766390625 0.4731175375 0.7169022265625 0.4605447140625 0.6995049609375 0.4770508734375 0.6890064875 0.48324612968749997 0.67976535 0.46886202812500005 0.6711072046875 0.46584033125 0.663942821875 0.48062609843750004 0.6638450031249999 0.5058806015624999 0.6604150421874999 0.5031424578125 0.6565128515625 0.499886728125 0.647419403125 0.499962384375 0.6391661156249999 0.508278053125 0.6362485390625 0.5186972640625 0.6361643265625 0.5322219921875 0.6387036 0.5348349578125 0.6443249796875 0.538783521875
3 0.524894934375 0.4294988796875 0.5351478968750001 0.4340983703125 0.5387475765625 0.438214021875 0.546444425 0.44290549375 0.5598753671875001 0.44298821562499996 0.56583294375 0.440666965625 0.5700091421875 0.4380953609375 0.5762860734374999 0.43220924531250005 0.579774984375 0.4254800796875 0.58529078125 0.4082065234375 0.5906252046875 0.38188310312499996 0.5915968687500001 0.359458725 0.5907081265625 0.33993141250000003 0.5878546859375 0.3305060125 0.5818401046874999 0.3228924375 0.5764422062500001 0.32123137343749997 0.5658077046875001 0.32063923125 0.55694615625 0.321649915625 0.5497247734374999 0.326500859375 0.5404395796875 0.3382812546875 0.535633096875 0.346630121875 0.5272670953125 0.3635031078125 0.5217292687499999 0.39385891093750003 0.5200787390625 0.41077325625 0.5212499125 0.42312076093749995 0.524894934375 0.4294988796875
3 0.6741361578125 0.6666071484375 0.6792587578125 0.6456685828125 0.683747834375 0.6214824515624999 0.684020553125 0.587228153125 0.68274185 0.5730606625 0.6800497046875 0.5663652421875 0.6708202234375 0.5596534984375 0.6626796484375 0.5594118531250001 0.657182640625 0.5545783296875 0.649878990625 0.55355186875 0.6463583421875 0.5462887921874999 0.6438443328125001 0.5396184078124999 0.6385338828125 0.5334574484375 0.6344282921875 0.5342341015625001 0.6280470703125001 0.5473250609375 0.6235094125 0.560223896875 0.619249 0.5763202296875 0.62943135625 0.5827146734374999 0.6322426906249999 0.5989024374999999 0.6334222859375 0.6098974671875 0.63191944375 0.64127156875 0.631317659375 0.65201624375 0.6362297265625 0.664889496875 0.640506325 0.693917315625 0.6471628468749999 0.703425984375 0.65717225 0.6994180890624999 0.666163353125 0.6871451453125 0.6741361578125 0.6666071484375
1 0.363947753125 0.3829646328125 0.36729544999999997 0.379825371875 0.3695037109375 0.3783308484375 0.37196071875 0.3750664078125 0.3733961890625 0.35451208749999996 0.379723646875 0.34051113437499997 0.38327150625 0.3243146609375 0.3873304640625 0.292848578125 0.3827124859375 0.280467875 0.3797800140625 0.2741899 0.36960089687500003 0.2768202859375 0.363982753125 0.2818965515625 0.34814014531250004 0.2873407375 0.3454007078125 0.297784984375 0.345161675 0.326629390625 0.3463341375 0.36740385937500003 0.34830855 0.3843764375 0.3559600546875 0.3868054421875 0.35758013593750004 0.38432581718750003 0.363947753125 0.3829646328125
3 0.6024354078124999 0.43227454375 0.6054099859375001 0.43179015625000006 0.6108415703125 0.4280413296875 0.614964003125 0.4245597296875 0.6267632046875 0.41944971875 0.631357865625 0.41648570625000003 0.6342586 0.408771440625 0.6380046765625 0.3989198859375 0.64230719375 0.376061190625 0.647169390625 0.3492201828125 0.6487946578125 0.3363632546875 0.6463933625 0.32113555625 0.6402829109375 0.3193743515625 0.628856828125 0.3218294875 0.6191415140625 0.3263299328125 0.6095538125 0.3389702515625 0.5995139609375 0.3574128671875 0.5921092546875 0.3726160796875 0.587905846875 0.3986472359375 0.58809564375 0.406344628125 0.5898517578125 0.410652403125 0.5938109484375 0.42384295625 0.59799880625 0.4289437078125 0.6024354078124999 0.43227454375
3 0.328438090625 0.3590228890625 0.33253526093749997 0.359598709375 0.3366492734375 0.35746958281249996 0.34411098125 0.35220119375 0.341409121875 0.3184312859375 0.3373877453125 0.3056832109375 0.3312034484375 0.296692128125 0.3222544515625 0.302202709375 0.314651528125 0.3110610015625 0.3051713546875 0.32552130468749996 0.3077255234375 0.3448314578125 0.3098463359375 0.34783683125 0.31493653906249996 0.36073511875 0.319480671875 0.36588594375 0.32407533437499997 0.36292193125 0.328438090625 0.3590228890625