3 0.3160510828125 0.524353765625 0.32591383125 0.5237047046875001 0.33639393906250004 0.5244375453125001 0.3436655203125 0.517449128125 0.3544325265625 0.5064211984375 0.34967871875 0.48761428906250004 0.34542670468750003 0.45652614218750004 0.3444676875 0.43450388906250004 0.3443036546875 0.413875959375 0.3455979171875 0.392814509375 0.340249159375 0.38762105625 0.33181486875 0.3806053640625 0.32454945625 0.3747423921875 0.3193224328125 0.3703606890625 0.3128892703125 0.365359153125 0.3076001828125 0.37462816875 0.304867515625 0.4009439578125 0.2999387203125 0.4305868828125 0.298962453125 0.452206059375 0.302054278125 0.47946463125000005 0.3095595078125 0.5099770265625 0.3160510828125 0.524353765625
3 0.4634721359375 0.603740978125 0.47244422343750003 0.5928552796875 0.48123742031249994 0.57686989375 0.4903759328125 0.5584989375 0.4928515359375 0.551175153125 0.4961742421875 0.5291845625 0.490770846875 0.5298777046875001 0.47441035468750004 0.529001415625 0.4565356734375 0.5293579734375 0.4340227484375 0.5245707609375 0.43144278593749996 0.5257290828125 0.43192229531250004 0.5367402078125 0.435575584375 0.5661800109375 0.440779065625 0.5887668109375 0.44762464062499996 0.5980811265625 0.45721785937500004 0.603839128125 0.4634721359375 0.603740978125
3 0.6459076265625 0.43255644687499994 0.6405800171875 0.437271084375 0.635626296875 0.44174411718749995 0.6308588937499999 0.4435527171875 0.6247077203125 0.4447290625 0.6262083125 0.46411172343749996 0.62611893125 0.48070574062500004 0.6260382359375 0.4946229015625 0.6244806140625 0.509240025 0.62286458125 0.5144819453125 0.6255687953125 0.5243099078125 0.6299449375 0.5280966171875 0.6353967984375 0.5343682656250001 0.645167646875 0.5401386890625 0.6585283390625001 0.5456246453125 0.6697003296874999 0.5466736125 0.681889628125 0.540832315625 0.6862632515625 0.5344444953124999 0.692036759375 0.51824795 0.6958650343749999 0.499237921875 0.6982896515625 0.47477481250000003 0.699359078125 0.45182341875 0.6987851515625 0.43705724375 0.6977888703125 0.4155678765625 0.6956535453125 0.4001570265625 0.691800346875 0.3939971671875 0.68665779375 0.3909601015625 0.6780483921875 0.3941065203125 0.66950483125 0.39886402187500003 0.6623736140625 0.4063977453125 0.6579254640625 0.4138513421875 0.6509072953125 0.4248736703125 0.6459076265625 0.43255644687499994
3 0.7347638734374999 0.6832221921875 0.7413088250000001 0.68662506875 0.7470761640625 0.6832799125 0.7505976484375 0.6712098328125 0.7535936750000001 0.6513383671875 0.7539140625 0.623782909375 0.752627103125 0.5987925171875 0.74716895 0.5670845359375 0.7401171703125 0.5556138328125 0.73114999375 0.5485608765625 0.723223790625 0.554700278125 0.720887296875 0.557482103125 0.7090346249999999 0.563614684375 0.701012746875 0.5609117718750001 0.6902656296874999 0.5767605265625 0.6908892796874999 0.603578759375 0.7042325984375 0.6144184265625 0.714268065625 0.631720440625 0.7253345609374999 0.6598044015625 0.7347638734374999 0.6832221921875
3 0.608248396875 0.6111872578125 0.618845203125 0.592382784375 0.6261875375 0.56906679375 0.6330640796875 0.552411890625 0.6370985609375001 0.53555825 0.6320491671874999 0.53118896875 0.6257836859375 0.5237894421875 0.622416165625 0.515789321875 0.6187828921875 0.5294580625 0.6149607859375 0.535616703125 0.6111101031249999 0.5396313765625 0.6032671109375001 0.5420281499999999 0.5852806390625 0.54398336875 0.5617404640625 0.543676009375 0.56139766875 0.5562361124999999 0.568562496875 0.5711954218749999 0.57936815 0.6030095906249999 0.5878136421875 0.6175229609375 0.5983968515625 0.619333996875 0.608248396875 0.6111872578125
3 0.3196498578125 0.597967884375 0.320334315625 0.6060481328125 0.32565323749999997 0.6040103515624999 0.332268940625 0.59108565625 0.3422869109375 0.575453659375 0.3520154625 0.561407903125 0.3638109796875 0.5509873859375001 0.3708304078125 0.545052321875 0.3712117234375 0.5370465984374999 0.3689273484375 0.52376729375 0.36979434375000003 0.5139213093749999 0.364746209375 0.51463929375 0.3603986421875 0.512996553125 0.35461015625000003 0.50643361875 0.3443760359375 0.5174988125 0.3360672578125 0.5265566703125 0.3281895203125 0.5396608640625 0.3238842515625 0.5578343 0.321449690625 0.579886996875 0.3196498578125 0.597967884375
3 0.347198084375 0.47458900625 0.353187865625 0.5012469828125 0.35538651250000003 0.508094384375 0.364054325 0.5143231671875 0.3709160125 0.5131965046875 0.3809750234375 0.512293421875 0.39254822031250003 0.5101574906249999 0.39904470625 0.5065955765625 0.4081757890625 0.4959887421875 0.40882915156250005 0.491750490625 0.4086179125 0.469245034375 0.4098562796875 0.448982915625 0.41639242187500003 0.416774928125 0.41503597187499996 0.4131993734375 0.40902390625 0.409833759375 0.40110135468749997 0.3929472421875 0.3941241015625 0.38041076406249996 0.385744446875 0.367508475 0.38091863125000003 0.3599418734375 0.37600834375000003 0.35103063125 0.37292281250000003 0.34920839375 0.366284703125 0.347137734375 0.361199303125 0.3483886046875 0.3531812 0.3609474921875 0.34840762812500004 0.3756074796875 0.34575817343750004 0.3981806421875 0.344177009375 0.43100286250000003 0.3447335625 0.45112274843750005 0.347198084375 0.47458900625
3 0.2763457875 0.6326919875 0.291074009375 0.6109634546875 0.3022794875 0.5962177359374999 0.3147482578125 0.5863797875000001 0.32045844375 0.578746696875 0.32446308749999997 0.554661821875 0.32338611093749997 0.5470896171875 0.3152672984375 0.5304571218749999 0.30881424687500003 0.5206347625000001 0.30353132656250004 0.5170523890625 0.2966808421875 0.525676728125 0.290456403125 0.5330061125000001 0.2809638921875 0.55643949375 0.2755009515625 0.5809578875 0.268626925 0.607787325 0.2687052265625 0.62198335 0.2690915796875 0.6343266937500001 0.2763457875 0.6326919875
3 0.52434611875 0.43262391874999995 0.51953528125 0.44781679375000005 0.5168000968750001 0.46395805 0.515358040625 0.49223831249999994 0.5161754359375 0.5086279921875 0.516664890625 0.5220495281249999 0.51894800625 0.530241565625 0.5259326890625 0.5350139234375 0.5439303640625 0.5405563828125 0.5626472406249999 0.543471671875 0.5817280609375 0.543734946875 0.6016498203125 0.542182803125 0.6111101031249999 0.5396313765625 0.618119584375 0.531285903125 0.6211367578125 0.5213225265625 0.6244992453125 0.50897358125 0.6262344953125 0.4943688796875 0.62609778125 0.4707976515625 0.6248667171875 0.445007928125 0.6216171546875 0.42255775937499995 0.61889305 0.40790897499999995 0.6140373984374999 0.3931111375 0.6059769984375001 0.38585384375 0.5953552656250001 0.37948842968749996 0.589202834375 0.375577509375 0.5782457359375 0.37400807343750003 0.5687568765625 0.374415534375 0.5618206625 0.3766079671875 0.5551838124999999 0.37962457656250004 0.5483693328125 0.3826287625 0.5418927359375 0.39101149999999996 0.5356695546875 0.40342815156249995 0.5307456703125 0.41513242031250003 0.52434611875 0.43262391874999995
3 0.40825308125 0.5816729406250001 0.41743011562500004 0.567856365625 0.42626057812499996 0.5513380921875 0.4308105734375 0.539875425 0.43210609375000003 0.5239012421875 0.42651512656249996 0.5221715515625001 0.4208024234375 0.5196301125 0.417118165625 0.516159528125 0.4147332046875 0.5119765625 0.4119258875 0.5010704078125 0.40951234999999997 0.494743471875 0.4080167921875 0.4957098765625 0.39845592343749997 0.5073576421875 0.3914079203125 0.5111487390625 0.3791801015625 0.5124356546875 0.37257056718750003 0.512508965625 0.3718886296875 0.5146032484374999 0.3725209671875 0.5387446265625 0.37616556874999996 0.570861284375 0.381012534375 0.5883359765625 0.3883823078125 0.600364409375 0.3976550171875 0.5953901484374999 0.40825308125 0.5816729406250001
3 0.735784459375 0.538442846875 0.7446870546875 0.5489719875 0.7589210343749999 0.5700482921875001 0.7664498078124999 0.5823555890625001 0.7753772015625 0.5797668984375 0.78850059375 0.5707779640624999 0.7954677796875 0.5426163109375 0.7962477859375 0.5212511546874999 0.8036087500000001 0.4976687234375 0.802284528125 0.47321121718750003 0.8000746796874999 0.4588661390625 0.7972102078125001 0.443672046875 0.794442671875 0.4424075375 0.7886380703125 0.4462855796875 0.777835059375 0.46293366406249997 0.7666196359375 0.47526897031250004 0.75607620625 0.48309958281250004 0.74768673125 0.5060746015625 0.74158654375 0.524390271875 0.735784459375 0.538442846875
3 0.5282222234375 0.6069300140625 0.5394848546875 0.59647223125 0.5482035265625 0.58155261875 0.5534540921875 0.567729225 0.5568923640625 0.559401771875 0.5603194328125001 0.5435766421875 0.5437899984375 0.5400110765624999 0.5265873109375 0.5358629374999999 0.518751746875 0.530495590625 0.5168797828125 0.5215290625 0.5159307078125 0.5019172234375 0.512747109375 0.5193658546875 0.5099063046875 0.524254384375 0.5076070734375 0.5265033234375001 0.5045786953125 0.5289690203124999 0.49970818906250003 0.5296994265625 0.49615561093749994 0.52945100625 0.4967866890625 0.5485051171875 0.5014013890625 0.5718539859375 0.5100742375 0.598431834375 0.514918684375 0.60573199375 0.522492146875 0.6097422828125 0.5282222234375 0.6069300140625
3 0.6753040078125 0.6375636874999999 0.6819048546875 0.6401672328125 0.6872858421875 0.624478734375 0.689514196875 0.60026965 0.689525278125 0.5694796078125 0.6873613781250001 0.5519247875 0.6863390375 0.5384659859375 0.6796276609375 0.5425483671875 0.67140209375 0.547863596875 0.658332078125 0.5458786671875 0.6480097109375 0.5403374249999999 0.63688366875 0.536078715625 0.6325510828125 0.5571954515625 0.6399581203125 0.568690996875 0.6489489625 0.595826575 0.6563473156249999 0.609998975 0.66603746875 0.629686559375 0.6753040078125 0.6375636874999999
3 0.4162893203125 0.41569673281249997 0.4137777140625 0.42864066875000006 0.410548165625 0.44929904374999996 0.4090563828125 0.4655272484375 0.40881794843749997 0.48425281093750006 0.4099048703125 0.4942354265625 0.4123656171875 0.5024398859375 0.4153878265625 0.5128255765625 0.4194559171875 0.51846496875 0.42527172343749997 0.5220846046875 0.439791346875 0.5263128703125 0.45548853125 0.529017003125 0.4667164171875 0.5292666406250001 0.4815527765625 0.52896536875 0.48968644375 0.5300696234375 0.4955009890625 0.528601990625 0.5000820781249999 0.5294578249999999 0.5036905515625001 0.528906915625 0.5083362203124999 0.5262865624999999 0.5111397625 0.521930921875 0.51291479375 0.5169678640625001 0.5149034578125 0.506397075 0.51591081875 0.49709639843750003 0.515749303125 0.4866430015625 0.5173230390625 0.461584903125 0.518787503125 0.4482999953125 0.513331865625 0.42676654843749995 0.506399303125 0.40593306250000005 0.50039340625 0.3897160625 0.49334162656249997 0.3782453578125 0.48406514375 0.3679578171875 0.47722082656250003 0.3637307703125 0.4712273921875 0.36009871250000003 0.46531843124999994 0.3578112953125 0.460419346875 0.3563977328125 0.45633388124999996 0.3561120484375 0.44955666406250006 0.3585833484375 0.44304154687499997 0.36241170624999997 0.438657978125 0.3663891171875 0.4345737703125 0.3711907 0.42773323124999996 0.3822254515625 0.4219684109375 0.39574513906250003 0.41836245468750005 0.4064705828125 0.4162893203125 0.41569673281249997
3 0.6980089203125 0.473684196875 0.6969282906250001 0.4891379140625 0.6960054015625 0.499783228125 0.6922889156250001 0.517194596875 0.6909349812500001 0.523793578125 0.6929001046875001 0.5314278859375 0.6981594796875 0.55321535625 0.7037989140625001 0.5619098375 0.709445778125 0.5628401984375 0.720064990625 0.5590310796875 0.7275887296875 0.5509893109374999 0.730906525 0.546937375 0.7404748203125 0.5275254875 0.751796996875 0.493242453125 0.7583729203125 0.47067611249999997 0.76103231875 0.4505133609375 0.7611589640624999 0.43338645781249996 0.759735415625 0.42311255625 0.7523855312500001 0.415904946875 0.746682775 0.4157739171875 0.7396906640625 0.41876568125 0.7293062328125 0.4268751578125 0.7181852265625001 0.4429655140625 0.709876446875 0.452023371875 0.699390171875 0.46414191875000005 0.6980089203125 0.473684196875