0 0.1397230796875 0.3587408296875 0.1432899328125 0.3607652375 0.152382271875 0.3600122578125 0.15467643281250001 0.35830385625 0.15983773125 0.3635985828125 0.1626911015625 0.3670458359375 0.169979078125 0.3645161515625 0.17683346093750002 0.3614178234375 0.1873952 0.350209525 0.18950698593749998 0.357106496875 0.19171684218750001 0.3614787203125 0.20124277968749998 0.3612943859375 0.20773353437500003 0.3571295390625 0.21295160000000002 0.3492318859375 0.21948478749999997 0.3374574125 0.22313650625 0.3242625609375 0.2172336234375 0.32241755156249996 0.21211419375 0.3186518265625 0.2047849078125 0.3105138765625 0.1955537515625 0.2939853375 0.18788950468750001 0.2736153625 0.1821701234375 0.244887715625 0.17970904375000002 0.23134147343749997 0.1727135953125 0.25371281093750003 0.16631978593750002 0.2736301734375 0.157296290625 0.29216254375 0.15370077499999998 0.3013036453125 0.1438927 0.340033996875 0.1397230796875 0.3587408296875
0 0.8042950953125001 0.43487832656250003 0.79688150625 0.43282100156250003 0.7934953421875 0.4496071171875 0.7949074125 0.4614828125 0.7962351796875 0.479439134375 0.8061803828125 0.4854061953125 0.8143774265625 0.485542803125 0.8175101171874999 0.496137196875 0.8245738484375 0.500683884375 0.8326303875000001 0.5109548671875 0.8395404078125001 0.51294141875 0.842897346875 0.51645944375 0.8455540062500001 0.5340948234375 0.84607134375 0.5377214734375 0.8563537609375 0.5193660312499999 0.8527571187499999 0.5467843953125 0.850377528125 0.5728506875 0.858238484375 0.579032534375 0.8701858828125 0.5543109109375 0.8802727171875 0.5318663328125 0.90007994375 0.5316038203125 0.9174393000000001 0.530489575 0.9196646156250001 0.51100178125 0.9242121921875001 0.48777871250000004 0.9271223265625 0.47803358124999995 0.9288303046875 0.4549191375 0.9300484828125001 0.43528980156249997 0.9297697218750001 0.4190040265625 0.9316027484375 0.409615225 0.9339118046875001 0.3931854375 0.9388499828124999 0.3872792734375 0.9373817093750001 0.3794573296875 0.9317587125 0.37562083125 0.92805248125 0.3654535359375 0.9223038718750001 0.35703002968750003 0.9176880125 0.35333507656249996 0.9014195359375 0.3576488703125 0.8935580171874999 0.36060565625 0.885710265625 0.36711831875 0.8714411703125 0.3864365875 0.8501215453125001 0.4139026796875 0.8392661531250001 0.4235465890625 0.829908259375 0.4207083046875 0.8184936578125 0.42519656250000004 0.8042950953125001 0.43487832656250003
0 0.06077518125 0.339522128125 0.0653188171875 0.38026948125 0.0729825015625 0.4097780875 0.0842703671875 0.41898008593749997 0.10651226250000001 0.40687479531250004 0.1215785828125 0.3891916875 0.139806821875 0.3617988359375 0.1470127484375 0.32879525 0.1538407171875 0.3003079 0.16636165625 0.275159175 0.1793872890625 0.231803959375 0.1775278515625 0.21580374062500002 0.168184853125 0.19824407187499998 0.154575853125 0.1745000859375 0.13289598281249998 0.1460678703125 0.1180836984375 0.1272318359375 0.10335459218750001 0.120592440625 0.09560378750000001 0.1428576203125 0.087446925 0.1716659109375 0.07845040625000001 0.2064486703125 0.06763463125 0.2541761109375 0.06077518125 0.339522128125
0 0.415291003125 0.3345138109375 0.4188154234375 0.344147846875 0.42403292343750004 0.345388825 0.427040003125 0.3513962109375 0.42759921093750003 0.35655186250000004 0.426857065625 0.369140215625 0.43059196093749996 0.3681420015625 0.43817359375000003 0.36717670625 0.44175477812499997 0.36361835937500003 0.444916696875 0.353908615625 0.44649737500000003 0.353623059375 0.44520978749999995 0.3646116359375 0.448831715625 0.38085955625 0.44723614375 0.3958664984375 0.4498090640625 0.4104438703125 0.457222090625 0.421639828125 0.4665662140625 0.420922234375 0.47536490000000003 0.418604865625 0.48356194218750004 0.41874147187500005 0.491829521875 0.40924157499999997 0.4938724609375 0.39835915625 0.49818146093750004 0.38779521093749997 0.49942773906250004 0.3661389984375 0.5020298875 0.36041223125 0.5058639828125 0.3386120078125 0.4970801921875 0.326207990625 0.48894047656249995 0.30374036875 0.479737421875 0.28518495312500003 0.47404501562499995 0.272707696875 0.4638342578125 0.26314937031249996 0.4483079296875 0.2548748125 0.44097808125000004 0.2558754953125 0.4361804078125 0.2516472828125 0.4303199578125 0.24219264375 0.42742471875000004 0.237216390625 0.42251520468750003 0.231957046875 0.41873843906249997 0.2314262578125 0.41380026093750005 0.237332421875 0.41683431562499995 0.2595901953125 0.41859624375 0.2689765296875 0.4161753453125 0.2843751859375 0.41459354218750005 0.30293800625 0.4160331515625 0.32192545781250004 0.415291003125 0.3345138109375
0 0.1332263875 0.6863136703125 0.1410179359375 0.6838547578124999 0.15471292812499998 0.674102221875 0.1802423515625 0.6568741953125 0.21631861875 0.6431592562499999 0.2301667609375 0.6451054859375 0.236097746875 0.64492361875 0.226726084375 0.63852945625 0.21771804687500002 0.633201809375 0.204961346875 0.625316496875 0.18715462656249998 0.622306221875 0.1714734578125 0.6297487937499999 0.157820896875 0.6318917015625 0.1508122421875 0.641568528125 0.14004058749999998 0.6542704421875001 0.13285011875 0.6634140125 0.1332263875 0.6863136703125
0 0.66598448125 0.821604971875 0.6688791562499999 0.835719859375 0.6723617046875 0.8438248921874999 0.6792992640625 0.8529232015625 0.6846418125 0.8678898203125 0.6897750109375 0.8752114234375 0.69686684375 0.8777312343749999 0.708169040625 0.8813504796875 0.7133309031249999 0.8775065765625 0.7154862453125 0.85851665625 0.716452640625 0.8388519328124999 0.714761246875 0.8198290953124999 0.7116985265625 0.808736828125 0.709712353125 0.806426865625 0.7072507109374999 0.8020192546875 0.7002850515625 0.7949478203125 0.6932912890625 0.7899032625 0.6839614984375 0.785038103125 0.6739044546875 0.778039909375 0.6666589078125 0.7729599640625 0.6587836203124999 0.772360871875 0.6562376750000001 0.7740338875 0.6482505453125 0.7724036625 0.6507540578125 0.7783402765625 0.653831109375 0.7838497890625 0.6566282765625 0.7913507921875 0.6608380765625 0.801588859375 0.66598448125 0.821604971875
3 0.4198034171875 0.6550028765625 0.4398067890625 0.64969086875 0.4597550859375 0.630155346875 0.47286333281250004 0.6081354 0.4801546890625 0.550773925 0.4837386890625 0.50152241875 0.48895900625 0.4570702375 0.4963593890625 0.4464330515625 0.5013813078125 0.4435848921875 0.5077051453125 0.42416540156250004 0.5093563578125 0.41424334218750003 0.499146165625 0.395546384375 0.49398430312499997 0.3993902859375 0.49208130624999996 0.4092769609375 0.48356194218750004 0.41874147187500005 0.47396603437499996 0.4194236796875 0.457222090625 0.421639828125 0.45085807187500004 0.41211441875 0.44859201249999997 0.41179594531249997 0.4233711390625 0.41586697499999997 0.41479613750000005 0.4202466046875 0.410725153125 0.4272900578125 0.4070293125 0.47551043281250005 0.40505409062500003 0.5224495078125 0.4029532609375 0.5648015734375 0.3992442140625 0.6003274390625 0.4053409890625 0.6336774796875 0.4198034171875 0.6550028765625
3 0.47699865781249995 0.6919803953125 0.48989473749999995 0.70800859375 0.510204971875 0.716955484375 0.5252007578125 0.70890888125 0.5363079359375 0.6993003578125 0.5409249218750001 0.684718046875 0.5506073859375 0.6414006875 0.5651442890625 0.5891191546875 0.5818652 0.5066821953125 0.588343875 0.47154557500000005 0.5850150375000001 0.4660006765625 0.5842040453124999 0.4608096375 0.5795044453125 0.4540566765625 0.562145653125 0.446032290625 0.5399467546875 0.4413893203125 0.5276511890625 0.44118440937500003 0.52407000625 0.44474275625 0.5195659874999999 0.4420789328125 0.5156911484375 0.44407289062500005 0.501241365625 0.4445806359375 0.492820075 0.4515204 0.48733476875 0.4832426859375 0.4831915609375 0.5273385375 0.47974637812500004 0.5938715640625001 0.477756825 0.64639339375 0.47699865781249995 0.6919803953125
0 0.1939207625 0.689258940625 0.1829535265625 0.6978717203125 0.17751177812500002 0.7037071125 0.1727829515625 0.7172582921874999 0.1716909484375 0.73233600625 0.1743338390625 0.7464155078125 0.18082346875 0.760527925 0.193230875 0.7617639656249999 0.20394632656249997 0.7531158015625 0.214689878125 0.7424407609375 0.22893087343750002 0.72514936875 0.2437591796875 0.710986753125 0.25346749218750003 0.70219704375 0.26551183749999996 0.6932279359375 0.2720863328125 0.692121096875 0.28193402500000003 0.691474275 0.27473035 0.687923334375 0.26798837343750004 0.6829141609375 0.2556090671875 0.6796512453125 0.246978425 0.67894599375 0.2396342453125 0.685529428125 0.22814967187500002 0.6905155578125 0.220876025 0.6874624890625001 0.2118117859375 0.6861885921875001 0.20146052499999997 0.6867646421875 0.1939207625 0.689258940625
0 0.543240478125 0.33574163281249997 0.5446382171875 0.35320008125 0.5576323703125 0.3667035328125 0.570570884375 0.375122103125 0.5766274796874999 0.3795272453125 0.58903545 0.3716246546875 0.6023249468749999 0.35927659843750004 0.62162860625 0.3589433140625 0.625237890625 0.353358090625 0.6217272406250001 0.34727993437500004 0.6217415734375 0.3416971796875 0.6259238359375 0.344823490625 0.63081958125 0.3465269546875 0.642584040625 0.3395493375 0.6458302625 0.323758965625 0.6439008546875 0.3082566203125 0.63959354375 0.2914046703125 0.6306279406249999 0.27846739375 0.6273272046875 0.27089562031250003 0.6272302578125 0.255143103125 0.6211317937499999 0.24920895937499998 0.609843365625 0.24914559218750001 0.5995202046875 0.2476947671875 0.5898961953125 0.25040385 0.5771527015625 0.25521304843750003 0.5671926015625 0.263967371875 0.5564066171875 0.28225203906249996 0.5511742203125001 0.2957324484375 0.5515791531249999 0.30746660000000003 0.5472139515625 0.3220842953125 0.543240478125 0.33574163281249997
0 0.5858153328125 0.644825721875 0.5862621359375 0.6580888765624999 0.59064054375 0.656165690625 0.5967252390625 0.6585439578125001 0.5981235421875 0.666863775 0.600753228125 0.668248765625 0.6026969671875 0.6781683578125 0.6061101078125 0.6776326312500001 0.611160128125 0.672757596875 0.6170911125 0.6725757296875 0.61695060625 0.68271010625 0.6193560453125 0.6911714671875 0.6212722484375 0.693979303125 0.6227829546875 0.69419161875 0.622741646875 0.6835239843750001 0.6222386421875 0.67431458125 0.61994504375 0.66688435 0.61240640625 0.651101384375 0.6058324749999999 0.6430695921875 0.6015808046875 0.6313025234375 0.5983787046875 0.61206736875 0.5975958125 0.6048494546875001 0.5951341703125 0.60044184375 0.5913436359375 0.596355175 0.5901690171875 0.59009761875 0.59120481875 0.5790736562500001 0.5886175671875 0.5700790375 0.5816794453125 0.570119359375 0.57416721875 0.579725415625 0.5661927328125 0.5999283328125 0.562541578125 0.603984553125 0.5518250015625 0.6309099812500001 0.5431221359375 0.6672571296875 0.5398334796875 0.6906571296874999 0.5338038609375 0.702502375 0.5300827328125 0.7070564687500001 0.5250321515625 0.721070134375 0.5264293265625 0.7476672140625 0.533017590625 0.7501162531250001 0.5492166593750001 0.7371616984375 0.558743159375 0.72783873125 0.5553713265625 0.73904209375 0.5544473671875 0.7510971859375 0.557132690625 0.757567059375 0.558783340625 0.75678363125 0.5614135890624999 0.7490299890625 0.567738553125 0.7113332359375 0.5699214359375 0.6994550703125 0.57280346875 0.6917368171875 0.5789873625 0.673313071875 0.5820936437500001 0.6585184453124999 0.5858153328125 0.644825721875
0 0.6844251921875 0.5241422984375 0.6867468921875 0.529545653125 0.6846202124999999 0.5373700671874999 0.68263235 0.562476 0.68484220625 0.566848225 0.6901589046875001 0.547287190625 0.6922448421875 0.5196565109375 0.698245796875 0.518976771875 0.7128911625 0.5225581625 0.7304461 0.5255330546875 0.7361815015625 0.52126205 0.7501988140625 0.5019083953125001 0.761640953125 0.504531896875 0.7807628 0.5036653531249999 0.7874634703125001 0.498006890625 0.79192674375 0.4808644484375 0.7951029953125001 0.4655719484375 0.7937746640625 0.4567542578125 0.795104684375 0.438156053125 0.7958605999999999 0.42912357968750003 0.8054730937500001 0.38630408906249997 0.8120068437500001 0.365390984375 0.8188761203125001 0.3475712703125 0.81546410625 0.3298297328125 0.8092819015625 0.32083758125 0.80121103125 0.3161493515625 0.7954056578124999 0.3209182265625 0.78771105625 0.33912965625 0.776966940625 0.3589433265625 0.7647402203125 0.3765178078125 0.7505972984375 0.3912844546875 0.7397556734374999 0.4044842421875 0.7228574546875 0.4132788875 0.7101839296875 0.41759021562500004 0.6879982375 0.42564175468750004 0.6796612515625 0.42650089218750004 0.674163865625 0.427251403125 0.6704565078125 0.435361371875 0.6754348671875 0.45840010781249996 0.6795879015625 0.48183055625 0.6738777859375 0.52976784375 0.6750942734375001 0.5375544031249999 0.6818935796875001 0.5202325609375 0.6844251921875 0.5241422984375
3 0.64019068125 0.36205975 0.6350987906250001 0.36540578125 0.6254879859375 0.3808093734375 0.621934340625 0.3914794765625 0.6225910578125 0.40324901406249997 0.623961259375 0.41359570625000003 0.6295280546875001 0.42148595625 0.6372352984375 0.42510766875000006 0.6459921140625 0.421261296875 0.6583301109375 0.413856578125 0.669842221875 0.4159822078125 0.6740823765624999 0.3876388703125 0.6767682640625 0.384970109375 0.68137091875 0.375970553125 0.6869663781249999 0.3726952953125 0.6946047765625 0.3585376171875 0.70190765 0.34128654531249997 0.708833128125 0.31941308125 0.7033087671875 0.303913203125 0.6952103593750001 0.2921132171875 0.689041921875 0.28667694374999997 0.6831109390625001 0.2868588109375 0.6788300406250001 0.29539588125 0.670827453125 0.3176256734375 0.6651333593750001 0.3325643125 0.661831496875 0.34326980156250003 0.6572288421875 0.3522693578125 0.6494091937500001 0.356755146875 0.64019068125 0.36205975
0 0.3091911328125 0.33127968750000003 0.3115684703125 0.341767925 0.31001420625 0.36744250156249997 0.318685590625 0.38795401875 0.32850405625 0.4076113375 0.3351749359375 0.43139564531249996 0.34096541406249997 0.44134815468750005 0.34644903125000004 0.43704176562499997 0.3546466390625 0.42803974062499994 0.36678905624999997 0.41654588593749997 0.3718815078125 0.40406122343749995 0.37750507031249997 0.3987590890625 0.3874651671875 0.39000476562499997 0.39634871875 0.3724681390625 0.40282683124999996 0.3464701515625 0.4051915265625 0.335125246875 0.40713695625 0.3176289421875 0.40456403593749996 0.30305156875 0.39154178125 0.29157499375 0.3836251859375 0.280308265625 0.378338840625 0.2612878953125 0.37232524218749996 0.2401344921875 0.36498274999999997 0.21930203124999997 0.35860439843749997 0.2153593765625 0.34780577031250004 0.211810903125 0.343832859375 0.21632960781250002 0.3368941734375 0.2255085640625 0.32991305625 0.2422971484375 0.327142865625 0.251046534375 0.3183436171875 0.262502534375 0.3104528703125 0.2857634578125 0.3102137296875 0.30756121406250003 0.3091911328125 0.33127968750000003