3 0.65886575625 0.446220946875 0.664431534375 0.4419342859375 0.673944165625 0.43254125312499997 0.6751195921875001 0.43526300625000003 0.6778126546875 0.43976815468749997 0.682322628125 0.4408917265625 0.6853149671875001 0.4402319046875 0.692089934375 0.43834576875 0.6940756578125 0.4333580515625 0.6968470875 0.4255299265625 0.6990645640625 0.41601969375000003 0.70628011875 0.39371894375 0.7065027015625 0.38464859375 0.7035074531250001 0.3667958453125 0.6989837265625 0.3588505203125 0.678936421875 0.382725590625 0.668763965625 0.38912628437499996 0.666030884375 0.3989071 0.662806790625 0.40408943593749996 0.657581546875 0.42367638750000003 0.6484448875 0.43180982968750004 0.6317721484375001 0.43980075156250004 0.636743953125 0.44811794687499995 0.6423618296875 0.4526057296875 0.6469101515625 0.4556819890625 0.6525480359375 0.4530267890625 0.65505395 0.45004240468749995 0.65886575625 0.446220946875
3 0.42975809531250003 0.716388340625 0.43239279843749995 0.7260837796875 0.44419792812500003 0.7273245484374999 0.45465423437499997 0.725175784375 0.4674476421875 0.7216487765624999 0.47325434062499994 0.7173874375 0.47922068281249997 0.7069721203125 0.4828499234375 0.6979350484375 0.4833271828125 0.695711775 0.4830971046875 0.6839956359375 0.48408538125 0.679227859375 0.4842020953125 0.6688472765625 0.4822947390625 0.6615017203125 0.4783924875 0.6545960453124999 0.47456692968749997 0.65159575 0.4625546421875 0.6500084312500001 0.45260935625 0.64961269375 0.44576228125000006 0.649867365625 0.44290499062500005 0.6492422765625 0.440567890625 0.65062051875 0.43595662968750004 0.650460634375 0.43458321250000004 0.6519401640625 0.43204812031250006 0.6575196937500001 0.43044753281250003 0.66579565625 0.4270575390625 0.691096703125 0.4290616 0.6952046578125 0.42880983749999996 0.706870153125 0.42975809531250003 0.716388340625
3 0.26025071875 0.3731462671875 0.2647177625 0.3700432296875 0.2682840625 0.36392253124999996 0.2731087390625 0.3504642328125 0.2817206296875 0.3380535390625 0.2894455265625 0.3294469375 0.297107484375 0.3237567109375 0.2946799390625 0.3144078203125 0.294632425 0.3079072953125 0.29587705 0.2937479421875 0.2913962546875 0.2900292265625 0.2768167875 0.27810401093750003 0.26137950781249997 0.26738774374999996 0.24907878437500003 0.2592745765625 0.2480138109375 0.260136975 0.2411804875 0.2672134 0.23631287968749998 0.276445090625 0.2361194734375 0.28292029531249996 0.2368726515625 0.3151523375 0.2398908203125 0.34437467499999996 0.243782228125 0.36297116875 0.2476461328125 0.36792415156249997 0.25415558437499997 0.370881759375 0.26025071875 0.3731462671875
3 0.354432771875 0.6984032546875001 0.3631213546875 0.689897940625 0.3713372640625 0.6858898203125 0.372957859375 0.670470875 0.374405059375 0.654384153125 0.373943228125 0.647190528125 0.3730333171875 0.63962503125 0.37095714687500003 0.6338856140625 0.3671991140625 0.6302428640625 0.3645827453125 0.6296430953125001 0.359903959375 0.6301256656249999 0.35515306406249997 0.6289767734375 0.3519535671875 0.6292900453125 0.3455883328125 0.6295953625 0.33998879375 0.6342032515625 0.3363166203125 0.6390137171875 0.33133855625 0.64466125625 0.3291456734375 0.6493024234375 0.32684691875 0.65263335625 0.3254443234375 0.656708034375 0.323107221875 0.6580862765625 0.32221564687500004 0.6596164515625 0.3204983484375 0.678272996875 0.32036620781249997 0.6980704796875 0.322210625 0.7083324109375 0.330440284375 0.7111460421875 0.3428531390625 0.7066047078125 0.354432771875 0.6984032546875001
3 0.283617425 0.6815417421875 0.29595649375 0.6916075968750001 0.30912587187499996 0.686821 0.31653315625 0.674283696875 0.32112608125 0.6653479109375 0.321560409375 0.6588980296875 0.318077059375 0.6549593734375 0.3165502578125 0.6486281453125 0.3144357390625 0.6409360390625001 0.31174267968749997 0.6364308921874999 0.30810594375 0.6246814734374999 0.30492187187500003 0.6155778484375001 0.3034288328125 0.608925390625 0.30041815625 0.6004895421875001 0.29700691562500003 0.598182346875 0.2928774953125 0.5980731046875001 0.2889260578125 0.6009055562500001 0.2812395046875 0.6114648468749999 0.2708873953125 0.6311624984375 0.26681924375 0.6443755343750001 0.264568003125 0.65420699375 0.2682385 0.6656351828125 0.283617425 0.6815417421875
3 0.298456309375 0.3271462421875 0.30363527343749996 0.33580998906250004 0.3119462109375 0.34480291875 0.322411684375 0.347201990625 0.3300490484375 0.3463808265625 0.339951403125 0.34254995625 0.3481673125 0.3385418359375 0.355935140625 0.334161840625 0.36232038437499997 0.32671354375 0.36384427812500003 0.3145322015625 0.3632674046875 0.3014805078125 0.3470844421875 0.279318684375 0.3387305734375 0.26609914843750004 0.3351321859375 0.25630242187499996 0.3284447546875 0.25040311875 0.3223542046875 0.2504125296875 0.3078251609375 0.2635004109375 0.29850426093750004 0.2826568921875 0.2956698921875 0.2934013921875 0.293538275 0.3113648375 0.2953443453125 0.319674078125 0.298456309375 0.3271462421875
3 0.4865220953125 0.693124584375 0.48926725624999995 0.7064041750000001 0.4943741109375 0.713436459375 0.510848859375 0.7096468218750001 0.5264949734375 0.7044709874999999 0.5373610109375 0.7007414062499999 0.5379166359374999 0.6861848578124999 0.5364911203125 0.678889946875 0.5340973375 0.6692198296874999 0.5306048203125 0.6607333359374999 0.5266350453124999 0.6544701171875 0.5176780375 0.6493066015625 0.5112744578124999 0.647659228125 0.5023941421875 0.64640109375 0.49702635624999997 0.6464864703125001 0.4940386 0.649420209375 0.49108919218749997 0.654306640625 0.4885586828125 0.6621600859375001 0.4868905734375 0.67107850625 0.48608027500000006 0.678787978125 0.48399326406250004 0.6847393796875 0.4865220953125 0.693124584375
3 0.3767738109375 0.7199132109375 0.3911323671875 0.724670121875 0.40351604218750003 0.72272393125 0.41275857499999996 0.7159007234375 0.4228651796875 0.6939038328125 0.427694440625 0.682719453125 0.4304812953125 0.665474428125 0.4296005625 0.655313784375 0.42828091874999996 0.64932910625 0.426137225 0.6442321468750001 0.408029803125 0.6403803203125 0.3974630421875 0.6389449328125 0.390582203125 0.6395208343750001 0.3851852390625 0.6422013546875001 0.3816818796875 0.6454056796875001 0.376332428125 0.654586728125 0.37397531562499997 0.663107953125 0.3722196703125 0.6798118093750001 0.3714568875 0.69402180625 0.3726598171875 0.71038706875 0.3767738109375 0.7199132109375
3 0.615523771875 0.35105285625 0.6144004453125 0.3571055453125 0.608197765625 0.36976945625 0.6101005390625 0.37484109375 0.6160360296875 0.383259578125 0.6167633765625 0.3856094609375 0.6124605609375 0.384832440625 0.6096416171875 0.3861600390625 0.6095403312500001 0.3871237234375 0.61079245 0.3937508578125 0.6149247796874999 0.41237267187500004 0.6181717921875001 0.418559925 0.62229036875 0.43035998593749997 0.6260913312499999 0.43822934375000006 0.6292570671875 0.43823730000000005 0.6314253562500001 0.438465196875 0.6380269249999999 0.4359112828125 0.641120553125 0.43428777656250006 0.6443538125 0.43365327656249997 0.648411125 0.4321310578125 0.656858784375 0.42360042187499997 0.6582276171875 0.4198469734375 0.6630139500000001 0.40443598437499995 0.6657562 0.39920300468750003 0.6703399578125 0.38571938437500003 0.6727016531250001 0.37947207656250004 0.6763554890625 0.3655659421875 0.679050225 0.35383243593749997 0.6797546515625 0.3448127296875 0.6784687703125 0.3385068234375 0.6749516578125 0.33488939375000004 0.6691649703125 0.33200775312499997 0.66255423125 0.33001383125 0.6524155390625 0.3360932953125 0.63886560625 0.339865565625 0.62535401875 0.345590525 0.61902713125 0.34784853125000004 0.615523771875 0.35105285625
3 0.4604290046875 0.3295553140625 0.4634305109375 0.333443328125 0.4673865359375 0.3328847921875 0.4739114125 0.3264255 0.480166190625 0.32253603124999997 0.4891186140625 0.325425628125 0.495560540625 0.329025690625 0.5033375359375001 0.329193534375 0.50849358125 0.326487690625 0.517407659375 0.327424596875 0.529622521875 0.3270845484375 0.5359494078125 0.324826540625 0.5393468968749999 0.3203119828125 0.542046215625 0.310852396875 0.5420278796875 0.301756725 0.534435121875 0.29056584375 0.5268423624999999 0.2793749625 0.5193308796875 0.2743633765625 0.5093764281250001 0.269419803125 0.49781221875000004 0.26820435625 0.4889364890625 0.26922013906250003 0.481033609375 0.27488504375 0.47103913437499995 0.28422743281249996 0.458953065625 0.2972473046875 0.45167624531249995 0.306225778125 0.45418048437499997 0.3194800484375 0.458814665625 0.331009521875 0.4604290046875 0.3295553140625
3 0.5657218859375 0.3799200078125 0.577599125 0.3827922375 0.5873710140624999 0.3825201984375 0.594695346875 0.38004225156250004 0.5998176281250001 0.3776576359375 0.6058314859375 0.37374284687500003 0.60795684375 0.369744134375 0.61162443125 0.36265975156249997 0.6144296234375 0.3545103984375 0.6163724171875 0.3452960734375 0.616146921875 0.335853853125 0.6171981421875 0.328169703125 0.6164570421875 0.318998065625 0.6136351890625 0.3018130953125 0.607593828125 0.292084378125 0.5975289187499999 0.2835566515625 0.5867504140625 0.27950079687499996 0.5811800546875 0.281513540625 0.5714265000000001 0.2908812515625 0.5618892734375 0.305143346875 0.5567807421875 0.3143497171875 0.5522799359375 0.31777398125 0.5461018531249999 0.3255688296875 0.5432491453125 0.3272176578125 0.542607659375 0.333320990625 0.5436909671875 0.3415542640625 0.5423358875 0.3521294671875 0.5447634328125 0.36147835625 0.5500391 0.3669044984375 0.55782985 0.3738940953125 0.5657218859375 0.3799200078125
3 0.5531701171875001 0.6569342890625001 0.548881053125 0.662979021875 0.545247228125 0.6697421765625 0.5421673546875 0.6781874359375 0.540490075 0.68255801875 0.5394296875 0.685694334375 0.5404408859375 0.6922961453124999 0.5455769203124999 0.696733284375 0.549638815625 0.6974849828125 0.5658972343750001 0.6888009609375 0.579737278125 0.6753158859374999 0.5894233078125 0.66659063125 0.59048369375 0.663454315625 0.586351365625 0.644832503125 0.583239403125 0.6373603375 0.5812736875 0.6352050734375 0.5780358421875 0.6335656562499999 0.5733232953125 0.6343694531249999 0.5680322015625 0.638360209375 0.5639794734375 0.6421563453125 0.5597916984375 0.64723739375 0.5560520015625 0.652690315625 0.5531701171875001 0.6569342890625001
3 0.261161346875 0.654173715625 0.2642212109375 0.6528714375 0.2703380296875 0.6317543109375 0.2803479296875 0.612995021875 0.2861116984375 0.6045070734375 0.2884442140625 0.6008549125 0.2929450203125 0.5974306484375 0.2980043625 0.59796240625 0.301213028125 0.6021969687500001 0.3055095859375 0.616938725 0.3100424796875 0.629431884375 0.310539746875 0.6200656296875 0.3090083609375 0.6114604828125 0.3058197046875 0.6000829375000001 0.3046105171875 0.5976824109375001 0.3038740015625 0.5907846921875 0.3030407828125 0.587124575 0.3014172765625 0.5840309484375 0.2993840375 0.5825181390624999 0.295803984375 0.581817084375 0.2927778828125 0.582798134375 0.28937581093750003 0.585038775 0.2866627390625 0.587676609375 0.2851542734375 0.5904410515625 0.28418142031250004 0.5857919296875 0.28255791406249997 0.582698303125 0.2810402796875 0.5809149109375 0.27797583124999997 0.5799432703125 0.27298401562499996 0.57876905625 0.2688883578125 0.578338584375 0.26517783906250003 0.5811963609374999 0.26283157031250004 0.57802676875 0.2593190421875 0.5766832578125001 0.2551896234375 0.5765740140625 0.252679125 0.5772844796875 0.24481917812499998 0.5871759937500001 0.23772492343749999 0.601370078125 0.2365294859375 0.6057913046875 0.24765769375 0.6296952890624999 0.25342895468750004 0.641993828125 0.261161346875 0.654173715625
3 0.363221128125 0.3297312046875 0.3648875640625 0.3370514375 0.367166309375 0.34086348593750004 0.3720951828125 0.344954075 0.37860921875 0.3501856 0.3851186703125 0.35314320625 0.3939944 0.3521274234375 0.4062951234375 0.3602405890625 0.4143513890625 0.36238644375 0.4252941203125 0.3625622421875 0.43416984999999997 0.361546459375 0.43867065624999996 0.3581221953125 0.441201165625 0.350268746875 0.440811440625 0.3447065828125 0.4417276109375 0.3383073453125 0.4434632484375 0.3287464703125 0.44816204375 0.32112091875000004 0.451304859375 0.3097592859375 0.44448863593750004 0.2911801609375 0.43829847343750006 0.2759146015625 0.430050475 0.2640052984375 0.421401915625 0.25822465 0.4072551015625 0.25608820625 0.3912330171875 0.2625236328125 0.3776630734375 0.2734388828125 0.37062259062499997 0.2801687609375 0.36611552812500003 0.2975577609375 0.36384427812500003 0.3145322015625 0.363221128125 0.3297312046875
3 0.24187188124999998 0.52483389375 0.2360268375 0.5271425453125 0.23015719843750002 0.5343202578125 0.22542922187499997 0.5445409546875 0.22076418750000001 0.551845278125 0.2254842296875 0.57182796875 0.231476403125 0.5912948124999999 0.23714179375 0.6022831203125001 0.23861649843750002 0.5998399046875 0.24426981093750003 0.5877678046875 0.252987571875 0.5766673453125 0.2604177765625 0.57549963125 0.2635880953125 0.5777815046875 0.2651057296875 0.5795648984375 0.2691292796875 0.57836390625 0.2746704609375 0.5789463078125 0.2814883578125 0.58128678125 0.284697025 0.5855213453125 0.2859062140625 0.587921871875 0.2896167328125 0.5850640968749999 0.2933610125 0.58188509375 0.29638711406249996 0.5809040453125001 0.301070484375 0.5826953921875 0.3031145671875 0.572517384375 0.3032988046875 0.5614943453125 0.3032175265625 0.555315046875 0.30106008125 0.543396334375 0.2981982078125 0.5404973265625 0.294097965625 0.5377929375 0.2895925765625 0.5389432843749999 0.28292348125 0.542139653125 0.2797960921875 0.5440843890625 0.27868818906250004 0.5407201765625 0.2699291734375 0.5313553765625 0.26510158437500003 0.526301103125 0.25945453125 0.52440846875 0.2510989890625 0.527427584375 0.24631433125000002 0.5265999203125 0.24187188124999998 0.52483389375