3 0.48061469062500006 0.8300758140625 0.4928301890625 0.7958664640625 0.49908290781250003 0.730981265625 0.5049747734375 0.678104296875 0.50567284375 0.6262368984375 0.50158525 0.6190727218750001 0.47487093125 0.6202860968749999 0.470061628125 0.6371383796875 0.4129298875 0.6482436640625 0.40852871874999996 0.708789596875 0.41227909531250007 0.7558129421875 0.4245655109375 0.8051564125 0.4457488234375 0.8448117765625 0.4672693484375 0.8446079718749999 0.48061469062500006 0.8300758140625
3 0.5823018156249999 0.8540828218750001 0.5941564625 0.8318817015625 0.599687471875 0.7910129609375 0.6033669328125 0.7544834875 0.6115184796875 0.7409609015624999 0.6140917390625 0.7126051765625 0.6069991156250001 0.662252134375 0.6006518421875 0.6157335749999999 0.5487138953125 0.6258292890625 0.5149542296875 0.632391503125 0.50567284375 0.6262368984375 0.5057201203125 0.6819387781249999 0.5105767 0.7207883749999999 0.53178365 0.7882946796875 0.5444309203125 0.82562991875 0.56003594375 0.8504521453124999 0.5685719828125 0.8527722687500001 0.5823018156249999 0.8540828218750001
3 0.1706258125 0.6356523734375 0.18623083437500002 0.6604745999999999 0.21888429843749999 0.6620861328125 0.2303780890625 0.6518932421875 0.220327715625 0.6140532171875 0.2161928453125 0.5511871609375001 0.20352193437500002 0.48600097968749995 0.19532311093750002 0.4438216875 0.20013241406249999 0.4269694046875 0.19046653281249998 0.40497208906250004 0.1689223671875 0.3773249546875 0.152956490625 0.3645109578125 0.134778209375 0.3680444578125 0.1292235609375 0.38106225781249997 0.1255204609375 0.3897407921875 0.12145650625 0.41042755625 0.119628596875 0.4426177625 0.13340570937500001 0.49963019375 0.1442014296875 0.5413047015625 0.15574249843750002 0.586813690625 0.1706258125 0.6356523734375
3 0.815277228125 0.8048176265625001 0.82862256875 0.7902854703125 0.8319411734375001 0.7657642250000001 0.8263392484375001 0.723080146875 0.8103260921875 0.6545642703125 0.788012940625 0.595231715625 0.7675749781250001 0.55941083125 0.7467761609375 0.5355981765625 0.7367494265625 0.5256090906249999 0.7230195921875 0.5242985390625 0.7029897625 0.5321713046875 0.688153725 0.5390345 0.6863258140624999 0.5712247078125 0.6978668828125 0.6167336953125 0.718328484375 0.68040551875 0.7413633453124999 0.7157216156249999 0.777767184375 0.7643564953124999 0.800056696875 0.7958381125 0.815277228125 0.8048176265625001
3 0.32795398593749997 0.640885134375 0.35690435 0.6511752015625001 0.3869609140625 0.6532915218750001 0.43889886093749997 0.6431958078125 0.470061628125 0.6371383796875 0.475231784375 0.6082778671875 0.47595349374999996 0.584261409375 0.4487837640625 0.4860792546875 0.4186799203125 0.42826105625000005 0.388215221875 0.3824510859375 0.3655648546875 0.36297769999999996 0.34774742812500004 0.3545029703125 0.327717596875 0.36237573749999996 0.311775359375 0.37741267968750003 0.3010505546875 0.4192909921875 0.29922264374999996 0.4514811984375 0.299991628125 0.48316662031249996 0.3126625390625 0.5483528 0.32163035 0.6222175140624999 0.32795398593749997 0.640885134375
3 0.355602765625 0.86631375625 0.36154190625 0.8691386671875 0.3693325984375 0.8676243093749999 0.387487240625 0.8362398703125 0.3985729 0.7823533281249999 0.4096821984375 0.756317728125 0.407398878125 0.6891124046875 0.40218144375 0.6622710359374999 0.392154709375 0.65228195 0.36024659375 0.654504896875 0.33055088125 0.6403803484374999 0.31941794687499997 0.6385650093749999 0.319057090625 0.6505732390625 0.304966403125 0.6612709156250001 0.2927272640625 0.6676293249999999 0.29943539218750004 0.70213965625 0.31580940156250004 0.758647303125 0.328456671875 0.7959825421875 0.34110394374999997 0.8333177828125 0.34742757968750004 0.851985403125 0.355602765625 0.86631375625
0 0.8249194687499999 0.798964003125 0.8260256703125 0.7907902546875001 0.8297287703125 0.782111721875 0.826386525 0.7787820265625001 0.8152535875 0.7769666875000001 0.803375303125 0.7713168687499999 0.7985423640625 0.7603182109375 0.7955846109375 0.772831225 0.792987715625 0.7733360109375 0.7811094296875 0.767686190625 0.7885392671875 0.7781800640625 0.79931135 0.79200363125 0.8085927359375 0.7981582359375 0.8145318796875 0.800983146875 0.8249194687499999 0.798964003125
3 0.2161928453125 0.5511871609375001 0.2214339171875 0.60587946875 0.22441530781250002 0.6212173937500001 0.2329749875 0.6513884562500001 0.2507924140625 0.6598631859374999 0.2749098375 0.659154596875 0.2997726078125 0.6622804875 0.30941485 0.6564268625 0.319057090625 0.6505732390625 0.3160520609375 0.607384375 0.3104264953125 0.5368493562500001 0.2955195421875 0.4601597328125 0.27989088125 0.4074865671875 0.26130446875 0.36732641718750003 0.2434870421875 0.35885168749999996 0.2279056578125 0.3618804015625 0.2127087671875 0.3807518265625 0.20939016093750001 0.40527307031250004 0.2094138015625 0.43312401093749997 0.197920009375 0.44331690156250003 0.20128589218749998 0.4744975375 0.21246610625 0.5320147546875 0.2161928453125 0.5511871609375001
3 0.195630415625 0.805883903125 0.20673971562500001 0.7798483015625 0.22453350312499998 0.7604720921875 0.22857381875 0.7119343890625001 0.2385532734375 0.6662215953125 0.22852653906249998 0.656232509375 0.219629646875 0.6659206140625 0.1854854875 0.6566401187500001 0.17805565 0.646146246875 0.175458753125 0.64665103125 0.15509170625 0.6943829671875 0.1547781296875 0.7620930765625 0.1644676484375 0.8119413312500001 0.1722819796875 0.8382779140625001 0.181924221875 0.8324242906249999 0.195630415625 0.805883903125
0 1 0.6552717671875 0.9962201359374999 0.6542443875 0.9824903015625001 0.6529338359375 0.9769120140625001 0.638100696875 0.9757821718749999 0.6184235046875 0.9690976828125001 0.6117641140625001 0.9512802562499999 0.603289384375 0.9434895640625 0.6048037421875 0.9345926703125 0.614491846875 0.9264411234375001 0.6280144328125 0.9242287203125 0.6443619296875001 0.9179287234375 0.6535452484375 0.9268728953125001 0.6995590234375 0.928363590625 0.7072279859374999 0.9350480796875 0.7138873765625 0.96770154375 0.7154989109375001 0.986625171875 0.7157998921875001 0.9981189640625001 0.705607 1 0.7011986296875 1 0.6552717671875
3 0.702119946875 0.8188544500000001 0.7135901 0.7808106203125 0.7194819640625 0.72793365 0.718712978125 0.6962482296875 0.6978668828125 0.6167336953125 0.68856185625 0.58272815 0.67555373125 0.5574011390625 0.66107855 0.55225610625 0.64475181875 0.5514503390625001 0.62991578125 0.5583135343750001 0.6336661593749999 0.6053368796874999 0.6169785734375 0.6165393421875 0.607720825 0.6382356765625 0.6189010390624999 0.69575289375 0.62671536875 0.7220894765625 0.6475378265625 0.7737530703125 0.663888196875 0.8024097765624999 0.6872839109375 0.8257176453125 0.702119946875 0.8188544500000001
3 0.256897028125 0.8576446734375001 0.268728034375 0.8075926140625 0.28909508125 0.759860678125 0.3020795671875 0.75733675 0.29945903125 0.7299905953125 0.29498694531249997 0.706983709375 0.294602453125 0.6911409984375 0.291981915625 0.6637948437500001 0.2619253515625 0.661678525 0.2489408640625 0.6642024531249999 0.23965947656250003 0.6580478484375 0.22857381875 0.7119343890625001 0.22640869062500002 0.7839837640625 0.225326128125 0.8200084515625001 0.23241874999999998 0.8703614937499999 0.24095479062499997 0.8726816171875 0.256897028125 0.8576446734375001
0 0.5845204921875 0.4079630015625 0.5822844500000001 0.3964595578125 0.5807937546875 0.38879059531250004 0.5767061625000001 0.38162641875 0.5715123671875 0.3826359890625 0.56966081875 0.38697525625 0.5718968609374999 0.39847869999999996 0.5752391046875001 0.4018083953125 0.5793266984375001 0.40897257187499997 0.5845204921875 0.4079630015625
3 0.61981813125 0.464771628125 0.6417467890624999 0.5082614734375 0.66959095 0.5267252906250001 0.69705061875 0.5293463953125 0.7111413062499999 0.51864871875 0.72225060625 0.4926131171875 0.725930065625 0.45608364375 0.7240312375 0.40472103125 0.7206653546874999 0.373540396875 0.71246653125 0.331361103125 0.7046522000000001 0.3050245203125 0.69313476875 0.28736647187500003 0.6775533859375 0.2903951859375 0.6660595953125 0.30058807656250003 0.6631018421875 0.31310109218750004 0.6586770359375 0.345796084375 0.6464615359375 0.3800054328125 0.6327553390625 0.4065458203125 0.61347085625 0.41825306875 0.6097677578125 0.4269316015625 0.61981813125 0.464771628125
3 0.48153178125 0.5990945484375 0.49155851562499997 0.609083634375 0.5008399015625 0.615238240625 0.5142088828125 0.6285570218750001 0.5435201015625 0.6268388609375 0.5850704578125 0.6187622890625 0.6065909828125 0.618558484375 0.6336661593749999 0.6053368796874999 0.6310456234374999 0.577990725 0.626934390625 0.542975609375 0.617244871875 0.4931273546875 0.6038286140625 0.4241066921875 0.578918565625 0.365278921875 0.55961044375 0.3491352296875 0.542538365625 0.3444949828125 0.524360084375 0.3480284828125 0.49913645781250005 0.3569108203125 0.47468182031249995 0.3974785796875 0.46431786875 0.42734866250000003 0.4617682484375 0.4835553265625 0.4599403390625 0.5157455328125 0.4752081453125 0.580426928125 0.48153178125 0.5990945484375
3 0.819991971875 0.6765615875 0.84115164375 0.6883660109374999 0.8719771984375001 0.7221677515625 0.9061449937500001 0.7592991875 0.923962421875 0.7677739171875 0.9362015593749999 0.7614155078125 0.9347108640625 0.7537465453125 0.9242996375000001 0.7279147484374999 0.9246368531250001 0.6880555796875 0.9164380281250001 0.6458762859375 0.9052814515625001 0.6162100078125 0.8889310828125 0.5875533015625 0.8699838140624999 0.55940138125 0.8592117312499999 0.5455778125 0.8406489578125 0.533268603125 0.8295160203125 0.5314532640625 0.8172768828124999 0.5378116734375 0.8035706859375 0.5643520609375 0.803594325 0.592203 0.7961881265625 0.60956006875 0.796933475 0.61339455 0.8103260921875 0.6545642703125 0.819991971875 0.6765615875