3 0.7349385078124999 0.7619387484375 0.7464226140625 0.73995840625 0.7537953609375 0.71401583125 0.7613591375000001 0.6828598484375 0.76919700625 0.6472807046875 0.7746040515625 0.6143539687499999 0.7819048046875 0.5572589906250001 0.7879846140625 0.516671296875 0.7743880703125 0.5208967578125 0.76996109375 0.520962565625 0.7604122249999999 0.5191697859375 0.748158446875 0.5244525765625 0.7400409406249999 0.5269037078125 0.7337064062499999 0.5275694953125 0.7259100562499999 0.5283889234375 0.71876155625 0.5283412875 0.71617846875 0.552981475 0.7142792234375 0.5747533812500001 0.7092044093750001 0.6108410921874999 0.7045587265625 0.6392934484375 0.6968925125000001 0.6788494203125001 0.7055941984375 0.700705584375 0.7126485765624999 0.7303251359375 0.7166492 0.7566702703125 0.7187505625 0.7696324703124999 0.7241576203125 0.771860575 0.7349385078124999 0.7619387484375
3 0.141887071875 0.7184069625 0.1622639078125 0.748224215625 0.174888684375 0.7628767703125 0.18650568750000002 0.7632537203124999 0.2185715 0.754290653125 0.2366670015625 0.74599695 0.2575781515625 0.708244775 0.2734560046875 0.6718205937499999 0.27761718125 0.6270401999999999 0.2782234890625 0.5906231765625 0.2774095125 0.5547549171874999 0.27735689531249996 0.5144122796875 0.2715843765625 0.4946451703125 0.258068115625 0.48088528750000004 0.23735628437499998 0.4642863078125 0.22730907031249997 0.4577520640625 0.22046234843749998 0.46526295937500006 0.199398921875 0.489848075 0.181998334375 0.5000661734375 0.1654061765625 0.5086013546875 0.1520228125 0.5171987671875 0.1327395828125 0.5212229484375 0.11370829062500001 0.5112386156250001 0.10409020312499999 0.49706901718749996 0.0887189859375 0.4890969140625 0.08607499375 0.5225322140625 0.08909000781250001 0.5793419359375 0.0947102609375 0.621096825 0.101130628125 0.6399968703125001 0.1152199953125 0.67327136875 0.141887071875 0.7184069625
3 0.536480428125 0.7931841890625 0.5531473453125 0.7994221625 0.5686403734375001 0.78980404375 0.58235873125 0.7679883578125 0.597104225 0.7161032078125 0.6048119671875 0.6769423578125 0.6115147125 0.64228149375 0.6172152234375 0.5957413640625 0.6217750765625001 0.5477231734375 0.6246765437499999 0.502675696875 0.6185219640625 0.49333539843749996 0.604186209375 0.5116205921875 0.576406175 0.5121434703125 0.5552929062499999 0.5151615375 0.5017649828125 0.5167926828125 0.48547182656250004 0.5141108062499999 0.4796938078125 0.59741186875 0.4716483078125 0.666170240625 0.4776035546875 0.6947068562500001 0.4964216765625 0.735474078125 0.5162447968749999 0.77174131875 0.536480428125 0.7931841890625
3 0.0766590015625 0.47278705 0.0885417953125 0.48272375 0.10388809531250001 0.497489746875 0.1157819640625 0.5122191218750001 0.13387470625 0.5203046687499999 0.1506025265625 0.5177475312500001 0.1717767015625 0.505934353125 0.1979371046875 0.49000171875 0.220384828125 0.4668690546875 0.2341281015625 0.438259475 0.23604395937499997 0.42367658593749996 0.23197411875 0.38495463750000003 0.230830671875 0.329546153125 0.2290449140625 0.277401071875 0.21994177656249997 0.2400071171875 0.1912923953125 0.2158531859375 0.15450335625 0.18456503124999998 0.1208483703125 0.1737207875 0.092932671875 0.1682656234375 0.07031605937499999 0.1710422125 0.0548756359375 0.18584813125 0.0469962390625 0.221032153125 0.040343325 0.2421052296875 0.042796309375 0.2841930125 0.0455676890625 0.341028340625 0.0498617875 0.38891491562499997 0.05563154218750001 0.425061275 0.067838265625 0.452141859375 0.0766590015625 0.47278705
3 0.6559312578125 0.7930134921875001 0.66760363125 0.78219899375 0.681936609375 0.7451382109375 0.6901260859375 0.703529809375 0.7050875249999999 0.63963735625 0.712249853125 0.5929435828125 0.71590438125 0.5574046390625 0.7183988703125 0.52957786875 0.7002756781249999 0.525889878125 0.691261146875 0.52683734375 0.6793645171875 0.528487215625 0.6643366078125 0.528468765625 0.650842496875 0.5242942375 0.6465705609375 0.52114785625 0.6367254515625 0.51419288125 0.6274036062499999 0.505185478125 0.6256510875 0.5025732671875 0.6211438390625 0.55577925625 0.6111104984375 0.6431229515625 0.6090977421875 0.66850216875 0.614648775 0.6978802421875 0.6216062578125 0.738296121875 0.62757811875 0.774021753125 0.6329298078125001 0.7874413046875001 0.6436664015625 0.7935036078125 0.6559312578125 0.7930134921875001
3 0.4249752625 0.22444953281250002 0.4249641984375 0.25481169062500003 0.4281508546875 0.280443403125 0.43822023593750004 0.3317178390625 0.44494515625000003 0.376952003125 0.44911743125000003 0.40727396406249994 0.45145413124999995 0.43419346875000003 0.4514458296875 0.44817637968749996 0.455191740625 0.46975444218750007 0.4671437515625 0.4920679578125 0.48136600781250005 0.5125449109375 0.5000180015625 0.5165768109375 0.5334847218750001 0.5162552093749999 0.5565526140625 0.515428625 0.5758773734375 0.5117995625 0.6046319515625 0.51117425625 0.6186825406249999 0.492519546875 0.6217639765625 0.472620821875 0.6202357046875 0.44401840000000004 0.6151802453124999 0.400606203125 0.6067997015625 0.3419634984375 0.5955951984375 0.29160734375 0.5829427203125 0.22981825625000002 0.5681196703125 0.177844990625 0.5596920734374999 0.151565665625 0.5491298953125 0.133100940625 0.525566415625 0.1128068140625 0.509962640625 0.109652996875 0.49859480781250004 0.1116467765625 0.47976839687500006 0.12001730156249998 0.4671076421875 0.1425208015625 0.457351140625 0.1739072484375 0.445332696875 0.19314734375 0.433831978125 0.2079386671875 0.4249752625 0.22444953281250002
3 0 0.49309710000000007 0.018202990625000002 0.4861217875 0.041315178125000004 0.46931107499999997 0.0503075546875 0.4587782546875 0.0609057125 0.44008692343750005 0.056528565625000006 0.42656494218749996 0.049042284375 0.3858051546875 0.0451274828125 0.343871015625 0.0415670546875 0.2795283703125 0.037059784375 0.262424684375 0.0232528171875 0.2458989484375 0 0.235904103125 0 0.49309710000000007
3 0.75730299375 0.21069327968749998 0.7632277890625 0.2436274515625 0.7732750171875 0.28531653125 0.7808388171875 0.324470225 0.787666175 0.36130439999999997 0.7904486171875 0.38777756874999997 0.795825234375 0.42955806562500004 0.7979238343749999 0.4588995171875 0.8002909875 0.481421465625 0.798325296875 0.5095921453125001 0.79647034375 0.515379925 0.8052052468750001 0.51645928125 0.8265206218750001 0.5130204843749999 0.8342339140625 0.5114108125 0.8456017453125 0.5094170328125001 0.8659065859374999 0.50808188125 0.869472528125 0.5045111906249999 0.8790573890625 0.5043027546875 0.8917513734375 0.4961772875 0.8958627171875 0.46498468437499996 0.8938333234375 0.41286521093750006 0.8885591421875001 0.3626847265625 0.8840740125 0.32001155625 0.8725455796875 0.252511515625 0.8652973953125 0.20932978124999999 0.8545801640624999 0.15892241093749998 0.8484089703125001 0.14239309687499999 0.838801959375 0.133016178125 0.8293832171875 0.1348051015625 0.8227330640625 0.139498928125 0.8108807359375 0.16031951093750002 0.8010605546875 0.18172548125000001 0.7924419359375 0.19581439843749998 0.7737511875 0.210162965625 0.76314471875 0.2076823703125 0.75730299375 0.21069327968749998
3 0.7962322937499999 0.65842121875 0.8003131859374999 0.6316261703125 0.8068249015625 0.6021787125 0.812356534375 0.57043734375 0.816711515625 0.5392191328125 0.8188488578124999 0.5150252796875 0.8030540531250001 0.51708486875 0.7971597218750001 0.51490798125 0.7913124609375 0.5155225531250001 0.78790709375 0.518277390625 0.77957919375 0.570287 0.7754124796874999 0.6126710531249999 0.764177559375 0.6721769640625 0.76647273125 0.698701346875 0.771757975 0.718519671875 0.7777159859375 0.7306770390625 0.7816086234374999 0.727870984375 0.7933280515625001 0.684693109375 0.7962322937499999 0.65842121875
3 0.338913825 0.788382121875 0.3647420078125 0.80444335 0.3964728234375 0.8086985562500001 0.419000840625 0.8027353843749999 0.43387647031250004 0.789586775 0.4526391890625 0.7360809359375 0.46215759375000004 0.7071164359375001 0.46941405625000004 0.666005584375 0.47927851875 0.59346065 0.482946884375 0.5463351328125 0.48433670624999997 0.5150290859375 0.4819363375 0.5132839406249999 0.45772777187499997 0.47747763125000003 0.4543722359375 0.46664468281250004 0.45163132343749995 0.440566634375 0.4463211734375 0.462697040625 0.43924743125 0.477422559375 0.41972334062499994 0.5002479375 0.40480617968750005 0.513001425 0.370605790625 0.5297790953125 0.34953405000000004 0.533192284375 0.30969402968750004 0.5174053 0.2784587890625 0.49911596718749995 0.27644326874999997 0.5408744359375001 0.28013382343750004 0.608798784375 0.2852142109375 0.6805719265625 0.29695027500000004 0.7148927421875 0.3231993 0.7724563640625 0.338913825 0.788382121875
3 0.612649690625 0.219505165625 0.601863265625 0.227030653125 0.5854372234375 0.23714632500000002 0.5929179671875 0.27550977187500003 0.6084331703125 0.34578668281249997 0.615014128125 0.3990257140625 0.6203076859375 0.44001596718749997 0.622168190625 0.4717793640625 0.6187655999999999 0.493309790625 0.6303743046875 0.5076696515625 0.6507594390625 0.52350399375 0.6607595890625 0.527246778125 0.6798517875 0.528436 0.6948741593750001 0.5260581140625 0.7052729828125 0.5265630984375 0.7249355125 0.528491353125 0.7393930906249999 0.5277707734375 0.7535959562500001 0.5222831234374999 0.759924953125 0.519221 0.770775059375 0.5216759875 0.785185571875 0.518163946875 0.7967084421874999 0.512957978125 0.7996929781250001 0.5038555812500001 0.8010052796875 0.4741556296875 0.7945710625 0.4316873171875 0.78993919375 0.378243428125 0.7818244375 0.329160475 0.769302084375 0.27095309218749997 0.756951384375 0.2167225390625 0.7476101500000001 0.1817505296875 0.7443736640624999 0.16970660625 0.729902234375 0.146858921875 0.71648840625 0.12469904843749999 0.696189103125 0.1284305390625 0.6750204671875 0.1426400578125 0.6594859109375 0.15186305312499998 0.64202995625 0.1732726015625 0.6307479578125 0.194832215625 0.612649690625 0.219505165625
3 0.23098296093749998 0.37786805 0.23555115 0.4213314625 0.2488016359375 0.4606864328125 0.261966290625 0.480475571875 0.274715653125 0.4963134921875 0.3146553453125 0.5200797374999999 0.34920735625 0.5324276484375 0.369185503125 0.5303278609375 0.3844404328125 0.5231316859375 0.40528791406250003 0.5105538703125 0.4211740796875 0.49530161718750004 0.43794619375000005 0.47676035156249996 0.4477719140625 0.4577507203125 0.451620246875 0.43577395625 0.4487381328125 0.401321528125 0.4390397390625 0.3348276 0.421370565625 0.2464006875 0.41334164375000004 0.21688356562500002 0.404219128125 0.18867984375 0.38025419843749997 0.15284792656249999 0.35841278593750003 0.139563565625 0.34393305625 0.130698790625 0.3225429234375 0.1193644328125 0.3113467453125 0.12533503906250001 0.2878524984375 0.152572565625 0.26688874375 0.18513694375 0.248998121875 0.2117855046875 0.231470184375 0.23719748593749998 0.22947958124999998 0.272162059375 0.23098296093749998 0.37786805
3 0 0.5262038859375 0.01891459375 0.7061642234375001 0.021101778125 0.7035374187500001 0.0452245 0.6846230609374999 0.0785001765625 0.65436003125 0.086313128125 0.6255747796875 0.0892727390625 0.588111440625 0.08718243906249999 0.5447870781249999 0.0864016890625 0.5232968515625 0.087138121875 0.49046153124999997 0.0723621515625 0.4764345625 0.049053384374999995 0.46090750781249995 0.0412736484375 0.46891595312499995 0.0194211703125 0.4859937515625 0 0.49384967187499995 0 0.5262038859375