3 0.44032589062499994 0.8160684874999999 0.4520246859375 0.8135477421875 0.45882139375 0.807333009375 0.470199571875 0.78381925 0.479120125 0.7568523453125 0.4879338046875 0.7228877703125 0.4930802140625 0.6955747 0.49692288749999997 0.6792560921875 0.49285561875 0.6503159671875001 0.48741916874999996 0.6116336203125 0.47684831875 0.6175021875 0.4670569234375 0.6180016937499999 0.45496897968749994 0.6161941984375 0.44043618906250004 0.6188210390625 0.42742087656249994 0.6244487624999999 0.41259264375000004 0.626532734375 0.4034192359375 0.6251922140625 0.38355455156249996 0.624185471875 0.3796994828125 0.6279414156249999 0.37266154218750003 0.6277617531249999 0.36464318281249997 0.626843290625 0.35837114375 0.6227574453125 0.3465790265625 0.6168176375 0.36161675937500004 0.680156009375 0.37816073437500003 0.7199070546875 0.40438730468750006 0.77553683125 0.41937468906250003 0.7979749125 0.4326571796875 0.8098413671875001 0.44032589062499994 0.8160684874999999
3 0.2326326328125 0.73071724375 0.24312024375000002 0.7570018765625 0.253822753125 0.7832563078125 0.2671443578125 0.8094348437500001 0.270474759375 0.8159794781249999 0.28079005156250003 0.8145297593749999 0.2891038515625 0.8159910890625 0.312111525 0.8159717234375 0.3303375328125 0.8177931546874999 0.3336164265625 0.7974630453125 0.33670906562499997 0.75553664375 0.345013175 0.7117090375 0.35481928125 0.6957211062499999 0.3609585015625 0.6817094984375001 0.35995175156250003 0.6745461015625 0.3539232609375 0.6488035609375 0.3458406140625 0.6131228734375 0.337755653125 0.6054932749999999 0.3258156234375 0.6016196234375 0.3132173359375 0.5992994609375 0.3078447875 0.6000545234375 0.30333184687500003 0.600688775 0.298993925 0.5963311078125 0.29338052812500004 0.586016590625 0.2884524921875 0.5712228203125 0.28492112812500003 0.558570325 0.2837532984375 0.550260784375 0.279253525 0.5541073375 0.274672825 0.5620559984375 0.2591185734375 0.573007871875 0.2501194109375 0.57602579375 0.2406637265625 0.5773547031249999 0.23766826562499999 0.5809898375 0.21511711406249998 0.5826982187499999 0.197670175 0.580182903125 0.19541351093749998 0.58283761875 0.191624659375 0.5979798828125 0.193020171875 0.6141467031250001 0.198376853125 0.6429056140625 0.2078166703125 0.6710906765625 0.2186132734375 0.696455296875 0.2326326328125 0.73071724375
3 0.78596520625 0.6479840984374999 0.7848086109375 0.66626276875 0.7825233015624999 0.6905439765625 0.791776478125 0.7018079328125 0.800371784375 0.709950196875 0.83314490625 0.6983315421875 0.852956540625 0.6911642671875 0.8801425984375 0.675655696875 0.8979264062500001 0.6649748718749999 0.8988305296875 0.6137135984375 0.90094159375 0.5850739453125 0.8991453109374999 0.54266585625 0.89557521875 0.511026096875 0.8884455015625001 0.48368515156249997 0.8746395 0.46809373125000003 0.85610526875 0.457841946875 0.8255640218750001 0.44168055468749995 0.8244887406249999 0.45118193125 0.8221364421875 0.4734271859375 0.817232809375 0.488433925 0.811093203125 0.5071207140625 0.796183271875 0.5226571609375 0.7799572125 0.536625403125 0.7713073125000001 0.53900985 0.7801302999999999 0.55500939375 0.7839303890625 0.5664553390625 0.7867895593750001 0.5867993890625 0.7868956593750001 0.603147425 0.78744434375 0.6273225359375 0.78596520625 0.6479840984374999
3 0 0.5349634046875 0.0059129859375 0.577036484375 0.0265145359375 0.6004387171875 0.053939128125 0.6240508171875 0.07861103750000001 0.6389917234375 0.0887114265625 0.63757220625 0.097563446875 0.627270075 0.1039175703125 0.6132282640625 0.10955999999999999 0.5972411078125 0.11289194375 0.5850850140625 0.1196890375 0.5741950984375 0.13116092343750002 0.5544667109375 0.1372196046875 0.53988203125 0.1440844578125 0.52167770625 0.1515398078125 0.5092343015624999 0.15406558125 0.5006978546874999 0.14697574687499998 0.4783186265625 0.137952953125 0.44218567656249996 0.1308770578125 0.41366838437500003 0.128124759375 0.40032200781249994 0.10254057968750001 0.3726527140625 0.05930965312499999 0.322334696875 0.0382914640625 0.30220516875 0.033174473437500004 0.2985413828125 0.018789210937500002 0.30377725 0.0048596984375 0.32005249375 0 0.324190221875 0 0.5349634046875
3 0.190776721875 0.782182203125 0.2061195421875 0.729183896875 0.21493322187500002 0.695219321875 0.20192177031249997 0.6540952265625 0.198632025 0.6431619468750001 0.1920668578125 0.6104821421875 0.1920947328125 0.5982060140625001 0.1940567265625 0.5856580625000001 0.1958568671875 0.5813143328125 0.1857839671875 0.5751329046875 0.1800896453125 0.568920496875 0.17085002031250002 0.556193659375 0.160899471875 0.5321711109375 0.1566703515625 0.51143520625 0.1529903015625 0.5101992296875 0.14888005937499998 0.513698840625 0.1440844578125 0.52167770625 0.1415586859375 0.530214153125 0.131590728125 0.55440630625 0.12359792812499999 0.5692628078124999 0.11415463906250001 0.58315438125 0.11055396875000001 0.5965170234375 0.1051802640625 0.61129763125 0.09804707343749999 0.6260333234375001 0.0888322359375 0.6384318125 0.0893123890625 0.6792716984375 0.10436328749999998 0.7458223703125 0.11797840625 0.7959196859375 0.1509784375 0.801508675 0.18145346874999999 0.8062837484375001 0.190776721875 0.782182203125
3 0.6612597765625 0.76953189375 0.6790292625000001 0.769664315625 0.687061175 0.76911989375 0.7091298562499999 0.7546227203125 0.7289283234374999 0.74424314375 0.745449825 0.7308177703125 0.7685252578124999 0.72348399375 0.7817577859375 0.689774975 0.786825584375 0.638512925 0.78744434375 0.6273225359375 0.786453846875 0.5859699843749999 0.7839168375 0.5679182218750001 0.7785055625 0.5496860203125 0.768339340625 0.5350440390625 0.7587636203125 0.526162978125 0.7469846687499999 0.52343546875 0.7406994625000001 0.5161373234375 0.732681103125 0.5152188609375 0.7254282609375 0.5150694015624999 0.7265016125 0.528943934375 0.7247003125 0.547313209375 0.720857640625 0.5636318171875 0.71882904375 0.5694686328125 0.711293153125 0.581338965625 0.7065645390624999 0.5913537843750001 0.6981159890625 0.595170909375 0.6888345515625 0.6008582640625 0.672179459375 0.605536546875 0.662723775 0.60686545625 0.635001425 0.610761578125 0.6251829265625 0.6141868484375 0.6275449171874999 0.6372305296875 0.6301884140625 0.66695514375 0.6378428 0.6839955109375 0.648289753125 0.7146687890625001 0.6565470296875 0.7500327390625 0.6612597765625 0.76953189375
3 0.8269517687500001 0.3891825296875 0.82845376875 0.417022203125 0.8369410421874999 0.432192340625 0.8504252703124999 0.44081629375000003 0.863049890625 0.44956105625 0.8707457046875 0.45286241250000003 0.8756206890625 0.459482165625 0.886766940625 0.4795381265625 0.90406288125 0.5215210546875 0.91473983125 0.5320005203125 0.9271762671875001 0.542524903125 0.938619890625 0.539747825 0.9483171968749999 0.5401381296875 0.9620442 0.536455753125 0.9669075625 0.521162478125 0.9739756953125 0.4810149234375 0.9784522250000001 0.43334231562500003 0.978926928125 0.3774662640625 0.9797892375 0.34461918125 0.977440796875 0.32011261874999997 0.9536025499999999 0.293951121875 0.9312008578125001 0.2748926171875 0.90384286875 0.257991653125 0.8953269468749999 0.26444800625 0.8847944359375 0.2939790203125 0.8697493734374999 0.3194691046875 0.8532143187499999 0.334357359375 0.8413536718750001 0.345082325 0.8243888140625 0.3600309859375 0.8269517687500001 0.3891825296875
3 0.15656309375 0.5091127156249999 0.1617188109375 0.5317637656249999 0.17200506875 0.55661571875 0.184212665625 0.5733083671875 0.19749554375 0.580499640625 0.21404260625 0.58284923125 0.2329806921875 0.581940828125 0.23956211249999998 0.5804314796875001 0.24212776875 0.5768567499999999 0.24943443437499999 0.575829865625 0.262194575 0.5699458078124999 0.269407534375 0.5651335515625 0.27385348593750003 0.56246334375 0.27937433437500003 0.55496694375 0.2832832234375 0.550034653125 0.27948429375 0.5245631609375 0.2754177953125 0.48627267031250004 0.2752594171875 0.4524002546875 0.272979121875 0.41590409843750004 0.25728004375 0.391520671875 0.22578625468750002 0.3623443546875 0.21274731249999998 0.32882120625 0.19491276875000002 0.303276921875 0.1822076078125 0.2939590875 0.1656473796875 0.2883971984375 0.1450167953125 0.2912966375 0.13408274375 0.303936746875 0.1295252890625 0.3557114640625 0.1338461859375 0.40360864999999996 0.1314950453125 0.411828359375 0.137738053125 0.442215878125 0.14545826875 0.47531774374999997 0.15656309375 0.5091127156249999
3 0.540486440625 0.7678049687499999 0.5651719 0.7812829921875 0.584580446875 0.7759255390625001 0.599436940625 0.7568902578125 0.614107953125 0.7069083218750001 0.6280130625 0.66083256875 0.6284579625 0.64060855625 0.6239608875 0.611728834375 0.6138876015625 0.6102225875 0.5987643140625 0.607088509375 0.595258509375 0.6102109765625 0.583438903125 0.6118721140625001 0.573647890625 0.6076964375 0.5437362546875 0.6116080484374999 0.534442034375 0.60940791875 0.526544871875 0.604673884375 0.5212536359375 0.5966516546875 0.5163790374999999 0.5853567203125001 0.5105228625 0.5873485328125 0.508198440625 0.597317659375 0.5027445796875 0.606850015625 0.49308715937500003 0.6114214265625 0.4881711328125 0.6138655015625 0.49305696875000005 0.651748646875 0.49947499375 0.67714424375 0.5053834453125 0.6926768125 0.5120845187499999 0.7060526171875 0.524546128125 0.7370271453125 0.540486440625 0.7678049687499999
3 0.70938609375 0.416516540625 0.720085903125 0.47549724375 0.72677149375 0.5137118390625 0.7402026703125 0.5141617734375 0.7481799890625 0.5241440625 0.7580650906249999 0.5274299296875 0.770031453125 0.5377281828125 0.7792722359375001 0.536429475 0.795189303125 0.5233812453125 0.8109321234375001 0.5059745703125 0.8222169812500001 0.4740002578125 0.8278094484375 0.4124376296875 0.8257440546874999 0.3759112703125 0.8235443015625 0.3399881859375 0.8158775203124999 0.31038515625 0.8030530953125 0.28150698749999997 0.7921763375 0.25089411250000004 0.7796864640625001 0.23687089375 0.7659598453124999 0.2358780890625 0.7500435515625 0.23957595625 0.7374843765625 0.2515678765625 0.728255603125 0.27010442968750004 0.720771603125 0.304174325 0.71628229375 0.34395945 0.7096722265625 0.367095290625 0.6985906484375 0.377126375 0.70938609375 0.416516540625
3 0.4986323640625 0.4715570515625 0.5058813484375 0.51845833125 0.5126869765625 0.5668829 0.5172250921875 0.5866987906250001 0.5298485546875 0.6094691 0.5414528734374999 0.6125133468749999 0.5530575765625 0.6108824125 0.5700212765625 0.609959296875 0.5786305203125 0.611963496875 0.5851848359375 0.6133799109375 0.5949495140625001 0.6111309890625 0.5999867359375 0.6048713390625 0.6123832890625 0.6104340046875001 0.6285946390625 0.6119541890625 0.637634071875 0.609222803125 0.6595269640625 0.6090679125 0.6876795015625 0.600436203125 0.7053959375 0.5923946078125 0.7188693140625 0.56975516875 0.725533203125 0.54544298125 0.7264082921874999 0.5204833796874999 0.7204754359375001 0.47515030312500006 0.7079894234374999 0.41437526562500004 0.6973550578125 0.37613124375 0.6767957046874999 0.3296396359375 0.6491043203125 0.283858175 0.631350315625 0.2588869625 0.6205796593749999 0.24462212343749998 0.60232731875 0.236376090625 0.5854441578125 0.2378722765625 0.5597628 0.24849424843749998 0.5362564062499999 0.26991397500000003 0.519329890625 0.30852508125 0.5063777078125 0.3629405796875 0.49667461562500004 0.4326780015625 0.4986323640625 0.4715570515625
3 0.275901421875 0.4850359203125 0.28157910468749997 0.5301126640625 0.285458190625 0.560832409375 0.294226584375 0.5873586625 0.2998399796875 0.5976731796875 0.3035064796875 0.6003720375 0.3101684375 0.599435759375 0.3232368 0.6019820546875 0.3396359484375 0.6063978 0.34825797187499996 0.61628948125 0.3601170765625 0.62426524375 0.3688471296875 0.6271290515625 0.3795248515625 0.62825815625 0.383809725 0.62444180625 0.39256687968750004 0.6243798484374999 0.41736075625 0.626154815625 0.42853565624999995 0.6245842859375 0.44292091874999995 0.6193484203125 0.4572388078125 0.6167517796875 0.4707907953125 0.618061321875 0.47910498281249997 0.614847471875 0.4855388734375 0.610729096875 0.49429603125000005 0.610667140625 0.5007163703125 0.6080116484375 0.506425403125 0.5987356265625 0.513518709375 0.579038215625 0.5033172359375 0.5033323328125 0.4938406203125 0.43278409843750004 0.4695334578125 0.392370925 0.4386479625 0.316065646875 0.4223173453125 0.2949851265625 0.40171540781250004 0.27625807343750003 0.38265728125 0.2669565046875 0.363504678125 0.263219928125 0.3385082953125 0.2740378265625 0.3237733828125 0.284582353125 0.29697570156249997 0.31376952812500003 0.2867378625 0.353193775 0.27786920312499996 0.40236024062500003 0.276053965625 0.42686758124999996 0.2744133609375 0.4510581828125 0.275901421875 0.4850359203125