3 0.37265646406249997 0.6276426515625 0.393999 0.6333994125 0.4033751671875 0.6303108984375 0.4149465890625 0.6161169203125 0.42818693124999996 0.6050730734374999 0.438976671875 0.6006520109375 0.450476575 0.55962269375 0.45093482656250006 0.5536458671875 0.4500741453125 0.5445997140625 0.44801506093750004 0.5391476468749999 0.445417375 0.5352301296875 0.4374418390625 0.5314534546874999 0.43197683124999997 0.52797989375 0.4264444140625 0.525596703125 0.39978327812500003 0.5340950828125 0.387067921875 0.545260134375 0.38156819375 0.5531143546874999 0.3710991828125 0.5824929140624999 0.36605567968749997 0.605935496875 0.37265646406249997 0.6276426515625
3 0.7062425265625001 0.713228028125 0.72771920625 0.72399245 0.7297142578125 0.694592903125 0.7277191515625 0.6529363609375001 0.7259909812500001 0.63567193125 0.7205205140625 0.6186494546875 0.7129691874999999 0.613035334375 0.69904996875 0.6142455546875001 0.6815355375000001 0.62623803125 0.6667468046875 0.6407951640625 0.65808288125 0.656766321875 0.6509666765625 0.676412590625 0.6556963140625001 0.6982407234375 0.68297505 0.7070268609375 0.7062425265625001 0.713228028125
3 0.3192756203125 0.6233367125 0.3379666796875 0.6246105734375 0.35320004531250004 0.60573236875 0.36382159999999997 0.6004430281250001 0.3647803015625 0.569145325 0.36209680781250003 0.5472366171874999 0.3565044625 0.537927521875 0.348469003125 0.5272249390625 0.34184030781249997 0.5160176875 0.33877143125 0.5125443546875 0.33214819375000004 0.5148860187500001 0.311650696875 0.5413963515625 0.294996271875 0.569623378125 0.2833363390625 0.5945797515625 0.2789396984375 0.61043015625 0.27825946875 0.6149733203125 0.3192756203125 0.6233367125
3 0.54102104375 0.671212884375 0.5554924796875 0.6668123609375 0.5707789640625001 0.6556879359375001 0.5844033359374999 0.64058550625 0.5926301109375001 0.62091915 0.5953837140625 0.6129839031250001 0.5981448046875 0.5970323828125 0.5992158734374999 0.5876027625 0.5975878046875 0.5794853734375 0.5836018515625 0.574597565625 0.5421621671875 0.5608832203125 0.534475346875 0.5646382328125 0.5286998484375001 0.57049340625 0.5222366390625 0.5889080171875001 0.519124884375 0.6119671328125 0.521498565625 0.6360161765625 0.5270023984375001 0.656087665625 0.5318743390625 0.6677187875 0.54102104375 0.671212884375
3 0.6371651734375 0.57092763125 0.6527111109375 0.5922115921875 0.6669387921875 0.6032378296875 0.678858853125 0.603501446875 0.6880736421875 0.5987167796875 0.6990724203124999 0.5901967359375 0.7050229125 0.5843819625 0.7110551078125 0.568632671875 0.7164274984375 0.5549429140625 0.719275746875 0.5426057937500001 0.7198225078125 0.525866575 0.7195208531249999 0.5128022390625 0.7151405296875 0.49824330625 0.7084376171875 0.4889542984375 0.7011150765624999 0.4839459640625 0.6924055203124999 0.4841470671875 0.6821877484375001 0.49008259218749994 0.6635423234375 0.5045787859375 0.6470302015625 0.5226088015625 0.6361723765625 0.5353086296875 0.6327256015625 0.5422543953125001 0.6309606859375 0.557882934375 0.6371651734375 0.57092763125
3 0.732490990625 0.655420440625 0.738775153125 0.68009580625 0.74804986875 0.68223704375 0.7650393156249999 0.6701233640625001 0.7922492359375 0.6233205749999999 0.8066831984375 0.587945328125 0.8147765031249999 0.5560829140625 0.8106801109375 0.52831835625 0.795685040625 0.518220884375 0.78920343125 0.5175539375 0.7748463875 0.522257353125 0.7576683296875 0.535986384375 0.7363775609375 0.5523601984375001 0.7225046500000001 0.562152075 0.7176838015625 0.5798399234375 0.724216503125 0.60982584375 0.732490990625 0.655420440625
3 0.519386984375 0.5445658421874999 0.5293541937499999 0.5548849546875 0.5660554046875 0.5691642359375 0.5940477359375 0.576456221875 0.61535758125 0.5719755734375 0.625939634375 0.5572767 0.6372979125 0.5192559953125 0.639070984375 0.48842278749999996 0.6322291453125 0.45338880625 0.619078665625 0.43929346718750006 0.5971641640625001 0.43202224375 0.581030615625 0.4324447625 0.562150271875 0.4399746515625 0.5491652765625 0.45550117500000004 0.53522428125 0.47357181718749997 0.5273617890625 0.4844748265625 0.519004978125 0.5270592328125 0.519386984375 0.5445658421874999
3 0.6241305484375 0.6848705703125 0.6356059734375 0.6894552609375 0.6456950625 0.6920609921875001 0.649128896875 0.67958258125 0.6548458187499999 0.6524247109375 0.656408503125 0.6400672765625 0.6563839734375 0.614625196875 0.6526825265625 0.609899890625 0.65178099375 0.605820996875 0.636268425 0.58758605 0.621515084375 0.5836270078125 0.61718039375 0.584838128125 0.6124214968749999 0.5878866921875 0.603805909375 0.5908743171874999 0.6005409375 0.597032609375 0.5987099640625 0.5993747234375 0.596379890625 0.612660921875 0.5966733859375 0.640929925 0.603812096875 0.6682909265625 0.6098885734375 0.68268848125 0.6241305484375 0.6848705703125
3 0.36166984375 0.5067715578125 0.378773009375 0.5021491671875 0.3975593859375 0.49183275625 0.40237342500000006 0.47497278437499996 0.40586921093750006 0.4478550890625 0.39697442031249996 0.4137295609375 0.3883343015625 0.39127510625 0.377411090625 0.38350011093749997 0.3605639484375 0.38541678125 0.33876794375 0.40637415781249997 0.3269459609375 0.436822771875 0.3232404625 0.475227846875 0.3311669859375 0.4991764515625 0.345442328125 0.5044075546875 0.36166984375 0.5067715578125
3 0.254682125 0.5398563984375 0.2667104453125 0.5340623890625 0.2921077921875 0.5086832734375 0.31453023125 0.482617346875 0.3246220203125 0.4564694921875 0.323688471875 0.43496479062500004 0.30796140781250003 0.40727990937499997 0.2942260171875 0.3861374640625 0.2808801171875 0.374485353125 0.26430193750000003 0.379228946875 0.24643003437500002 0.3991568953125 0.2381351765625 0.42710201562499994 0.24132868593749998 0.465164471875 0.2391974640625 0.51112155 0.24350289374999998 0.534787125 0.254682125 0.5398563984375
3 0.4057221796875 0.5083708734375 0.416174875 0.5094016546875 0.42479591875 0.5199629453125 0.43318817656249997 0.5299184515625 0.4695802515625 0.539149671875 0.48423281406249996 0.54115006875 0.49848908124999997 0.5344880078124999 0.5062303703125 0.5241099828125 0.5115898203125 0.5048875828125 0.51629081875 0.473347925 0.5133655953125 0.4453007875 0.508407171875 0.4228668703125 0.49933536093750003 0.4102661328125 0.48574705625 0.399663990625 0.47177472031249995 0.393120428125 0.45041108437500005 0.39703569375000003 0.429927878125 0.4147018796875 0.41468089375000006 0.43523583749999994 0.40934186875 0.45197460781250004 0.4005417765625 0.48450329375 0.40042603281250005 0.4985771953125 0.4057221796875 0.5083708734375
3 0.467920275 0.65571865625 0.4827144671875 0.654710440625 0.49043533124999994 0.64681604375 0.500135603125 0.6327430453125 0.510124590625 0.626201734375 0.5202837890625001 0.5989635109375 0.5229032499999999 0.58602060625 0.5267749078125 0.5700489984375 0.5256582062499999 0.5637085671875 0.52089385 0.5532082140625 0.491165190625 0.5438564671874999 0.4780337859375 0.541654290625 0.46262064062499997 0.5397547828125 0.451432575 0.557078575 0.44549435 0.5756143890625001 0.440316028125 0.601237709375 0.44479645156250003 0.624943684375 0.4484897375 0.644873659375 0.467920275 0.65571865625