3 0 0.5305813078125 0.00487303125 0.5702689624999999 0.01281134375 0.6277235125 0.0426890484375 0.63353000625 0.0818685015625 0.6287193734375001 0.115655159375 0.608779203125 0.1561537515625 0.5643273765625 0.1814913265625 0.504366228125 0.18901162968750002 0.45764695 0.1948570703125 0.3684957578125 0.19450134531250002 0.2864226453125 0.18065946875 0.23127213124999998 0.1408266890625 0.1587837 0.0946861609375 0.099703115625 0.0607749328125 0.0754418484375 0.00439555625 0.0697310125 0 0.0714465046875 0 0.5305813078125
3 0.177178190625 0.541216703125 0.18558297343750002 0.6096681625 0.21371520781250003 0.6804349000000001 0.2538455890625 0.748149284375 0.2955927078125 0.7714484234375 0.3349410296875 0.7824087484375 0.363015140625 0.7663283296875 0.406121534375 0.786302234375 0.45651291250000003 0.7864316265625 0.4910636421875 0.772714315625 0.525552084375 0.7368962875 0.5509519468749999 0.699035859375 0.5817889046875 0.6478744859375001 0.6150246578125 0.6090519296875 0.6325484921875 0.5358376687499999 0.6369059265625 0.4705567140625 0.611598821875 0.386809740625 0.5974593453125 0.3364332734375 0.5854653609375 0.2747391890625 0.5582037796875 0.2038655453125 0.519708125 0.1422671203125 0.48840885937499995 0.1176851453125 0.402471528125 0.087178528125 0.3510406265625 0.0713850828125 0.304620484375 0.0676097453125 0.27433859374999997 0.0729070640625 0.22853164062500003 0.1101148296875 0.21687123281249998 0.144709096875 0.1974372203125 0.2023662078125 0.19220913125 0.2677540671875 0.19403071249999998 0.340172178125 0.1893092296875 0.452872903125 0.17741350625000002 0.5143419359375 0.177178190625 0.541216703125
3 1 0.4766165078125 0.9621653265625 0.168477825 0.9477061000000001 0.137090646875 0.8832818265625001 0.08025502343749999 0.852746634375 0.0618959078125 0.8110175015625 0.0891279671875 0.743488484375 0.1005778265625 0.6666577218749999 0.122644809375 0.6318716765625 0.16323688593750002 0.61490290625 0.1905870921875 0.5956156140625 0.2782304015625 0.5948695296875 0.322538740625 0.6141042015625 0.39281879375 0.6380520328125 0.479891003125 0.6334191453125 0.535730765625 0.6195066625 0.5879724125 0.665389725 0.688143003125 0.718260171875 0.77324313125 0.761344415625 0.8074322765625 0.807955575 0.8127633296875001 0.8955539453125001 0.770424221875 0.9594536234375 0.729415778125 0.9840672671874999 0.69954773125 1 0.6697245703125 1 0.4766165078125
0 0.7093211328125 0.42692352656250004 0.7155222984375 0.41984544375 0.7320647328125001 0.4178142875 0.742894625 0.41964288281249995 0.754679603125 0.4292500515625 0.7642568015625 0.42807411875 0.77007593125 0.41788460625 0.764683134375 0.4027550671875 0.7473766296875 0.39856336406250004 0.7383724828125 0.40440644218750005 0.7212569921875 0.40177045156249996 0.7091522640625 0.4111525703125 0.7019738624999999 0.4246673203125 0.7093211328125 0.42692352656250004
0 0.8480846140624999 0.5709607515624999 0.8444774265625 0.5271869265625 0.84403310625 0.501974778125 0.8445438734374999 0.48454120625 0.845161225 0.46077786875 0.8394708281250001 0.450422378125 0.8306576984375 0.45782117031249997 0.8228218093749999 0.45878329687499997 0.8178954828125 0.4546506671875 0.8094021046875 0.4430601703125 0.8076607953125 0.443273975 0.80224585 0.44235967968749995 0.8055997375 0.46247707031249996 0.8191260249999999 0.471870434375 0.828085871875 0.49445783906249996 0.8368325546875001 0.52970476875 0.8453882171875 0.5633959828124999 0.8480846140624999 0.5709607515624999
0 0.403818315625 0.2780926125 0.40099318593750005 0.2910728484375 0.397403984375 0.297830221875 0.39621357968750004 0.31692641250000003 0.39357946718750003 0.3314623625 0.39393935468749997 0.3487890328125 0.39468127656249996 0.369227134375 0.3974621078125 0.38467738125 0.40219741718749996 0.3872542953125 0.41169018125 0.3781928859375 0.41249855156250004 0.3559852640625 0.4097177171875 0.3405350171875 0.40576863124999996 0.32996572031250004 0.40666143281249995 0.315643578125 0.4112278734375 0.3024495375 0.41549671093749996 0.29402954531250003 0.41320449843749996 0.275360965625 0.410912284375 0.2566923859375 0.41526555624999995 0.256157871875 0.41942781250000005 0.2540676421875 0.419831996875 0.24296383124999998 0.42284814531250003 0.23153931249999998 0.42306131249999995 0.21887978593750002 0.4215331703125 0.20643406562500002 0.418836771875 0.198869296875 0.4178373859375 0.219521203125 0.4150122546875 0.23250143906249998 0.40881108906249997 0.239579521875 0.40405363124999993 0.25121784687500004 0.4057727921875 0.26521928125 0.403818315625 0.2780926125
0 0.396285528125 0.5190512109375 0.3991729453125 0.5281716953125 0.398959778125 0.5408312203125 0.39980828281249997 0.5549395578125 0.40696453750000006 0.5556400499999999 0.40611603125 0.5415317125 0.40652021562499996 0.530427903125 0.412126178125 0.5328979140625 0.41340101875 0.5216872015625 0.40811480468749994 0.5002279 0.4039124140625 0.4660021703125 0.3991369703125 0.427109296875 0.39886151875000003 0.417668103125 0.39586751875 0.4148773828125 0.389177734375 0.4251737984375 0.3912789296875 0.4422866640625 0.39422863124999996 0.47350786562499997 0.391976553125 0.4911552453125 0.3920388390625 0.5132559640625 0.396285528125 0.5190512109375
0 0.8626629124999999 0.401778846875 0.8755095624999999 0.412834828125 0.8824747984375 0.4119796046875 0.8907148734374999 0.39991366875 0.907448328125 0.399438228125 0.923013525 0.4038437390625 0.9325907250000001 0.40266780625000004 0.940426615625 0.4017056796875 0.9434427640624999 0.390281159375 0.942594259375 0.376172821875 0.927411096875 0.374878740625 0.9012070265625001 0.3702003515625 0.8719868078124999 0.37694648124999997 0.8491587734375001 0.3781702421875 0.8424689890625 0.388466659375 0.8626629124999999 0.401778846875
0 0.0981341453125 0.3077300640625 0.1007239609375 0.3216245953125 0.102549703125 0.3292962671875 0.1042688625 0.343297703125 0.1082179515625 0.35386699843749997 0.11121194999999999 0.3566577203125 0.112953259375 0.356443915625 0.11305984375 0.35011415156250003 0.1145257 0.34045915312499997 0.116182575 0.3323598703125 0.11386821250000001 0.3279065296875 0.11019457656250001 0.326778428125 0.10798679687499999 0.315995325 0.10354909062499999 0.3086443625 0.101043709375 0.30263530781250003 0.098729346875 0.29818196874999997 0.09486469374999999 0.29549815156250003 0.08760185781249999 0.301127421875 0.08469229218749999 0.3062221796875 0.0854563640625 0.3124450390625 0.088556946875 0.308905996875 0.0960108 0.304832440625 0.0981341453125 0.3077300640625
0 0.797683571875 0.390807278125 0.805497315625 0.40406039375 0.8106146578125 0.4097487390625 0.8160517515624999 0.39644779531249996 0.8272636765625 0.40138782031250003 0.8353971687499999 0.39565164531249997 0.827392409375 0.380842815625 0.8186014296874999 0.37402636718750004 0.8191966328125 0.36447827187500004 0.818348128125 0.350369934375 0.815185259375 0.3318082578125 0.8103212187500001 0.3497763453125 0.8057547796875 0.36297038593750003 0.79152670625 0.36945488125 0.784348303125 0.38296963125 0.7905273187499999 0.3901067875 0.797683571875 0.390807278125
0 0.352397078125 0.44232324843750004 0.3578120234375 0.44323754531250004 0.36632755 0.4406128015625 0.36586108125 0.42961589218749996 0.36694490156250004 0.4168494640625 0.3679221390625 0.4104128 0.3725730125 0.4051042359375 0.3756735953125 0.4015651953125 0.3740388703125 0.3954492375 0.37308378124999997 0.3876706640625 0.3711514546875 0.3863287546875 0.36650058125 0.39163731562500004 0.3660119609375 0.39485565 0.3585581078125 0.39892920468750004 0.350424615625 0.4046653796875 0.3480881046875 0.4144272796875 0.346133628125 0.4273006125 0.352397078125 0.44232324843750004
0 0.49641496093750004 0.442010934375 0.4828042375 0.42473209218749997 0.462779184375 0.4271908609375 0.4462367484375 0.429222015625 0.4382098390625 0.42862842656250005 0.4376146375 0.4381765234375 0.440990671875 0.4440786734375 0.45266906875 0.46001560625 0.47324502500000004 0.4764392234375 0.48793956875 0.48095163750000003 0.4977077859375 0.4813314203125 0.499768846875 0.4621283265625 0.49641496093750004 0.442010934375
0 0.3138169890625 0.37283934375 0.3070649203125 0.36103504218750004 0.3024361953125 0.3521283625 0.29816735625 0.36054835625 0.29362306562499996 0.35952715468749996 0.29043805 0.35518071875 0.283090778125 0.3529245125 0.27873750468749997 0.3534590265625 0.27756925 0.35833997812499996 0.28527640781249997 0.37792285468750003 0.2924105125 0.3928385875 0.30411105781250003 0.39456027968749996 0.310885275 0.392149340625 0.3132217859375 0.3823874390625 0.3138169890625 0.37283934375