3 0.243732028125 0.84235551875 0.26856287968750003 0.808873134375 0.2907237296875 0.7641864453125 0.3060220046875 0.735355421875 0.3048745640625 0.6858868453125 0.3104453453125 0.601351234375 0.31478226249999997 0.5935026328124999 0.30486720625 0.5816644703125 0.287945228125 0.566470603125 0.275504515625 0.5626395046875 0.23746799218749998 0.5593117390625 0.2191172296875 0.5604489328125 0.2072971296875 0.5703855171875001 0.187993846875 0.582410084375 0.18184566562499999 0.5901002203125 0.17522122499999998 0.6032340421875 0.16464234687499998 0.640705990625 0.1663166171875 0.7258754625 0.175091590625 0.792467425 0.19458979375000002 0.8407988078124999 0.21851869375000002 0.8593483781250001 0.243732028125 0.84235551875
3 0.6943678328125 0.38535647968750003 0.693942140625 0.431944746875 0.6873682703124999 0.48622315 0.6999533312499999 0.5092656171875001 0.7231678406250001 0.5359807187500001 0.75372118125 0.5413964671875 0.772786334375 0.53209374375 0.8016221937499999 0.5154178125 0.8177792125 0.49763262968750005 0.8281199609375 0.46288252500000004 0.83483818125 0.4278154890625 0.8350257437499999 0.38394906562500003 0.8322113890624999 0.35353339375 0.8264889 0.31463525937500003 0.8184788875000001 0.28102234843749996 0.8074669578125 0.260860190625 0.798886903125 0.254624178125 0.784873059375 0.2479127703125 0.7673810390625 0.26009580468750004 0.7530352859375 0.278039453125 0.741597665625 0.3044655609375 0.7296837843749999 0.3363353578125 0.7182461640625 0.3627614671875 0.705949803125 0.3781417375 0.6943678328125 0.38535647968750003
3 0.49673881875000003 0.8919175171875 0.5173771046875 0.8854951 0.53872978125 0.8709071546875 0.5556949703125 0.8230232281250001 0.5831452578125 0.759600565625 0.5885284765625001 0.7189313796875 0.597721784375 0.634712696875 0.5971949546875 0.599011803125 0.5929518171875 0.584927190625 0.5531040296875 0.5814409609375 0.4819885078125 0.5807045125 0.46339961562500004 0.58456355 0.4570133046875 0.5949755296875 0.45120439375 0.682232984375 0.447062396875 0.7504375359375001 0.4572155828125 0.7595538546875 0.46994499375 0.8018076921875 0.4802931015625 0.8712799625000001 0.49673881875000003 0.8919175171875
3 0.09292093125 0.8346466124999999 0.1255668765625 0.7744211875 0.1524471234375 0.7383754234375 0.16569600625 0.7121077796875 0.16464234687499998 0.640705990625 0.1715986984375 0.6029171125 0.15744050468749998 0.5769943359374999 0.1611568109375 0.555378053125 0.155816803125 0.5329694468749999 0.13818043124999999 0.5259411093749999 0.11825653750000001 0.52419799375 0.09895325625 0.5362225625 0.08870628750000001 0.5490394546874999 0.077983059375 0.5673000328125 0.033235671875 0.703261678125 0.029569934375000002 0.76602254375 0.0244754140625 0.8451144671874999 0.026575376562500003 0.8836956703125001 0.0516949296875 0.8886360234374999 0.09292093125 0.8346466124999999
3 0.4686384859375 0.5246829953125001 0.4837492015625 0.539718396875 0.53446456875 0.5441554156249999 0.608488225 0.5533743234374999 0.6340840390625 0.552870990625 0.673073084375 0.54531138125 0.684128225 0.502395746875 0.6926071390625 0.4263425953125 0.6924122203125 0.36598664531249997 0.683399115625 0.302116525 0.667285309375 0.256823915625 0.6447851906250001 0.22194328593749998 0.6296744765625 0.2069078828125 0.6011705265625 0.19892875625 0.5802941109375 0.2080730140625 0.541355634375 0.25677720625 0.5071365546875 0.3141223203125 0.48330879375 0.3778619140625 0.476590571875 0.41292894843749994 0.47268670312500005 0.47841165625000004 0.4686384859375 0.5246829953125001
3 0.085220753125 0.46371151875 0.1113433984375 0.4989090796875 0.12716850468750002 0.5057789500000001 0.149141790625 0.5049586859375 0.174355125 0.487965828125 0.204619765625 0.4549588390625 0.2222055671875 0.42084259218750003 0.236168840625 0.38640941875 0.2240600421875 0.35792326406249997 0.1995105296875 0.32560601093749997 0.18835425156250002 0.2862324828125 0.1739579265625 0.2630315515625 0.15074341875 0.23631644999999998 0.1369677046875 0.22688320156250003 0.1127068921875 0.23298868593750002 0.089449171875 0.2693513796875 0.0705283703125 0.297865471875 0.060187621875 0.33261557656249996 0.058809409374999996 0.39009121874999997 0.06586689999999999 0.43459150312499994 0.085220753125 0.46371151875
3 0.6798639515625 0.8640560546874999 0.705171065625 0.825129984375 0.724611340625 0.7280944093749999 0.7358540390625 0.64131235 0.7285584187499999 0.5995339093750001 0.7180227515625 0.5739280625000001 0.6983369875000001 0.5694631046875 0.6568222859375 0.585029778125 0.6289389484375 0.590818334375 0.6105881875 0.5919555265625001 0.599482478125 0.5937265796875 0.5927210453125 0.691871409375 0.5859090421875 0.74887165625 0.6079329 0.7891959749999999 0.6314361093749999 0.8543338140625 0.65040748125 0.8669643015625 0.6798639515625 0.8640560546874999
3 0.748684590625 0.7658553484375 0.7636077453125 0.8247571765625 0.7797215515625 0.8700497859375 0.80813171875 0.8999621250000001 0.8332512718749999 0.9049024796875 0.8444507609375 0.8811982125 0.8515008953125 0.8214761218750001 0.8581685484375001 0.7452645062500001 0.8548779328125 0.7202925203125 0.845864828125 0.6564224000000001 0.8336116765625 0.608724878125 0.8201678749999999 0.574636571875 0.8073446828125 0.554315946875 0.793092709375 0.550326384375 0.7742656875 0.556907265625 0.7581086703125 0.5746924484375 0.75415423125 0.599030575 0.7452422671875001 0.61744961875 0.7358540390625 0.64131235 0.7338552171875 0.685020309375 0.7339057859375 0.726164890625 0.748684590625 0.7658553484375
3 0.2480468703125 0.5218397921875 0.2752158171875 0.5242167671875 0.2879884390625 0.503392809375 0.31777681874999997 0.4758295046875 0.3516639875 0.44313944687499995 0.38760055000000004 0.40788600781250006 0.40823883437499997 0.40146359218749994 0.46228802656249995 0.36779480468750003 0.450034878125 0.32009728125 0.43730546718749996 0.27784344375000003 0.412994084375 0.24280434843749998 0.37638634375 0.2231455234375 0.3585118421875 0.21883902968750002 0.3378735578125 0.22526144375 0.31628275 0.242571234375 0.2823955828125 0.27526129374999997 0.2622841265625 0.317384603125 0.2560421671875 0.3470079515625 0.24827764062500002 0.4148955734375 0.24847256093749998 0.4752515234375 0.2480468703125 0.5218397921875
3 0.8938237671874999 0.775810703125 0.91985263125 0.832941478125 0.9358220875000001 0.85902271875 0.9476421890625 0.849086134375 0.9631785953125 0.8175332687499999 0.970849340625 0.7715788609375 0.9746594265624999 0.728029365625 0.9651700609375 0.6696029328125 0.951581909375 0.6163032578125 0.9297961828125001 0.5732570953125 0.919166734375 0.5695844640625001 0.8806539484375 0.5717003843749999 0.86811945625 0.5898024984375 0.8502955249999999 0.6266405875000001 0.8452442171874999 0.64265471875 0.8530160984374999 0.6789894734375 0.8569273265625 0.717729140625 0.8656517296875 0.7431765218749999 0.8938237671874999 0.775810703125
3 0.8517528015625 0.33878698125 0.8330701296875 0.36457923124999997 0.8350257437499999 0.38394906562500003 0.83483818125 0.4278154890625 0.8301693531250001 0.46031914687500003 0.83331561875 0.46607976406249996 0.835033103125 0.48817144062500006 0.8369887140625 0.507541275 0.843043115625 0.5217843515625 0.8513850390625001 0.5307422078124999 0.8586300906250001 0.5313760671875001 0.866589534375 0.5238443968750001 0.8757902015625 0.5438480921875 0.894999703125 0.5537567359375 0.9144473359375 0.5609435375 0.9335124890625 0.5516408140625 0.9437594562499999 0.538823921875 0.9502395484375 0.5064787296875 0.9569577703125001 0.4714116953125 0.9626729015625 0.40608745312499994 0.969629253125 0.36829857499999996 0.97019929375 0.3409216765625 0.9662880671874999 0.30218200624999997 0.9616624500000001 0.2716078703125 0.9563224421875001 0.2491992625 0.9498855624999999 0.21846665937499998 0.940829246875 0.217674334375 0.9181415671875 0.2266601296875 0.90174641875 0.24716715625000002 0.8862100125 0.278720021875 0.869100471875 0.30739258125 0.8517528015625 0.33878698125
3 0.351837771875 0.8792403171875 0.3751460625 0.88402220625 0.40217065781250005 0.8671878124999999 0.41732458437500003 0.8191454203124999 0.43405164375 0.7739833359375 0.446824265625 0.753159378125 0.45677517500000003 0.5976973734375 0.44843325 0.5887395171875001 0.437803803125 0.585066884375 0.37054893906249997 0.5819255234375 0.3379462015625 0.579073153125 0.3229798359375 0.5832491203125 0.31225660781250003 0.6015097 0.30511269375 0.6831650015624999 0.3095507515625 0.757605565625 0.3210895109375 0.81346861875 0.3374414484375 0.8560393859375001 0.351837771875 0.8792403171875
3 1 0.33273488125 0.9796380906250001 0.3582035265625 0.96686546875 0.379027484375 0.961958509375 0.414252984375 0.9560052484374999 0.48229907031249997 0.95724646875 0.5098344328125 0.9705459218750001 0.5247113718749999 0.9920429499999999 0.5293347953125 0.9974767390625001 0.529810190625 1 0.5009691859375 1 0.33273488125