3 0.5952879296875 0.2770556421875 0.59867069375 0.28506900625 0.6052018890624999 0.29208551250000003 0.61315161875 0.2943416390625 0.625283196875 0.29327205625 0.6340480687500001 0.286185678125 0.638319734375 0.2739010953125 0.64013618125 0.25823660937500004 0.64153539375 0.2410105234375 0.6410378734375 0.22946609062499998 0.6385344828124999 0.22009649062499997 0.634288403125 0.21543593125 0.6285467640625 0.2160220625 0.6234694859375 0.21870744062499997 0.61806805625 0.221341478125 0.6108950890625 0.2351605640625 0.60463034375 0.24114740625 0.5960965421875 0.2467748640625 0.5927940656249999 0.2487443328125 0.593878921875 0.2628743171875 0.5952879296875 0.2770556421875
3 0.43112323124999996 0.2834573796875 0.432901296875 0.29321060625 0.43742661875 0.30240194374999996 0.4417336625 0.30457963125 0.4525846953125 0.305301253125 0.460178159375 0.30351290625 0.4690072625 0.3044127921875 0.4777272265625 0.3018058546875 0.483870040625 0.30078475781249997 0.4902760375 0.302297871875 0.498594828125 0.3001259 0.5011559203125 0.2965434921875 0.50246531875 0.2882762828125 0.5022309843749999 0.2792660640625 0.5037875078125 0.27153650156250003 0.5041083953125 0.2611187046875 0.5040120499999999 0.24913930781250002 0.5016627046875 0.23879709375 0.4957476953125 0.227890134375 0.48811885312500003 0.21521621406250002 0.48217499531249997 0.210785259375 0.47414824062500005 0.2090154390625 0.4655823234375 0.210649765625 0.454516278125 0.21338362656249998 0.44968612812500003 0.216606653125 0.44345349843750004 0.22658662812500002 0.43641852031250006 0.237436534375 0.4343516828125 0.2420942359375 0.4342009 0.25353598593750004 0.4320763625 0.271145696875 0.43112323124999996 0.2834573796875
3 0.3561452515625 0.349847434375 0.3592808875 0.35732315 0.365641978125 0.3633157046875 0.371152546875 0.36418849375 0.3780816515625 0.3603008984375 0.38696845468749996 0.348248775 0.39360225781249997 0.3378338359375 0.3999119109375 0.327367553125 0.40541921406250003 0.3177712046875 0.40726777500000005 0.30609985 0.40834610312499997 0.2992915609375 0.4078967546875 0.293736828125 0.40101255937499997 0.293144984375 0.3943433765625 0.28909765468750004 0.38847654062500003 0.28418039375 0.385433984375 0.2782149375 0.3828696265625 0.271328209375 0.38124560625 0.26060236875 0.3756773375 0.272681590625 0.36887669375 0.292541715625 0.3639888421875 0.30871675 0.3603815375 0.3231005796875 0.3572684859375 0.3385597046875 0.3561452515625 0.349847434375
3 0.5122445515625 0.3167444703125 0.5203869734375 0.3429593890625 0.5237857953125 0.35296931875 0.5301147703125 0.354968740625 0.5362575828125 0.35394764375 0.544050003125 0.34670724375 0.55049764375 0.333271784375 0.5538738796875 0.3203468734375 0.55502923125 0.3130522765625 0.55545925625 0.30614130624999997 0.5490693156249999 0.30662475625 0.5369216781249999 0.30569777187499997 0.5304547140625 0.30666752812500003 0.5240647734375 0.30715097812500003 0.52054401875 0.3021067921875 0.5199566828125 0.29952124062499996 0.5186568140625 0.28884674062500004 0.5205214328125 0.279171953125 0.5200111203125 0.27610009375 0.514516609375 0.2772238703125 0.5122636093749999 0.278861053125 0.5117565609375 0.28625833125 0.5121610000000001 0.29629250156250003 0.5132297984374999 0.3084259203125 0.5122445515625 0.3167444703125
3 0.41838225781249994 0.35970480781249997 0.423276640625 0.364468046875 0.4275676265625 0.36464916718749996 0.431749475 0.3613234609375 0.4375039078125 0.3522647578125 0.4449689109375 0.33450388124999997 0.4517246453125 0.3191231953125 0.4565997046875 0.3114207328125 0.455842265625 0.307811225 0.456381428125 0.30440707968749997 0.45266171875000005 0.304814946875 0.44205781406250005 0.304630971875 0.43702544374999996 0.3028369109375 0.4330714015625 0.2942345609375 0.4307990796875 0.2834060390625 0.4323844546875 0.26920047343750003 0.4325994671875 0.26574498750000003 0.4295280609375 0.2662555359375 0.428109525 0.27101591875 0.42551958125 0.2810743328125 0.4212928234375 0.2888794765625 0.41524309062500003 0.29141083437500004 0.40999570781249994 0.2930722578125 0.40803800937499995 0.3012367859375 0.4058203890625 0.31733623906249997 0.40568566562499997 0.33077455625 0.4094086375 0.340835825 0.4139500171875 0.352023728125 0.41838225781249994 0.35970480781249997
3 0.596777490625 0.3515689171875 0.6035492828125 0.3381847984375 0.6079749953125 0.324927603125 0.6093453578125 0.314177521875 0.6123364765625 0.3036841421875 0.6125033156249999 0.2942389578125 0.6053559359375 0.29111290156249997 0.60030750625 0.287322275 0.5974350546875 0.2823807703125 0.5952879296875 0.2770556421875 0.5933686093749999 0.25980245625 0.5920720046875 0.2595970953125 0.5898094765625 0.28017598593750004 0.5877298453125 0.293306259375 0.5827007390625 0.3019813359375 0.57804069375 0.3062283140625 0.5664803921875 0.3078868828125 0.5613709984375 0.3065791296875 0.561017996875 0.31300379375 0.5660536328125 0.325266990625 0.5723249046875 0.3402184234375 0.5785191546874999 0.3556561625 0.5900955140625 0.355994159375 0.596777490625 0.3515689171875
3 0.631458390625 0.3465932140625 0.6367539468750001 0.3509214875 0.6428036796875001 0.34839013125 0.6488983203124999 0.341379334375 0.6534331703125 0.3316289640625 0.6531827781249999 0.3206221796875 0.6516806890625 0.3049305953125 0.65220053125 0.289060746875 0.6452006671875 0.2640238015625 0.6430984484375 0.254219234375 0.6405822624999999 0.2533222046875 0.6385668625 0.27443874375 0.6341250921875 0.2856993734375 0.6252061734375001 0.2937583640625 0.6171184546874999 0.29447141875 0.6130745953125001 0.29482794375 0.612583603125 0.30422178906249997 0.6100706828125 0.3137938953125 0.6128661125 0.3192217046875 0.6206939109375 0.326443575 0.6263617906250001 0.3368128875 0.631458390625 0.3465932140625
3 0.3875811109375 0.283540065625 0.395408909375 0.2907619359375 0.4000401046875 0.2929909640625 0.40999570781249994 0.2930722578125 0.420968671875 0.2888281359375 0.42551958125 0.2810743328125 0.42858772187499994 0.270094646875 0.4312386328125 0.257553359375 0.43159163281249996 0.2511286953125 0.4247651390625 0.23758484218749998 0.4183237609375 0.22160945625 0.41291906718750004 0.21377435625 0.4070073234375 0.213336534375 0.40063344062499995 0.21581655 0.3970838359375 0.217248371875 0.3920065578125 0.21993374999999998 0.38583489375 0.2274308515625 0.3835691015625 0.23754060625 0.3824779796875 0.2528214671875 0.3815697578125 0.260653709375 0.38336388125 0.27240350156250004 0.3875811109375 0.283540065625
3 0.47099734375 0.3505905171875 0.48266678281250003 0.352438775 0.49007408437500005 0.34762990781249997 0.49615266562500004 0.33862254687500004 0.5008704140625 0.3214235578125 0.5034443 0.3093685796875 0.5041053953125 0.3009986890625 0.505061790625 0.29915614375 0.5061240609375 0.2903512875 0.5064000390625 0.2844129296875 0.5062748421875 0.2789095375 0.5053794125 0.278269209375 0.503989728125 0.2765535875 0.503017275 0.27639956718750003 0.501829809375 0.27970103125 0.5023882953125 0.28876258906249996 0.501001875 0.2975161046875 0.498594828125 0.3001259 0.4902760375 0.302297871875 0.48322173749999997 0.3006820765625 0.4690072625 0.3044127921875 0.4638208453125 0.3035913453125 0.460178159375 0.30351290625 0.4599631484375 0.3069683921875 0.4610447390625 0.3106292390625 0.4605986578125 0.31554364375 0.46245374687499996 0.324810565625 0.46475818437500005 0.33963221718750003 0.47099734375 0.3505905171875
3 0.3512378109375 0.3032076453125 0.35697945 0.30262151406250004 0.3602819265625 0.3006520453125 0.3656191265625 0.29003174375 0.37073804843749997 0.2723977890625 0.374871725 0.2630823859375 0.381011271875 0.25159215 0.382445865625 0.24882833437500002 0.3829529140625 0.24143105625 0.383646125 0.2370542984375 0.3759723734375 0.228859815625 0.3638535859375 0.22145682500000002 0.35196587031250004 0.212594915625 0.34611509375 0.209674221875 0.3410987796875 0.20987672656249998 0.33335126875 0.2126376875 0.333784559375 0.21619585468750002 0.3353636703125 0.2314011328125 0.334612759375 0.2487298984375 0.33727346406250003 0.26759602656250003 0.342357271875 0.285848921875 0.34666758125 0.2984957453125 0.3512378109375 0.3032076453125
3 0.518980965625 0.28889808125 0.519879659375 0.300007546875 0.5235705187499999 0.3060756828125 0.5290810859375 0.306948471875 0.536597528125 0.30564643125 0.543882896875 0.3058033078125 0.551739546875 0.3065491734375 0.5592559875 0.30524713281250004 0.5657550671875 0.3082705078125 0.5786889953125 0.3063309953125 0.5831789359374999 0.30106006406249997 0.5877908109375001 0.2908233859375 0.589825534375 0.282172553125 0.591532840625 0.2630012390625 0.5930090765625 0.245288846875 0.586166525 0.2297484265625 0.5805917265625 0.220889375 0.570664975 0.2143320734375 0.5649843015625 0.21243533124999997 0.556001153125 0.21250805781249998 0.5438086078125 0.2160605109375 0.5334550953125 0.22688332031249997 0.5261120234375001 0.23967845156249998 0.5221196015625 0.2564938140625 0.5202903625 0.280630871875 0.518980965625 0.28889808125
3 0.66719176875 0.3014052390625 0.67303928125 0.293856796875 0.6802571562499999 0.2755582734375 0.685886390625 0.2609961796875 0.6901419984375 0.24671502968749998 0.6924238484374999 0.23860184218749997 0.689859490625 0.2317151140625 0.6836685046875 0.22674651250000002 0.675147496875 0.2239014 0.66516304375 0.230296109375 0.6575407281250001 0.23856046250000001 0.6499633218749999 0.24234537656250002 0.64448486875 0.24546571875 0.64303421875 0.2462329703125 0.6426812156249999 0.252657634375 0.6465293859375 0.268222296875 0.6519534015625 0.28852310000000003 0.655506271875 0.29756041718750004 0.6588569203125 0.3015806484375 0.6633180125 0.3027857203125 0.66719176875 0.3014052390625
3 0.311729759375 0.2715263921875 0.316129884375 0.2752143375 0.32017374374999996 0.2748578109375 0.3236623828125 0.2759088625 0.3251900578125 0.2746553046875 0.33299853437500004 0.269411471875 0.3369493125 0.2675446859375 0.3343656328125 0.24819225312499998 0.33454852968750004 0.24074363437500002 0.32915989218749997 0.23490510156250002 0.323832221875 0.226583696875 0.31878379375 0.22279306875 0.312904165625 0.22634837968750002 0.3067774109375 0.22936604218749998 0.30370600468750003 0.229876590625 0.3022714109375 0.2326404078125 0.30361618749999997 0.2388354671875 0.3036964765625 0.2488183 0.3050124015625 0.2614893640625 0.307252609375 0.2683247515625 0.3090595265625 0.271601975 0.311729759375 0.2715263921875
3 0.3192785796875 0.32456660312499996 0.31993014531249997 0.33513842031249996 0.32274163125 0.342562796875 0.32914763125 0.3440759140625 0.3373733390625 0.34039368125 0.3414621078125 0.3355577140625 0.34607398125 0.3253210375 0.3514272390625 0.3166973015625 0.35502175 0.3107860421875 0.3597588203125 0.30605275781249996 0.3645280046875 0.3053126046875 0.3698170328125 0.288702603125 0.37504509375 0.27457547656250003 0.3724967921875 0.2696853140625 0.37073804843749997 0.2723977890625 0.36569615 0.2895454375 0.360760125 0.2997307734375 0.3573036015625 0.3026728546875 0.35083663593750003 0.3036426109375 0.34634343125 0.2984444046875 0.341863015625 0.284773628125 0.3366251609375 0.2674933453125 0.332597359375 0.2698464390625 0.32526708125 0.274169 0.3199459390625 0.2867858671875 0.31579620468749997 0.29410470625 0.312265921875 0.30800223125000004 0.3139348515625 0.31424863125 0.316592290625 0.32264561875000003 0.3192785796875 0.32456660312499996