1 0.3857767015625 0.3322116515625 0.3893642328125 0.3332948875 0.392891115625 0.33368487812500003 0.39575507656250003 0.3344821421875 0.39645712187500004 0.3225453296875 0.39658722343749997 0.3120556609375 0.397713828125 0.304971571875 0.3991697703125 0.2936673546875 0.394468675 0.295825028125 0.38574244687500003 0.295889921875 0.3732164078125 0.2924452171875 0.3647891921875 0.2879433609375 0.3594988703125 0.2873583734375 0.364745825 0.291439915625 0.377969353125 0.30285695156250003 0.3827526265625 0.3136153078125 0.3776442578125 0.3151100609375 0.3800445359375 0.3225841390625 0.3821718828125 0.3269386125 0.3857767015625 0.3322116515625
0 0.25048544375000004 0.338808959375 0.254341665625 0.334978821875 0.2587698296875 0.329701540625 0.2628080046875 0.327951140625 0.26775170312499996 0.32856645156250003 0.27281670625 0.3305682546875 0.2758453359375 0.3292554546875 0.27483155 0.3216600734375 0.2742856890625 0.3154208578125 0.2717683515625 0.31459326875000004 0.26672063437500004 0.31678126875 0.2603774 0.3201304390625 0.257937996875 0.32418589531249997 0.25322385937499997 0.33018675000000003 0.24766485 0.33451513906249997 0.25048544375000004 0.338808959375
1 0.47665715156250005 0.30505045000000003 0.47553055000000005 0.3121345390625 0.4777358328125 0.32137206093750004 0.4808900078125 0.32947873437499997 0.482865728125 0.332100090625 0.4872244421875 0.33800572500000003 0.49291324062499997 0.35112979218749996 0.500196565625 0.3585259375 0.5098283203125 0.360826753125 0.516141228125 0.357130959375 0.5141439812499999 0.34228681875 0.51350714375 0.33500773437500003 0.5113494703125 0.3303066390625 0.508078234375 0.328846453125 0.5041440781250001 0.3277935421875 0.5023806390625001 0.327598546875 0.499005384375 0.3289416734375 0.494092009375 0.328672984375 0.489087659375 0.327364428125 0.4843692796875 0.3253323 0.4825148625 0.324097434375 0.4796509015625 0.32330017031249997 0.47815614687499997 0.3181918015625 0.477189971875 0.3151328453125 0.4776709375 0.3126458328125 0.48663552968749996 0.3073209421875 0.495041215625 0.299600015625 0.498776134375 0.294383384375 0.50871994375 0.28827427031249997 0.50589935 0.28398045 0.49709942968750004 0.2871952765625 0.49450839843749994 0.28951761875000004 0.4901842515625 0.291991590625 0.4851365328125 0.294179590625 0.4808730375 0.2973468078125 0.47665715156250005 0.30505045000000003
3 0.59152703125 0.3844153484375 0.5972722375 0.39019967968749997 0.6090443796875 0.393011790625 0.616553028125 0.3989911171875 0.6227964859374999 0.4064782375 0.63545686875 0.40746625468750003 0.6418910796875 0.405156953125 0.6453097015625 0.40031727031250003 0.6527016031249999 0.38500096250000004 0.657892465625 0.368480115625 0.65996371875 0.3522321984375 0.660904125 0.3350353875 0.66040163125 0.3252996171875 0.6583176515625 0.3174485890625 0.6543662109375 0.31220587499999997 0.6487423078125001 0.3078080359375 0.642442440625 0.3076606515625 0.6387205640625 0.3090341015625 0.633265571875 0.31055918125000004 0.62910609375 0.31092308750000003 0.624885965625 0.3105937484375 0.6167620078125 0.309558121875 0.6121649312499999 0.308912484375 0.6082914265625 0.3085528203125 0.6051111671875 0.3081325046875 0.5996865015624999 0.31000420625 0.594595415625 0.3156887625 0.589174990625 0.3255934453125 0.5877493734375 0.3372442859375 0.5868653765625 0.347101359375 0.5869214703125001 0.3677037484375 0.59152703125 0.3844153484375
3 0.5348409609375 0.40718782343750004 0.5464918015625 0.40861344062500005 0.5554909593749999 0.41166815625000003 0.5637492625 0.41024709374999996 0.567666134375 0.40711020312499996 0.57706408125 0.3947618734375 0.5843995750000001 0.3867853015625 0.5864969125 0.3628510265625 0.5862588640624999 0.3401688984375 0.5864626578125 0.326529296875 0.5836854312499999 0.31873891875 0.58062223125 0.3116721140625 0.5718050265625 0.3106971390625 0.5652191890625 0.311273325 0.5497554953125 0.31018128749999996 0.541874140625 0.31191864687500004 0.5363281718749999 0.31240385625 0.5331175890625001 0.311636915625 0.526848046875 0.31183615468750003 0.520262209375 0.312412340625 0.5168869546875 0.313755465625 0.513936259375 0.3199513140625 0.5121467359375 0.327442678125 0.514429953125 0.341563246875 0.5180083718749999 0.38246476875 0.5277568718750001 0.4060612203125 0.5348409609375 0.40718782343750004
3 0.24814974531249998 0.36800323125 0.2545751546875 0.377570090625 0.25991308750000003 0.382691503125 0.266143503125 0.394021803125 0.2745576765625 0.4023668390625 0.2777985859375 0.403480403125 0.28129514375000003 0.40352376874999996 0.2862085171875 0.40379245625 0.291195584375 0.4009112109375 0.29541146875 0.39320756874999996 0.299432359375 0.3872673671875 0.303873565625 0.37814690781250004 0.30935464218750003 0.36893547031249996 0.31183741249999997 0.3613834546875 0.3174397890625 0.353558509375 0.32539483593749996 0.34867121874999996 0.3220283828125 0.33813818281249997 0.3135753984375 0.313380559375 0.31191597656250003 0.310382253125 0.302782475 0.30978422656250004 0.289983503125 0.303219915625 0.272405503125 0.29393022812499997 0.26352764687499997 0.29226200625 0.24740103281249998 0.2915772453125 0.24324155468750003 0.291941153125 0.23926403281250003 0.2943847984375 0.2343679421875 0.2983059125 0.23173354375000002 0.3041248125 0.23087987031249999 0.3143285078125 0.2351821765625 0.327573878125 0.23942383125000002 0.3401260015625 0.24186747656250002 0.3441035234375 0.24350081562499998 0.35478818749999996 0.24814974531249998 0.36800323125
3 0.6410777890625 0.2920626125 0.6428757984375 0.3006372140625 0.6494182687500001 0.3035575828125 0.6598776125 0.30334106250000004 0.6618230078125 0.3056157953125 0.6597647953125 0.3180205328125 0.66118585625 0.3262788359375 0.6642014453125 0.328809215625 0.6626675671875 0.335230384375 0.664313946875 0.34207186875 0.6627063765625001 0.3516429703125 0.662528665625 0.35759621406250003 0.6671257421875 0.35824185000000003 0.6714974984375 0.36030430468749997 0.6844741796875 0.3609153734375 0.69472124375 0.358272490625 0.7079493296875 0.3497803828125 0.717845528125 0.3391348421875 0.7238509375 0.3239398375 0.725484590625 0.3066823765625 0.7240289625 0.29004446875 0.7220447578125 0.27135714843750003 0.7219798640625 0.2626309203125 0.717712128125 0.25776515624999996 0.7112303078125 0.2555380328125 0.7108057484375 0.250685309375 0.704501640625 0.2425049421875 0.7005544421875001 0.2452952109375 0.695506725 0.24748321093749998 0.6909096484374999 0.24683757343749999 0.68507770625 0.24804635468749997 0.673067203125 0.2504942421875 0.6664119125 0.26225334375 0.6640807703125 0.27153847343750004 0.6597435828125 0.277855625 0.6541108796875 0.285333946875 0.6484305671875 0.28827584375000004 0.6410777890625 0.2920626125
3 0.735896325 0.30192942968750003 0.7316025046875 0.3047500234375 0.7261778390625 0.30662172499999996 0.7236559437500001 0.325703278125 0.7277417265625 0.328489303125 0.7318924046874999 0.3400015578125 0.7420308921875 0.36007112812500003 0.7481703328125 0.370361559375 0.7543661796875 0.37331225625000003 0.7606053953125 0.3727663953125 0.7679278468749999 0.368633 0.7763465765625 0.35706889375 0.7812990765625 0.3458080453125 0.7879067562500001 0.32951251875 0.7910309203125 0.30933044375 0.7919149171875 0.2994733703125 0.7931109734375 0.2812063671875 0.794900496875 0.273715003125 0.7948962546875 0.2656820203125 0.7950436390625 0.25938215625 0.7862264359375 0.2584071796875 0.7708103515625 0.26185156875 0.7580068234375 0.2751964 0.7471010796875001 0.286279540625 0.739917215625 0.295989228125 0.735896325 0.30192942968750003
3 0.2569226390625 0.4563011375 0.2643836765625 0.4577440390625 0.27421042500000004 0.45828141406249995 0.27726938125 0.4573152375 0.28641168281249996 0.446037103125 0.2990202140625 0.43445571406249994 0.31214428125000004 0.42876691562499997 0.3160914796875 0.42597664843749994 0.3165551625 0.41929983281250005 0.31688025937500003 0.40704672343750004 0.31500431562500003 0.393589075 0.311434065625 0.396695640625 0.306022440625 0.39472416250000003 0.3052382171875 0.39374494375 0.3000649546875 0.3865134703125 0.297248603125 0.39025263125 0.29382998125 0.3950923125 0.2908792859375 0.40128815937500006 0.286585465625 0.40410875468749996 0.27990865 0.40364507187500004 0.27710534062500003 0.403541053125 0.27348748125 0.40211119375 0.26620415468749997 0.3947150484375 0.25928049375 0.3834454 0.256481425 0.3913743640625 0.25379061875 0.4045329984375 0.24944463125 0.42272630937500005 0.2492711625 0.43671253437499996 0.2512726515625 0.4595896578125 0.2569226390625 0.4563011375
1 0.6778283203125001 0.3049140640625 0.6844141578125 0.304337878125 0.6895398109374999 0.3070329265625 0.6982357125 0.3066214109375 0.70415863125 0.3064525 0.70527219375 0.3032115890625 0.7100166546875 0.297557359375 0.7140721140624999 0.2999967609375 0.71616489375 0.2959716296875 0.7158443546875 0.2883155953125 0.7168062875000001 0.2833415703125 0.7224693171875 0.276209871875 0.7221618171874999 0.264710659375 0.71742615625 0.258488728125 0.7105977125 0.25629192968750003 0.7102034796875001 0.2517858296875 0.7054374906249999 0.24521727499999998 0.7015943109375 0.245204234375 0.6958836734375 0.24779950781250001 0.6902164015625 0.24689822499999997 0.6733835 0.25011729374999997 0.666728209375 0.2618763953125 0.66445771875 0.2718547703125 0.6531619875 0.2864647921875 0.6414547374999999 0.2923789109375 0.6423775468749999 0.2989344234375 0.6482874234375 0.302608690625 0.6605708578125 0.30328041093749997 0.66283255 0.3051781953125 0.65973446875 0.317673909375 0.66181845 0.3255249375 0.6646824109375 0.32632220312500004 0.6649553421875 0.329441809375 0.6630141890625 0.335200059375 0.66410166875 0.33964550781249997 0.6708825015625 0.33730587968750003 0.672355728125 0.330191465625 0.6685559171875 0.3266818671875 0.66847798125 0.32179881875 0.673777103125 0.31050764218750004 0.6778283203125001 0.3049140640625
1 0.3475689703125 0.442432915625 0.3459701984375 0.44012785625 0.3464814921875 0.43798746718750003 0.34791135 0.434369609375 0.34414186406249997 0.4312066328125 0.33621714375 0.436440546875 0.3344667453125 0.432402371875 0.3309659453125 0.42432602499999994 0.3269538546875 0.418390065625 0.3277207921875 0.41517948125000004 0.3241159765625 0.4099064421875 0.32049811875 0.40847658124999997 0.31793741249999996 0.4111455484375 0.3180672 0.42859800468750003 0.318387740625 0.4362540359375 0.3224171140625 0.4463797984375 0.32915458124999997 0.44753672812499995 0.33934099375 0.4442006 0.3475689703125 0.442432915625
3 0.3969465734375 0.33612428125 0.39927740312500004 0.354781275 0.4037919859375 0.37045300625 0.4068551859375 0.37751981093750003 0.41312896875 0.38535355625 0.42130053749999996 0.39092560781249996 0.435438390625 0.3928321921875 0.4442686359375 0.3899639875 0.45028253124999995 0.3908349453125 0.457999215625 0.3912076515625 0.46713271718750005 0.3918056796875 0.47894822656249997 0.39112123125 0.4845678890625 0.3874860890625 0.4941217078125 0.3849038578125 0.504325403125 0.38575753125 0.5118125250000001 0.3795140734375 0.515603853125 0.36695770781250003 0.5160502499999999 0.35609108906250003 0.5131605218749999 0.33503805937500003 0.51169609375 0.3302763140625 0.501626740625 0.326965953125 0.49862843593750006 0.3286253765625 0.4908511 0.3275594234375 0.48311713125000005 0.32299691406250003 0.4796509015625 0.32330017031249997 0.4772809484375 0.3161727140625 0.47735464062500005 0.31302278125 0.4856563109375 0.3081051640625 0.493867003125 0.302147678125 0.49788789375000003 0.2962074765625 0.5091272171875 0.2889371921875 0.506787590625 0.28215635781250004 0.488382 0.275384009375 0.4686766515625 0.26173985 0.4580180703125 0.25568683124999997 0.4484903359375 0.2505827046875 0.44273208906250006 0.248641553125 0.4350760546875 0.24896209218749998 0.430210290625 0.2532298296875 0.41675688437499997 0.26313875625 0.40916574375000003 0.2721855234375 0.40590299375 0.2867913015625 0.3996376953125 0.2950235203125 0.397310796875 0.312341634375 0.3969465734375 0.33612428125
3 0.36266514375000003 0.37544824375 0.36795546562500003 0.376033228125 0.3762440953125 0.3749587921875 0.38460641562500003 0.3707344203125 0.3937963265625 0.3639927125 0.39863176562499997 0.35937835156250003 0.39945935625 0.35686101406250004 0.39656962500000004 0.33580798437500003 0.396964171875 0.312371959375 0.3987536953125 0.30488059375 0.399832690625 0.2932600796875 0.393745103125 0.29553905625 0.38542614999999997 0.2962668703125 0.37249283593750004 0.29215924531250004 0.3629651015625 0.28705511875 0.34903528437500003 0.27954191562499997 0.3411800140625 0.2735929140625 0.3257466453125 0.2728475015625 0.31634445625 0.2771628484375 0.31452460625 0.28430758749999996 0.3138659265625 0.2927478453125 0.3125009609375 0.30509193125 0.3140433234375 0.314736725 0.3179080296875 0.3269725515625 0.3261184078125 0.348957190625 0.333072396875 0.3605734625 0.3424961125 0.3684809 0.3536963109375 0.372740153125 0.36266514375000003 0.37544824375
0 0.390417459375 0.30141860781249996 0.3919859046875 0.3033770421875 0.393342071875 0.3029091171875 0.39391401406250004 0.301461975 0.3930994671875 0.30013613281249996 0.39026583125 0.29968549218749996 0.3895725859375 0.2997461421875 0.3867086234375 0.298948878125 0.3817649234375 0.2983335671875 0.3800924609375 0.299178440625 0.3801834375 0.3002183109375 0.3830473984375 0.301015575 0.38729785156249996 0.3016915375 0.390417459375 0.30141860781249996
0 0.5414326140625 0.27493399687500003 0.5357089328125 0.2813724484375 0.535123946875 0.2866627734375 0.534118646875 0.295133353125 0.534725159375 0.3020658140625 0.5382217140625001 0.3021091828125 0.5472815234375 0.3058571421875 0.5543656140625 0.3069837453125 0.5687287875 0.3074735125 0.5721213265625 0.3103201890625 0.5798986609375001 0.3113861421875 0.583364890625 0.3110828859375 0.5892271578125 0.310220728125 0.5903710453125 0.3073264421875 0.5920392671875 0.2984485859375 0.598170221875 0.292673053125 0.5958305953125 0.2858922203125 0.59758979375 0.2780542328125 0.6026071859375 0.275519609375 0.6124166484375 0.271867184375 0.615523215625 0.2754374328125 0.6269487359375 0.27827986875 0.631030278125 0.2730329125 0.6270485109374999 0.2674435765625 0.6214549328125 0.2633923609375 0.6156057078125 0.26041133906249997 0.6123171875 0.2547613515625 0.610384834375 0.2486434390625 0.6062384 0.245164165625 0.6036128015625 0.2391069046875 0.5985478 0.2371051015625 0.5935131234375 0.235449921875 0.5860217578125 0.2336603984375 0.57975221875 0.233859634375 0.5759393640625 0.234193215625 0.5734393109375 0.237555428125 0.5744661375 0.2413076296875 0.56925375 0.24560569375000002 0.5641020125 0.250597003125 0.55711314375 0.25854325 0.548451809375 0.2673343734375 0.5414326140625 0.27493399687500003
3 0.31759503125 0.41920885625000004 0.3182967625 0.43521416874999996 0.3213772453125 0.44647077656249995 0.3292152328125 0.448229975 0.3448869625 0.443715390625 0.355705971875 0.4396253625 0.363162765625 0.43303528281250003 0.37326700156250003 0.4167831234375 0.383886771875 0.40642355625000004 0.391525521875 0.40191321249999995 0.3941253515625 0.387714709375 0.3908801984375 0.378568165625 0.38812025625 0.37496759062499996 0.3852693359375 0.370327146875 0.3755508484375 0.3750194421875 0.36830209062499997 0.376002903125 0.3616556015625 0.37588584375 0.3420888375 0.36781797968749996 0.3327257734375 0.3606037875 0.3283064078125 0.3540049078125 0.3254466875 0.361240625 0.3193330171875 0.37120596093749997 0.31579733593750003 0.38269213125 0.31497399062500003 0.39324245156250004 0.317213840625 0.4108595765625 0.31759503125 0.41920885625000004
1 0.7907928703125 0.2866483171875 0.7920753453125 0.2893303265625 0.7929896703125 0.279819875 0.7958493890625 0.27258415625 0.7954509125 0.26004507499999996 0.7862264359375 0.2584071796875 0.7708406765625 0.26219819218749996 0.7509573015625 0.2824494015625 0.74121273125 0.29482805624999997 0.7352334046875 0.302336703125 0.7292671203125 0.3060021703125 0.7322523828125 0.30818592968749997 0.7423954296875 0.30834635625 0.7487256203125 0.30884036406250004 0.75526385 0.3037277515625 0.7583661734375 0.2992650203125 0.7617544703125 0.294078715625 0.7680977015625 0.29072954375000004 0.7741073546874999 0.2835675203125 0.7809488390625 0.2819211390625 0.784610065625 0.2798544421875 0.7907928703125 0.2866483171875