1 0.44321663906250003 0.30512685781250004 0.446293846875 0.307265684375 0.449527596875 0.30872645468750004 0.45200501718749997 0.310369709375 0.45636138125 0.2992340703125 0.45972660000000004 0.28929800625 0.4629871671875 0.2829087765625 0.46786504687499997 0.2726077390625 0.46272728281250003 0.2732070890625 0.45440809218749995 0.2705722546875 0.44355959375 0.2634253875 0.4369359859375 0.2565397140625 0.4320853609375 0.254348559375 0.43581424531249996 0.25985173437500003 0.44486251093750007 0.27479627500000003 0.4460871578125 0.28650619375 0.4407669078125 0.2863492140625 0.440740090625 0.29419921250000003 0.44141771093750004 0.2989979484375 0.44321663906250003 0.30512685781250004
0 0.3125083265625 0.2695939734375 0.3173593890625 0.2671429328125 0.3232015921875 0.26349231875 0.327583028125 0.263075453125 0.3320946234375 0.26518833750000004 0.3362931359375 0.2686573359375 0.3395792125 0.2683446875 0.34096214687500004 0.2608077734375 0.3423710265625 0.254705246875 0.340232634375 0.2531402625 0.334755840625 0.25366134218749997 0.327688115625 0.2548864265625 0.3241149015625 0.257989578125 0.31777712343750003 0.26223998125 0.31115264531250003 0.2646386953125 0.3125083265625 0.2695939734375
1 0.53804235625 0.3073786234375 0.5347817906250001 0.313767853125 0.5340245875 0.323234728125 0.5345192859375001 0.3319193265625 0.5355882640625 0.33502291562500003 0.5379087078125 0.341986425 0.539263515625 0.35622608906250003 0.5439048359374999 0.3655109125 0.5523541875 0.3706754953125 0.55950018125 0.36911138125 0.5621877796875 0.35437658125 0.563831471875 0.3472569671875 0.5632321203124999 0.342119203125 0.5605722125 0.3397196171875 0.5571559749999999 0.3375025171875 0.5555391000000001 0.3367721328125 0.55191399375 0.3370065109375 0.5473241265625 0.33523265625 0.5429690734375 0.332441715625 0.5391095906250001 0.3290509875 0.537727528125 0.32730351406249997 0.5352501078125 0.32566025781249996 0.535407084375 0.32034000625000003 0.5354334656249999 0.3171322015625 0.536659421875 0.31491553906249997 0.5468307375 0.31262147812499996 0.5572109171874999 0.307875940625 0.5623750640625 0.3040687828125 0.5737200078125 0.30133147656250003 0.5723643265625 0.2963761984375 0.56300166875 0.2967143546875 0.559819809375 0.2981223625 0.5549428015625 0.2991390140625 0.5494660078125 0.29966009374999997 0.5444324578125 0.301354803125 0.53804235625 0.3073786234375
3 0.6227650015624999 0.41835587187499995 0.626441559375 0.42563246406250005 0.6367685437499999 0.4319447328125 0.642061978125 0.439951709375 0.6456862125 0.44900171875000006 0.6574216390625 0.45385365312500003 0.66425455 0.45364565625 0.6690013953125 0.45009925781250004 0.6807645124999999 0.43781680781250004 0.6908065375 0.4237086125 0.6977972984374999 0.4088959765625 0.7040057859375 0.39283144062500003 0.7065364046875 0.38341689218749997 0.7069805234375 0.3753061359375 0.7048425671875 0.36909895625 0.7008529234374999 0.36317848124999996 0.6949069390625 0.36109154375 0.6909428046875 0.36124765000000003 0.685283521875 0.3610124015625 0.681215171875 0.3600731484375 0.6773033625 0.35845583593749997 0.6698970453124999 0.35496045625 0.665724478125 0.35292584374999997 0.6621516984375 0.351386803125 0.659256978125 0.35000430625 0.6535194265625 0.3501080859375 0.6469208906249999 0.3539411875 0.6387050453125 0.3616860984375 0.6337488953125 0.372326165625 0.6298621609375 0.3814276296875 0.6235490203125 0.40103900000000003 0.6227650015624999 0.41835587187499995
3 0.5618162625 0.42249682499999996 0.57245633125 0.427452975 0.5800710796875 0.43313907343749997 0.5883643234375 0.43433951875 0.59305884375 0.4325665390625 0.605812665625 0.4237267046875 0.61525403125 0.4184073265625 0.624644815625 0.396292590625 0.63142758125 0.37464704375 0.6358362703125 0.3617379875 0.635602328125 0.3534706875 0.6348728171875 0.3458031765625 0.626788440625 0.34215125468749996 0.620346884375 0.340664103125 0.6059774953125 0.3348469703125 0.597945009375 0.334063825 0.5925205421874999 0.3328114875 0.5897040921875 0.33108995937499996 0.5836798359375 0.32934205156249996 0.57723828125 0.32785490156249997 0.5736131734375001 0.328089278125 0.568892275 0.3330700640625 0.5648753765625 0.3396417828125 0.56268335 0.35377679375 0.5534473640625001 0.3937822453125 0.555427034375 0.41923625624999994 0.5618162625 0.42249682499999996
3 0.30126541875 0.2966376046875 0.304420025 0.30772178906250003 0.307914096875 0.314242053125 0.31033831875 0.3269431140625 0.315761915625 0.3374798375 0.31850009375 0.3395403953125 0.321812115625 0.340662134375 0.3264019828125 0.3424359875 0.33203531875 0.3412368484375 0.3384254203125 0.3352130296875 0.3440851390625 0.330806084375 0.351127353125 0.32350442031250004 0.35918665625 0.31643756875 0.36388161406249997 0.31002239375 0.37162783125 0.30431165781249997 0.3807037859375 0.3021218140625 0.3807569859375 0.291064009375 0.380368246875 0.26490599531250003 0.3797165703125 0.261541646875 0.37121489375 0.25815048281249997 0.36107083281249996 0.2479523515625 0.34722383125 0.23368543437499997 0.3392959984375 0.22935545156249998 0.324170278125 0.2237208078125 0.320101928125 0.2227815546875 0.3155639515625 0.223876478125 0.3096958015625 0.22609270312500002 0.3053922015625 0.23081273281249998 0.30142719375000004 0.24025322500000001 0.30142588593749997 0.2541798046875 0.30158111875000004 0.267428328125 0.3026760421875 0.27196630312500003 0.300927696875 0.282632753125 0.30126541875 0.2966376046875
3 0.6984291375 0.345835228125 0.6974894484374999 0.35454577187499997 0.7028092640625 0.35934494375 0.7128236 0.362371134375 0.7139708484375 0.3651356953125 0.7081800968749999 0.37629727812499997 0.70697965 0.3845905234375 0.709065715625 0.387928925 0.7056226609375 0.3935618265625 0.7050743265625 0.40057722343749996 0.700587803125 0.409183115625 0.6985791375 0.4147900703125 0.702751703125 0.41682468281249996 0.7062721578125 0.42013714062499996 0.7184248828124999 0.4247283171875 0.7289871171875 0.4253813015625 0.7441919796875001 0.42139253125 0.7568934765625001 0.41432611406250003 0.767300475 0.401730578125 0.7741870203125 0.3858225859375 0.7779440328125 0.36954918124999997 0.781831640625 0.35116332968749997 0.784466475 0.342844140625 0.7819112203125 0.3368977203125 0.7764348625 0.33277660781249996 0.7775306578125 0.3280301984375 0.7740629671875 0.3183021296875 0.76944671875 0.31973608124999997 0.7639699249999999 0.3202571625 0.7597973578125 0.31822255 0.7538773171875001 0.3175700015625 0.741698209375 0.3161866296875 0.7317348906250001 0.325313603125 0.72664858125 0.3334239234375 0.7205715625 0.33809162656249997 0.7129036140625 0.34346333125 0.7065922203125 0.34450592812499997 0.6984291375 0.345835228125
3 0.785557909375 0.3845196671875 0.7806026312500001 0.38587534687499997 0.7748650796875001 0.385979128125 0.7665700906249999 0.40334745468750005 0.7695949718749999 0.4072596984375 0.7699850203125 0.41949113281250006 0.7734254578125 0.4417113921875 0.77608449375 0.45339536718750006 0.7810652796875 0.4581162671875 0.78716780625 0.459525146875 0.795409159375 0.45785681718750004 0.8069893531250001 0.44946022812499997 0.8151792531250001 0.44028093124999995 0.826499125 0.42682485000000003 0.8357069859375 0.40859597656249996 0.8395937203124999 0.39949451406250003 0.8463760515625 0.3824911609375 0.8503929484375 0.37591944375 0.8528712421875 0.3682783125 0.854958178125 0.3623323296875 0.8468738046875 0.35868040625000003 0.8311478609374999 0.357192384375 0.814847203125 0.36592756406250004 0.8010503468750001 0.373098196875 0.7912176265624999 0.3801127234375 0.785557909375 0.3845196671875
3 0.28232338281249997 0.3833248765625 0.28897337031250003 0.3870027453125 0.29815310625 0.3905504515625 0.3013609109375 0.3905768328125 0.313540890625 0.38267581562499997 0.3291111640625 0.3755575109375 0.343350828125 0.3742027015625 0.3479670765625 0.37276875 0.3504713140625 0.3665620078125 0.35456691875 0.35500906875 0.3569414328125 0.3416303859375 0.3525859421875 0.3434816375 0.3480484015625 0.33993436718750003 0.3476051546875 0.3387607359375 0.3449197390625 0.33028456875 0.34108576562500004 0.3329704234375 0.33633891875 0.336516821875 0.33161801875 0.34149760625000003 0.326662740625 0.3428532875 0.3204559984375 0.34034905000000004 0.3178220359375 0.339383853125 0.3148230984375 0.3369059953125 0.3101817765625 0.327621171875 0.307079496875 0.31476356875 0.3019672390625 0.321439503125 0.29534188906250003 0.33312260312499997 0.28558656718750003 0.3490824859375 0.2810996078125 0.362330571875 0.2759337171875 0.384706503125 0.28232338281249997 0.3833248765625
1 0.7294096515625 0.369414221875 0.7358512078125 0.3709013734375 0.739893178125 0.37504842968749996 0.7482906359375 0.3773442375 0.7539758625 0.379013875 0.7560364203125001 0.3762756953125 0.762295925 0.372364321875 0.765399078125 0.3759375375 0.768633265625 0.372756115625 0.7706942578125 0.365375740625 0.7731461687500001 0.36094241562499996 0.7807358453125001 0.3559097390625 0.7839968500000001 0.34487831562500004 0.78141565 0.3374975078125 0.7756002625 0.3332981234375 0.7766177859375001 0.32889074375 0.77411485625 0.32117090625 0.7704638046875 0.3199708953125 0.7642306828125001 0.3206744625 0.7591192984374999 0.3180660078125 0.742115509375 0.315925871875 0.732152190625 0.32505284375 0.7269093390625 0.3338412234375 0.7116517140624999 0.34424560625 0.6986898953125 0.346252528125 0.6975417734375 0.3527723546875 0.7020269890625 0.35809304375 0.7135016578125 0.36252767656249996 0.7150662062500001 0.3650314796875 0.7082583671875 0.37595825 0.7078142515625 0.38406900624999996 0.7102916718750001 0.3857122625 0.70958723125 0.388763525 0.7059616906249999 0.393640096875 0.7056222234375 0.39820401875 0.7127941640625 0.39807429375000003 0.7163937609375 0.3917633359375 0.7138644515625 0.387251303125 0.715299275 0.38258316406250004 0.72382820625 0.37348213750000003 0.7294096515625 0.369414221875
1 0.372818684375 0.3981466703125 0.3720104640625 0.39546038125 0.37315814999999997 0.39358274843749996 0.37563600468749997 0.3905838109375 0.373028425 0.38641080781250003 0.3638741984375 0.3889396828125 0.363457334375 0.384558246875 0.3626236046875 0.3757953765625 0.3606421921875 0.3689101390625 0.36236371875 0.36609369062499997 0.36056479375 0.35996478125000003 0.3575658578125 0.357486925 0.354305725 0.35923396093750004 0.3490360546875 0.3758723390625 0.3469750625 0.3832527109375 0.34767819375000003 0.3941280296875 0.35372839375 0.3973103265625 0.3644471671875 0.397285253125 0.372818684375 0.3981466703125
3 0.45263074999999997 0.31229966875000004 0.44908217187500005 0.330763790625 0.44853296406250004 0.3470635765625 0.4492624765625 0.3547310875 0.452808440625 0.364120128125 0.458858203125 0.3719446171875 0.471714934375 0.3781267234375 0.4809993203125 0.3781275953125 0.486449734375 0.38081432187500003 0.49367356406249996 0.383553371875 0.502175240625 0.3869445375 0.5136239640625 0.3899447828125 0.5200919015625 0.38822412812499996 0.529976075 0.38872057187500003 0.5394165671875 0.3926855796875 0.548466578125 0.3890613453125 0.555952475 0.37829111718749997 0.55973499375 0.36809429374999997 0.5634924421874999 0.347178696875 0.56357115 0.3421974734375 0.5550175828125 0.3359375328125 0.5516532359374999 0.3365892109375 0.5445859484375 0.33317209999999997 0.5386403984375 0.32644296875 0.5352501078125 0.32566025781249996 0.5351986531249999 0.3181492875 0.536242121875 0.315176296875 0.54565710625 0.313064721875 0.555306903125 0.30993606093750004 0.560966621875 0.305529115625 0.5739024953125 0.30208780625 0.5737727687499999 0.294915865625 0.5583607828125 0.28278733906250003 0.543836159375 0.263721684375 0.535569734375 0.2546712390625 0.5280855812499999 0.2468726953125 0.5232090109375 0.243247153125 0.5158286375000001 0.241186159375 0.5098822171874999 0.243741415625 0.4940252421875 0.2490080328125 0.48401003437499995 0.2552662296875 0.4763935390625 0.26814890468749997 0.46789099062500006 0.27404212656250004 0.4603263875 0.289793578125 0.45263074999999997 0.31229966875000004
3 0.4078754 0.3391054359375 0.412726025 0.34129658906250004 0.4209409984375 0.342836065625 0.43019944062500004 0.34140255 0.4410228671875 0.33783064375 0.44704755937499996 0.33493635781250003 0.4486125453125 0.3327979671875 0.452369990625 0.31188236874999997 0.4599873578125 0.2897153078125 0.46400425468749995 0.2831435890625 0.4686213765625 0.27242525 0.46212749531249997 0.27271151875 0.4539907921875 0.27083301249999997 0.44295980625000003 0.262929815625 0.435475653125 0.2551312703125 0.42454931875 0.2436812390625 0.4189168546875 0.23559599062499997 0.40446919374999996 0.2301178875 0.3941936640625 0.231316590625 0.39025503906250003 0.237549278125 0.387020415625 0.2453728953125 0.3819077234375 0.256691021875 0.3803941921875 0.26634038125 0.380288665625 0.2791716046875 0.3813035734375 0.302617384375 0.384327584375 0.3158140171875 0.3908465390625 0.326246525 0.40018237812499996 0.333758365625 0.4078754 0.3391054359375
0 0.45714583593749997 0.2772750046875 0.45803232656250004 0.2796222640625 0.4594667140625 0.27959631875 0.46045785625 0.27839674531249997 0.46009288281250005 0.276884084375 0.457537190625 0.2755798578125 0.45685913281249996 0.2754233171875 0.4543817109375 0.273780059375 0.4498701140625 0.2716671765625 0.448018428125 0.2719538796875 0.44778361406249995 0.27297096875000004 0.450261034375 0.2746142234375 0.4540945734375 0.27657056562500004 0.45714583593749997 0.2772750046875
0 0.608953978125 0.29875289375 0.6015208421875 0.30310750937500003 0.5993296875 0.3079581359375 0.5957560375 0.3157034828125 0.594190615625 0.3224840671875 0.5975026359375 0.32360580781250003 0.60496084375 0.3299699640625 0.6113500734375 0.3332305328125 0.6248589171875001 0.33813479218750003 0.6272057421875 0.34189049531250004 0.6342730296875 0.3453076046875 0.6376633218750001 0.34609031562500003 0.6435050906249999 0.3470818953125 0.6454873765625 0.3446827453125 0.6498173578124999 0.3367549109375 0.6574329796875 0.33315662343749997 0.6573032546875 0.32598468281250004 0.6613984234375 0.3190739359375 0.6669534875 0.31821382656249997 0.677411503125 0.317771453125 0.67926275625 0.3221269453125 0.6892507109375 0.328360940625 0.6947538875 0.3246320546875 0.6926942015625001 0.31808584687499997 0.6886262875 0.3125044015625 0.6839845296875 0.3078617703125 0.682602903125 0.30147210625 0.682655665625 0.29505649375 0.6797873265625001 0.290466190625 0.6791620296875001 0.2838940390625 0.6749635171875 0.2804250390625 0.670686734375 0.27729506875 0.6641150171875 0.2732781703125 0.6580907625 0.2715302609375 0.654361440625 0.2706692796875 0.6509447671874999 0.273094375 0.65076184375 0.2769802375 0.64447639375 0.2794572234375 0.6380344015625 0.28261226562499997 0.628932065625 0.2880099171875 0.6179780421875 0.293694271875 0.608953978125 0.29875289375
3 0.35148840312499996 0.3667968203125 0.347209875 0.38223562499999997 0.3466611046875 0.393893215625 0.35357185156250004 0.397988384375 0.3698716359375 0.398537590625 0.3814250125 0.397991 0.3905532921875 0.3940277390625 0.40518518437499995 0.381693396875 0.41848646875 0.37512255156249996 0.427145125 0.3731934640625 0.43400528749999995 0.3604932765625 0.4337454015625 0.3507915890625 0.43223317968749997 0.3465143703125 0.4309557703125 0.34122006250000003 0.42026294062499997 0.3426795234375 0.4130650546875 0.34137486093749997 0.40678004218749997 0.339209653125 0.39066405 0.3254901953125 0.38398855468750004 0.3157357453125 0.38182465468750004 0.308094178125 0.3768689390625 0.314092053125 0.3679750359375 0.321680421875 0.36106298125 0.3315118328125 0.3570197046875 0.34129135625 0.3537059375 0.3587383890625 0.35148840312499996 0.3667968203125
1 0.84248975 0.38695043125 0.8428806703125 0.3898974796875 0.8466891359375 0.38113504531250003 0.8516448499999999 0.37513716874999997 0.855140665625 0.363088659375 0.8468738046875 0.35868040625000003 0.8310695906250001 0.3575314125 0.8059014093749999 0.37064715625 0.7928085578124999 0.37940871875000004 0.78480158125 0.384702153125 0.7779946140625 0.3863445375 0.78015895 0.3893439109375 0.7897559859375 0.392630859375 0.7956236984375 0.39505682656249996 0.8034218078125 0.3922148671875 0.807751353125 0.38892922812499997 0.8125764703125 0.3850438 0.81964419375 0.38381871562500003 0.8275729000000001 0.37886430937500004 0.8345882984375 0.37941264375 0.838708975 0.37857847968749997 0.84248975 0.38695043125