3 0.499162671875 0.625413209375 0.5029586 0.6321383609375 0.5073830296875 0.6348566531250001 0.516532725 0.6351761671875 0.5219324828125 0.6344490921875 0.5355442921875 0.6329100234375 0.5443280015624999 0.63321675625 0.5575291124999999 0.6329452390625 0.566653259375 0.633996371875 0.5731254328125 0.6340392578125 0.5777925749999999 0.6298071734375 0.5810826265625 0.6090455109375 0.5829419437500001 0.5942770984375 0.5849424171875001 0.578964234375 0.585544090625 0.5687300953125 0.5850490796875001 0.5654165124999999 0.5851193390625 0.5634045609375 0.577594553125 0.5655224484375 0.5622684125 0.56718478125 0.5406566078124999 0.5704588890625 0.521003125 0.5736182546874999 0.510383090625 0.5734305234375 0.5040776234375001 0.572111565625 0.502773990625 0.570967275 0.5015425359375 0.578249378125 0.5007543562500001 0.5868288546875 0.49961998906250005 0.598326284375 0.49930062968750005 0.6074715140625 0.4982946453125 0.6187903015625 0.499162671875 0.625413209375
3 0.41502825625 0.6107549999999999 0.4147593546875 0.6149575453125 0.41550474531250003 0.6180967453124999 0.418529734375 0.622414315625 0.4221768390625 0.62290793125 0.4287135234375 0.62460121875 0.44132445625 0.627239134375 0.4503655703125 0.6306680265625 0.4562603390625 0.6332545359374999 0.465461771875 0.6355902625 0.47542072968750004 0.6372199296875001 0.4837164546875 0.6375096234375001 0.48965529375 0.635336353125 0.493012415625 0.6301428828125 0.4967348875 0.621482746875 0.4984536859375 0.6107382375 0.4987717640625 0.5946341109375 0.49898764843750004 0.5814564578125 0.49924313593749997 0.5741402734375 0.4986133546875 0.5711882390625 0.49123547343749996 0.5690993203125 0.48858349843750004 0.568091071875 0.486662859375 0.5636289390625 0.4834258125 0.5583883234375 0.4819803828125 0.5543090390625001 0.4814860125 0.5544749046875 0.47949000625 0.559166521875 0.47778909062499997 0.562403421875 0.47474621875 0.5655934609375 0.4721012703125 0.56788175625 0.4661043078125 0.5682217203125 0.45911860156250006 0.5688934125 0.414994390625 0.5662537953125 0.41432181874999996 0.5750204359375 0.41495862656250004 0.5812690140625 0.4152556359375 0.5902526421875 0.415616515625 0.597407221875 0.41534186718750005 0.605272121875 0.41502825625 0.6107549999999999
3 0.5795567234375001 0.6212617796875 0.579705546875 0.627493315625 0.5840207546875 0.6298415390625001 0.5941911296875 0.628914803125 0.605851003125 0.6273075703125001 0.6153085640625 0.6258065578124999 0.6271159828124999 0.62347196875 0.636657215625 0.6230726453125001 0.6493192453125001 0.6242473234375 0.66139684375 0.6246690828125 0.6665142875 0.6250309140625 0.6684138453124999 0.6196034187499999 0.6693559578125 0.6101136796875 0.670599546875 0.59898631875 0.6710600624999999 0.5892966359375 0.6717262484375001 0.5807128984375 0.6723023734375 0.571210378125 0.6718060828125 0.5609378984375 0.66792648125 0.5531110578125 0.6649596156250001 0.55062679375 0.6613316734375 0.549584465625 0.65490485 0.5517406953124999 0.6465963515625 0.5518168109375 0.6401369531250001 0.5514081156249999 0.6340045796875 0.5486301828125 0.6302029046875 0.5455673828125 0.6260282140625 0.5391952578125 0.6238373953125 0.5319767734374999 0.621320190625 0.5306069765625 0.6177823078125 0.53048343125 0.6136216703125 0.5307043953125 0.6117214718749999 0.5326524421875 0.610541115625 0.538471309375 0.6094699796875 0.5446602453125 0.6074675875 0.5495347671874999 0.605753896875 0.5531374765625 0.6036869921875 0.556361596875 0.5989234031249999 0.5598578015625 0.5922334265625 0.562554225 0.589016821875 0.5637237921875 0.5889784984374999 0.5648212203125 0.5884081218749999 0.5706613859375 0.5870489234375 0.5816015828125 0.5861579078125 0.5896280843749999 0.5831872140625001 0.601244515625 0.5815968 0.61181038125 0.5795567234375001 0.6212617796875
3 0.6201391734375 0.462991628125 0.618603053125 0.48949149687500004 0.6175427828125 0.5198536625 0.6225082140625 0.531564103125 0.62938086875 0.5446230375 0.6393085296875001 0.5506466765625 0.6515790234375001 0.5525401921875 0.6579739109375 0.5512984859375 0.6686316296875 0.5469093421875 0.676431703125 0.540406003125 0.6852524546875001 0.5326564140625 0.6929490546875 0.522120653125 0.69727511875 0.513664721875 0.7025630953124999 0.49864978750000005 0.7059234078125 0.4758761734375 0.707929628125 0.45690095468749997 0.7073017562499999 0.4294098796875 0.7072979187499999 0.40853319218750006 0.703838590625 0.3816757515625 0.6965028609374999 0.3643887109375 0.68892441875 0.35405204375 0.6814884125 0.3501298203125 0.6709328890624999 0.3515924890625 0.662478125 0.359354859375 0.65398185 0.3857948015625 0.6393793890625 0.4122046375 0.6282177234375 0.4345226953125 0.6219473921875001 0.449686453125 0.6201391734375 0.462991628125
3 0.2180947765625 0.32497450156249996 0.21196815 0.3185342140625 0.2052654 0.3215964484375 0.20377781874999998 0.3327152875 0.20233494843750002 0.3425537953125 0.2028721203125 0.3656466390625 0.2016828265625 0.3927080015625 0.20508339062499997 0.4142526875 0.2068897 0.425486553125 0.2067325796875 0.44397696093750005 0.20731318281250002 0.4588305765625 0.20828532187499998 0.4729653546875 0.20891063437500001 0.4865386375 0.210890678125 0.499792975 0.21411048125 0.516020646875 0.22149156093750003 0.535506803125 0.227368446875 0.5456009234375 0.234637746875 0.55079921875 0.248519096875 0.5485370515625 0.2569227640625 0.5422379171875 0.267008825 0.5367300453125 0.275438040625 0.52969929375 0.2788469 0.5265220359375 0.274254484375 0.518120921875 0.268171290625 0.5034414046875 0.2656119234375 0.48229235 0.2648448140625 0.46578407187500004 0.26622189375 0.447336265625 0.2670841609375 0.42264414375000003 0.2673268734375 0.4156937671875 0.2658558953125 0.412346103125 0.257506515625 0.3996018546875 0.24828272187499997 0.380417603125 0.24146052343750002 0.362415984375 0.232629546875 0.349471790625 0.22569237968750003 0.3347624546875 0.2180947765625 0.32497450156249996
3 0.48125669374999996 0.49458415 0.4802539078125 0.5233001749999999 0.48083451093749996 0.538153790625 0.481768328125 0.553385996875 0.4849734375 0.5595411343750001 0.4889494859375 0.568103853125 0.49703379375 0.5709499499999999 0.509419896875 0.57303063125 0.5191795734375 0.573371446875 0.5282583703125 0.572223465625 0.5418574046875 0.5710502046875 0.55720270625 0.568839159375 0.5668205859375 0.5662449796875 0.57896844375 0.5646547890625 0.590493546875 0.5634091046874999 0.5983006484375 0.5602023093749999 0.6053240375 0.5549537421874999 0.6082123375 0.5491945171875 0.6114397968749999 0.5372207984374999 0.614756678125 0.5226864124999999 0.616906615625 0.5170845328125 0.616692 0.5022436984375 0.6184606171875 0.48307705468749995 0.617826996875 0.4592483328125 0.615825234375 0.43262491875000003 0.6071973671875 0.40686888125 0.598805825 0.3743453734375 0.5882023921874999 0.3596911359375 0.5622753796875 0.3606170203125 0.5272823421874999 0.3623250796875 0.51457049375 0.369572534375 0.50917265625 0.38073795312500003 0.4999111890625 0.4011079609375 0.49412948125 0.41976820937500003 0.4892215453125 0.4413890109375 0.4823744484375 0.46257584218750003 0.48125669374999996 0.49458415
3 0.265739028125 0.47515480937500004 0.27054797656249996 0.508835103125 0.2821031078125 0.5312139375 0.29589695625 0.541950778125 0.3126876875 0.5438190171875 0.33554564062500003 0.543335340625 0.3459325390625 0.5327104 0.35419376874999997 0.5199968234375001 0.3530089328125 0.5014595546875 0.35246920312499996 0.46444891874999994 0.35159095156250003 0.437132228125 0.340672628125 0.4210019734375 0.3271317078125 0.38903115625 0.3101346578125 0.3476001375 0.30010224375 0.3305851796875 0.2913958203125 0.3315630390625 0.286080375 0.33687125 0.278429765625 0.3530855734375 0.2721281375 0.3726433046875 0.2692954125 0.4012954265625 0.2668293140625 0.4334397765625 0.265739028125 0.47515480937500004
3 0.3338536703125 0.560307128125 0.3330041765625 0.5846334421875 0.3336218234375 0.591430734375 0.3345805484375 0.6024518734375001 0.33482581875 0.6094192890625 0.3351221875 0.6149234703124999 0.3414212671875 0.61642533125 0.3499801453125 0.61617483125 0.3586418578125 0.6164773046875001 0.3681121921875 0.614610484375 0.377602328125 0.615674396875 0.3885564140625 0.616789434375 0.3958314609375 0.618325378125 0.403299403125 0.6213330781249999 0.41061915937500004 0.6215886890625 0.41545172812500003 0.6091216375 0.41587328125 0.597049934375 0.4145926390625 0.5812562328124999 0.4142758296875 0.5693418718750001 0.41417874218749995 0.5651265453125001 0.40507375625 0.5635266984375 0.3978306453125 0.5610762328125001 0.390015878125 0.5575070359375001 0.3799157625 0.556421821875 0.37354003750000003 0.5571148140625 0.3652181234375 0.55407729375 0.361654053125 0.5512059171875 0.35996463125 0.5471181125 0.3577284625 0.5377005140625 0.35426530624999997 0.52494376875 0.3543994375 0.521102771875 0.35200486875000003 0.523216684375 0.3491293421875 0.5286100984375001 0.3457594453125 0.5341693750000001 0.34097669375 0.5382142937500001 0.3371252 0.543573628125 0.33557885625 0.5493797140625001 0.3338536703125 0.560307128125
3 0.26598177968750003 0.60811396875 0.2709203828125 0.6135971312499999 0.28981762031249997 0.61810271875 0.313902559375 0.6209581875 0.332618396875 0.6166673125 0.3343710515625 0.615446621875 0.33480027031250004 0.6101509093749999 0.335145178125 0.600274059375 0.3333950734375 0.58043515625 0.333842175 0.5676318328125001 0.3337048453125 0.554075590625 0.3348143046875 0.5467892265625001 0.3349292734375 0.5434969453125 0.3283287171875 0.543632703125 0.30586868906250003 0.5432146375 0.29707220625 0.5432737125 0.28827444375 0.536373890625 0.2820456234375 0.5328600781249999 0.279022553125 0.53898085 0.2750695046875 0.5507461046875 0.27072555781249996 0.5667096453125 0.2686867625 0.5831199390624999 0.265684771875 0.5991303421875 0.26598177968750003 0.60811396875
3 0.7108275046875 0.43337868437499993 0.7082860296875 0.43969940156250004 0.707851703125 0.45213691406249995 0.707487634375 0.462562478125 0.7061348234375 0.47331976875 0.7038775828125 0.488989925 0.701214753125 0.4987858296875 0.6992455750000001 0.509704725 0.6990731218749999 0.5146431484375 0.7017647 0.5215128640625 0.7061578328125 0.5286251265625 0.70786705625 0.535643665625 0.710847975 0.5447210171875 0.7133798734375 0.5561633484375 0.7207583953125 0.5617317140625 0.7332026218750001 0.5656457015624999 0.7440730359375001 0.5656590484375 0.7492856453125001 0.5597978640625 0.75529474375 0.5556126421875 0.762906390625 0.5370162984375 0.7714876187499999 0.5186369390625 0.77650605625 0.5043451015625 0.7818125546875 0.48530200468749995 0.7854622078125 0.46473602812500003 0.7878599656249999 0.445041971875 0.7865786828125 0.425768825 0.7850316890625 0.393118078125 0.7864707203125 0.3624028828125 0.7867242890624999 0.34464835312500003 0.787801171875 0.334797065625 0.7880438843750001 0.327846690625 0.783112309375 0.325660071875 0.7755996578125 0.323932703125 0.76806784375 0.3227540484375 0.7641959093749999 0.3217031984375 0.758186171875 0.3224089734375 0.75236996875 0.3280659515625 0.7472167625 0.3427193375 0.74014355625 0.3563900390625 0.7341887546875 0.3765092625 0.7288618140625001 0.389142178125 0.7211351968749999 0.41103080625 0.7135746468749999 0.4281639140625 0.7108275046875 0.43337868437499993
3 0.355640478125 0.5310350046875 0.360073853125 0.5474881828125 0.3659501 0.5541028546875 0.38012143125 0.5575277703125 0.3920642609375 0.558311078125 0.40152948750000006 0.5635860593750001 0.4248888375 0.5662330625 0.45985696562499995 0.56873606875 0.472974403125 0.5673628640625 0.4792013046875 0.5604383328125 0.48138317812500003 0.5539219296875 0.48069335312500006 0.5386982437500001 0.4804001734375 0.5156139203125 0.48110276250000006 0.4954944140625 0.481517928125 0.48360561406249997 0.481135328125 0.463081953125 0.475868421875 0.4530091359375 0.4637403546875 0.422552678125 0.4552357625 0.403759796875 0.4402890140625 0.3735711640625 0.43477236875 0.367152178125 0.421442234375 0.3641228921875 0.398115459375 0.3640408140625 0.385305884375 0.36359349375 0.37485894218750004 0.36194678593749996 0.3693582703125 0.3725592296875 0.3595468671875 0.4051795859375 0.3522002921875 0.43367408125000007 0.353252915625 0.466490690625 0.353349371875 0.502203953125 0.355640478125 0.5310350046875