3 0.15885597812500002 0.5630717984375 0.15640416562499998 0.57882869375 0.1535486421875 0.59648490625 0.15085460312500001 0.6133813906250001 0.149553665625 0.625412659375 0.1492626 0.636070478125 0.15060804375 0.6474731734375 0.1513485125 0.6650996874999999 0.15239146875 0.6796142921875 0.1550799953125 0.688920315625 0.15706113906250002 0.696487878125 0.159961171875 0.70226563125 0.1653654 0.7030173093750001 0.174991078125 0.699107928125 0.1843540484375 0.6947456812499999 0.19396948593750002 0.690040071875 0.2013524921875 0.684859946875 0.2079780984375 0.6807099062499999 0.21373483593749998 0.67558113125 0.22146011250000003 0.6637243234375 0.22909440781249998 0.65145115 0.2370619109375 0.638454753125 0.24290845 0.6269926578125 0.2482398125 0.615421059375 0.2527806859375 0.58899149375 0.25924007968749996 0.5586024421875 0.2669015484375 0.5284689 0.2727673859375 0.5118495765625 0.2768056875 0.499606103125 0.2701789015625 0.497006459375 0.2654911140625 0.492039784375 0.2542970640625 0.4805288296875 0.24870968593749998 0.4721947375 0.24219200000000002 0.4581045453125 0.2390395 0.45267015625000007 0.22692774375 0.44969869687499997 0.2148364671875 0.44831969374999997 0.2003319765625 0.45238312656249996 0.19246451250000002 0.45984243124999996 0.184921203125 0.47253196875 0.18331541406250002 0.4741757765625 0.17744839375000002 0.484045415625 0.1722489765625 0.4992182890625 0.168605328125 0.5155159031250001 0.1644977046875 0.53568515 0.15885597812500002 0.5630717984375
3 0.442632909375 0.6567405875000001 0.43535467031249997 0.683382359375 0.43334635156249995 0.6936751640625001 0.432540109375 0.70422348125 0.4332486734375 0.7127116250000001 0.4322104453125 0.725195759375 0.43187841718750003 0.7326686687499999 0.43041599531249997 0.7454596609374999 0.42894333281249997 0.7574544265625 0.42772313906250004 0.7691058296875 0.4277459828125 0.7841976546875 0.429302934375 0.7920720796875 0.436849790625 0.7996315953125 0.4474160203125 0.8022745421874999 0.45722248125 0.7924482046875 0.46824007968750003 0.776923921875 0.47691378437500004 0.7589163015625 0.4890503546875 0.730528021875 0.49568383593750004 0.7136748390625 0.50639658125 0.6877630953125 0.5156547828125 0.661939203125 0.5249834859375 0.6349392218750001 0.531313296875 0.6144482640625 0.53825950625 0.5952794015625 0.5434282031250001 0.57771784375 0.5468398640625 0.563356046875 0.5476575296874999 0.56035364375 0.5394351937499999 0.5601940328125 0.5301620234375 0.558222959375 0.5259189109375 0.55454188125 0.5219487468749999 0.55210989375 0.514615759375 0.554521475 0.5075852609375 0.5538211468750001 0.49944366718750005 0.5532816734375 0.4878675671875 0.5520121734375001 0.4804526546875 0.5480539328125 0.4760480578125 0.5451325796875001 0.47329139375 0.550502015625 0.4695465203125 0.5655870375000001 0.465387696875 0.581775146875 0.45978456718749994 0.5988473359375 0.4535252578125 0.6181622046874999 0.4488717390625 0.6358332640625 0.442632909375 0.6567405875000001
3 0.24315460312499998 0.3598468359375 0.23504294531249997 0.41489729375 0.238048928125 0.44888637343750004 0.2509023359375 0.4762340296875 0.267582540625 0.49486648437499997 0.279936525 0.49669835312500005 0.303056821875 0.49009898593749995 0.319984765625 0.4813893421875 0.33889030781249996 0.45999820937499997 0.344656103125 0.4489159765625 0.3557359296875 0.3849678125 0.36627340625000004 0.3387705140625 0.3730455265625 0.3060657828125 0.37438624374999996 0.290469740625 0.371631546875 0.24938761406249998 0.3660906453125 0.218035921875 0.3551569390625 0.19347846562499998 0.342740328125 0.18011954531250002 0.32678011093750003 0.1775211484375 0.313489121875 0.189386003125 0.29847182031249997 0.2068393015625 0.281294953125 0.2361413609375 0.26847030156249996 0.25763395 0.2592554265625 0.3001421203125 0.24315460312499998 0.3598468359375
3 0.7339381671874999 0.36371865937500003 0.7309916609375 0.38095850625 0.7262085593750001 0.40852765937499996 0.7200335390625 0.4477117171875 0.7132511765625 0.47962022031249996 0.7090423312499999 0.4985768765625 0.70162190625 0.5208211453125 0.6963917671875001 0.5336053359374999 0.6930801468750001 0.5424300421875 0.6906874140625 0.549464934375 0.6928800640625 0.553504225 0.6977395765625001 0.5585074015625 0.7008511140625 0.56075688125 0.7054069562499999 0.56212228125 0.7093156765625 0.5597769015625 0.7159889390624999 0.5393589453125001 0.722056040625 0.518415121875 0.73004048125 0.48676212812499997 0.7378634359375 0.45586885781250003 0.7457364109375 0.42220704375 0.7542450859375001 0.384710096875 0.76088644375 0.355153775 0.767768846875 0.3177081765625 0.7702821015625 0.306728646875 0.76936203125 0.301768775 0.7651315234375 0.3123832921875 0.7569422734375 0.3281117328125 0.7500961046875 0.341743503125 0.7441381015624999 0.351196778125 0.7384928265624999 0.3583343734375 0.7339381671874999 0.36371865937500003
3 0.6177711046875001 0.685629825 0.611582296875 0.7037686015625 0.60655460625 0.7189779765625001 0.6009309953125 0.7344577109375 0.5991944421875 0.7392499265625 0.5984382218750001 0.747029696875 0.598813575 0.7562410671875 0.599461878125 0.7667015312500001 0.601594265625 0.7727131390624999 0.6044533359375001 0.77530598125 0.6083120359375 0.7757291484375 0.6114531125 0.773617625 0.6148159359375 0.768774059375 0.6180775359374999 0.7627179015625 0.62156088125 0.7539296984375 0.6266090546875 0.7403127781250001 0.6310715515624999 0.7277624453125 0.63742184375 0.708863940625 0.6440848640625 0.6876497578125 0.6493240609375001 0.6689121109375 0.6571481984374999 0.6447685265625 0.6643866578125001 0.6216915281250001 0.6713828890625 0.5997541203125001 0.6760466484375 0.5828792859374999 0.678236934375 0.573419209375 0.67974031875 0.5638131265624999 0.6802952734375001 0.5603578578125 0.6801838109375 0.5583490375 0.6786587640625 0.55961298125 0.6766185390625 0.5607674203124999 0.673295496875 0.5620462125000001 0.6699519734375 0.56173255 0.6659113062500001 0.5604766546875 0.663830121875 0.5584461843749999 0.66098129375 0.5566495687499999 0.660718584375 0.5561967046875 0.6595369875 0.55753365 0.6547424640624999 0.5775568921875001 0.6477667140625 0.6010867546875 0.642072603125 0.6177425796875 0.6354596015625 0.6361882171875 0.626373125 0.6620486109375 0.6177711046875001 0.685629825
3 0.347253646875 0.45780563750000003 0.3461358578125 0.47741931718749997 0.348756246875 0.5014008 0.35552521875 0.5083979453125 0.37052558593749996 0.5096012453125 0.37992045937499996 0.5143773656249999 0.3954257625 0.514893940625 0.40597150937500004 0.5159444328125 0.41610330468749995 0.5180980125 0.42608267499999997 0.5150578625 0.43392965625 0.5060061015625 0.4389675890625 0.49159295312499995 0.44150250625 0.48895556406249996 0.4474569640625 0.45925323437500004 0.4537229671875 0.42048554375 0.46360071875 0.35628186875 0.4703566890625 0.2890324875 0.4693704484375 0.25229651249999996 0.46748698125 0.2256924875 0.457674609375 0.201770403125 0.4448247484375 0.1946718015625 0.435188828125 0.1977849546875 0.4182006234375 0.2084669171875 0.40326524687500004 0.23229003593750003 0.3905110953125 0.252606534375 0.37982907187500003 0.2809069609375 0.3628014828125 0.3551046296875 0.34563643593750004 0.45190353125 0.347253646875 0.45780563750000003
3 0.1228641390625 0.2080242078125 0.11490569218749999 0.21506714843750002 0.11216045156250001 0.22798249531249998 0.1068609921875 0.2486924609375 0.10400428749999999 0.2595989890625 0.09996598437500001 0.2718424609375 0.097109278125 0.2827489890625 0.0925160203125 0.29844773125 0.0904974609375 0.307944309375 0.0866115828125 0.3253815140625 0.08373557968749999 0.3414452703125 0.081062021875 0.3599342109375 0.080529909375 0.378481303125 0.082179025 0.3935217765625 0.0869294375 0.4100155015625 0.08951673906249999 0.418108934375 0.0946594421875 0.42515743125 0.10279197656250001 0.431650359375 0.11371071562499999 0.42841285312500005 0.1263864875 0.42197558593749995 0.13312355625 0.419834365625 0.137375728125 0.41756198749999995 0.148566234375 0.408823890625 0.1524442328125 0.4040898265625 0.151856190625 0.3916570453125 0.15214489375 0.3674998578125 0.154272553125 0.3465127296875 0.1580776875 0.329455390625 0.1642050515625 0.30653924843749997 0.1717243359375 0.272008203125 0.17559997031250002 0.25377477187499997 0.17375983125 0.243855025 0.1665973859375 0.239553421875 0.158444371875 0.2314680375 0.1482204109375 0.22214841093749998 0.1404210859375 0.21493225625 0.133682834375 0.21032379375 0.1228641390625 0.2080242078125
3 0.1513500734375 0.3855940859375 0.1540819265625 0.41158438906250006 0.157065065625 0.43048164531250005 0.1608965875 0.4487651828125 0.169080325 0.45923925 0.180555203125 0.4592961578125 0.19790734062499998 0.45027965312499996 0.2179558796875 0.43786603125 0.235004346875 0.42521175 0.2348109578125 0.416833109375 0.23622217812500002 0.40006097812499997 0.24203444843750002 0.36596114687500003 0.2488873125 0.33287655312500003 0.2601424109375 0.2892139421875 0.26317753593750004 0.25889109062500004 0.2553872703125 0.24572147968750002 0.24785853124999999 0.22625505 0.2388843046875 0.20092301875000002 0.2237303296875 0.187776303125 0.20943734374999998 0.188311465625 0.19470086874999998 0.194310715625 0.185248096875 0.20500628281250002 0.18319999843749998 0.21886386249999998 0.176154928125 0.250319503125 0.1653047234375 0.29883248125 0.153908621875 0.344847271875 0.1513500734375 0.3855940859375
3 0.5669439484375001 0.695074478125 0.5619162546875 0.7102838546875 0.5582214046875 0.7226003296875 0.5569409484375 0.736224053125 0.556085865625 0.7562905984375 0.55545135 0.7668754140625 0.5558983875 0.781660378125 0.556586471875 0.78855606875 0.559678709375 0.7959627765625 0.5650431578124999 0.8002792296875001 0.569588759375 0.8008484015624999 0.57382045 0.79698356875 0.5778599343749999 0.7914897812499999 0.5807576015625 0.7837681625 0.58527011875 0.768449284375 0.5906515015625 0.7541091390625 0.5956598953125 0.7440569921875 0.6010822390625 0.732901759375 0.606796834375 0.7178383875 0.613884046875 0.69631734375 0.619325690625 0.68000488125 0.6254542390625 0.6638384234375 0.6321479812499999 0.6450129234374999 0.6417393921875 0.6184658062499999 0.6478372171875 0.5999106640625 0.6536723328125 0.5809026578125 0.6568622484375 0.5692729062499999 0.658375871875 0.56046305 0.65750700625 0.5594843171874999 0.6546581765624999 0.5576877031249999 0.6512236687499999 0.5569576765625001 0.647698178125 0.555811284375 0.646930534375 0.5560451421875 0.6446685671875 0.559931625 0.6415684515625 0.5652280578125 0.64055858125 0.5666015046874999 0.6377711953125 0.56958225625 0.6342059250000001 0.5720006390625 0.6301959796875 0.5731334265625 0.626246296875 0.5722938953125001 0.622215871875 0.571834228125 0.6190440734375 0.5715570671875 0.6157005484375 0.571243403125 0.6121852984375 0.5708932390625 0.6098721265625 0.5707985859375 0.608953240625 0.572588396875 0.6050468828125 0.5884331453125 0.600281896875 0.6040953859375 0.5937201 0.6265221624999999 0.586006246875 0.64592488125 0.5754152046875001 0.6746416734375 0.5669439484375001 0.695074478125
3 0.043923275 0.6081215578125 0.038129121875 0.6303144734374999 0.037362659375 0.6372980171875 0.04265660625 0.6427905593750001 0.049980534375 0.6463324359375 0.059081978125000004 0.6482670078125 0.0712142171875 0.6528309218749999 0.08251736875 0.652851328125 0.089455703125 0.64638560625 0.10014127343749998 0.6383342328125 0.1107461 0.630662721875 0.1196336734375 0.622626196875 0.12988481093749998 0.6140854546875001 0.136318209375 0.6083064578124999 0.1419737234375 0.601965090625 0.1495875375 0.5880994640625 0.15635296406250002 0.5748475562500001 0.161520478125 0.5505363156249999 0.1670007203125 0.52390939375 0.1725719453125 0.49769883593750003 0.177953328125 0.483358690625 0.1845777515625 0.472458965625 0.1858696296875 0.46638115625000004 0.18116254375000002 0.466571709375 0.174243509375 0.4678802015625 0.170768040625 0.4639652640625 0.1647769515625 0.45753048749999997 0.16016990625 0.45218394999999995 0.153653403125 0.44484344374999996 0.1479557453125 0.4412502140625 0.1407933 0.4369486125 0.1328029515625 0.4348531859375 0.1243179078125 0.43424071093750005 0.11405534843750001 0.4352355390625 0.106014978125 0.435908659375 0.0987127125 0.4407089234375 0.090240271875 0.45439204375 0.0824354359375 0.4733783984375 0.07299526875 0.4983695609375 0.064616175 0.5259684140625 0.0570252078125 0.554925865625 0.0500301578125 0.583612959375 0.043923275 0.6081215578125
3 0.24412194999999998 0.6347940796875 0.2431042015625 0.64887066875 0.242783596875 0.6638894890625 0.24189661093749998 0.6748176671875 0.23994973593750002 0.6898878390625 0.23798237812499998 0.70336555625 0.23810526406250002 0.7129202890624999 0.23817813124999998 0.725243565625 0.23900839999999998 0.7365367578125 0.24350516249999998 0.7466241609375001 0.2499511640625 0.7551407593749999 0.2641236265625 0.758550234375 0.279487925 0.7614189921875 0.28831642031250004 0.7621044703125001 0.2966990578125 0.75475466875 0.30333372187499996 0.744651171875 0.3143911015625 0.7255621156250001 0.3273874796875 0.7041060265625 0.3340323828125 0.69479875625 0.3384346171875 0.684220740625 0.3468046515625 0.66257534375 0.35494269843750004 0.6428657640625 0.3625439078125 0.6147045390625 0.3731440078125 0.580034290625 0.3809567203125 0.5483447953125 0.3861151765625 0.5299870109375 0.3891333671875 0.51832075625 0.387486615625 0.516779653125 0.38223363125 0.5144720203125 0.372758015625 0.5100757625 0.3658890015625 0.508615709375 0.35576744531250004 0.50725835625 0.351443590625 0.5039571406250001 0.34749272656249997 0.49636792500000004 0.3463792671875 0.4830294125 0.34633594218749997 0.4663451328125 0.3473753515625 0.4606106828125 0.34645528125 0.4556508109375 0.3454249296875 0.45543180312500003 0.343364225 0.45499378593750006 0.338637840625 0.4603415703125 0.3312048125 0.46829024375 0.32249920312499997 0.47715949531249996 0.31692443125 0.48312099999999997 0.3081676203125 0.488009115625 0.293592628125 0.49324864062499996 0.2773811265625 0.4977432890625 0.27183825625 0.512843159375 0.266810565625 0.5280525359375 0.2608651671875 0.5518014078125 0.2554349453125 0.5756597828125 0.2477246359375 0.6153115546875 0.24412194999999998 0.6347940796875
3 0.6852500921875 0.359722096875 0.6825970156250001 0.37980349062499996 0.6778048562500001 0.4133261015625 0.6749698125 0.43257477031249997 0.6706199640625 0.45388360624999996 0.6670377578125 0.4749585859375 0.65762161875 0.5217912578125 0.655350590625 0.5316311984375 0.6523119187499999 0.541704996875 0.6510803015625 0.5458104875 0.653363934375 0.5502661437499999 0.657778771875 0.5539837249999999 0.6649616968750001 0.559877784375 0.6744065906250001 0.5618853578125 0.6794161671875 0.5585828953124999 0.6820523078125 0.5571580984375 0.6863044796875 0.5548857203125 0.6915858218750001 0.5460826671875 0.69581633125 0.5354681515624999 0.7020858796875 0.5169495109375 0.7084361718750001 0.49805100781249995 0.7146237984375 0.4731625484375 0.71953884375 0.44919466718749995 0.724584653125 0.422078378125 0.7287718359375 0.3947795828125 0.732807775 0.3690367421875 0.736268275 0.3451567140625 0.7379934046875001 0.3328185875 0.7387291453125 0.32344636250000003 0.73934318125 0.3112690890625 0.740724859375 0.298857959375 0.741491321875 0.29187441718749996 0.7395921015625 0.2906766765625 0.7370264640624999 0.2909253828125 0.7348042734375 0.2912470921875 0.7313902484375 0.29210952031250004 0.7291783 0.293227459375 0.7263204125 0.2973843015625 0.7226551 0.305339775 0.7204943546875 0.3104388515625 0.717737690625 0.3158082875 0.7165060734375001 0.3199137796875 0.7141736015625 0.3249763546875 0.7120833578125 0.3288993390625 0.7088012781249999 0.3333630421875 0.70452980625 0.3407926484375 0.69938946875 0.3472435203125 0.695733215625 0.3492455375 0.6882785234375 0.3488520703125 0.68706620625 0.3478003328125 0.6852500921875 0.359722096875
3 0.5769808078125 0.4435086015625 0.5697447140625 0.48008496718749993 0.568252753125 0.4972369625 0.5612384031250001 0.531081284375 0.5562414328124999 0.5486793421875 0.557333228125 0.5536757171875 0.5587082140625 0.5607174109375 0.562446390625 0.5650852140625 0.5696281328125 0.5642295875000001 0.578880821875 0.56460820625 0.5894163296875 0.5648624703125 0.5956086828125 0.5669727453125 0.6027301656249999 0.5680894390625 0.6154276000000001 0.569994309375 0.6189326078125 0.5695482453125 0.6263167984375 0.5711178046875001 0.6318927515625 0.5719059843750001 0.6403868546875 0.566565003125 0.6463243765625 0.5555192734375 0.651614778125 0.5407627625 0.65729865 0.5233107109375 0.6656651375 0.481416259375 0.674061165625 0.435160809375 0.6822638046875 0.38052671718750003 0.686508884375 0.337756234375 0.6895132890625 0.3050447 0.6885010546875 0.292918778125 0.6844785046874999 0.2797559703125 0.676900928125 0.269807771875 0.6683249 0.26877893125 0.6552454156249999 0.2771155140625 0.6417121984375 0.290119959375 0.6271088484375 0.3064701703125 0.614343275 0.31924075625000004 0.6024453875 0.32624039374999997 0.5940115453125 0.32960905625 0.5873871234375 0.34050878125 0.5872165796875 0.3472219640625 0.5835969578125 0.38536108750000003 0.5769808078125 0.4435086015625
3 0.4425045015625 0.50028525625 0.44522493125 0.5187296484374999 0.45304710156250005 0.5410376265625 0.4677757015625 0.5477415156250001 0.476734959375 0.5452785859375 0.48709992343749997 0.5522460328125 0.511625928125 0.5550770421875 0.5232315671875 0.5519855406249999 0.531535828125 0.5585149703125001 0.5485866578125 0.559360059375 0.5541921515625 0.5557872374999999 0.55904811875 0.5405413609374999 0.5652755234375 0.512088125 0.569835696875 0.48050133281249996 0.5768693453125 0.4414997828125 0.582880515625 0.38957608125 0.5875076453125 0.33656414375 0.58962151875 0.2945317375 0.5872957421875 0.2801414859375 0.5827875578125 0.26250817187500003 0.5781178890625001 0.245634584375 0.564934815625 0.23925920625 0.54726876875 0.24384170625 0.5330269859375 0.24835800625 0.51676664375 0.2623708859375 0.49944641093750003 0.2805257578125 0.4839548953125 0.3010544625 0.477926390625 0.311683828125 0.4727167328125 0.326060475 0.4688706359375 0.339932903125 0.460988603125 0.379548175 0.441765215625 0.4894084296875 0.4425045015625 0.50028525625
3 0.5179770125000001 0.6560804015625 0.5060736125 0.6892825484375 0.4979355640625 0.708992128125 0.4957043171875 0.7152672953125 0.49466490625 0.72100174375 0.4965448265625 0.727356715625 0.4979198109375 0.734398409375 0.4988410640625 0.7461079671874999 0.4990663546875 0.763624975 0.49894701562500005 0.7743192953125 0.4974641109375 0.785517834375 0.4961119703125 0.7935679625 0.4947803140625 0.803210546875 0.49708442656249996 0.809258659375 0.50812486875 0.8088261984375 0.5140135515625001 0.8072986984374999 0.5179222734375 0.80495331875 0.5228601640625 0.7960772625 0.5347147265625 0.772393346875 0.5483558625 0.74114866875 0.5628851640625 0.7057254953125 0.57887806875 0.664261015625 0.5935381343749999 0.6256894328125 0.604734153125 0.590748825 0.6093569515625 0.5706890812500001 0.5905479046875 0.5662940703125 0.5745274265625 0.565667990625 0.5609611234375 0.562784384375 0.5567885125 0.5579272125 0.556242615625 0.5554290265625 0.5529900750000001 0.555531728125 0.5487379015625 0.5578041046875 0.5470820921875 0.5622164578125 0.5449827890625001 0.5720928984375 0.5397538328125 0.591626775 0.5312632749999999 0.6172168078125 0.526962265625 0.6290074171875 0.52252025 0.6431502046875 0.5179770125000001 0.6560804015625
3 0.35131953125000004 0.6607558328125 0.3472926515625 0.6805452171875 0.3437514078125 0.7048051078124999 0.344138184375 0.721562390625 0.34373683593750004 0.736961075 0.3452437671875 0.7476040453125 0.34809377812500003 0.7561503421875 0.350822084375 0.7618915921875 0.3544192578125 0.768611578125 0.3602283796875 0.774213625 0.36549160468749997 0.7773174859374999 0.36903757656249997 0.7800563328125001 0.373502434375 0.7810053671875 0.38266413906249996 0.7809676203125 0.3876839546875 0.7784613859375 0.392228375 0.7722808734375 0.3978429265625 0.7627545953125 0.406506390625 0.7439507484375001 0.4157145703125 0.7208954015625 0.42402434375000003 0.7012223234375 0.43465634687500004 0.6756904421875001 0.444489984375 0.6480037359375 0.45318180625000004 0.6180892015625 0.46595289375000004 0.5791161046875 0.47158556249999994 0.5576829125 0.4741295390625 0.549092065625 0.46906876249999996 0.548413390625 0.46003782031249996 0.545302728125 0.4532085859375 0.5402779015625 0.44984339999999995 0.5316220984375 0.44556838125000003 0.5188026515625 0.44345529375000003 0.5076338140625001 0.4419586046875 0.4977870703125 0.44031185156249997 0.496245965625 0.4379076984375 0.495734946875 0.435242015625 0.501520746875 0.4338284328125 0.504793509375 0.42970820625000006 0.5106671609375 0.42513306562500003 0.514458990625 0.419163640625 0.5163663546875 0.413527425 0.5175504921875 0.40623421875 0.5163973000000001 0.3997996390625 0.5154266109375001 0.39440565 0.5154711609375 0.38954731875 0.5172176687500001 0.385115546875 0.5321566859375 0.3785344484375 0.5597406890625 0.3661784984375 0.6043603828124999 0.3617774453125 0.6216880812500001 0.3558923078125 0.643464634375 0.35131953125000004 0.6607558328125