3 0.22915562656250002 0.4418109265625 0.230015159375 0.445854715625 0.23256040625000002 0.4551755125 0.2348979671875 0.46219240624999997 0.2368701921875 0.46881734374999995 0.23911224999999997 0.475384928125 0.2415286375 0.48144584687499997 0.244596875 0.48924665 0.24729977343749998 0.496655496875 0.2529132578125 0.513777096875 0.257206365625 0.52601364375 0.2601957765625 0.534770421875 0.267062925 0.5511559390625 0.27732573125000004 0.5649412453125 0.284042784375 0.5686791984374999 0.2865501140625 0.5672070296875 0.2916436015625 0.5633067171875 0.29484825312499996 0.5598078890625 0.29876690156249996 0.5556876859375001 0.30116204999999996 0.552360921875 0.3007800359375 0.5505636828125 0.29965066875 0.5465772484375 0.29780730312500003 0.5432121890625 0.29548641875000003 0.5376005796875 0.29454805781250004 0.5345127656249999 0.2928790234375 0.5306410421875001 0.29101898125000003 0.5258706984375 0.288585915625 0.5184044953125 0.2825904171875 0.49948565624999997 0.2786126140625 0.483425209375 0.27512900625 0.4710165984375 0.2725382890625 0.46546234531249997 0.2703462640625 0.46311061562500005 0.2674235625 0.459974975 0.26194349843750003 0.4540956515625 0.25902079843750003 0.45096001250000006 0.255367421875 0.44704046249999996 0.2524447203125 0.4439048234375 0.24871252031250002 0.44094125 0.24544115781250003 0.43881893906249997 0.24061294375000003 0.4346795 0.23705507187500002 0.431209259375 0.23276652343749998 0.42695511093749994 0.23020916093750002 0.424211428125 0.2269211234375 0.42068383281250005 0.22668464375 0.42355175625 0.2266224953125 0.4259130171875 0.2269423625 0.430071515625 0.2278185734375 0.4355205875 0.22915562656250002 0.4418109265625
3 0.5411171546875 0.5455002140625 0.5423587046875 0.5513412421874999 0.5437912609375 0.558080890625 0.545431503125 0.5671244421875 0.5469595640625 0.5743134015625 0.5482011124999999 0.5801544296875 0.5506341765625 0.5876206328125 0.5532415734375 0.5945801703125 0.5553093 0.60165441875 0.5584442468749999 0.6150763593749999 0.56003445625 0.619904059375 0.5618778203125 0.6232691171875 0.5658177078125 0.628536596875 0.5672957375000001 0.6315097015625 0.5698697765625 0.6356586703125 0.571887471875 0.6385170640625 0.5748268515625 0.6430579875 0.5762260515625 0.6469870671875 0.578164921875 0.6508014359375001 0.580373625 0.65455845 0.5835040109375 0.65999799375 0.584965359375 0.6615658140625 0.5887597109375 0.6621681296874999 0.5927283921875001 0.6622637796874999 0.5951568968750001 0.6617475859375 0.5989178921875 0.65953933125 0.6024090546875 0.6573884328124999 0.60569253125 0.652933628125 0.6084363421875 0.6485935359375 0.6114166296875 0.64138551875 0.613508590625 0.635305540625 0.615758203125 0.6273136125 0.61699063125 0.617189846875 0.6165707 0.6045996406249999 0.6154534484374999 0.59403609375 0.61497136875 0.583807146875 0.6142194562500001 0.5736355546875 0.611557465625 0.554477765625 0.609676184375 0.5403197390625001 0.6080647375 0.5261043578125 0.60721731875 0.5154834562499999 0.6063744640625 0.5128449515625 0.6039626359375 0.51476643125 0.5986447874999999 0.51495755625 0.5954856078125 0.514689840625 0.5932314328125 0.5146993703125 0.59126376875 0.516056828125 0.58805911875 0.51955565625 0.5824092859375 0.5221653953125001 0.5757422671875 0.5226432953125 0.5687265874999999 0.5241345234375 0.5606148953125001 0.5244498875 0.5583607203125001 0.5244594171875 0.5531383734374999 0.5250998515624999 0.5495183546875 0.5239908718749999 0.5460559843749999 0.5209699421875 0.5429422781250001 0.5169356828125 0.5355854921875001 0.5048807296875 0.5352701875 0.5087046296875 0.535353575 0.5157310515625 0.536325290625 0.5216294359375 0.5380443578125 0.5297170140625 0.54052745625 0.5413990703125 0.5411171546875 0.5455002140625
3 0.301765434375 0.5804092578125 0.301371303125 0.5851891328125001 0.301072675 0.590418315625 0.3013925421875 0.5945768140625 0.301380425 0.6011539265625 0.30208230625 0.607109665625 0.302261196875 0.6145853984375 0.3026932453125 0.620598490625 0.3028721359375 0.628074225 0.302905490625 0.6308847937500001 0.3032086796875 0.6336380078125 0.3047200625 0.63942168125 0.3061980890625 0.642394784375 0.310104621875 0.6448516953125 0.3136124609375 0.64410608125 0.3145174671875 0.6443833265625 0.3166761375 0.6439244875 0.3212299578125 0.6401388828125001 0.32281560625 0.6369841843749999 0.325750421875 0.6335427109375 0.32805006875 0.6297666375000001 0.33133354531250003 0.6253118343749999 0.333442184375 0.620637140625 0.3356463265625 0.6164117578125 0.3378504671875 0.6121863734375 0.339784775 0.6080183453125 0.3424330828125 0.6032289421875 0.344637225 0.599003559375 0.34666703593750003 0.595284840625 0.34790402343750004 0.593143471875 0.34896668124999997 0.591508765625 0.35056900625 0.5897593515625 0.35144065625 0.587226028125 0.352756471875 0.5841286828125 0.3533249328125 0.5788421453125 0.35398889843750003 0.5740049171875 0.3542875265625 0.5687757343750001 0.35423749375 0.5645598796875 0.355121259375 0.5554494437499999 0.35629153750000003 0.5476869359375 0.3569388265625 0.541444421875 0.3570631234375 0.536721903125 0.3556017734375 0.5351540828125 0.354887775 0.535775459375 0.352795815625 0.5418554359375001 0.3497367 0.5500194296875 0.34824655625 0.5536234375 0.345249590625 0.5594261703125001 0.34169627812500003 0.563938328125 0.3364451375 0.5697505921875 0.33019349062500003 0.5748362984375001 0.3233688171875 0.577226146875 0.32082813125 0.575887746875 0.3161120984375 0.5736029031250001 0.3124587234375 0.5696833531250001 0.30951934531249997 0.5651424296875 0.30529294687499997 0.5585270203125 0.3027355828125 0.5557833359375 0.302673434375 0.5581445953124999 0.302532459375 0.5614618296875 0.3023126578125 0.5657350390625 0.3024415171875 0.5689949171875 0.3020640609375 0.575180075 0.301765434375 0.5804092578125
3 0.26125244531249997 0.578219534375 0.2613191546875 0.583840671875 0.2615601953125 0.5889551453124999 0.2617845578125 0.5926643359375 0.2620422734375 0.5991840921875 0.2622666375 0.6028932828125 0.2623954953125 0.6061531625 0.26209686875 0.6113823453125 0.26203471875 0.613743603125 0.26254559375 0.618800721875 0.26284878125 0.6215539375 0.263596134375 0.6237431296875 0.2649165109375 0.628628184375 0.2671085359375 0.6309799140625 0.26999788125 0.631304984375 0.2732358875 0.630616725 0.277075709375 0.6274524968749999 0.27937535625 0.623676421875 0.282484503125 0.619728284375 0.285149484375 0.6163441656249999 0.287465809375 0.6139733765625001 0.289591125 0.61070396875 0.2918907703125 0.6069278953125 0.29382507812499997 0.6027598656250001 0.2962990546875 0.598477128125 0.29842436875 0.59520771875 0.30035867656250004 0.5910396890625 0.3010847921875 0.5838412015625 0.301541071875 0.5767000703125 0.301918525 0.5705149125 0.30194731875 0.5653430828125 0.3024369546875 0.56101251875 0.3023080953125 0.557752640625 0.301544065625 0.5541581625 0.30017821875 0.5530396515625 0.2988624046875 0.5561369968750001 0.2961974234375 0.5595211140624999 0.29316710156250003 0.562513278125 0.28788260625 0.565514971875 0.2837562734375 0.5673312703125 0.28077142187500004 0.566556890625 0.2760387125 0.5628667609375 0.2711938203125 0.5573220359375 0.26652325781249997 0.5512706484375001 0.26485422187499996 0.5473989234375 0.26444341250000003 0.5507735125 0.263953778125 0.5551040765625 0.26303665625 0.5614039453124999 0.2620407078125 0.5686597875 0.2615343953125 0.571585065625 0.26125244531249997 0.578219534375
3 0.3545240046875 0.5659078109375 0.35460739218750004 0.5729342328125 0.354595275 0.5795113453125 0.3546786625 0.58653776875 0.3542057046875 0.592273615625 0.3539237546875 0.598908084375 0.35399046562500003 0.604529221875 0.354264859375 0.612454265625 0.35461808125 0.619423334375 0.3544483109375 0.6279123953125 0.3550713671875 0.634824109375 0.35513807656249996 0.6404452468749999 0.35557012499999996 0.646458340625 0.3562720046875 0.652414078125 0.35647969062499996 0.6547179828125 0.357339225 0.658761771875 0.357991071875 0.66050165625 0.35973893437500004 0.66341740625 0.36247062812499997 0.6656544249999999 0.3649324875 0.6679488015625 0.368203846875 0.6700711109374999 0.3722847109375 0.6720213546875 0.37598355625 0.672174359375 0.3807617390625 0.6720979453125 0.3835555828125 0.67197370625 0.38679358750000004 0.671285446875 0.39128525937499997 0.6698611015625 0.3946809171875 0.66726089375 0.3972503953125 0.663427465625 0.40035954374999994 0.6594793265625001 0.4039750046875 0.652605909375 0.40695529218750004 0.6453978921875 0.4091260796875 0.6383619390625 0.4106616953125 0.6309913875000001 0.412562646875 0.6240127890625 0.414654609375 0.6179328109375 0.4159537453125 0.6134301828125001 0.416792040625 0.6080862890625001 0.41680415625 0.6015091765625 0.41581576406250004 0.5942055093749999 0.4141755234375 0.58516195625 0.41253528125 0.5761184046875 0.41165907031250004 0.5706693296875 0.4102265140625 0.5639296828125 0.409715640625 0.5588725640625001 0.4083785875 0.552582225 0.4014584125 0.5545227640625 0.39472924374999996 0.5573619234375 0.3884275625 0.5582317765625 0.3824912171875 0.559493584375 0.37779186249999996 0.558614025 0.3746160046875 0.556941025 0.370883803125 0.55397745 0.3675169375 0.55140583125 0.36459423750000003 0.5482701921875 0.362020196875 0.544121221875 0.360446665625 0.5406988078125 0.3591596453125 0.5386243234375 0.3575239640625 0.5375631671875001 0.3568099671875 0.53818454375 0.35686 0.542400396875 0.3564658671875 0.5471802703125 0.3558185796875 0.5534227828125 0.354536121875 0.559330696875 0.3545240046875 0.5659078109375
3 0.20782207656249999 0.4449366828125 0.21015963906250001 0.4519535765625 0.21203635781250002 0.45812920312500005 0.21318240312499998 0.4635209234375 0.21405861406249999 0.46896999531250005 0.21631735000000002 0.47694286406249997 0.21781205468749998 0.48132125312499996 0.2195932734375 0.487047571875 0.22275701250000002 0.495297684375 0.2249990703125 0.5018652671875 0.22816281093750002 0.51011538125 0.22983184687499997 0.5139871046875 0.232136053125 0.518193428125 0.23388391562500002 0.521109178125 0.23772829843749999 0.525927346875 0.2431295359375 0.532762646875 0.246513078125 0.53673955 0.253516640625 0.541825434375 0.25596182343749996 0.5427145234374999 0.260009328125 0.5418542000000001 0.261341821875 0.540162140625 0.2614206484375 0.5392061671875 0.2611341375 0.5378582359374999 0.255885990625 0.5211285906249999 0.24543973125 0.491885153125 0.2370612 0.46971596406250005 0.23171755 0.452537009375 0.23030167031249998 0.44720264375 0.22926780624999998 0.44366552031250006 0.2266937671875 0.4395165515625 0.224119725 0.4353675828125 0.22145018125 0.43076930312500006 0.21733596406250003 0.42600848906250005 0.2132384234375 0.42265296093750004 0.2112207296875 0.419794565625 0.208202525 0.41620961718749994 0.2049144859375 0.41268202187499997 0.20081694687499999 0.4093264921875 0.1979109234375 0.4075961375 0.1961964171875 0.4074909578125 0.1944819109375 0.4073857765625 0.1961509453125 0.41125750156249996 0.19818531875 0.41552118125000004 0.2000453609375 0.420291525 0.20278161562500002 0.43051094218749997 0.20558001875 0.43836909999999996 0.20782207656249999 0.4449366828125
3 0.2924348609375 0.5312050625 0.30208373437499997 0.5540434515625 0.31282406093750004 0.5700753078125 0.3217331359375 0.5761649921875 0.3318124921875 0.57449216875 0.34372609062500004 0.560219609375 0.3493092125 0.5519887328124999 0.350749325 0.5441688703125 0.354949925 0.5334142 0.3489089546875 0.518261903125 0.3423980203125 0.486303546875 0.3367632984375 0.4597942640625 0.3341392265625 0.45142944218750003 0.3139956265625 0.42565606718750004 0.2936701421875 0.4149488671875 0.27990405625000003 0.40989157187499997 0.26942600781250003 0.40836187187500006 0.26479336249999996 0.4131034484375 0.263004590625 0.4219366421875 0.2649480203125 0.4337334078125 0.268257296875 0.44664868437500005 0.27333111250000003 0.4638849953125 0.2800284921875 0.4887595734375 0.28559650468750003 0.5096477171875 0.2924348609375 0.5312050625
3 0.512179515625 0.40935932187499996 0.5159541953125 0.43109826093750003 0.5196788406249999 0.4486213453125 0.5264095765625 0.47630649218750004 0.5326294375 0.498934521875 0.5378730218750001 0.50768176875 0.543386440625 0.5163716640625 0.5475173343749999 0.5225377625000001 0.5545663703125 0.5238571015625 0.5642970640625 0.523197609375 0.5846467828125 0.52075058125 0.5913425953125 0.5151008546875 0.5955644328125 0.5137338640625 0.6045023046875 0.514651721875 0.614722634375 0.5096616625 0.621081903125 0.498448153125 0.62394545 0.48140314375 0.6226993390625 0.46757971875 0.619800871875 0.4512898515625 0.6153576671875001 0.42640574375 0.6098184484375 0.4003457703125 0.6061726281250001 0.3818667109375 0.5994919249999999 0.3583974171875 0.59389511875 0.3426811015625 0.5855999749999999 0.32753833593750004 0.57789453125 0.3164967125 0.5680804484374999 0.310129784375 0.557523575 0.30955605625 0.5486357374999999 0.3128540546875 0.5380667453125 0.3188574421875 0.5292289390625 0.32637129374999996 0.522375475 0.3339329703125 0.5167302015625 0.34452510625 0.514418440625 0.3548782921875 0.5113017375 0.3733859421875 0.510011721875 0.393853365625 0.512179515625 0.40935932187499996
3 0.43570150781250006 0.52986860625 0.4412937515625 0.5376025234374999 0.448426175 0.5459482875 0.45855556249999996 0.5484913171875 0.4676344078125 0.5460919390625001 0.47890527968749996 0.546044290625 0.489158965625 0.543864803125 0.49885630625 0.540394740625 0.50810948125 0.537488696875 0.5180599765625 0.5325559953125001 0.527740640625 0.527680646875 0.5320367421875 0.5173752859375 0.5323762796875 0.5003971609375 0.527808778125 0.48023557187500004 0.5180719546875 0.4423883625 0.5094523828125 0.4151047 0.5033780578125 0.397141834375 0.49109299531249995 0.37251573437499996 0.47603532812499993 0.3574015578125 0.4670641015625 0.3536731328125 0.45590541093750003 0.3555753765625 0.44661887968749997 0.3556708484375 0.43353799843749996 0.3551640078125 0.4232843125 0.357343496875 0.41577899843750005 0.3631652875 0.4118937046875 0.3700960609375 0.40969412343749995 0.3823038421875 0.4077067875 0.404797925 0.4106386125 0.423898359375 0.414671009375 0.45215705625 0.423008628125 0.4860751875 0.4310764171875 0.520050671875 0.43570150781250006 0.52986860625
3 0.337049809375 0.46114219375000004 0.34174617343749997 0.4845636625 0.34879677343750004 0.516407309375 0.3562202671875 0.5340833984375 0.36696059375 0.5501152546875 0.377077865625 0.5592353984375 0.3916822453125 0.5589488015625 0.40047458125 0.5552014921875 0.4103295734375 0.54981948125 0.4184245875 0.5480988328125 0.426261884375 0.5398584265624999 0.4283826390625 0.5286066203125 0.43013805625 0.5169628578125 0.4204633828125 0.4767543890625 0.41335063281249995 0.44727200156249997 0.4094562171875 0.4382379796875 0.3962085609375 0.4236782921875 0.3811508921875 0.40856411562500006 0.367205915625 0.3960310875 0.3516464984375 0.39182458593749997 0.34189912499999997 0.39107879687499997 0.336170465625 0.3946445078125 0.331666678125 0.4026459671875 0.32962475 0.41294179687500004 0.33080871093750003 0.4291264828125 0.33372385625 0.4468216328125 0.337049809375 0.46114219375000004
3 0.622381040625 0.493945525 0.62160489375 0.4969281578125 0.6206544171874999 0.50041745625 0.6192431 0.5030654921875 0.6180061125 0.5052068609375 0.61659479375 0.5078548953124999 0.6149136421875 0.510560284375 0.6124063125 0.512032453125 0.609707971875 0.5126060031249999 0.60727946875 0.513122196875 0.607374971875 0.51357150625 0.6077903421874999 0.5181793156250001 0.6082845390625 0.5218311484375 0.60898641875 0.5277868875 0.609227459375 0.5329013609375 0.6109798828125 0.5437995078125 0.611220921875 0.54891398125 0.6131810296875 0.5621160328125 0.6146636187500001 0.573071534375 0.6155398296875 0.578520609375 0.6177485328125 0.582277621875 0.6197662296875001 0.5851360156250001 0.622688928125 0.58827165625 0.6254373 0.5919139609374999 0.6291861796875 0.5962828203125 0.6323787140625 0.5993611046875 0.6357622562499999 0.6033380078125 0.6397188203125 0.6100107718750001 0.6418320203125 0.613318475 0.6450745859375 0.6206126140625 0.647648628125 0.6247615828125 0.649683 0.6290252625 0.6519872062500001 0.6332315859375 0.6536395640625 0.635698025 0.6562136046875 0.6398469953125 0.6576916328125 0.6428201 0.6592484859375001 0.644837228125 0.6610584984375001 0.6453917171875 0.6651060046875 0.64453139375 0.6706770109375 0.64287763125 0.675247509375 0.6404973109375 0.6813581828124999 0.6387288390625 0.68403984375 0.6367500046875 0.6854966328125001 0.6303354265625 0.6870155703124999 0.6215595890625 0.687882659375 0.6110438671875 0.6868275578125 0.5981190609375 0.681703709375 0.5766668968750001 0.67831560625 0.5647075953125 0.6762145234375 0.5548227781249999 0.6734449140625001 0.541792790625 0.6714393359375 0.532357284375 0.6694170796875001 0.5215164921875 0.6676813328125 0.5120236296875 0.6662487765625 0.5052839812500001 0.6641977265625 0.49961501875 0.66195566875 0.49304743437500004 0.6598424703125 0.48973973125 0.6551431140624999 0.48886017031250006 0.6500784203125 0.4875886546875 0.6450137265625 0.48631714062500003 0.640584203125 0.485380225 0.6373295203125 0.48466319999999996 0.63148411875 0.47839192031250005 0.62651036875 0.4695873171875 0.6241273359374999 0.46633696875 0.6222218203125001 0.46533316874999997 0.623766559375 0.47392741093749996 0.6241652515625 0.477129934375 0.6243107875 0.4817950984375 0.62428199375 0.48696692812500003 0.623331515625 0.49045622499999997 0.622381040625 0.493945525
3 0.6073641453125 0.3834918859375 0.6102959671875 0.40259232031250003 0.6154531703125 0.42685505468749996 0.620564903125 0.4548843296875 0.6216487984375 0.46263730937499997 0.6277973890624999 0.47166180312500006 0.6330409734375 0.48040905 0.63913953125 0.48521768906249996 0.6466327296875 0.485973009375 0.6574761140625001 0.487894665625 0.6627939640625 0.4877035421875 0.6701128328125 0.4889655265625 0.676746496875 0.48567705937500005 0.6816656546875 0.482283409375 0.6854220890625 0.4720927578125 0.6872275390625 0.46466485156250004 0.6894892687499999 0.45009581093750006 0.6884462828125 0.4305938921875 0.68446391875 0.4065510484375 0.6805315875 0.386724059375 0.6735931671875 0.3567350078125 0.668710359375 0.34039731562500003 0.6627482140625001 0.32428904531249997 0.6579487937499999 0.314977778125 0.650675396875 0.3099492484375 0.6411690640625001 0.31431793125 0.63223575625 0.321382471875 0.626702665625 0.333829203125 0.618774425 0.34960269843749997 0.61308368125 0.363961378125 0.6089952640625 0.37657064375 0.6073641453125 0.3834918859375
3 0.6806818234375 0.48296214062500004 0.6788096640625 0.48476890937499995 0.67585816875 0.48680509843750003 0.6737950015624999 0.4877132484375 0.6706525 0.4888508171875 0.669033496875 0.489194946875 0.6652391468750001 0.4885926328125 0.6627151375 0.48865951562500004 0.6603654609375 0.48821973593749995 0.659016290625 0.48850651093749997 0.6591117953125 0.48895582031249996 0.661494828125 0.4922061703125 0.6628940296875 0.49613525 0.6646752453125 0.5018615671875 0.6666474703125 0.5084865062499999 0.6679845234374999 0.51477684375 0.6695125828124999 0.5219658015624999 0.6713104765625 0.5290974046875 0.67390575625 0.54263405625 0.677456071875 0.56066380625 0.6798269890624999 0.57049126875 0.6813050171875 0.5734643734375 0.6827830453125 0.576437478125 0.6852449046875 0.5787318515625001 0.6898199625 0.58433393125 0.6940918328125 0.5871827953125 0.6970145328124999 0.590318434375 0.7004935796875 0.5947446484375 0.7054961234375 0.5983774234375 0.7088629890625 0.60094904375 0.7137867078125 0.6055377921875 0.7139777140625 0.6064364109375 0.7164228968749999 0.6073255015625 0.719295565625 0.6062452875 0.7217862187499999 0.603367834375 0.7245467046875 0.600433025 0.72746484375 0.5955862671875 0.7290504921875 0.59243156875 0.7317154765625 0.5890474484375 0.73545979375 0.5854339109375 0.73785494375 0.582107146875 0.7406942578125 0.5782163640625 0.739755896875 0.57512855 0.7356704734374999 0.5651959078125001 0.731630521875 0.5514967203125 0.7298326265624999 0.5443651171874999 0.727050903125 0.53791224375 0.7217739625 0.5263544265625 0.7150978218749999 0.51086753125 0.7106303828125 0.4991376484375 0.7044150828125 0.48449201718749996 0.7015211765625 0.47618455 0.6990259609375 0.47107960625 0.6963730953125 0.4678866109375 0.6927030421875 0.462561778125 0.6885099984374999 0.45875693906250004 0.6877338515625 0.46173957187500003 0.6870532093749999 0.4651715171875 0.685073428125 0.4731060875 0.6841229531249999 0.4765953875 0.6824584796875001 0.4807060609375 0.6806818234375 0.48296214062500004
3 0.6893983265625 0.4576289 0.694434225 0.4640722421875 0.7053322046875 0.4781921484375 0.71008159375 0.4832875625 0.718816340625 0.4898839125 0.726438396875 0.4938991125 0.734853278125 0.49633696250000003 0.740503109375 0.49372722500000005 0.7428103109374999 0.47539163906250004 0.7433817671875 0.44756319375000003 0.7430527796875 0.4274399 0.7404650562499999 0.3993437390625 0.7381517265624999 0.37917261875 0.73473026875 0.3644027484375 0.7306524015625 0.33991059375 0.727355240625 0.32041820468750004 0.7235396515625 0.31042820781249997 0.7199651015625 0.305552684375 0.7104087375 0.3057055109375 0.70193626875 0.31361131875 0.6954360234375 0.3281420640625 0.685274846875 0.35331277031249997 0.680493671875 0.3759310921875 0.67881251875 0.37863648125 0.6837953921875 0.40340587968749997 0.6887161171875 0.4305365375 0.6896923921875 0.4444173171875 0.6893983265625 0.4576289
3 0.4149061984375 0.5859458671875 0.41668741562499995 0.591672184375 0.41802446875 0.597962521875 0.4186141671875 0.602063665625 0.420046725 0.608803315625 0.42220995468750006 0.6163268734375 0.4242610046875 0.6219958359375 0.4272337390625 0.6293473296875 0.4308583203125 0.6384387078125 0.43413424218749996 0.6485434140625 0.43775882499999996 0.6576347921875 0.4402707171875 0.6641450203125 0.44370429062500005 0.672337778125 0.44602517500000005 0.6779493875 0.449076734375 0.6843449046875001 0.44926774218750004 0.685243525 0.4504592578125 0.6868687 0.45261792968750003 0.6864098609375 0.45693527031250003 0.68549218125 0.4599034421875 0.6848612765625 0.46395095 0.684000953125 0.4666492875 0.6834274031249999 0.47096662812499995 0.682509725 0.4741258078125 0.6827774390625 0.47544162187500005 0.6796800953125001 0.4767240828125 0.6737721828125001 0.47891154687500004 0.6681415140625 0.48116115937500004 0.6601495859375001 0.48225261093749994 0.6533430546875 0.48348503750000005 0.6432192875 0.484352128125 0.632703565625 0.48479173124999997 0.624157146875 0.48457948437500004 0.6138708453125 0.48319239999999997 0.6033646546875 0.482108503125 0.5956116765624999 0.47992859374999997 0.586682834375 0.47746217343749997 0.5764060609375 0.4760296171875 0.5696664140625 0.47465920937500006 0.56056550625 0.47349648593750004 0.5537685031249999 0.4717940953125 0.5470862109375 0.46809525 0.5469332046875001 0.46052322500000004 0.5471338593749999 0.45547520781250006 0.547267628125 0.4514110234375 0.5467226671875001 0.4476955 0.5451643765624999 0.4441543046875 0.543099421875 0.4392760578125 0.534744128125 0.4351451625 0.52857803125 0.4323801140625 0.5235304421875 0.430520071875 0.5187600984375 0.4290632828125 0.5251746765624999 0.428573646875 0.529505240625 0.4283993171875 0.5300119046875 0.42657718906250003 0.536034528125 0.4262452078125 0.5384531406249999 0.42492939375 0.5415504859375 0.4216292390625 0.544600003125 0.4171542453125 0.5474296328125 0.4161704140625 0.5481083625000001 0.411234578125 0.5500967265625001 0.40863174375 0.5511195859375 0.4090304359375 0.5543221109375 0.40963681406249997 0.5598285375 0.4103220171875 0.5643789921875 0.4112937328125 0.5702773765625 0.4128217921875 0.5774663328125 0.4149061984375 0.5859458671875
3 0.48361076406250003 0.5854305546874999 0.487173196875 0.5968831906250001 0.488381390625 0.5999136515625 0.4907356296875 0.608335828125 0.49361285937500005 0.6152380125 0.49749059687499997 0.62286675 0.5012728328125 0.630046178125 0.5048473812500001 0.6349217031250001 0.5077246109375 0.641823884375 0.509949990625 0.646986184375 0.5147494125 0.6562974515625 0.5161319359375 0.658821246875 0.5177221453125 0.6636489453125 0.5190258421875 0.667128715625 0.5201552109375001 0.671115146875 0.5240950984375 0.676382628125 0.5277939453125 0.6765356328125 0.532572128125 0.67645921875 0.534651971875 0.676956353125 0.536428628125 0.674700275 0.539093609375 0.6713161546874999 0.54175859375 0.6679320375 0.5436929015625 0.663764009375 0.545880365625 0.658133340625 0.5480511531250001 0.6510973875 0.55122245 0.644787990625 0.5537585734375 0.63814399375 0.555310865625 0.6321787249999999 0.5550531484375 0.625658965625 0.554222409375 0.6164433484375 0.5528686796875 0.6087477265625 0.5515316265625 0.6024573890625 0.5498125593750001 0.5943698109375 0.5485710109374999 0.5885287828125 0.5476948 0.5830797078125001 0.5462622421875001 0.576340059375 0.544447671875 0.5678031734375 0.5432682703125 0.5596008859375 0.5419312171875 0.5533105468749999 0.54021215 0.54522296875 0.538206571875 0.5357874609375 0.53686951875 0.5294971234375 0.5353414578125 0.5223081656249999 0.53371789375 0.514669896875 0.5326840296875 0.5111327734375 0.5322732203125 0.5145073625000001 0.5307209281249999 0.5204726296875 0.5277239625 0.5262753625000001 0.5257563000000001 0.5276328218749999 0.5204718046875 0.5306345171875 0.5152828125 0.53408551875 0.5104424812499999 0.53652319375 0.5040786500000001 0.53975430625 0.4904293078125 0.5445340015625 0.4868259640625 0.5448303078125 0.4816991203125 0.5459200515625 0.475223109375 0.5472965703125 0.47570062812499997 0.5495431187500001 0.47678452499999996 0.557296096875 0.47764405937500004 0.5613398859375 0.4794419515625 0.5684714890625 0.4814308546875 0.5765017125 0.48361076406250003 0.5854305546874999