3 0.6114121234375001 0.6892084109375001 0.6223346703125 0.68537413125 0.6326589703125001 0.6769555078125 0.6425942453125 0.6628761984375 0.6542828296875001 0.6372228796875 0.6631512875000001 0.6158617796875 0.6818858328124999 0.58971636875 0.6945208093749999 0.557917265625 0.70334894375 0.5291015671875 0.69956060625 0.5090036140625 0.6948362296874999 0.5013832046875 0.6890755578125 0.4965400640625 0.6789501203125 0.4975505828125 0.663582159375 0.49232932500000004 0.6506060765624999 0.48757300312499996 0.63890603125 0.489022125 0.6206580109375001 0.48584740625 0.617847690625 0.4875351640625 0.604844403125 0.5263370953125001 0.6002611640625 0.544807778125 0.5939845515625 0.5770981453124999 0.5960784125 0.593143346875 0.5974252953125 0.616862446875 0.5988724359375001 0.6502818203125 0.6020636328125 0.68366786875 0.6114121234375001 0.6892084109375001
3 0.2385986859375 0.46817796874999995 0.234701940625 0.46779285625 0.22666925937500002 0.46697613593750004 0.2214071234375 0.46595328125 0.2188757640625 0.46620591093749997 0.214222234375 0.4760991578125 0.20986782656249997 0.48828457500000005 0.20348059687500003 0.5045429078125 0.2029826125 0.509658840625 0.20060109062499998 0.515525665625 0.19976420781249998 0.5198310484374999 0.19782128906250002 0.52727248125 0.195759053125 0.539158775 0.19365704374999998 0.5525266921875 0.19223282656250001 0.5675157093750001 0.190020753125 0.5737878078125 0.1890046171875 0.5802923765625 0.1889948125 0.5828968359375 0.187121634375 0.5899794859374999 0.18607553125 0.5953612140625 0.18488995 0.6014605046875 0.1831164796875 0.6093072125 0.1824092734375 0.615499490625 0.18183174062500002 0.623578665625 0.18053664687499998 0.6315183609374999 0.180756225 0.636773775 0.1790623 0.6416572406250001 0.17770726875 0.64735125625 0.177149346875 0.6502215125 0.1777176265625 0.653683015625 0.1791429484375 0.6565664359375 0.1823521 0.6579349078125001 0.1861491390625 0.6575559640625 0.18960728124999998 0.65636646875 0.193105196875 0.653695353125 0.196543178125 0.6487785578125 0.2000808671875 0.644625821875 0.2035488171875 0.6408318671875 0.2056116046875 0.6378817906250001 0.20726575781249998 0.6344799453125 0.214848925 0.6184540796875 0.21892437343750001 0.6077037890625 0.22171453125 0.6022887328125 0.22340845625 0.5974052671875001 0.22475368125 0.5943157109375 0.2263081265625 0.590149809375 0.2288193234375 0.5861698796875 0.2298556203125 0.5833926125 0.233014640625 0.579910946875 0.23750908124999998 0.5759441828125 0.24186404218750002 0.5726949828125 0.2471457859375 0.5685089203125 0.25129152499999996 0.566336065625 0.254311065625 0.5635719625 0.2566827828125 0.5603095984375 0.25977150937500004 0.5482504953125 0.26175365 0.5303912234375 0.2635761453125 0.509522215625 0.26943486875 0.4883207578125 0.2730417453125 0.47487302187499997 0.273011778125 0.47375018124999996 0.2695236671875 0.4738168375 0.2656966609375 0.4730729421875 0.25863053593749996 0.46983773749999996 0.25360758906249997 0.4688613765625 0.246053284375 0.46813764375 0.2385986859375 0.46817796874999995
3 0.5767662015624999 0.46391153437500005 0.5750019828124999 0.46021756406250003 0.5657341421875001 0.46958621718750004 0.5556386718749999 0.471719575 0.5458221625 0.4724178046875 0.5408389890625 0.469959821875 0.5343613046875 0.47391342031250006 0.5325883859375 0.49069634687499997 0.52897225625 0.5156847609375 0.5250074265625 0.5424670859375 0.51804321875 0.5757408125000001 0.513141246875 0.5971282453125 0.505837040625 0.6117189828125 0.5081695359375 0.618874459375 0.5123163796875 0.6345740421875 0.5131151453125 0.6585589374999999 0.5160862125000001 0.6777533515624999 0.5215575671875 0.6776998625 0.52988881875 0.6718725328125 0.5428643484375 0.6676926375 0.5533771546875 0.6455341531250001 0.5598145140625 0.63412595625 0.5744632562499999 0.6123990781249999 0.58616164375 0.5841413 0.5920209187500001 0.5718760609375 0.6015262906250001 0.5357452453125 0.6117198125 0.5075672890625 0.6170206140625 0.489236084375 0.6115688703125 0.48408065625 0.5948851 0.47413557656250005 0.585287615625 0.471153 0.582028334375 0.464934390625 0.5767662015624999 0.46391153437500005
3 0.7668427015625 0.530645703125 0.7628566046875 0.5358282921875 0.75724576875 0.5365993437500001 0.75440548125 0.5371642640625 0.7543858703125 0.5423731828125 0.754057334375 0.547894390625 0.7543166828125 0.551668184375 0.7569777171875 0.55330245 0.7598081999999999 0.5553419921875 0.7613631984375 0.5601123078125 0.763027709375 0.563042221875 0.7647919265625001 0.5667361921875 0.766247215625 0.570742453125 0.7676725390625 0.573625871875 0.7716292203124999 0.5762566640625 0.7794826484375 0.57927256875 0.7838577703125 0.5797506671875 0.7919601921874999 0.5802086046875 0.7986274875 0.5803875828125 0.8060423125 0.581828878125 0.8136663578125001 0.582193828125 0.820782059375 0.581342953125 0.8247185796875 0.5802464453125 0.8269606203125001 0.575097184375 0.8299000640624999 0.5663601046875 0.8331184671875 0.556187896875 0.8349017421875 0.5457367296875 0.8370533281249999 0.5282827328125 0.8382786843750001 0.5207018203125 0.8382383578124999 0.513247221875 0.8382280015625 0.5069154640625 0.8383870921875 0.50098898125 0.8399012125 0.4893684796875 0.8416147484375 0.4792760953125 0.8454308453125 0.4647520125 0.849286715625 0.44874630781249997 0.8536405703125001 0.42762467031250007 0.8569880968750001 0.41040314218749996 0.8578146203125 0.399766 0.8575351078125 0.392264909375 0.856607771875 0.38426555625000003 0.8561190375000001 0.3778408109375 0.8558994609375 0.37258539687500003 0.852909334375 0.3675361203125 0.8511750859375 0.3649649890625 0.8488627515625 0.36153681249999997 0.8472282078125 0.35972973750000004 0.8448363296875 0.359264803125 0.841657146875 0.35901917031249997 0.8380992953125 0.359444609375 0.8353886828125001 0.3618964234375 0.8308245031249999 0.36622196875 0.8265294781250001 0.37171684531250004 0.824675909375 0.3735905765625 0.819872540625 0.3778696265625 0.8175705640625001 0.380773209375 0.8151890421875001 0.386640034375 0.812100315625 0.3986991375 0.8094300265625 0.40860555 0.8082144781249999 0.41358200156249997 0.806271559375 0.421023434375 0.8051355546875 0.42303664531249996 0.80214598125 0.42692358593749996 0.7991564078125 0.430810528125 0.7967149515624999 0.4344316734375 0.7953697265625 0.43752123281250005 0.7933870359374999 0.44644428437499994 0.791284475 0.45087598125 0.7863416265625001 0.4558725984375 0.782634490625 0.4596200578125 0.7793757609374999 0.46233766718749997 0.7763861890625 0.46622460937500004 0.7767054734375 0.47224407968750004 0.7764374234375 0.488947184375 0.7750431734375 0.5050590406250001 0.7731302234374999 0.5136233109375 0.7711175640625 0.521423525 0.7668427015625 0.530645703125
3 0.406175090625 0.4259115890625 0.4069629453125 0.43462850625 0.41394952500000004 0.44082695312500003 0.41844451875 0.44579640937500004 0.42449395624999997 0.4465999640625 0.435866015625 0.45960826718750003 0.43959386718750004 0.468524325 0.4459723953125 0.4727428890625 0.4527001765625 0.48410376250000003 0.46542671406249997 0.48248183281249996 0.4779941609375 0.48678638750000003 0.50179308125 0.48694437187500006 0.506546871875 0.48675140156249996 0.5164532828125 0.48942168906249994 0.5244756078125 0.48390665000000005 0.5324478015625 0.47354147187500006 0.5347895515625 0.46915626875000005 0.5408073640625 0.44202832656249996 0.5449018703124999 0.417132896875 0.5412039859375 0.40933968125 0.543553884375 0.3755413609375 0.54321333125 0.3479221546875 0.5362452578125 0.31864235 0.5169195109375 0.2929178640625 0.50141206875 0.288414171875 0.4898711140625 0.283936809375 0.4721717609375 0.2894325140625 0.46414943593749997 0.2949475546875 0.4563564953125 0.3031135484375 0.449112221875 0.3199499640625 0.4377325671875 0.34529099375 0.423991 0.371289928125 0.4136378359375 0.3964581484375 0.41013066875000004 0.41066994218749997 0.406175090625 0.4259115890625
3 0.17374437812500002 0.3829656625 0.1715720765625 0.3877561421875 0.167745621875 0.39594846562499997 0.162952609375 0.40655927500000005 0.15269970625 0.4414277734375 0.1503187375 0.456230815625 0.14718043125 0.472376 0.1463043296875 0.487099221875 0.14715212187499999 0.49806181718750003 0.1633471578125 0.5015821515625001 0.1782465484375 0.5041059625 0.1874751703125 0.5051551484375 0.19345486875 0.506317484375 0.195846746875 0.5067824187500001 0.199922746875 0.5049683468749999 0.2012979390625 0.503001628125 0.2037791671875 0.4978988609375 0.20887130156249997 0.489580221875 0.2131461640625 0.4803580453125 0.21729135312499998 0.4692489734375 0.2191748890625 0.4684980828125 0.2274265953125 0.46563399531250005 0.23600739218750003 0.4661849203125 0.24745844374999998 0.467293765625 0.25477356093750003 0.467971003125 0.2633745203125 0.4722492265625 0.27024123125 0.4739563171875 0.2728423296875 0.47334490625000003 0.2771171921875 0.46412273125 0.2799171546875 0.45610321562499995 0.284500946875 0.44656874999999996 0.289383859375 0.43932645625 0.29284200312499997 0.43813696249999995 0.292961321875 0.4336921 0.29181440625 0.42043733124999993 0.29024905156249997 0.40933525781249996 0.286042825 0.4003262140625 0.28241468125 0.3921742140625 0.27938423125 0.379670340625 0.2784770578125 0.3753982859375 0.27641371718749996 0.36941214375000003 0.271051875 0.36762523125 0.2681614578125 0.3633400109375 0.2581858578125 0.3699647234375 0.2476419796875 0.3731279328125 0.23667910937499997 0.369507615625 0.22744013125 0.3621266703125 0.2223768578125 0.35369571093749996 0.2206120890625 0.341065521875 0.21988416718749998 0.33459428281250003 0.21826923593749997 0.3275782875 0.21558803750000002 0.322216721875 0.21416271562500003 0.3193333015625 0.2119800578125 0.3177920203125 0.20805334375 0.31628406875000004 0.2059409765625 0.32332022656250003 0.2000517328125 0.33446262656250003 0.1923486953125 0.3459971359375 0.18097884375 0.36873370625 0.175916678125 0.378175184375 0.17374437812500002 0.3829656625
3 0.73393185 0.6437689703125 0.730115753125 0.658293053125 0.7306540640625 0.66063171875 0.7333450671875 0.663388825 0.73480035625 0.6673950828125 0.7358671734375 0.6746768734375 0.7403229453125 0.69006416875 0.7433833640625 0.7036908828125 0.745367159375 0.7126402656249999 0.7480984859375 0.72285196875 0.7519658171875 0.7310504625 0.7556043171875 0.7455342203125 0.758793859375 0.7521116125 0.7634882671875001 0.7586091828125 0.7673752078125 0.761598753125 0.7687204328125 0.7585091984375001 0.7704840984375 0.75326695 0.7734633125 0.74304825 0.77579470625 0.7323312875 0.7769802875 0.726231996875 0.7781658703125001 0.720132703125 0.7807266453125 0.71206669375 0.7838753078125 0.7022532703125 0.787153646875 0.694326740625 0.7908803921875001 0.6853703609374999 0.793610615625 0.6777096265625 0.7958624609375 0.6699559046875 0.7973869390625 0.6646671640624999 0.79837310625 0.6570397578125 0.7994192078125 0.6516580296875001 0.8003754078125 0.642907784375 0.80149125 0.637167275 0.8023679046875 0.631380271875 0.803792121875 0.6163912546875 0.8047085484375 0.6091226296875 0.805076859375 0.6021198015625 0.8033720234375 0.5917352890625 0.8027040390625 0.587509728125 0.8009196578125 0.5800884578125001 0.7981491109375 0.5802945953124999 0.7926777578124999 0.580348084375 0.7851931921874999 0.5792655703125 0.7779478140625 0.57822955 0.7710811046875 0.576522459375 0.7681111406250001 0.57520048125 0.7653504 0.5728021562500001 0.7620317359375 0.5732740890625 0.7542682093749999 0.5736267015625 0.7524146421875 0.5755004328125 0.75072126875 0.5893201171875 0.7440354703125001 0.6122224968750001 0.738575025 0.6275439656249999 0.73393185 0.6437689703125
3 0.5631782015625 0.3946217984375 0.5567610046875 0.4097572921875 0.5562935390625 0.4249322828125 0.5579586015625 0.43679841562500005 0.5559061703125 0.4460802515625 0.5593447031250001 0.45009967656249994 0.56288294375 0.4548831578125 0.56661024375 0.4548629953125 0.57105510625 0.45498231406249995 0.575689578125 0.45923420625 0.577075128125 0.463599246875 0.581789146875 0.464887896875 0.5862144 0.47021613437500004 0.587300825 0.4722890046875 0.5917456890625 0.472408321875 0.5972072374999999 0.4749592921875 0.6041338828125 0.4789120609375 0.6096951390625 0.4822270875 0.6159042203125 0.4860403765625 0.624275796875 0.48766764531250006 0.633165521875 0.4879062828125 0.645035015625 0.48686243593749995 0.654333375 0.4875528390625 0.6553898359375 0.488502871875 0.6607516765625 0.490289784375 0.66897396875 0.4952390765625 0.67813285 0.4966470453125 0.6809230078125 0.4912319890625 0.6815599203125 0.476462275 0.6828550140625 0.4685225796875 0.6830124484375 0.43578744062499997 0.682971571875 0.4193966234375 0.679861025 0.40091977187500005 0.6753845375 0.3728689578125 0.6719443468749999 0.3420408765625 0.6694118828125 0.32442106875 0.6609193328125 0.30043000625 0.653713175 0.28897614531250004 0.63927255 0.2917542421875 0.6278514671875 0.2917682359375 0.6230181296875 0.2949244484375 0.614059215625 0.3039808140625 0.607363059375 0.3205514359375 0.5966105140625 0.333727209375 0.5905218546875 0.34334149531249997 0.5800782359375 0.3562049796875 0.5689573796875 0.3763835828125 0.5631782015625 0.3946217984375
3 0.7985926828125 0.6622951703125 0.795653240625 0.67103225 0.7928434734375001 0.6816562265624999 0.7837657953125 0.704093671875 0.7849023515625 0.7110166796875 0.787056146875 0.7293075578125 0.7940852609375 0.778705478125 0.795999315625 0.7880136453125 0.797374509375 0.7860469265625001 0.799447103125 0.780492390625 0.8017485265625 0.7686525890625 0.8019076171874999 0.7627261062499999 0.8055346562500001 0.7530056671875001 0.8088129953125 0.7450791375 0.8143235703125 0.7346078078125 0.8179108359375 0.7263689906249999 0.821468134375 0.7170073343750001 0.82530439375 0.70621055 0.8282536421875 0.6948690109375 0.830684740625 0.68491610625 0.8323683093750001 0.67370088125 0.8338824296875 0.66208038125 0.8347988562499999 0.65481175625 0.8363729125000001 0.6454369359375 0.835843853125 0.6315575921875001 0.8340594749999999 0.6241363203125 0.832683728125 0.6171668203125 0.831029025 0.6116324468750001 0.8282780859375001 0.6066296624999999 0.8223381609375 0.60398570625 0.8162887234375 0.6031821515625 0.8083857171875 0.6042523296875 0.8048578328125 0.60580060625 0.8047684828125 0.6113683078125 0.8042209203124999 0.620570321875 0.8019598203125 0.639864721875 0.800615146875 0.651890496875 0.7985926828125 0.6622951703125
1 0.558378146875 0.4525181625 0.56400914375 0.45547440625 0.575849221875 0.46224394062499996 0.576287271875 0.4548823296875 0.5748112671875 0.43821255312499996 0.571531825 0.42826664374999995 0.563020215625 0.4184207203125 0.5609770359375 0.4161618765625 0.556013475 0.408494975 0.557948796875 0.43940287656250004 0.5573211359375 0.4426319125 0.558378146875 0.4525181625
3 0.2980327390625 0.4127099421875 0.295860990625 0.426436640625 0.29810413593749996 0.43915981718749997 0.307302790625 0.4390861640625 0.318923290625 0.44060028593749995 0.3265778546875 0.45102429375 0.33676378125 0.461195671875 0.3513144703125 0.46551339062499997 0.36995151718749997 0.4743487984375 0.37580154062500004 0.4736242375 0.3852497390625 0.4799288375 0.3921360578125 0.47642700781249997 0.40136357343749995 0.45960375625000005 0.40656466875 0.440508496875 0.40704249218750005 0.43166526562499996 0.4067520703125 0.40889619687499995 0.40231590625 0.38829998125 0.3997333140625 0.365830034375 0.394040725 0.33381945625 0.3852893765625 0.31499081875 0.3797379234375 0.3090713328125 0.36552668125 0.31450038281250003 0.358021953125 0.30969056875 0.3526900796875 0.30902649531250004 0.3448568140625 0.3097378921875 0.3377912421875 0.3154389046875 0.33352618437500003 0.322056621875 0.3254646390625 0.3379895 0.3214197109375 0.35879884687499997 0.31247005156249996 0.356314534375 0.30539577812499996 0.38249244375 0.3037225671875 0.4000394296875 0.2980327390625 0.4127099421875
3 0.678517590625 0.59427438125 0.67480065 0.6006263015625 0.6703961125 0.60796158125 0.6667489109375 0.6139547203125 0.6644769015625 0.61798114375 0.6614077828125 0.6248313249999999 0.6591957109375 0.6311034265625 0.659614703125 0.637886953125 0.6602429171875001 0.6435941359374999 0.664737909375 0.648563590625 0.667867515625 0.65289530625 0.6704391984375 0.6600972734375 0.6724229953124999 0.6690466578125001 0.675523184375 0.68119175 0.6776764281250001 0.690546409375 0.6798198656250001 0.7025055296875 0.6830595359375 0.713933059375 0.6875447234375 0.7215069734374999 0.694900165625 0.7296388109375 0.7015178828125 0.7339038671875 0.71204215 0.735949578125 0.714513575 0.7334512703125 0.7189480796875001 0.72723883125 0.7201538249999999 0.7248668375 0.7232223921875 0.7090804359375 0.724377453125 0.6929220859375 0.728083484375 0.6713021875 0.730464453125 0.65649914375 0.73480850625 0.6379819671875 0.7409963187499999 0.62019551875 0.744453909375 0.6100698062500001 0.7494457828125001 0.592050890625 0.7503224390625001 0.5862638875 0.7523449015625 0.5758592140625 0.755343728125 0.56043159375 0.7549841171875 0.546957525 0.7539570734375001 0.538194115625 0.7516747078125 0.535888778125 0.724915628125 0.5318043546875 0.70830215 0.5304367125 0.703687840625 0.52991211875 0.700260215625 0.5411606703125 0.6942418499999999 0.5593523921875 0.6891600734375001 0.574002790625 0.685642546875 0.5818828265625 0.6821647937499999 0.588281240625 0.678517590625 0.59427438125
3 0.2548897015625 0.5733652265625 0.24661948906250003 0.59931066875 0.2412783609375 0.6101872734375 0.24026222812500003 0.6166918421875 0.24407998125 0.6289764156250001 0.2500204578125 0.6405565890625 0.2582727171875 0.646628721875 0.26766098125000004 0.65068764375 0.28134427031250003 0.6492516875 0.290163703125 0.6409128875000001 0.3000297890625 0.6361285750000001 0.3075835421875 0.6279160890625 0.31788768125 0.61577016875 0.3285704875 0.6029531765625 0.337400278125 0.600946134375 0.347057696875 0.6061743875000001 0.3494599328125 0.61297108125 0.3512230453125 0.5987926140625001 0.35100291562499997 0.5846009828125001 0.35037415 0.56995758125 0.3492969765625 0.556344034375 0.35217648437500004 0.5453612765625 0.35330213125 0.53701630625 0.353808265625 0.5024872578124999 0.3478873984375 0.48569816250000003 0.344777403125 0.47615752968749997 0.3423255890625 0.473446915625 0.339216146875 0.47284250156249996 0.3380398171875 0.467401115625 0.33314599375 0.45937543124999997 0.32260101093750004 0.444666203125 0.31755790156249997 0.43996254375 0.2988614734375 0.4378176765625 0.2929814828125 0.4374193984375 0.2875003234375 0.44007735 0.2775356328125 0.4619700390625 0.2679501640625 0.492127878125 0.2634764390625 0.508758159375 0.261823390625 0.530032440625 0.25876518125 0.5521506015625001 0.2548897015625 0.5733652265625
3 0.168083546875 0.5423429750000001 0.1643170296875 0.552780978125 0.16059028125000002 0.561737359375 0.1585378515625 0.57101919375 0.1565453546875 0.5825467078125001 0.1551211375 0.597535725 0.1536467890625 0.607674603125 0.1530594515625 0.6183582375000001 0.1525118890625 0.6275602515625 0.1524623109375 0.6316463328124999 0.152243284375 0.6353271375 0.152163740625 0.6382903796875 0.15225364218749998 0.6416588953125 0.1525031890625 0.6480371484375 0.15255331875 0.6528872859375 0.1544570171875 0.65586369375 0.15475613906250002 0.6581558656250001 0.158722075 0.6492459765625 0.163584825 0.638276384375 0.1692348796875 0.6270874921875 0.1751840578125 0.6181907703125 0.181532065625 0.612350275 0.182149921875 0.6117257 0.18314644687499998 0.6104300515625 0.1850294296875 0.6007429421875 0.187470334375 0.588185575 0.188406925 0.5846442515625 0.18991123906250001 0.5756282109375 0.19140574999999999 0.56921663125 0.1927907484375 0.564645453125 0.19402590625 0.5544600796875 0.195051846875 0.5453510546875 0.1964564546875 0.5355709578125001 0.19764203593750002 0.5294716640625 0.1987279109375 0.522608315625 0.2024045265625 0.508801796875 0.1958069734375 0.5082640375 0.1886313375 0.5068692359375 0.1846948171875 0.50796574375 0.180330053125 0.5138194031250001 0.17464022343750002 0.5264899171875 0.168083546875 0.5423429750000001
3 0.6796774890624999 0.495085603125 0.683743684375 0.495875990625 0.6854180000000001 0.4962014453125 0.6895839015624999 0.49775588906249996 0.69347084375 0.5007454625000001 0.6967698953125 0.5054824515624999 0.6986735937499999 0.508458859375 0.7015242390624999 0.5142256984375 0.7021426484375 0.522537340625 0.7033587484375 0.52649710625 0.705641115625 0.52880244375 0.7143913609375 0.5297586437499999 0.7253940046875 0.5318973406249999 0.7359182718749999 0.5339430515625 0.7485652640625 0.5352843625 0.7573852484375 0.53588178125 0.7630957921875 0.535874784375 0.7680484453124999 0.528273709375 0.7725723015625 0.516493565625 0.7751526859375 0.5032186390625 0.776228203125 0.49002352968749996 0.7762870328125 0.47439677187499996 0.77622599375 0.45427865624999997 0.7764341109374999 0.43532987187499994 0.7767915109375 0.413059065625 0.7775880671875 0.401299084375 0.7776572546875 0.392004084375 0.7763708609375 0.37946688281249996 0.7750147265625 0.3672884609375 0.7730805078125 0.3542529953125 0.7701595718750001 0.33990871875 0.7682656796875 0.3343278515625 0.763800653125 0.330481234375 0.7590267015625 0.32694690625 0.7534256703125 0.3251135015625 0.7486718812500001 0.325306471875 0.742583221875 0.3349207578125 0.733674990625 0.357763478125 0.72996840625 0.370447159375 0.7245875078124999 0.382805384375 0.7187380375 0.3924661640625 0.7141640515625001 0.39939616875 0.70705870625 0.40657880312500005 0.70152796875 0.413322834375 0.6935655796875 0.4210835515625 0.6903765921875 0.42344237968750004 0.68643026875 0.427143346875 0.6843576734375 0.4326978828125 0.68308329375 0.4533010953125 0.68266540625 0.4643900046875 0.6827057296875 0.471844603125 0.681480375 0.479425515625 0.68057430625 0.49302589843750005 0.6796774890624999 0.495085603125