3 0.7467076109375 0.39316193906249997 0.7485552625 0.4048275484375 0.7529425843750001 0.4121048328125 0.7579457890625 0.423270653125 0.7661045484375 0.43393668124999996 0.7768029765625 0.4402143828125 0.7805744140625 0.4436031296875 0.7912728421875 0.44988083124999995 0.8013553874999999 0.45226999531249995 0.811437934375 0.4546591609375 0.8209045953125 0.4531597890625 0.83037125625 0.45166041718749994 0.8467649093749999 0.45305 0.853076015625 0.45205041875 0.8619267953125 0.44666251093750003 0.8663902515625 0.43399731875 0.8708537062499999 0.421332128125 0.8721616093750001 0.4091667265625 0.8740853953125001 0.40088986249999997 0.8722377437500001 0.3892242515625 0.87039009375 0.377558640625 0.8647710046875 0.36250428437500004 0.8603836828125001 0.3552270015625 0.8528408093750001 0.348449509375 0.8459138171875 0.3455605546875 0.835831271875 0.3431713890625 0.82890428125 0.340282434375 0.81943761875 0.34178180625 0.8068154046875 0.34378096875 0.7979646265625 0.3491688765625 0.79165351875 0.3501684578125 0.77587575 0.3526674109375 0.767024971875 0.3580553203125 0.7613297484375 0.3629434375 0.755634525 0.36783155624999997 0.7511710671875 0.380496746875 0.7486313984375 0.384885075 0.7467076109375 0.39316193906249997
3 0.185641721875 0.6494415390625 0.2001115859375 0.6591079875 0.216505240625 0.6604975703125 0.2291274546875 0.6584984078125 0.24367345624999998 0.64822238125 0.2512924671875 0.6350574 0.2570638265625 0.6102268078125 0.2646828359375 0.597061825 0.2653748546875 0.5810078859375001 0.269222428125 0.5644541578125 0.269914446875 0.5484002203125 0.2706064640625 0.5323462828125 0.2568286171875 0.5066258984374999 0.24489842187500002 0.4925711234375 0.22665711875 0.479515928125 0.212803134375 0.4737380171875 0.205260259375 0.466960525 0.1882507234375 0.4616824046875 0.171857071875 0.46029282031249996 0.162390409375 0.46179219375 0.14722852343749998 0.4681796828125 0.1358380765625 0.47795591875000004 0.1313746203125 0.490621109375 0.1300667171875 0.5027865109375 0.1242953578125 0.5276171046875 0.12491124218750001 0.531505640625 0.123603340625 0.5436710421875001 0.1235272046875 0.563613515625 0.1259907390625 0.5791676625 0.12722250625 0.5869447359375 0.1334574796875 0.6058876296875 0.1378448 0.6131649140625 0.146003559375 0.6238309421875 0.1567019875 0.6301086437500001 0.16047342656250002 0.633497390625 0.174943290625 0.6431638375000001 0.185641721875 0.6494415390625
3 0.27228824218750003 0.2570401765625 0.28491045625 0.2550410140625 0.29376123593750003 0.24965310624999998 0.298840575 0.2408764515625 0.300148478125 0.22871104999999997 0.3014563796875 0.21654564999999998 0.3002246125 0.20876857656249997 0.2983769609375 0.19710296562500002 0.2965293109375 0.18543735625 0.2921419890625 0.178160071875 0.2871387828125 0.1669942515625 0.2789800265625 0.1563282234375 0.2714371515625 0.14955073125 0.2588149359375 0.15154989375 0.24303716718750001 0.154048846875 0.231030834375 0.15993654531249998 0.226567378125 0.17260173750000002 0.218332484375 0.1818781828125 0.20948170781250003 0.187266090625 0.1993230265625 0.2048194015625 0.1980151234375 0.216984803125 0.1973231046875 0.233038740625 0.201710425 0.2403160234375 0.206097746875 0.24759330624999998 0.21364062343749998 0.2543707984375 0.2268787203125 0.256260171875 0.243272375 0.25764975625000003 0.2527390359375 0.25615038437500004 0.27228824218750003 0.2570401765625
3 0.35840861875 0.16766446875000002 0.36725939687500003 0.16227655937500002 0.3685673 0.150111159375 0.364179978125 0.1428338765625 0.36356409375 0.1389453390625 0.36548788125 0.130668475 0.3667957828125 0.11850307499999999 0.3681036875 0.1063376734375 0.3662560359375 0.0946720640625 0.36502426875 0.086894990625 0.36063694687500003 0.07961770781250001 0.3537099546875 0.0767287515625 0.34362740937499997 0.0743395875 0.333544865625 0.071950421875 0.3189988640625 0.0822264484375 0.3069925328125 0.0881141484375 0.2987576390625 0.09739059375 0.29052274375 0.1066670390625 0.28482751875 0.11155515625000001 0.282903734375 0.1198320203125 0.28475138437499997 0.13149763125 0.2859831515625 0.1392747046875 0.2897545890625 0.14266345 0.2979133484375 0.1533294796875 0.30484033906249997 0.156218434375 0.31553876718749996 0.1624961359375 0.3256213140625 0.1648853015625 0.3388594125 0.166774675 0.3520975109375 0.16866405 0.35840861875 0.16766446875000002
3 0.2295774640625 0.375415228125 0.2390441265625 0.37391585625 0.24851078750000002 0.372416484375 0.2542060109375 0.3675283671875 0.2630567875 0.3621404578125 0.2750631203125 0.356252759375 0.28706945156249997 0.350365059375 0.292148790625 0.3415884046875 0.298536034375 0.32064634999999997 0.3004598203125 0.3123694859375 0.29861216874999996 0.300703875 0.293608965625 0.28953805625 0.28545020625 0.27887202499999997 0.27790733125 0.2720945328125 0.2672089015625 0.26581683125 0.2445041421875 0.26542682968750003 0.2312660421875 0.2635374546875 0.21995173124999998 0.2533712171875 0.20986918437500002 0.2509820515625 0.2010184078125 0.2563699609375 0.1870882890625 0.2705345234375 0.1788533953125 0.27981096875 0.171234384375 0.2929759515625 0.1705423671875 0.309029890625 0.174853553125 0.336249646875 0.1817044078125 0.3590810765625 0.1892472828125 0.36585856875 0.193018721875 0.369247315625 0.199329828125 0.368247734375 0.20941237343750002 0.37063689843750003 0.21949491875 0.3730260640625 0.2295774640625 0.375415228125
3 0.81444801875 0.6574726515625 0.8068290093750001 0.6706376328125 0.8049052218750001 0.6789144968749999 0.800441765625 0.6915796890625 0.799749746875 0.707633628125 0.8022132828125 0.723187775 0.810372040625 0.7338538031249999 0.8185307999999999 0.7445198328125 0.8266895578125 0.7551858609375001 0.8373879875 0.7614635625 0.845546746875 0.7721295921875 0.859400728125 0.777907503125 0.878949934375 0.7787972953125 0.8903403828125 0.769021059375 0.9023467140625 0.7631333609375 0.9118133765625 0.7616339890625 0.924435590625 0.7596348265625 0.9332863687499999 0.7542469171875 0.9415212625 0.744970471875 0.949140271875 0.731805490625 0.9536037281249999 0.7191402984375 0.9542957484375 0.7030863609375 0.9512163296875 0.6836436781249999 0.9481369109375001 0.6642009921875001 0.9419019375 0.6452581000000001 0.9331272953124999 0.630703534375 0.9249685375000001 0.6200375046875 0.9174256625 0.6132600125 0.9061113484375 0.6030937749999999 0.8966446875 0.604593146875 0.88463835625 0.610480846875 0.8757875796875 0.6158687546875 0.8700923546875 0.6207568718750001 0.8618574609375 0.6300333171875 0.85870190625 0.6305331078124999 0.8530066843749999 0.6354212265625 0.8466955765625 0.6364208078125 0.83468924375 0.64230850625 0.8226829125 0.64819620625 0.81444801875 0.6574726515625
3 0.7029866703125001 0.28050416093749997 0.701062884375 0.28878102499999997 0.7022946515624999 0.2965580984375 0.7066819718749999 0.30383538125 0.7079137390625 0.3116124546875 0.71291694375 0.322778275 0.7236153734374999 0.32905597656249996 0.7317741328125 0.33972200625000004 0.7387011234374999 0.3426109609375 0.7456281140625001 0.3454999171875 0.7531709890625 0.35227740937499996 0.759482096875 0.351277828125 0.7695646421875 0.35366699218750003 0.77587575 0.3526674109375 0.7853424109375 0.3511680390625 0.788497965625 0.3506682484375 0.7979646265625 0.3491688765625 0.8036598500000001 0.344280759375 0.8099709578125 0.343281178125 0.816282065625 0.34228159687500004 0.8188217359375001 0.33789326875 0.82513284375 0.33689368750000004 0.8264407468750001 0.3247282875 0.8309042015625 0.3120630953125 0.831596221875 0.29600915781250003 0.8291326874999999 0.280455009375 0.8272850359374999 0.2687894 0.825437384375 0.2571237890625 0.8166627421875001 0.2425692234375 0.8091198671875001 0.23579173125000003 0.801576990625 0.22901423906249999 0.7946500000000001 0.22612528437499999 0.7820277859375 0.22812444687500003 0.77510079375 0.22523549062499998 0.762478578125 0.22723465312500002 0.7536278015625 0.23262256250000002 0.74162146875 0.2385102609375 0.7327706921875 0.2438981703125 0.7270754687500001 0.24878628749999998 0.72138024375 0.25367440625 0.7099897953125 0.2634506421875 0.70491045625 0.272227296875 0.7029866703125001 0.28050416093749997
3 0.68643394375 0.15557119375 0.6813546046875001 0.1643478484375 0.678814934375 0.168736175 0.6800467015625 0.1765132484375 0.678122915625 0.1847901125 0.6793546828125 0.1925671859375 0.6805864500000001 0.200344259375 0.681202334375 0.204232796875 0.6824341015625001 0.21200987031250002 0.6868214218750001 0.2192871546875 0.6943642984375 0.226064646875 0.698135734375 0.2294533921875 0.711373834375 0.2313427671875 0.7176849421875 0.23034318593749997 0.7303071578125 0.2283440234375 0.7429293718750001 0.2263448609375 0.7555515875000001 0.2243456984375 0.768173803125 0.2223465359375 0.7738690265625 0.21745841718749997 0.7789483671874999 0.2086817625 0.78025626875 0.1965163609375 0.7784086171875 0.18485075 0.7734054140625 0.17368493125 0.7677863234375 0.158630575 0.7627831203125 0.1474647546875 0.7546243609375 0.1367987265625 0.7439259328125 0.130521025 0.7363830578125 0.12374353281249999 0.7225290734375001 0.117965621875 0.7156020828125 0.115076665625 0.706135421875 0.11657603750000001 0.69728464375 0.121963946875 0.688433865625 0.12735185468750002 0.6865100796875 0.13562871875 0.68835773125 0.1472943296875 0.6858180609375 0.15168265625 0.68643394375 0.15557119375
3 0.7689555609375 0.5132067890625 0.7708032125 0.5248724 0.773266746875 0.5404265453125 0.7782699515625 0.551592365625 0.77950171875 0.5593694390625 0.7813493703125001 0.57103505 0.7825811375 0.5788121234375 0.7831970218750001 0.582700659375 0.7850446718749999 0.5943662703125 0.7862764390625 0.60214334375 0.7944351984375 0.6128093734375 0.8063653953125 0.6268641484375 0.823990815625 0.6360308046875 0.8340733609375001 0.6384199703125 0.8466955765625 0.6364208078125 0.855546353125 0.6310328984375 0.86439713125 0.625644990625 0.8694764718749999 0.6168683359375 0.8783272484375001 0.6114804281249999 0.8991843578125 0.6002048203125 0.91057480625 0.590428584375 0.9213493703125 0.5767638093749999 0.9220413890625 0.560709871875 0.919577853125 0.545155725 0.91711431875 0.5296015781250001 0.9146507843749999 0.5140474312500001 0.9128031328124999 0.502381821875 0.9065681609375 0.4834389265625 0.89656175 0.46110728749999996 0.891558546875 0.44994146874999996 0.8777045640625 0.4441635578125 0.8587712406250001 0.44716230156250003 0.8524601328125 0.44816188281249997 0.8467649093749999 0.45305 0.8341426937499999 0.45504916250000005 0.8246760328124999 0.456548534375 0.8088982625 0.4590474875 0.8025871546875001 0.46004706874999995 0.7943522609375 0.4693235140625 0.7829618125 0.47909974999999994 0.777882475 0.48787640468750004 0.7734190171875001 0.500541596875 0.7689555609375 0.5132067890625
3 0.16363578125 0.79642593125 0.16740721875 0.799814678125 0.18441675468750002 0.8050928 0.1907278625 0.80409321875 0.2001945234375 0.802593846875 0.209045303125 0.7972059359375 0.2172801953125 0.7879294906250001 0.23498175156249998 0.7771536734375 0.2426007625 0.7639886921875 0.250219771875 0.750823709375 0.2534514609375 0.7303814453124999 0.25475936250000003 0.71821604375 0.25167994375 0.6987733609375 0.2435211859375 0.6881073296875 0.22781955312500002 0.6706638093749999 0.2202766765625 0.6638863171875 0.203267140625 0.658608196875 0.1894131578125 0.6528302859374999 0.1787147296875 0.646552584375 0.1711718546875 0.6397750921875 0.15985754218749998 0.6296088531249999 0.149774996875 0.6272196890624999 0.132689325 0.6418840421875001 0.1212988765625 0.6516602781249999 0.1136798671875 0.6648252609374999 0.10983229375 0.6813789890625 0.10790850781250001 0.689655853125 0.1072164890625 0.705709790625 0.10590858593750001 0.7178751921875001 0.10206101406250001 0.7344289203125001 0.10075311093749999 0.746594321875 0.106988084375 0.7655372140625001 0.1145309578125 0.77231470625 0.11953416406249999 0.7834805265625 0.1296167078125 0.785869690625 0.1365437 0.7887586468750001 0.1529373515625 0.7901482296875 0.16363578125 0.79642593125
3 0.5270370093750001 0.10906769062499999 0.533964 0.1119566453125 0.5440465453125001 0.1143458109375 0.5598243140625 0.11184685781249999 0.5686750921875 0.10645894843749999 0.583836978125 0.10007145937499999 0.5895322015625 0.095183340625 0.5926877546875 0.09468355 0.595227425 0.0902952234375 0.598382978125 0.08979543281249999 0.6046940859375 0.0887958515625 0.6066178718749999 0.0805189875 0.604770221875 0.068853378125 0.6066940078124999 0.0605765125 0.601690803125 0.04941069375 0.5947638109375 0.0465217390625 0.5809098296874999 0.0407438265625 0.5708272828125 0.0383546625 0.55443363125 0.0369650796875 0.5374240953125 0.0316869578125 0.5241859953125 0.0297975828125 0.5046367890625 0.0289077890625 0.49517012656250003 0.0304071625 0.48885901875000004 0.03140674375 0.483163796875 0.0362948609375 0.481240009375 0.044571725 0.4837035453125 0.0601258734375 0.4830115265625 0.07617981093750001 0.49055440156249996 0.082957303125 0.498097275 0.0897347953125 0.50564015 0.0965122875 0.510027471875 0.1037895703125 0.5169544640625 0.106678525 0.5270370093750001 0.10906769062499999
3 0.4159767421875 0.122671825 0.42859895625 0.1206726625 0.437449734375 0.11528475468749999 0.443144959375 0.1103966359375 0.451379853125 0.101120190625 0.463386184375 0.09523249218749999 0.46846552499999994 0.0864558375 0.4735448640625 0.0776791828125 0.47862420468750005 0.068902528125 0.476776553125 0.05723691875 0.4755447859375 0.0494598453125 0.47369713437499994 0.0377942328125 0.46930981406249994 0.030516949999999998 0.46553837500000006 0.0271282046875 0.4491447234375 0.0257386203125 0.430827284375 0.0326259 0.4118939609375 0.035624643750000004 0.3961161921875 0.038123596875 0.3809543078125 0.044511087500000004 0.37210352812499997 0.049898996875000004 0.36325275156250003 0.055286904687500006 0.361328965625 0.06356376875 0.3631766171875 0.0752293796875 0.364408384375 0.083006453125 0.368179821875 0.0863952 0.37002747187499996 0.098060809375 0.3737989109375 0.10144955625 0.3844973390625 0.1077272578125 0.394579884375 0.110116421875 0.39896720625 0.11739370468749999 0.40904975 0.11978287031249998 0.4159767421875 0.122671825
3 0.211052025 0.93241493125 0.216131365625 0.9236382765625001 0.224366259375 0.9143618312499999 0.2351408234375 0.9006970578125 0.242759834375 0.887532075 0.24914707812499998 0.86659001875 0.24545177499999998 0.8432588000000001 0.23860091875 0.8204273703125 0.22351516718750003 0.8068723859375 0.2165881765625 0.8039834296875 0.207121515625 0.8054828015625001 0.19449929999999999 0.8074819640625 0.178105646875 0.80609238125 0.170562771875 0.7993148875 0.1604802265625 0.796925721875 0.143470690625 0.7916476015625 0.1365437 0.7887586468750001 0.12330559999999999 0.786869271875 0.11507070625 0.7961457171874999 0.1143786890625 0.8121996546875 0.11684222343749999 0.827753803125 0.1193057578125 0.84330795 0.12492484687500001 0.8583623062499999 0.1280042640625 0.8778049906250001 0.129851915625 0.8894705999999999 0.1323154515625 0.9050247468749999 0.14109009374999998 0.9195793140624999 0.14801708593750001 0.92246826875 0.1612551828125 0.92435764375 0.1744932828125 0.92624701875 0.19781392656250002 0.9305255578124999 0.204125034375 0.929525975 0.211052025 0.93241493125
0 0.22265047187499998 0.3725262734375 0.23588857187499998 0.374415646875 0.2548218953125 0.371416903125 0.2573615640625 0.3670285765625 0.2536662625 0.34369735625 0.2568979515625 0.323255090625 0.2575899703125 0.30720115312499996 0.24812330781249997 0.308700525 0.23934866562499998 0.294145959375 0.236808996875 0.2985342875 0.228574103125 0.30781073281250004 0.2272661984375 0.31997613281250004 0.22280274218749999 0.332641325 0.21333608124999998 0.334140696875 0.20764085781250002 0.3390288140625 0.21010439218750002 0.3545829609375 0.199329828125 0.368247734375 0.21002825781249998 0.3745254359375 0.22265047187499998 0.3725262734375
0 0.17695001562499998 0.77837283125 0.182645240625 0.7734847140625 0.1788738015625 0.7700959671875001 0.1757182484375 0.7705957578125 0.171946809375 0.7672070125 0.16879125625 0.7677068031250001 0.1662515859375 0.7720951296874999 0.170023025 0.7754838765625001 0.17695001562499998 0.77837283125
0 0.2533685234375 0.5868955859375 0.247057415625 0.5878951671875 0.244517746875 0.5922834953125 0.24513362968750002 0.5961720328125 0.254600290625 0.5946726609375 0.25775584375 0.5941728703125 0.2533685234375 0.5868955859375
0 0.18709509062500002 0.4339628578125 0.1977935203125 0.44024055781250004 0.2211141640625 0.444519096875 0.22488560156249998 0.44790784375000003 0.244434809375 0.4487976359375 0.2558252546875 0.4390214015625 0.2602887125 0.426356209375 0.25782517656250004 0.4108020625 0.242739428125 0.39724707812500004 0.23896799062500002 0.3938583328125 0.219418784375 0.3929685390625 0.20810447031249998 0.3828023 0.1948663734375 0.38091292499999996 0.17847271874999998 0.3795233421875 0.167082271875 0.38929957656249997 0.160695028125 0.410241634375 0.1631585625 0.42579578125 0.17762842968749998 0.43546222968750004 0.18709509062500002 0.4339628578125
3 0.6114688078125 0.13156975625 0.615856128125 0.1388470390625 0.6196275671875 0.1422357859375 0.6233990031250001 0.14562453125000002 0.6334815484375 0.148013696875 0.646719646875 0.1499030703125 0.6587259796875 0.144015371875 0.6707323109375001 0.138127671875 0.6764275359374999 0.13323955468749998 0.6852783125 0.12785164531249998 0.69351320625 0.11857519999999999 0.6922814390625 0.110798125 0.6904337875000001 0.099132515625 0.689817903125 0.09524397812499999 0.6753480374999999 0.08557753125 0.6608781718750001 0.0759110828125 0.650795625 0.07352191875 0.6394813140625 0.0633556796875 0.632554321875 0.060466725 0.6224717765625 0.058077559375 0.616776553125 0.06296567812500001 0.612313096875 0.07563086875 0.6135448640625001 0.0834079421875 0.611621078125 0.09168480625 0.609697290625 0.0999616703125 0.6077735046875 0.108238534375 0.609005271875 0.1160156078125 0.6108529234375 0.12768121875 0.6114688078125 0.13156975625
0 0.7998884140625 0.3408920125 0.8024280828125001 0.3365036859375 0.7917296546875 0.330225984375 0.7822629921875001 0.33172535625 0.7828788765625 0.3356138921875 0.7898058671875 0.3385028484375 0.7941931890625 0.34578013125 0.800504296875 0.34478054999999996 0.7998884140625 0.3408920125