1 0.668668890625 0.5069938640625 0.6698933734375 0.509939415625 0.6713266140624999 0.5074624921875001 0.673390465625 0.5028220640625001 0.6755606328125 0.489101575 0.6734310781249999 0.482811853125 0.6710763375 0.4792120671875 0.6704824625 0.474103009375 0.6654168375 0.4745746234375 0.6602980546875 0.47958626562499995 0.65466319375 0.47904762968750003 0.66160855 0.4834568640625 0.6649297359374999 0.48722706093749996 0.666715240625 0.48981659375 0.668472225 0.5010449640625 0.668668890625 0.5069938640625
1 0.6940665984375001 0.5028283015625 0.69837065625 0.5095014453125 0.7040586765625 0.505500053125 0.7106435546875 0.5034765640625001 0.7159672171875 0.505780090625 0.72254388125 0.5023903328125 0.7273678953125 0.5018761140625 0.733477765625 0.5011336890625 0.7391904234375 0.5012311031250001 0.7424787578125 0.49953622500000006 0.7469833593749999 0.4994206265625 0.75268780625 0.4981517734375 0.7488220250000001 0.49747013124999995 0.7414345124999999 0.49980703593750003 0.7367743124999999 0.500805078125 0.7353942296875 0.498741971875 0.7336087250000001 0.4961524375 0.7314955953125 0.4925952546875 0.7277158265625 0.492838659375 0.7230309859374999 0.4897378953125 0.720778684375 0.4897956921875 0.71678194375 0.49409530312500005 0.7158932984375 0.49348367031249996 0.7146852406249999 0.4932706578125 0.7129243749999999 0.4947799296875 0.7109914859375001 0.494439109375 0.7091363937499999 0.49365706718749996 0.7077563125 0.491593959375 0.705565384375 0.4884779984375 0.7039190515625 0.48227348281250004 0.70253075625 0.47884410624999996 0.699139984375 0.4768814015625 0.6961546359375 0.4754451234375 0.6939801343750001 0.47506170000000003 0.6915640203125 0.4746356734375 0.6895533296874999 0.47473607656250005 0.6869816203125 0.47519249375 0.6844959203125 0.476573959375 0.6833820875 0.4786522625 0.6794877875 0.48660945624999996 0.6779931734375 0.4922601390625 0.68558944375 0.4845007609375 0.69107691875 0.4872881109375 0.6932146859375 0.4949441015625 0.6940665984375001 0.5028283015625
3 0.5790593515625 0.7100195390625 0.5770979406250001 0.7183175546875 0.5774381109375 0.734755384375 0.58208621875 0.745128715625 0.592086509375 0.7491667390625001 0.6032987359375 0.74068013125 0.6115787734375 0.726217215625 0.623572875 0.7005807453124999 0.6297315703125 0.681194378125 0.635018046875 0.6639289171875 0.638052221875 0.6467212546875001 0.6416227796875 0.62505876875 0.6484570296875 0.5976025968750001 0.6508402890625 0.592563546875 0.65192126875 0.5850201687500001 0.662338621875 0.5513716921875 0.6722152609375 0.508074125 0.67588825625 0.4900692234375 0.674966759375 0.48399251562499995 0.673017440625 0.48091915781249994 0.6707569265625 0.4796106875 0.6712155109375 0.4755970859375 0.67031865 0.47361918281250004 0.668541359375 0.47239591875000003 0.6660556609375 0.47377738437500005 0.6639671703125 0.4743190078125 0.66213671875 0.477635771875 0.6606952640625 0.47874642500000003 0.6560268484375 0.47837819687499994 0.6532913265625 0.47835079062499997 0.6512724234375 0.47708492343750003 0.6492617328125 0.47718532500000005 0.64442129375 0.47496700468749997 0.6379755859375 0.4733755125 0.6295191906250001 0.471884421875 0.6274389140625 0.4737923125 0.621959653125 0.47237123125 0.6160913953125 0.47315625937499994 0.600366353125 0.480392196875 0.5868075984375001 0.4866452875 0.58295824375 0.4886961828125 0.57840048125 0.493351809375 0.57641443125 0.49755101718750006 0.5761196609375 0.50204844375 0.575763515625 0.5097196296875001 0.5745883125 0.5149716921875 0.573429534375 0.52295629375 0.569686953125 0.5427686875 0.56765595625 0.5528741921875 0.56393368125 0.5626814796875 0.56824595 0.5707208921875 0.569761325 0.5819066609375 0.5669276953125 0.5923255796875 0.5688813453125 0.6095028499999999 0.5725963140625 0.6520124015625 0.5790593515625 0.7100195390625
3 0.1767739765625 0.732348521875 0.19292908125 0.7297378203125 0.21038213749999998 0.7155275359375 0.22123776875 0.6878705609375 0.237343140625 0.6502206921875 0.2548899703125 0.6114601687500001 0.2723386921875 0.5831459734375 0.28122903125 0.5765246562499999 0.28357510625 0.5519166203125 0.2885663578125 0.5123070296875001 0.2913217359375 0.47548777812500004 0.2951706390625 0.446595328125 0.27694346875 0.4524801921875 0.2706205078125 0.444541178125 0.2647276125 0.4412274015625 0.2644613609375 0.437085990625 0.2604235546875 0.43455425625000005 0.25800744062500003 0.4341282296875 0.25677474375 0.42981641093749995 0.252728725 0.42591840625 0.24731083593749997 0.421323565625 0.2434368421875 0.41927565468749994 0.237310546875 0.4172855421875 0.23175348593749998 0.41630568281249997 0.22551265781250002 0.422029359375 0.22136031875 0.42721141406249996 0.21208964843749997 0.464246665625 0.2076265640625 0.4980351609375 0.185031896875 0.6205244984375 0.17079028125 0.6871642328124999 0.169771128125 0.7183754062500001 0.1767739765625 0.732348521875
3 0.279878375 0.6195058203125 0.275542821875 0.6878922625 0.27692335625000003 0.7167969234375 0.2869565 0.726300021875 0.2942130515625 0.72894436875 0.3165679203125 0.71377864375 0.32307887968750004 0.6994587343750001 0.337272121875 0.67830449375 0.348545721875 0.666644125 0.3571084375 0.6590551578125 0.3549542421875 0.64866663125 0.36025669374999997 0.6072921546875001 0.36634535 0.562871725 0.3751651984375 0.5043747890625 0.3800133984375 0.4811178265625 0.379685321875 0.45330862187500004 0.3754426375 0.4434617171875 0.3718223484375 0.43008503593749997 0.3625304640625 0.423442284375 0.3584066453125 0.41998550156250003 0.3435373953125 0.4223679953125 0.32872952031249997 0.42157672812499997 0.32069497187499996 0.4233446015625 0.31720997500000003 0.41909058125 0.30827035625 0.417514284375 0.30187392968750004 0.42412040624999997 0.300473540625 0.4320624046875 0.2955146875 0.45029551406249996 0.29035140937500004 0.488055009375 0.28681803906250003 0.529286484375 0.2818924921875 0.5798262234375 0.279878375 0.6195058203125
3 0.6552139343750001 0.5974292015625 0.647630209375 0.6206587578125 0.6434126171875 0.6417522156250001 0.6476142359375 0.644767775 0.6542073265624999 0.644110553125 0.660632728125 0.65570715 0.6627994687500001 0.681565859375 0.6626940546875 0.7443290234375 0.66149945 0.8132693 0.658105703125 0.8777273437499999 0.6696295812499999 0.8943174015625001 0.683159815625 0.896703146875 0.69249664375 0.897439603125 0.705023246875 0.8800859515624999 0.7167839484375 0.8557731453124999 0.7237984375 0.8315333359375 0.7277865125 0.799025903125 0.729915615625 0.7784740718750001 0.7313527375 0.76325950625 0.7363444421875001 0.7504914703125001 0.7418725296875001 0.7332686125000001 0.7483095703125 0.7066522828124999 0.7547340640625 0.6645657703125 0.75998335625 0.6277313234374999 0.76103969375 0.6160891375 0.7663711156249999 0.592917378125 0.7702857234375 0.5749550796875 0.7712149828125 0.5555565031249999 0.7716610203125 0.536072721875 0.7673405359375 0.5266670390625 0.762528615625 0.5158098812499999 0.756430840625 0.505180934375 0.7533430531249999 0.5000870734375 0.7508327140625 0.49736973124999995 0.7469833593749999 0.4994206265625 0.7435230015625 0.49926541249999995 0.74032068125 0.5018853390625 0.7365326999999999 0.5007624749999999 0.7356358390625 0.4987845734375 0.7333671125000001 0.496109834375 0.73181500625 0.49219663437500005 0.7277936265625 0.49239743750000003 0.7261801453125 0.491657996875 0.722789375 0.4896952921875 0.7205370734375001 0.489753090625 0.7180595859375 0.49250082500000003 0.71694575625 0.4945791265625 0.7161349078125 0.4935262734375 0.71428803125 0.49411049843750005 0.7122855546875 0.49557716875 0.7088947828125 0.4936144640625 0.706617840625 0.48957345625000004 0.705729196875 0.488961821875 0.7039272640625 0.48363975156250005 0.703263803125 0.48033818281249996 0.7021253328125 0.4783176796875 0.698812359375 0.47591375156250004 0.69454115625 0.47470568281250003 0.6910807984375 0.47455046875000007 0.687706453125 0.4753203015625 0.6845737203125 0.47613273593749994 0.6828210671875 0.4790082796875 0.6807654296875 0.485014978125 0.681162640625 0.48417513593750006 0.6764903453125 0.49654455156250005 0.67343974375 0.5110196765625 0.66652769375 0.5389170703125 0.664279725 0.55307878125 0.6599065359375 0.5750546812499999 0.6552139343750001 0.5974292015625
2 0.6354894343749999 0.447915421875 0.637127553125 0.45275367031249997 0.6376107765625 0.45283887500000003 0.6383969828125 0.44979292187500003 0.6385400359375 0.4334402984375 0.637999321875 0.42379121093750005 0.6378640296875 0.41466855 0.638203746875 0.4042648265625 0.6375934437499999 0.3964232296875 0.6354025171875 0.39330726875 0.634657375 0.403184565625 0.63447325625 0.4127058453125 0.6344365234375 0.4199784125 0.63460466875 0.4345661484375 0.634637521875 0.4400312234375 0.6354894343749999 0.447915421875
3 0.5562543718749999 0.5030950609375 0.5667992578125001 0.5040445265625 0.5741007578125 0.5007825765625 0.57616460625 0.496142146875 0.58064456875 0.4919277421875 0.59267585625 0.4858602578125 0.6015048234375 0.4824127015625 0.60919531875 0.47694463750000005 0.61899073125 0.473667490625 0.62863875625 0.47263905624999997 0.6372425390625 0.4718814359375 0.6384341703125 0.469361909375 0.6394373484375 0.4622597546875 0.6396132531250001 0.45137220468750006 0.639375521875 0.43859196093749997 0.638437596875 0.4297827140625 0.638081 0.4106123453125 0.637687671875 0.3987145453125 0.6356644359375 0.38334476562500003 0.6325602203125 0.37551836562499996 0.6246933671875 0.36503242343750003 0.614848675 0.36011195625000003 0.6053398203125 0.357525409375 0.5985911296875 0.3590650734375 0.58905375625 0.36511736093749997 0.57761634375 0.376293903125 0.568345221875 0.38648760000000004 0.5618874218750001 0.39626748125 0.5524689125 0.4087098921875 0.5459497390625 0.4216635328125 0.5417688796875 0.43548442343750005 0.5362325796875 0.4513410125 0.523862028125 0.494653775 0.5187475765625 0.5137693296875 0.5199024750000001 0.5185223718749999 0.5290508515625 0.51467619375 0.53772421875 0.5121110796874999 0.5465531859375 0.508663521875 0.5562543718749999 0.5030950609375
3 0.74238453125 0.497244909375 0.7493830453125 0.49711411562499996 0.7555257671875 0.501836765625 0.7628316015625 0.512678725 0.7679875703125 0.52723606875 0.7708912406249999 0.5418512109375 0.770789253125 0.5650351796875 0.7684881265625 0.58373691875 0.7650238875 0.596319346875 0.761281303125 0.616131740625 0.7614412359375 0.62935320625 0.7637428171875 0.637493021875 0.765335990625 0.6482375671875 0.769197890625 0.6616568515625 0.7728099671875001 0.6736672640625 0.775525184375 0.6836997734375 0.7809923515625 0.6964922296875 0.7846658015625 0.7053288828125 0.7900919015625 0.71128999375 0.7967260609375 0.7174641171875 0.800911253125 0.7177471390625 0.8036999375 0.7132345156250001 0.8071970281249999 0.7061171640625 0.8121273609375 0.6965228890625 0.814969203125 0.6874702375 0.82501010625 0.6714980500000001 0.8299240140625 0.6591712375000001 0.835357875 0.6396570640625 0.8381586515624999 0.62377306875 0.8388095671875 0.6116044546875 0.8393295234375 0.6044170921875 0.8397509203125001 0.5808345046875 0.8434852890625001 0.55965584375 0.8473385234374999 0.5448673046875 0.8521582046875 0.530249175 0.8564086484375 0.5146207953124999 0.8591847859374999 0.4946379921875 0.8610969171875 0.47814236406250005 0.8638034687499999 0.459967053125 0.8675542640625 0.4415209296875 0.86985539375 0.422819190625 0.8736347078125 0.39573423124999996 0.8769225875 0.367197796875 0.877143440625 0.35040395 0.8754642531249999 0.3387343578125 0.8671141765625 0.328163209375 0.8591327906249999 0.32539105625000003 0.848620759375 0.3299066640625 0.8380637796875 0.340328571875 0.8305535203125001 0.34901299375 0.824198159375 0.3624504609375 0.8190262171875 0.3720021328125 0.8088050750000001 0.3847579578125 0.8016388671874999 0.3971425703125 0.7914259375 0.4112646625 0.778158075 0.42575796875 0.7663398796875 0.44050689062500004 0.755885340625 0.45458638125000006 0.7490139046875 0.46247356718750005 0.7379572750000001 0.47007773124999996 0.7339933875 0.479842415625 0.734034453125 0.4866737609375 0.7348003546874999 0.4936329125 0.7369134828125 0.497190096875 0.74238453125 0.497244909375
3 0.48144061718750003 0.7182833765625001 0.48945485624999996 0.72652060625 0.4968752203125 0.729648778125 0.5056428140625 0.7293749796875 0.5124200250000001 0.7191964796875 0.5244754984375 0.6903862484375 0.5281402828124999 0.671015078125 0.5372843265625 0.6530649890625 0.544970490625 0.6334930171875001 0.547570721875 0.6243977625 0.5502241125 0.6107624796875 0.556391021875 0.5927423828125 0.5609444515625001 0.5739828453125 0.5639254671875 0.5613152109375 0.5678811406250001 0.5501842578125 0.5721847453125 0.530015846875 0.5743467015625 0.5149290890625 0.5737364 0.5070874937500001 0.5721925062500001 0.5045405625 0.5637525375 0.5057820093750001 0.5567458078125 0.504546534375 0.5438176609375 0.5086361171875 0.5394932984375 0.5119680765625 0.5338584375 0.5114294390625 0.527601184375 0.514420578125 0.5255209078124999 0.5163284703125 0.521663340625 0.5170130984375 0.516691940625 0.519776028125 0.5129981859375 0.5209444796875 0.5123593625 0.52174171875 0.508096371875 0.5218999203125 0.5059382968749999 0.524249034375 0.5039522468750001 0.5284482421875001 0.5017081578125 0.529872309375 0.49993907968749995 0.5300153140625 0.49835024062500005 0.53337468125 0.49429212656250004 0.5408480499999999 0.49132753749999997 0.556248221875 0.491176271875 0.5712345765625 0.49049683593750004 0.592042025 0.4887161171875 0.6303979562500001 0.486689453125 0.6546073734375 0.4843719 0.670576575 0.47978994999999997 0.6979749484375 0.48144061718750003 0.7182833765625001
3 0.38146397187500003 0.5350565484375001 0.3814683046875 0.5491604609375 0.3803955390625 0.5580701078125 0.3875211328125 0.56569570625 0.3946056609375 0.566489959375 0.40345926875 0.5671412078125 0.411768278125 0.5708810125 0.4196718671875 0.5740943890625 0.42886130937500005 0.57707955625 0.43973382031249997 0.5789966734374999 0.44812062968750005 0.58229525625 0.45579081875 0.5868322984375001 0.4629695734375 0.589917865625 0.46675755468749996 0.59104073125 0.46965689062499993 0.5915519625 0.4718313921875 0.5919353859375 0.47318683437500003 0.589899684375 0.4759919453125 0.5881196 0.4770361890625 0.5878487890625 0.47880526718749994 0.5877057859375 0.48114358125 0.5885730328125 0.48484555 0.58877085 0.486770228125 0.5877454015625 0.48869490625 0.586719953125 0.4899725484375 0.585125475 0.48962028437500005 0.58005901875 0.49021803906250006 0.572430434375 0.49055775781250005 0.5620267109375 0.49280572500000003 0.5478650015625 0.49626175000000006 0.5339163046875 0.50176953125 0.52669855 0.5047220265625 0.522669753125 0.5068472500000001 0.5148555625 0.50791568125 0.49184200312500004 0.507989146875 0.47729686875 0.50557258125 0.450029290625 0.5022552765625 0.43352145000000003 0.5004736515625 0.418194275 0.49780338124999995 0.402255465625 0.496234846875 0.395609728125 0.49206174843749995 0.38395533125000003 0.48934653125 0.3739228203125 0.48632011718749996 0.3656551984375 0.48102497499999997 0.35471283593749997 0.4732441328125 0.345151940625 0.46902608749999997 0.33940384218749997 0.4612780984375 0.33530802187500003 0.4567570703125 0.33269108125 0.44925890625 0.33000413281249996 0.4428909984375 0.3279714171875 0.4335092234375 0.3331412609375 0.4287180640625 0.339120553125 0.4211464328125 0.3509787390625 0.4138903328125 0.37517594375 0.41083972968750004 0.38965106875 0.40841973749999994 0.4019626859375 0.405704971875 0.418771728125 0.40478780781249996 0.42679893125 0.4036986171875 0.432976040625 0.4021262015625 0.43906794531250004 0.3988707234375 0.44622789999999996 0.39690931093750004 0.454525915625 0.39495611406250003 0.4641902 0.3904640578125 0.4797759765625 0.38700803281249996 0.493724675 0.38362980625 0.5072321484375 0.38208203281249997 0.5174228624999999 0.38146397187500003 0.5350565484375001
1 0.511409796875 0.5511454015624999 0.5161231578125001 0.5456073296875 0.5197226875000001 0.5421475625000001 0.5241862234375 0.5352006203124999 0.5264138859374999 0.5310440140625 0.5279249265625 0.5281258703125 0.5275030765625 0.5248669046875001 0.5294727 0.517935159375 0.5290590640625 0.5160424625 0.5266511640625 0.5169827046875 0.5226297843750001 0.5171835078125 0.5181333953125 0.518665375 0.515647696875 0.5200468390624999 0.5133175953125 0.5205458609375 0.5118065546875 0.52346400625 0.509546040625 0.5221555359375001 0.5089932312500001 0.5238778203125001 0.50700718125 0.5280770296874999 0.5048205859375 0.5390649796875 0.5031172140625 0.550138134375 0.5056111265625 0.5501229390625 0.50706900625 0.5517448234375 0.511409796875 0.5511454015624999
1 0.23066086718749998 0.4620619890625 0.2399933625 0.44869453281249994 0.24399010312499997 0.444394921875 0.2468565875 0.43944107812500005 0.2557633515625 0.43555229687499997 0.2583350640625 0.4350958796875 0.2566109328125 0.4293325875 0.24989897499999997 0.42359968437499995 0.24674981406250002 0.42167958125 0.24013208281249998 0.41823799531250005 0.231434075 0.41670430156249993 0.22807615625 0.42020667187500005 0.22327678281250002 0.42481969687500004 0.22217937812500002 0.4296305359375 0.22335070156249998 0.43711611718750004 0.215959309375 0.45219066406249997 0.21342478437499998 0.47221607031249996 0.21483771875 0.4797442515625 0.223572459375 0.4740053796875 0.23066086718749998 0.4620619890625