3 0.59514515625 0.597231428125 0.602433378125 0.6082597390625 0.6162837421875 0.613896478125 0.6327172359375 0.6132544515625 0.663425825 0.6048980687500001 0.6916713359375 0.59959561875 0.71551725 0.5920818640625 0.721080915625 0.5785583703125 0.7180383140625 0.524360415625 0.7069449718749999 0.4592277765625 0.6944557484375 0.386929178125 0.6834369109375 0.3392135953125 0.6710461890625 0.311844171875 0.6512662296875 0.29363655 0.632475634375 0.287689225 0.5985695890625 0.31203007656250004 0.57855530625 0.3360409859375 0.5665967281250001 0.3815334125 0.5623511078125001 0.4247030546875 0.5655038328125 0.454582515625 0.57273325625 0.5050563015625 0.5828744859375 0.566637171875 0.5863732921875 0.5804236875 0.59514515625 0.597231428125
3 0.731197334375 0.5874050875 0.7428801890625001 0.5900978703125 0.759267321875 0.58487569375 0.78895921875 0.5766441437500001 0.820883203125 0.5676799421875 0.8289836375 0.543297534375 0.8277301749999999 0.5099747812500001 0.8209486640625 0.4484399734375 0.8154065484374999 0.41380946406249997 0.8059077859375 0.3553598 0.7965895078125 0.304683909375 0.778375984375 0.28032235625 0.753956328125 0.26635309218750003 0.7407674671875 0.28081284218749997 0.7225323984375 0.30460529062499997 0.710024075 0.35612681562500004 0.698717075 0.40062207031249997 0.7095562453125 0.46578591874999997 0.7208805796875 0.528597275 0.71995328125 0.5777796578125 0.7256792140625 0.5802866921875001 0.731197334375 0.5874050875
3 0.148782365625 0.57820580625 0.1625085328125 0.601742584375 0.17900245937499998 0.6120991625000001 0.197288853125 0.60343369375 0.22063967812500002 0.577178771875 0.23000187031250002 0.5567686968750001 0.222134940625 0.513710534375 0.2131908875 0.4597786046875 0.20888734531250003 0.42683035468749997 0.20525937968750002 0.42039704687499996 0.18621379531249999 0.3892588953125 0.161775103125 0.3583243453125 0.1367916296875 0.343965725 0.11740078125 0.35414255625 0.116167984375 0.3882291671875 0.121955165625 0.4269568453125 0.1312047171875 0.4959845484375 0.140606609375 0.55994911875 0.148782365625 0.57820580625
3 0.770370590625 0.6711019953124999 0.7723302859375 0.678657309375 0.7773309515625 0.6899664984375 0.781213090625 0.696368596875 0.7856035765625 0.7027082765625 0.7896057671875 0.7058855453125 0.7942595359375 0.708065640625 0.8014550359375001 0.70993365 0.8071577874999999 0.7101506093750001 0.8141636921875 0.7083732234375 0.8193349171875 0.7063625234375001 0.8219966984375 0.7028256078124999 0.8226664953125 0.6935716796875 0.8225505906249999 0.682121303125 0.8217591125 0.6441559828125001 0.82072753125 0.6126403234375 0.82071760625 0.5915466625 0.8200933562499999 0.5801587015624999 0.8196264078125 0.5742544390625001 0.8183646515625 0.5702821046875 0.8163635578124999 0.5686934703125 0.77941158125 0.578733615625 0.763278621875 0.5839245843749999 0.7635559749999999 0.5861834499999999 0.7644898703125 0.5979919765624999 0.7650867921875 0.6217650703125 0.7653277093749999 0.640537446875 0.7661274828125 0.6491523515625001 0.7678330046874999 0.656738871875 0.770370590625 0.6711019953124999
3 0.031662381249999996 0.5426006375 0.03572500625 0.556776509375 0.042971829687500004 0.5737715015625 0.05328695 0.582135234375 0.0618501859375 0.5783322953125001 0.068278203125 0.5697471000000001 0.06929489531250001 0.569622265625 0.0760193015625 0.5802612218750001 0.083316634375 0.58716115625 0.096404478125 0.5928915203125 0.1100188859375 0.5903027125 0.1230140078125 0.586872775 0.1298303203125 0.58144999375 0.1392761265625 0.574328596875 0.143361115625 0.56557250625 0.1397654390625 0.5573008953125 0.1354296078125 0.5261909499999999 0.1292541296875 0.48430085624999997 0.1263514296875 0.4690653953125 0.12474277656249999 0.45596396875 0.11696442656249999 0.43674131718750003 0.1109238875 0.42326688749999997 0.1063760984375 0.4114435078125 0.09663390468750001 0.399340753125 0.085463540625 0.38191034375 0.0781198484375 0.3704302578125 0.07020322812499999 0.36268919374999997 0.0634142421875 0.3557268421875 0.0544072390625 0.35591559375 0.0460658859375 0.361525628125 0.039319115625 0.37381863593750003 0.030395728125 0.3872960671875 0.028972521875 0.3925152421875 0.0258868234375 0.4346252953125 0.026109523437499997 0.46165442656250005 0.0238409984375 0.4789005875 0.024756675 0.49896587031250006 0.02714191875 0.518392125 0.031662381249999996 0.5426006375
3 0.8455280734375 0.543559053125 0.8554408265625 0.5423419203125001 0.86819088125 0.5348148140625 0.8767400453124999 0.5245934203125 0.8832508625 0.504074865625 0.883341953125 0.462791090625 0.8789870890625 0.41471585781250003 0.869335984375 0.3613293265625 0.8620096937499999 0.3163704484375 0.8505661234374999 0.28200596093749997 0.84536675625 0.2711797546875 0.8320156296875 0.2696089765625 0.8233927765625 0.28763535 0.8139154968750001 0.32181708750000004 0.80980814375 0.35350514375 0.8072895921875001 0.356107303125 0.810636059375 0.374956953125 0.826014725 0.48129459687500004 0.831095675 0.5457897140625 0.8455280734375 0.543559053125
3 0.24986544375 0.5882649984375 0.2614886828125 0.6051812171875001 0.28200301875 0.610458309375 0.2927751609375 0.6036326437499999 0.31657885937499997 0.57686353125 0.3323276703125 0.5538349390625 0.3216052203125 0.52534350625 0.315226078125 0.47338956718749997 0.3101732734375 0.42173135781250004 0.293248834375 0.38895700624999996 0.2711208828125 0.36003165625 0.24982995468750002 0.3484297390625 0.22848355781250002 0.3363760484375 0.21131568750000002 0.34994860625 0.207079175 0.38898986875 0.208221696875 0.42140907343749995 0.217489465625 0.4821800234375 0.22369723281249998 0.5222318140625 0.23152690781250002 0.5565814453125 0.238662790625 0.572672890625 0.24986544375 0.5882649984375
3 0.881048615625 0.4273030984375 0.8835961265625001 0.46275988124999995 0.8839065859374999 0.48840248593749996 0.8826365375 0.5137805671875 0.8793927203124999 0.5251848828125001 0.8881455484374999 0.5250273390625 0.8962559078125001 0.5217385906249999 0.9023188109375001 0.5122810578125 0.906699371875 0.4975270765625 0.9114077953124999 0.47493690624999996 0.90949860625 0.457286534375 0.9083006140625001 0.42441555624999994 0.9051843249999999 0.37802258593750004 0.897603859375 0.3330949140625 0.8943865531249999 0.30689205625 0.8896442078125 0.2808764515625 0.8852255781249999 0.2616998625 0.878542571875 0.24509422656250002 0.8739351640624999 0.247494284375 0.867816790625 0.25650004375 0.8580108328125 0.27329593281250003 0.85554360625 0.29102507499999997 0.8562647265625 0.296898128125 0.8584231265625 0.3039704609375 0.8654902812499999 0.33841371875 0.8748872109375 0.39183145937499997 0.881048615625 0.4273030984375
3 0.46890804375000006 0.5861335046875 0.4861371640625 0.6087815890625 0.5011383421875 0.617487115625 0.5218695999999999 0.61402446875 0.558835646875 0.610402778125 0.57926636875 0.6023911890625 0.5839797546875001 0.5903478484375 0.5763388578125 0.5344215718750001 0.56721928125 0.48326269999999993 0.5588390453125001 0.42972012499999995 0.54727956875 0.3839052609375 0.5272313640624999 0.3593103953125 0.49876811875 0.34813054375 0.47941866875 0.35234069375 0.4666272125 0.3658344796875 0.45351204218749996 0.37248924843750003 0.44777285312500004 0.3887858 0.43944142656249996 0.41548949375 0.4406112765625 0.43552356718749996 0.44675861093749997 0.4645767515625 0.45501050468750004 0.5506945734375 0.461092440625 0.558202325 0.46890804375000006 0.5861335046875
3 0.34409910312499997 0.580363234375 0.36167511874999997 0.6121404140625 0.3775729390625 0.6239459375 0.3910581875 0.6287103375 0.41142432968750003 0.624375353125 0.43315820625 0.6143694187500001 0.442894621875 0.590703303125 0.4555188484375 0.5506321578125 0.45124759687499993 0.51584560625 0.4438145109375 0.45530797031250003 0.4345517046875 0.405083853125 0.41566342343749996 0.379429396875 0.3947649390625 0.3563146828125 0.3711955609375 0.340865265625 0.3455191109375 0.333470496875 0.32792154687499997 0.349847321875 0.3175335515625 0.374510609375 0.310667546875 0.4152504859375 0.31317365937499997 0.45667395156249996 0.3191181421875 0.5008853265625001 0.3246461890625 0.5290973812499999 0.334615228125 0.5535540625 0.34409910312499997 0.580363234375
3 0.2053760328125 0.5978548703125 0.2007918078125 0.6025450015625 0.19782038125 0.605661353125 0.19592111875 0.6091046437500001 0.1961711453125 0.62374864375 0.1981126234375 0.6395607125 0.19896786718749998 0.6486273890625001 0.200266875 0.661308253125 0.20123305937499997 0.671278475 0.20140443437500002 0.6831806265625 0.2018390921875 0.690923190625 0.20207504687500003 0.6991487390625 0.2029302890625 0.7082154140625 0.20390558281249999 0.7140572609375 0.20538922343750002 0.7198366890625 0.2058561703125 0.7257409515625 0.208125509375 0.7337168296875001 0.21173029687499997 0.7378600609375 0.2180200453125 0.7407564515625 0.22236416874999998 0.7425159828125001 0.2276140453125 0.7432471328125 0.2322446328125 0.7431371515625 0.2379473828125 0.743354109375 0.24435718281250002 0.7430256703125 0.25223655 0.7420582062500001 0.259750803125 0.740218403125 0.26775022187499997 0.7360261078125 0.27358213125 0.7288898578125 0.27967732500000003 0.717594021875 0.2859389296875 0.70765350625 0.2894278125 0.700346359375 0.292948984375 0.6912009125 0.2948109953125 0.67904909375 0.295147965625 0.667084525 0.29355753125 0.645726340625 0.29201345624999997 0.628948309375 0.29012745 0.6135880140625 0.287881290625 0.607902209375 0.2847989234375 0.610115015625 0.27302830624999996 0.608808759375 0.26374395 0.6067386421875 0.259575346875 0.60220605625 0.251778778125 0.5912401593750001 0.24243398906250002 0.578171440625 0.23705910000000002 0.5701182921875 0.233860828125 0.56088071875 0.23112950312499997 0.5575474078125 0.2296276453125 0.5600247359375 0.22642522812500002 0.565462371875 0.2238652765625 0.5740312125 0.21955840468750001 0.5809802093750001 0.21417937031249998 0.58760226875 0.211263415625 0.5911703937499999 0.2053760328125 0.5978548703125
3 0.4089860625 0.680163440625 0.410617896875 0.6955549453125001 0.4125130125 0.7067868625 0.41493965624999996 0.7202464390625 0.4169548234375 0.728253525 0.41739858906249994 0.7318677124999999 0.42017627500000004 0.739781175 0.42433577031249997 0.7484421390625 0.42838432187500003 0.7561995578125 0.4369202296875 0.7647817515625001 0.44580718125 0.76781783125 0.4596111828125 0.7688744187500001 0.4686181859375 0.7686856671875 0.48158101562500005 0.76709403125 0.49144740625 0.761296746875 0.4999874609375 0.7552037328125001 0.5075431140625 0.74739725 0.5135273640625 0.7351978671875 0.5171917671874999 0.7251176640625 0.52032464375 0.7128098015625 0.522727290625 0.6987572640625 0.5237249484375 0.6816671453125001 0.5238259656250001 0.6614770296875 0.52456945 0.6444181203125 0.52470771875 0.632936534375 0.52363059375 0.6220627640624999 0.5233300578125 0.617513821875 0.5213844328125 0.6163769625 0.510288575 0.616363609375 0.50043129375 0.6180325140625 0.497048390625 0.6156963765625 0.48864660625 0.61030780625 0.47934817812499997 0.6018192375 0.4732985296875 0.5924731859375 0.46728117343750003 0.5812888296875001 0.462520609375 0.5635299796875 0.4592900484375 0.5561307078125 0.4566928453125 0.5559910203125 0.45471493125 0.5566924625 0.44957185156249996 0.57154006875 0.4445951828125 0.5877429953125 0.43999273906249997 0.60068988125 0.438172128125 0.6068750203125 0.433500140625 0.61295168125 0.428097925 0.6172836640625 0.41817606406249996 0.6226291749999999 0.408628425 0.624718646875 0.4045293640625 0.6270562843749999 0.4054814765625 0.6306080546875 0.40525048437500005 0.6329293390624999 0.407201071875 0.64461303125 0.4079776625 0.650937859375 0.40814903906250005 0.662840009375 0.40855140624999997 0.6724208765624999 0.4089860625 0.680163440625
3 0.7278466546875 0.7240160515625 0.7341918734374999 0.727364215625 0.7401165078124999 0.7293882671875 0.7490912203125 0.7310378171874999 0.756263540625 0.730615753125 0.762428275 0.7261901421875 0.76541791875 0.7148170359375 0.765107459375 0.6891744328125 0.76494023125 0.6625970718749999 0.7646993140625 0.6438246953125 0.7647398953125 0.612635975 0.7644435078125 0.593411825 0.7633340921875 0.5843763562500001 0.743642709375 0.5900042453125 0.739464996875 0.5896000359375 0.7325236703125 0.5877008171875 0.7280454234375 0.5827476640625 0.7234794156250001 0.579181040625 0.7216447328125 0.5789477265625 0.7194035359375001 0.5838087546875 0.7168204046875 0.5900875203125 0.7137935093750001 0.5927520984375 0.7082016999999999 0.5934386859375 0.696699328125 0.5985196734375 0.695682634375 0.5986445078125 0.696205053125 0.60500054375 0.6965983109375 0.6187097890625 0.696903809375 0.6338055625 0.6974220796874999 0.6548368078125 0.69788488125 0.6754162765625 0.7002096921875001 0.6838439296875001 0.7015823890624999 0.6887198109375 0.7091479671875 0.7020069906249999 0.714467384375 0.7096083656250001 0.72122408125 0.7184090203125 0.7278466546875 0.7240160515625
3 0.8618969203125 0.6873790359374999 0.8671790875 0.686271884375 0.870658859375 0.683093115625 0.8741336687500001 0.6693675156250001 0.8753391390624999 0.6476660375 0.8747372531250001 0.6133461140625001 0.8738033578125 0.6015375890625 0.872901753125 0.5878907609375 0.8725548578125 0.5787616671875 0.8713667890625001 0.56698435 0.8686859734375 0.5535559828125 0.8670913921875 0.5468730078124999 0.8650762249999999 0.538865921875 0.8647988703125 0.536607053125 0.8591424828124999 0.540970246875 0.855043421875 0.543307884375 0.8399917359375 0.544697415625 0.831802721875 0.5452443140625001 0.8279578359374999 0.5475507453125 0.8226483421875 0.56104303125 0.82025480625 0.5709671921874999 0.8207548593749999 0.6002551921875 0.821716896875 0.6249006234375 0.8225820640625001 0.6550609609375 0.8263764437500001 0.6628495890625 0.8338078984375 0.67294314375 0.8400330671875 0.679516140625 0.8478710375 0.6845153546875 0.8551220078125 0.6868351374999999 0.8618969203125 0.6873790359374999
3 0.2943838140625 0.6167340718750001 0.2979521625 0.6373908140625 0.3006793421875 0.6553993328125001 0.302676290625 0.6716631750000001 0.305061534375 0.69108943125 0.3067256578125 0.7046426328125001 0.3084866515625 0.712680928125 0.31146304062499997 0.7201114078125 0.3145735515625 0.730735509375 0.31766088125 0.739069534375 0.32390923125 0.74793260625 0.331349796875 0.753897784375 0.3391091125 0.75615515 0.352293828125 0.756370609375 0.3583939828125 0.7556216046875 0.3673455140625 0.7549810781249999 0.3783395390625 0.7499625062499999 0.38818275 0.7418751484375 0.39194898437500003 0.7368268687499999 0.3942315796875 0.7259991609374999 0.39400473593749996 0.7136452375 0.3935005359375 0.699032446875 0.392543459375 0.68493384375 0.39147544375 0.669931696875 0.39166918281249996 0.658901884375 0.3929350859375 0.6481990109375 0.3942241703125 0.6397862125 0.39562419531250004 0.6322769609375001 0.3951804296875 0.628662775 0.38733335 0.6277919359374999 0.3778825828125 0.6243665015625 0.37024331718750003 0.6188843046875 0.359928196875 0.610520571875 0.350758928125 0.59467879375 0.3428605265625 0.5786809749999999 0.3356782828125 0.5580093796875001 0.3333443625 0.5537101046874999 0.33170838125 0.552993809375 0.3256131890625 0.5642896453125 0.3136629046875 0.5804316546875 0.30429575 0.5902948984374999 0.2971052140625 0.5989737203125001 0.293338978125 0.604022 0.2943838140625 0.6167340718750001
3 0.631657446875 0.7096872921874999 0.6331733765625 0.71362841875 0.6412473000000001 0.72685318125 0.6484014015625 0.7346878703125 0.65626255 0.7419771609375 0.6622103640625 0.7462912890625 0.6702238546875 0.748517446875 0.676633653125 0.74818900625 0.6851968890625 0.7443860671875 0.6921332546875 0.7357384546875 0.695894528125 0.7201433453125 0.697201828125 0.703473790625 0.6980976546875 0.6813517499999999 0.6976903250000001 0.6612240515625001 0.6977126890625 0.6382920875 0.6968061234375 0.6140984296875 0.695705815625 0.600934584375 0.68994759375 0.6002658515625 0.6742443296875 0.602652553125 0.6509390515625 0.6082655875 0.6313586109375 0.6147970234375 0.6148141734375 0.614535503125 0.6153457 0.6167631609375 0.6163905375 0.6294752328125 0.61865573125 0.6521263203125 0.620079753125 0.672129184375 0.623315278125 0.6900752859375 0.6255523265625 0.699889465625 0.631657446875 0.7096872921874999
3 0.0790593890625 0.6995784609375 0.080547990625 0.715904721875 0.082544940625 0.7321685640625 0.083598884375 0.7407522578125 0.08604374687500001 0.7459550796875 0.0864875125 0.7495692671875 0.088424028125 0.7548345046875 0.09217204531249999 0.7580429796875 0.0954208265625 0.757185496875 0.10055975937499999 0.7570130984375 0.10945581874999999 0.7559208 0.11592108906250001 0.756044134375 0.12470620937500002 0.7540482875000001 0.1317766953125 0.7485942984375 0.1378304890625 0.7432651421875 0.14934197031250002 0.7340557750000001 0.15684214999999999 0.7257975203125 0.166486659375 0.7181931406250001 0.1708953640625 0.7162760671874999 0.17875155 0.713018528125 0.1839550640625 0.709169525 0.1883405875 0.7049623765625 0.191797178125 0.6994935328125 0.19570664531249998 0.6935104984375 0.19810018437500002 0.6835863375 0.19970802031249998 0.6714657265625 0.198187128125 0.65697776875 0.19683264843749998 0.6438451328125 0.196582621875 0.6292011328125 0.1959906609375 0.6159748703125 0.19516770781249998 0.605069890625 0.187930809375 0.6091685609375 0.182671825 0.6125657890625 0.1777870640625 0.6127069781250001 0.1716960171875 0.6093276046875 0.1671300109375 0.60576098125 0.160142321875 0.5992816125 0.157244584375 0.59459298125 0.150663409375 0.583019271875 0.14875007499999998 0.5800441078125 0.14186422031249998 0.5785966640625 0.138915975 0.5840030890625 0.1367070671875 0.587025815625 0.1339666328125 0.587820884375 0.13083790312500002 0.5854535375000001 0.124062990625 0.5849096390625 0.11733443750000001 0.5889458921874999 0.1069365203125 0.5925155171875 0.09962096875000001 0.5938723375 0.0937195140625 0.5941383625000001 0.0893199203125 0.5919270578125 0.08373721875 0.58848526875 0.079619940625 0.5990796625 0.0778365828125 0.6139733296875 0.0760946234375 0.6229003171875 0.07624777968749999 0.643059225 0.07714523749999999 0.6713812609375001 0.0790593890625 0.6995784609375
3 0.5323254359375 0.686572734375 0.535648721875 0.7031323078125 0.5406170968749999 0.7162797984375 0.5462925203125 0.7288818906250001 0.550673896875 0.7393499484375 0.555762321875 0.749272609375 0.56218619375 0.755362621875 0.5691415921874999 0.76368029375 0.5777743703125 0.76674758125 0.5862175546875 0.766169471875 0.595876134375 0.7649835484375 0.604638071875 0.760697628125 0.6118517906250001 0.75430888125 0.615072428125 0.7406144921875 0.6176414875 0.7279172734375 0.6177242859375001 0.7159839125 0.6183154296875 0.7039881375 0.6178667 0.68982711875 0.6168632640625 0.671148365625 0.616686925 0.648699384375 0.6168020140625 0.6349277234375 0.6159004078125 0.621280896875 0.6147264140625001 0.6159220328125 0.6073413203125 0.6104086265625 0.6003768125 0.6062193312499999 0.59348599375 0.59422505625 0.5864519453125 0.5831655359375 0.5840534453124999 0.582542865625 0.58417845625 0.589864865625 0.5823810265625 0.59834008125 0.5779632140625 0.6043855328125 0.5676762375 0.6088587046875 0.5571673765625 0.6115247828125 0.5333628625 0.6130718578125001 0.5283348703125 0.6141478031250001 0.524831915625 0.6150364953125 0.5238152234375 0.6151613296875 0.5243931125 0.6219691390625 0.5250405437500001 0.635647175 0.5260621984375 0.6460691703125 0.5275922 0.6564287515625 0.5304949 0.6716642125 0.5323254359375 0.686572734375