3 0.4206859359375 0.545347146875 0.44440434218749997 0.5319675687500001 0.45438336718750005 0.526603878125 0.4581397921875 0.5137615390625 0.4559949234375 0.49059290000000005 0.4489155125 0.4907079953125 0.438997034375 0.4789194421875 0.436453484375 0.466952978125 0.43340415 0.467137909375 0.4238367046875 0.4599070046875 0.412843278125 0.4474204859375 0.40433788593750003 0.44227996562499994 0.395391190625 0.442328740625 0.38834150312500004 0.44984914062500003 0.38334750781250004 0.45832226875000004 0.3815951921875 0.47768701562500004 0.38263931875 0.50294253125 0.39301985781250004 0.5285296609375 0.40166207812500004 0.540126265625 0.4206859359375 0.545347146875
3 0.444046546875 0.475066778125 0.44518990937499997 0.47899278437500004 0.44545962968749997 0.48171481250000003 0.446911403125 0.4841855875 0.4492497125 0.4864679234375 0.45110409999999995 0.487926665625 0.4529713828125 0.4879929890625 0.45503997187499995 0.487553296875 0.4566117421875 0.4876824328125 0.4575924859375 0.4879371953125 0.4596610765625 0.487497503125 0.46123284687500005 0.48762663906250003 0.4641750796875 0.488390928125 0.4665262859375 0.4892808421875 0.47073187968749997 0.4916295 0.47289467500000004 0.4916330109375 0.4754342921875 0.49340933124999997 0.4770060625 0.49353846562500003 0.4781881140625 0.49328721406250003 0.47908755000000003 0.491706353125 0.48037670156249995 0.4905058828125 0.48303631718749995 0.4899405640625 0.4838286515625 0.489308921875 0.48522490625000003 0.48715923281249995 0.48741349375 0.48437790312500006 0.48901105625 0.4817221984375 0.49011179687500006 0.47963532343750004 0.4926643125 0.480019221875 0.49416767031250003 0.476920315625 0.49372243437499996 0.4719194625 0.497735684375 0.46319157187500004 0.5005024 0.4616770359375 0.5010250140625 0.4583233671875 0.5038175234375 0.4540239890625 0.505924803125 0.4494070359375 0.5069829234375 0.44130727812500004 0.5023063015625 0.43674260781249996 0.49847752968750003 0.436166759375 0.495466884375 0.432174428125 0.48627626093750004 0.4267163328125 0.47880712968749994 0.42645104062500006 0.472400053125 0.4282761328125 0.466703996875 0.42763396093750006 0.46079374062499995 0.42889022499999996 0.45465638437499994 0.4334373453125 0.44900295156250003 0.4388080578125 0.44609044375 0.445449071875 0.44649699062500003 0.45462718593749996 0.44567886406249996 0.45804366874999997 0.44240243125 0.46151945312500003 0.4415029953125 0.4631003140625 0.44155851406249996 0.4677207765625 0.44231215781250005 0.47126639531250003 0.44326710937499997 0.474306 0.444046546875 0.475066778125
1 0.3152097 0.5547964750000001 0.3183661375 0.5536623265625 0.321158646875 0.54936295 0.3244479765625 0.5444947421874999 0.328127025 0.5400069265624999 0.3302085125 0.5381748140625 0.3312279453125 0.5342523156250001 0.33351073750000004 0.5319141875 0.33024326875 0.5238074078125 0.3218797328125 0.5033502671875 0.3155371359375 0.49821325781250003 0.308804821875 0.4926958609375 0.3030145609375 0.4916104875 0.29757533281250004 0.49508276249999994 0.295737775 0.5024217421875 0.2981187046875 0.5107169625 0.3027566390625 0.519458890625 0.30848635 0.5376965109375 0.312695875 0.5502353140625 0.3152097 0.5547964750000001
3 0.579824415625 0.558770309375 0.5882911203125001 0.5680880875 0.5945395109375 0.57278189375 0.6049766671875 0.571026634375 0.6150241046875 0.5688909843750001 0.6185147421875 0.5635167640625001 0.62034836875 0.5459876390625 0.6203573328124999 0.534405075 0.6179337796875 0.5200969718749999 0.613399015625 0.5002156796875 0.6105896765625001 0.4957173328125 0.6039089468750001 0.4846302546875 0.597780553125 0.4775948109375 0.5926884203125 0.4754345921875 0.5816602390625001 0.47731547656249995 0.5717328 0.47710948750000004 0.5604220015625 0.47766076718750006 0.5561648234375001 0.48088179062499997 0.5554151109375 0.4875263140625 0.5579715578125 0.49810035781249995 0.561791365625 0.510258771875 0.5660693046875 0.5260256156249999 0.56934070625 0.544322540625 0.579824415625 0.558770309375
0 0.5318060046875 0.43603096875 0.53305646875 0.43900775937500003 0.5347353406249999 0.4381876765625 0.5368852390625001 0.4395836078125 0.538645421875 0.4405991484375 0.5408895265625 0.44243828125 0.54313363125 0.4442774140625 0.54498801875 0.4457361578125 0.5470437125000001 0.446688884375 0.5489109937500001 0.4467552078125 0.5504698671875 0.448276765625 0.55184033125 0.4489119171875 0.5533049984375 0.44999027031249994 0.55506518125 0.4510058109375 0.5565427453125 0.4506917453125 0.557630590625 0.449997290625 0.5597933859374999 0.45000080000000003 0.56088123125 0.4493063453125 0.562063284375 0.44905509375 0.564226078125 0.449058603125 0.5661875671875001 0.449568128125 0.5678535421875 0.4501404671875 0.5693311078125001 0.4498264015625 0.5703247484375 0.44868874375 0.57219203125 0.448755065625 0.57337408125 0.4485038140625 0.5741664156249999 0.447872171875 0.57506585 0.4462913125 0.576355003125 0.445090840625 0.57793966875 0.44382755781250005 0.579443025 0.44072865156249996 0.580745075 0.43813576093749995 0.5808650734375 0.435794121875 0.582167121875 0.43320123125 0.5836575828125 0.43149474374999996 0.5831865546875 0.42927873125 0.5810495515625 0.4264903828125 0.5795977796875 0.4240196078125 0.579623571875 0.4212347671875 0.5781718 0.41876399218750004 0.576720028125 0.41629321875 0.57467723125 0.41394806875 0.5745146125 0.41027682499999996 0.5722962984375 0.40565285156249997 0.5696753718750001 0.402040909375 0.564947165625 0.4030459203125 0.5580561625 0.4040474234375 0.5535292640625 0.40454641718750006 0.5492165703125 0.40314697656250004 0.54408575 0.40516402031250004 0.5402311859375 0.4073730109375 0.5360553171875 0.41242965781249996 0.531583934375 0.41754911562499997 0.529866375 0.422546459375 0.5270867625 0.425453415625 0.524105840625 0.4288663875 0.5225895875 0.433357715625 0.5236645375 0.43405567968750003 0.5268209734375 0.43292153281249995 0.52946769375 0.43374863281250003 0.5304355421875 0.4353958171875 0.5318060046875 0.43603096875
3 0.354978909375 0.5704310390625 0.3590774015625 0.5737289140625 0.362019634375 0.5744932031250001 0.3644779421875 0.5744339 0.36684204375 0.57393139375 0.36814409375 0.571338503125 0.36897511562499996 0.5665296 0.3692151125 0.561846325 0.3694422109375 0.5585554687500001 0.3701919234375 0.5519109421875 0.37091584375000003 0.5480512578125001 0.3722436859375 0.5426735265625 0.3744451703125 0.538499775 0.376552446875 0.5338828234374999 0.3798288828125 0.5304070359375 0.3812380328125 0.5268649265625001 0.38354661874999996 0.5217419578125 0.3845660515625 0.5178194609375 0.3855983796875 0.51250454375 0.383581375 0.5073745546875 0.3798854984375 0.503064646875 0.37549149375 0.499829584375 0.3710032828125 0.49615132031250003 0.36582984218750003 0.49215547812500005 0.353761465625 0.47897099374999996 0.34720466562499996 0.4757324203125 0.343388790625 0.47376415156249996 0.339868428125 0.47173306875 0.3355557328125 0.47033362968750003 0.33085332031250003 0.4685538 0.32418941874999996 0.4662644453125 0.3186688796875 0.4679010984375 0.31707131718750003 0.47055680312500003 0.3162402953125 0.47536570468750006 0.31620160625 0.47954296718749995 0.31627001875 0.48277100937500006 0.3166339453125 0.4859362375 0.318436746875 0.4929646640625 0.32975934375 0.5229838171875001 0.33700530781250004 0.5367301109375 0.3457714578125 0.5561752203125 0.34867500156250003 0.56111676875 0.35216957031249996 0.5659326921875001 0.354978909375 0.5704310390625
3 0.6249655390625 0.5357417015625 0.6281774921875 0.539228015625 0.6314023421875 0.5413219125000001 0.6349098078125001 0.5447454140625 0.6405671734375 0.549564846875 0.6456335140625 0.5545099062500001 0.648978359375 0.5542621624999999 0.6523361046875 0.5526220000000001 0.6571585140625 0.552060190625 0.6615912078124999 0.5511179937499999 0.665445771875 0.5489090015625 0.6699984625 0.545625165625 0.6737588203125 0.5429729703125 0.6777204859375 0.5398147609375 0.682393175 0.5341892875 0.6804019609374999 0.5262744578125 0.6779010328124999 0.5203208765625 0.6751987953125 0.5148733140624999 0.6714345046875 0.5073353625 0.6692161921875 0.5027113890625 0.6636104125 0.4923222765625 0.6617818171875001 0.4880786921875 0.6597519140625 0.4843411234375 0.6566470640625 0.47990559062499993 0.6548055734375 0.4770544265625 0.6530324953125 0.47743130625 0.64751195625 0.479067959375 0.6436702890625 0.4798845296875 0.641010675 0.48044984843750005 0.6357043390625 0.48018806718749996 0.631014821875 0.477015815625 0.6282867921874999 0.4743530921875 0.625074840625 0.470866778125 0.6224539124999999 0.467254834375 0.621070553125 0.4680121046875 0.61968719375 0.468769371875 0.6184664546875001 0.4731978859375 0.6179993578125 0.48117201718749997 0.617155440625 0.48737334062500004 0.6159218046875 0.493194275 0.6142984499999999 0.49863481875 0.613304809375 0.49977247656249996 0.616075459375 0.508448084375 0.6197881656249999 0.521555715625 0.6223704046874999 0.52934491875 0.6249655390625 0.5357417015625
3 0.379302971875 0.6296492640625 0.3896072359375 0.6316280640625 0.4018045703125 0.6308883453125 0.41107257343750003 0.62799191875 0.4144819 0.6207820734375 0.4187609375 0.6045860671875001 0.42015326093749994 0.5922462328125 0.42192240468750003 0.5816792093750001 0.418749140625 0.574015634375 0.415815871875 0.5616687796875001 0.4146596140625 0.5591351921875 0.41072373906250004 0.5595085625 0.4045269328125 0.5492450734375 0.3977262046875 0.5404996328125 0.392175940625 0.5347309828125 0.3870025 0.5307351421875001 0.38383316875 0.5332617109375 0.380822521875 0.529269378125 0.37487357656250003 0.534702903125 0.3701235109375 0.5486829 0.36784858125 0.5714013171875 0.369402425 0.5946955828125 0.3712388828125 0.6193194546874999 0.379302971875 0.6296492640625
3 0.4212203453125 0.572563909375 0.42390968593749995 0.5794038953125 0.42622220468750005 0.5844710703125 0.4293012625 0.59169144375 0.43239321875 0.5975193984375 0.43567358437500003 0.6042337578125 0.4377976921875 0.608414528125 0.44049992812500005 0.6138620921875 0.4439131890625 0.6168423921875 0.44852139687500003 0.61817901875 0.454136140625 0.61698556875 0.4597508859375 0.6157921171875 0.4636996546875 0.614026328125 0.4676613203125 0.6108681171875 0.46889495625000005 0.6050471828124999 0.46934915625 0.598465471875 0.46970915 0.5914405578124999 0.4709298890625 0.5870120437499999 0.4715725 0.5813167359375 0.470870440625 0.5722014359375 0.4711362296875 0.56473331875 0.4697489359375 0.55530044375 0.4675009 0.5432711671875 0.46599361093749997 0.5361799281249999 0.46292744687500004 0.527567134375 0.4608975453125 0.5238295671875 0.45866633749999997 0.5205980125 0.45720166874999996 0.519519659375 0.4567861578125 0.5219241109375 0.45359103437500004 0.52723551875 0.447466571875 0.53039021875 0.42869057499999996 0.54086635 0.4197051921875 0.545092384375 0.41597062500000004 0.5449597374999999 0.4154480125 0.5483134078125 0.41531512031249995 0.5520474656250001 0.41586745625 0.5560991 0.417092128125 0.56186073125 0.41871941562500004 0.5666103296875 0.4212203453125 0.572563909375
3 0.534803290625 0.579457275 0.5446920421875 0.5838405265625 0.5531548140625 0.5829681625 0.5594676859375001 0.5806998671875 0.5661018624999999 0.57558391875 0.5679652125 0.565460096875 0.57051379375 0.5556538515625 0.5686941640625001 0.5398277031250001 0.5644549125 0.519883596875 0.5590336125 0.5001907437499999 0.5548538109375001 0.4950572453125 0.5498816765625001 0.4905553875 0.5441727265625 0.4913056375 0.5406136765625 0.493451815625 0.53440790625 0.4947708921875 0.5252599015625 0.4953256828125 0.5167842359375 0.4975904671875 0.5118547203125 0.49910149375 0.51063398125 0.50353000625 0.512963328125 0.5173949078125 0.5172412671875 0.5331617515625 0.5229580828125 0.5527917921875 0.5284864859375 0.5715354265625 0.534803290625 0.579457275
3 0.47632649843749997 0.5775268859375 0.48166255781249995 0.5851939703125 0.48983375 0.5945745625 0.4980307328125 0.601170315625 0.5048017375 0.6025104531250001 0.515063378125 0.5984763671875 0.5184856015625 0.589874103125 0.5236382828125 0.5748820765625 0.5256771484375 0.56703708125 0.522675465625 0.5514621843749999 0.516286315625 0.5301221484374999 0.5114173515625 0.5144809296874999 0.5077601625 0.5059937624999999 0.5025867203125001 0.5019979203125 0.4975630015625 0.5030657453125 0.49174695 0.5047652125 0.482371846875 0.50861085625 0.47823466718749996 0.509490240625 0.47014871718749995 0.512135415625 0.46598574687500005 0.5157996406249999 0.46446949374999996 0.5202909671875 0.4639210875 0.5264294765625 0.46696145937500005 0.5378271125 0.4689010859375 0.5513116218749999 0.47211697187499996 0.5649880828125 0.47632649843749997 0.5775268859375
3 0.592826346875 0.4499278234375 0.595177553125 0.4508177390625 0.59783716875 0.45025242031249996 0.5990192203125 0.4500011671875 0.6021627609375 0.4502594390625 0.60462106875 0.45020013593749997 0.60628704375 0.45077247500000006 0.6079530203125 0.4513448125 0.60921638125 0.45292918281250005 0.611164971875 0.4548311296875 0.6139058984375 0.456101434375 0.616244209375 0.4583837671875 0.6189722375 0.4610464921875 0.621297653125 0.4647212484375 0.623824375 0.4678899875 0.6243082984375 0.46871357968750005 0.6253703515625 0.47080396406249997 0.6271176374999999 0.47321192500000003 0.629066228125 0.4751138703125 0.6300340765625 0.47676105468749996 0.6318884640625 0.47821979687500005 0.6343338765625 0.4795529140625 0.6384581593750001 0.48006595 0.6408222625 0.47956344375000004 0.643481878125 0.47899812500000005 0.6463299046875 0.4793192109375 0.6491908296875 0.478247878125 0.6541203421875 0.47673685 0.6574909812499999 0.47370426718749997 0.6595169515625 0.46725169062500005 0.660562175 0.46054435312499997 0.6607337578125 0.4526330328125 0.659333571875 0.44459257812499997 0.6567216078125 0.42939807031250005 0.65221656875 0.41692208124999997 0.6475786359375 0.4081801515625 0.6411934171875 0.397030259375 0.6361528703125 0.389300359375 0.6316646609375 0.38562209375 0.624906553125 0.3828895375 0.6163495765625 0.3833187 0.6090172703125 0.38950949218750003 0.6064131734375 0.394695275 0.6035135609375 0.39994386875 0.601419178125 0.403168403125 0.5983737765625 0.4135434765625 0.5967672515625 0.42778174687500004 0.5953581 0.431323853125 0.5934521296875 0.43543479218750003 0.5920429765625 0.4389769015625 0.5909293390625 0.442456196875 0.5917771890625 0.44644501875 0.592826346875 0.4499278234375
3 0.34895761875 0.5624463765625001 0.3462424859375 0.5583912328125 0.3438228640625 0.554273275 0.341805859375 0.5491432859375001 0.3397888546875 0.544013296875 0.338349978125 0.5401501015625 0.33646979843749997 0.5414762 0.33269654531250004 0.5455208140625001 0.33069636875 0.54918855 0.324546115625 0.555128090625 0.32038314218749997 0.558792315625 0.31699960625 0.56321731875 0.3140057890625 0.5680227109375 0.31278505 0.572451225 0.31222375 0.5799821546875 0.3120392703125 0.58928589375 0.31255291875 0.597514790625 0.3135891796875 0.6023900156249999 0.3157817 0.6097988296875 0.31837683437500003 0.6161956125 0.321374584375 0.6215803625 0.32410261406249996 0.6242430875 0.3251775640625 0.6249410531249999 0.333211928125 0.627865559375 0.33861246875 0.6285705453125 0.34577319218749997 0.6302910703125 0.3507969109375 0.629223246875 0.35317390937500004 0.6273283203125 0.3557522171875 0.6249273796875 0.361431440625 0.6167718265625 0.3639284375 0.6125352625 0.366224128125 0.608804715625 0.36862691875000003 0.6041249484375 0.369175325 0.5979864390625 0.369428215625 0.591910740625 0.3679854078125 0.577857403125 0.367728584375 0.5737429546875 0.3663452234375 0.5745002218749999 0.363000378125 0.5747479656250001 0.361334403125 0.5741756265625 0.35711591249999997 0.5732193890625 0.35643068125 0.5729018124999999 0.353998165625 0.570176275 0.3513772375 0.566564334375 0.34895761875 0.5624463765625001
1 0.6105868437499999 0.4535643359375 0.613421975 0.4552778421875 0.61625710625 0.4569913484375 0.6182999031249999 0.4593364953125 0.621982884375 0.46503882343749997 0.6230578343750001 0.46573678906250005 0.6241069921875 0.46921959375 0.6275073546875001 0.47359231562500004 0.6299269765625 0.47771027187500004 0.6325607984375 0.47992979375000006 0.6355030312500001 0.48069408124999996 0.6397344171875 0.48025789999999996 0.6425011359374999 0.47874336250000005 0.6455375734375 0.4799508546875 0.6453749546875 0.47627960781249995 0.64300691875 0.46659196875 0.640103375 0.46165042031250003 0.6374566546875 0.46082331875 0.6374398265625 0.4520255953125 0.6348446921875001 0.4456288125 0.63006096875 0.442013359375 0.62973573125 0.43467087031249996 0.6274619 0.42542643281250003 0.6257790984375 0.416056371875 0.623654990625 0.4118756 0.6203488312500001 0.4079460828125 0.6172052906250001 0.40768780937500004 0.615847725 0.40566023749999996 0.619286778125 0.40585569687499995 0.6161690296875 0.4028125828125 0.6126486671875 0.4007815015625 0.6090896171875 0.4029276796875 0.6035135609375 0.39994386875 0.60211730625 0.402093559375 0.600601053125 0.40658488593750003 0.59917900625 0.41151941562500005 0.5984550859375 0.4153791 0.5980137828125 0.4205683921875 0.59738406875 0.42487127812500003 0.595666509375 0.42986862031250006 0.5936534359375 0.4349287765625 0.5914519515625 0.439102528125 0.5908222375000001 0.4434054140625 0.5922611140625 0.447268609375 0.593417371875 0.449802196875 0.5970448359375 0.45088406093750005 0.598830809375 0.4491147625 0.6020685546875 0.4498162375 0.60462106875 0.45020013593749997 0.605708915625 0.44950568124999996 0.607764609375 0.45045840937500004 0.6105868437499999 0.4535643359375
3 0.6552827328124999 0.42553487656250005 0.6581217953125 0.43743852812500006 0.6601814218750001 0.4485814 0.6689139140625 0.45043106093749996 0.6745325906249999 0.4594277546875 0.685418915625 0.4728634921875 0.688832175 0.4758437921875 0.699162228125 0.47503775 0.7046956640625 0.472008678125 0.7054156515625001 0.457958846875 0.7057032984375 0.43751574687500006 0.70470179375 0.4182731140625 0.7049210296874999 0.3946019703125 0.7014096296875 0.3809883234375 0.698463465625 0.3700338921875 0.6892728421875 0.36457579687499997 0.6841549171875 0.36520041875000003 0.68063455625 0.36316933749999997 0.6780304562499999 0.36835511875 0.6760302796875 0.372022853125 0.67094208125 0.3800527796875 0.67026078125 0.3899253484375 0.667468271875 0.394224725 0.6628382046875 0.40586308281249994 0.6569447734375 0.41591707031249997 0.6552827328124999 0.42553487656250005
1 0.332055034375 0.51925326875 0.3352669875 0.522739584375 0.3412198640625 0.5274962046875 0.34662040625 0.5282011890625 0.3528132796875 0.52827453125 0.3557942 0.524861559375 0.358775121875 0.5214485859375 0.359687453125 0.5184753062499999 0.357725965625 0.51796578125 0.35726783281249996 0.5143573484374999 0.3591609078125 0.51163883125 0.3599919296875 0.5068299296875 0.36121266875 0.502401415625 0.36123846249999997 0.499616575 0.3632257421875 0.497341259375 0.365105921875 0.4960151625 0.364943303125 0.4923439171875 0.3626049921875 0.4900615828125 0.36095191249999997 0.48809682343749994 0.35959434687499997 0.48606925156249997 0.357350240625 0.48423011875000005 0.3558984703125 0.48175934375 0.353855671875 0.479414196875 0.352391003125 0.47833584062499995 0.350429515625 0.4778263171875 0.3486693328125 0.476810775 0.34700335937500004 0.4762384375 0.345538690625 0.47516008125000003 0.3445579453125 0.47490532031250005 0.3428919703125 0.4743329796875 0.34181702187499996 0.47363501562500004 0.339667121875 0.4722390859375 0.338497965625 0.47109791718749994 0.336536478125 0.47058839218750004 0.33564993906249996 0.4707768328125 0.3335942453125 0.469824103125 0.33085332031250003 0.4685538 0.32781688125 0.467346309375 0.3242836234375 0.4667076484375 0.3214227 0.46777898125000006 0.31854888125 0.4702427359375 0.31773075624999997 0.47365921875000006 0.31720814375 0.4770128890625 0.317666275 0.4806213203125 0.3186638484375 0.4896738078125 0.32007693125 0.49632184218750003 0.3235328125 0.5053150265624999 0.3273784125 0.5146885984375 0.32960962031249996 0.5179201515625 0.332055034375 0.51925326875
3 0.292194453125 0.5453284984375 0.2943185609375 0.54950926875 0.2960658453125 0.55191723125 0.2987938734375 0.5545799546875 0.3009566703125 0.5545834640625 0.303213671875 0.555030178125 0.3057532890625 0.556806496875 0.3085884203125 0.558520003125 0.311436446875 0.5588410875 0.3139076515625 0.557389365625 0.3151968046875 0.55618889375 0.3191455734375 0.5544231046875 0.3208502375 0.5508181828125001 0.32195098125 0.5487313078125 0.3230388265625 0.5480368515625 0.32463638906250003 0.545381146875 0.32632815625 0.5431686453125 0.3294974890625 0.540642078125 0.3314976640625 0.5369743421875001 0.332705509375 0.5339382500000001 0.3337120453125 0.531408171875 0.32591374375000004 0.51361024375 0.32216235000000004 0.504679875 0.31866778125 0.4998639515625 0.3147705953125 0.496060059375 0.30842800000000004 0.49092305156249993 0.30501473749999997 0.4879427515625 0.3020040921875 0.4839504203125 0.2981198046875 0.47875410937499996 0.2936573859375 0.4722910015625 0.29072805 0.47013429531249995 0.2868992796875 0.46955844375 0.2834473296875 0.47075540625 0.2803851 0.47233275625 0.27975538437499997 0.4766356421875 0.2797980078125 0.4826485265625 0.2805000671875 0.49176382656250006 0.28141632968749997 0.498980690625 0.2828978265625 0.5088567687500001 0.2841225 0.5146184 0.28572399375 0.5221528390625 0.2876338984375 0.5282320453125 0.2891540828125 0.5339308625 0.2907684734375 0.5400728828125 0.292194453125 0.5453284984375
0 0.314346121875 0.510047075 0.318200684375 0.507838084375 0.31978534999999997 0.5065748 0.321815253125 0.51031236875 0.3257937453125 0.51595188125 0.32147711874999996 0.5043622984375 0.3173786265625 0.501064421875 0.3125949046875 0.4974489703125 0.3088861296875 0.49453148437500005 0.3076098734375 0.494339534375 0.30539549374999997 0.49990570625 0.3041876484375 0.5029417984375 0.306525959375 0.5052241328125 0.3100721140625 0.5044703734375 0.311712296875 0.5078275546875 0.314346121875 0.510047075