3 0.6524753343749999 0.5336376015625001 0.6694642828124999 0.5697402140625 0.701818853125 0.595483646875 0.720188015625 0.602643190625 0.7581436390625 0.592782290625 0.7893357765625 0.5656109218750001 0.81340586875 0.5193233875 0.8261306203125001 0.45099691562500005 0.8382733281249999 0.3821321953125 0.8396117875 0.3649434640625 0.82360519375 0.3194304609375 0.7984610828125 0.3084625984375 0.7610547578125 0.30752989531249997 0.7329054562499999 0.3308816140625 0.7112331281250001 0.35973157968749997 0.6902779156250001 0.3921929421875 0.6638420015625 0.40582755156249994 0.6489937390625 0.4554836171875 0.648780065625 0.49508722031249996 0.6524753343749999 0.5336376015625001
3 0.4432277421875 0.8238910625000001 0.4785760375 0.8288170656249999 0.5257420265625 0.835826846875 0.532575103125 0.8335467546875 0.5468462296875 0.8025205171875 0.5665325718750001 0.767657328125 0.57928350625 0.7433329375 0.5871636203125 0.6928838171875 0.596971596875 0.65453633125 0.6016508734375 0.6318380171875 0.5956487078125 0.6159686453125001 0.5846504609375 0.6092375546875 0.5610592828125001 0.6028997015625001 0.5296641359375001 0.594750178125 0.5089225953125001 0.5876079375 0.485957665625 0.5796380359375 0.469695646875 0.585482971875 0.45812271562499995 0.6069657484375 0.45079435625000003 0.6562053015625 0.4453660234375 0.7253827109375 0.44029624843750004 0.7963658171875 0.4432277421875 0.8238910625000001
3 0.188915696875 0.6901828234375 0.20206283749999998 0.698164059375 0.2169700265625 0.703841928125 0.22580055468750002 0.694072909375 0.23336221093749998 0.681902059375 0.2384024984375 0.6705934828125 0.243540209375 0.6318581203125 0.2485289328125 0.5939677234375 0.249045490625 0.571842265625 0.2509520765625 0.5591098953125 0.251217315625 0.5460881109375 0.2518247421875 0.5292060968750001 0.248134378125 0.5098237921875 0.2391335828125 0.4956037734375 0.22779315000000003 0.49273291406249997 0.216022115625 0.498062875 0.20255161249999998 0.5091918343749999 0.191930746875 0.5195164078125 0.1808629109375 0.5323758765625 0.173315171875 0.5406286109375 0.1606804859375 0.552776184375 0.1494055359375 0.5725690296875 0.14159255625 0.59384355 0.138447390625 0.6059219078125 0.14128556406249998 0.6186196703125 0.14737614375000002 0.630148446875 0.1533922265625 0.64209970625 0.1598413640625 0.6554341796875 0.17149860156250002 0.6718650734375 0.1779313671875 0.6795336203125 0.188915696875 0.6901828234375
3 0.30394996406249997 0.5580000093749999 0.36372525625 0.5702824796875 0.4029055453125 0.56499370625 0.42528352500000005 0.553257284375 0.4348262640625 0.5279315812500001 0.44440584687499995 0.47168346562499996 0.43043925937500005 0.46834954375000004 0.42327055468749997 0.4418196375 0.4313651421875 0.4131892578125 0.4344914859375 0.3858609359375 0.408667103125 0.3403592671875 0.38347553125 0.2605553203125 0.3375825171875 0.21369310156250002 0.3162753046875 0.2116785390625 0.29838831093749996 0.2228999875 0.2806740375 0.2676945140625 0.2650202453125 0.318079778125 0.2617735484375 0.399839184375 0.2577467046875 0.46490753125 0.2631766390625 0.5185748078125 0.30394996406249997 0.5580000093749999
3 0.23597444687500002 0.686283234375 0.2328153625 0.702279703125 0.23090877812500002 0.7150120734375001 0.2305829625 0.7245382296875 0.2308973140625 0.728514225 0.23656875624999998 0.734741675 0.2474925078125 0.74189525 0.258162484375 0.7485684578125 0.269309721875 0.75445458125 0.280128690625 0.760282821875 0.2904843140625 0.7629800359375001 0.29603215 0.7526321890625 0.30338424062499997 0.7378106796874999 0.310661834375 0.72341165 0.3158371953125 0.71517621875 0.321848371875 0.7079594015625 0.3255174578125 0.7025077015625001 0.3282017359375 0.696882353125 0.3309605109375 0.6908345234375 0.33437336875 0.67531841875 0.33690375 0.6513699609375 0.338153796875 0.6385218234375001 0.33835845781249996 0.6220044109375 0.33753410625 0.6074836453125 0.33290559375 0.595341434375 0.3227407109375 0.58004491875 0.316680421875 0.5702639578124999 0.31203799375 0.562039859375 0.3056658046875 0.5578669406250001 0.294160009375 0.5501751203125 0.28342945625 0.5400062812499999 0.2735208 0.5347741703125 0.26007813125 0.53806690625 0.25373868593750004 0.545225840625 0.25199500937499997 0.553195134375 0.25044698125 0.5677332015625 0.2490946046875 0.5888400468749999 0.246831915625 0.609350759375 0.24495561718749997 0.62383094375 0.24193160625000001 0.6429005609375 0.2383582921875 0.6727637796875 0.23597444687500002 0.686283234375
3 1 0.288736828125 0.9841280578125 0.286312771875 0.965151471875 0.29603524062500003 0.943311328125 0.310480209375 0.9108781562500001 0.3274135265625 0.8806266203125 0.356928840625 0.857804121875 0.3807841984375 0.8430671999999999 0.3990953671875 0.8348023453125 0.40373670781250004 0.826875571875 0.44677208593750006 0.8334458625 0.46709781718750004 0.8511961328125001 0.504641528125 0.8615451999999999 0.5400089671875 0.8686254921875 0.5708794687500001 0.879223428125 0.5875591984375 0.89174431875 0.5971724828125 0.9091565078125001 0.5963221546875 0.9270877078125 0.5829304093750001 0.938735134375 0.5610251500000001 0.9619505828125 0.49846903749999993 0.9758164921875 0.45822336249999995 0.9959334359375 0.415159346875 1 0.403421703125 1 0.288736828125
3 0.10706050468749999 0.3385808625 0.10773586718749999 0.35394659375000004 0.1081877453125 0.370579771875 0.10819265156249999 0.38974785 0.10769000937499999 0.40795519531249996 0.11391565937499999 0.4225571171875 0.1254656625 0.42807864218749997 0.1369992921875 0.42793423906249994 0.15242549375 0.42107068906249995 0.16180777500000001 0.41009210312500005 0.1722027015625 0.3914509421875 0.1768541421875 0.376588853125 0.1787721921875 0.35035433125000004 0.1797381765625 0.3352780140625 0.17988226093749998 0.315264971875 0.181041440625 0.2971733921875 0.1823054046875 0.28040714218749996 0.177092396875 0.25814264374999996 0.1636726578125 0.234431078125 0.1556402984375 0.21471878125 0.14614587343750002 0.19561991875 0.13669810625 0.1839348 0.12987894687499998 0.1822967796875 0.11965183593749999 0.21534294062499998 0.112153209375 0.24059345625 0.107371603125 0.2715504765625 0.10552804687499999 0.29736251406249997 0.10623615312500001 0.3240600984375 0.10706050468749999 0.3385808625
3 0.7235517109375 0.744812296875 0.7285690671875 0.760508021875 0.7338917656249999 0.803265928125 0.7367954234375 0.838627396875 0.7703509296875 0.8345249140625001 0.8215118203125 0.8265568390625001 0.856708671875 0.8227437703125 0.8688685515625 0.82096731875 0.8756893640625 0.770767034375 0.8820697624999999 0.6904314203124999 0.8785071125 0.645370146875 0.8690732640625001 0.6297669140625 0.8488973968750001 0.6174969953125 0.8348980671874999 0.6028312203125 0.818112128125 0.6020494984375 0.7991052546875 0.610024153125 0.790379509375 0.621118503125 0.76754309375 0.648891975 0.7372358859375 0.6940797359374999 0.7307826453125 0.7229995296875 0.7235517109375 0.744812296875
3 0.4300946203125 0.462625734375 0.43431791249999996 0.4655485078125 0.43982399531249994 0.46695499687500003 0.44853827500000004 0.46936279531249997 0.45722226718750003 0.47002278124999997 0.4628028421875 0.4710067875 0.4742922671875 0.47303268281250005 0.4857211140625 0.47156295000000004 0.4944493109375 0.4700526375 0.50613193125 0.46906326875 0.5196654656249999 0.47101397812499995 0.5363327015625 0.47438847968750003 0.5497917421875 0.476761671875 0.5596701078125 0.4802459671875 0.5680119109375 0.48476618125000004 0.5778157828125 0.4886729609375 0.5820832828125 0.4894254359375 0.587440375 0.4916768921875 0.5940499671875 0.49066425 0.6001520109375 0.48869087499999997 0.6039422515624999 0.4902304328125 0.607644078125 0.49611058750000003 0.6113156171874999 0.5002429265624999 0.6179112921875001 0.5031483953125 0.6246698734375 0.5012907859375 0.632934728125 0.49664944375 0.6393625890625 0.4851499140625 0.644849846875 0.4713064390625 0.6499040515625001 0.4560797484375 0.6525858765625 0.4408703625 0.65638758125 0.4289077703125 0.6593976765625 0.4137562671875 0.6607083 0.40440375937499995 0.6587034890625 0.383140571875 0.655890696875 0.3530225453125 0.6492761984375 0.3348671109375 0.6399888890625001 0.308834875 0.6299705421875 0.28310935625 0.6219406375000001 0.272981096875 0.609508159375 0.25902721875 0.6043581812500001 0.24984238749999998 0.58348156875 0.2396270015625 0.5638901984375 0.2374793671875 0.54438969375 0.24057518125000002 0.5290821921875 0.24484594999999998 0.5119704390625001 0.253590384375 0.49115930937499996 0.2660387046875 0.47463205156250005 0.284905425 0.45874741406249997 0.307806021875 0.4516048921875 0.325278196875 0.44307479843750003 0.3429413234375 0.4361164609375 0.3804844234375 0.43458235156249997 0.3911043796875 0.4316631234375 0.41149932656250005 0.42810127500000006 0.427860396875 0.4252401703125 0.442166934375 0.42592945000000004 0.45361455156249997 0.4300946203125 0.462625734375
3 0.45375533749999997 0.6240560187499999 0.4575103828125 0.6046796859375 0.4629976421875 0.590836209375 0.462906775 0.585592765625 0.4587276875 0.5804996953125 0.4516686734375 0.574463196875 0.4373738171875 0.5710713921874999 0.3931925390625 0.5663303703125 0.37873477499999997 0.5677016421875 0.367305928125 0.569171375 0.35438472656250003 0.5695067296875 0.3462827796875 0.56938499375 0.343477346875 0.5680190828125 0.34292804375 0.5788126874999999 0.34132189375 0.599439165625 0.3377927859375 0.6271320874999999 0.336798965625 0.6500446296875 0.332585484375 0.685458009375 0.33001335 0.7211608046875 0.3300788328125 0.7438245109375 0.3291013859375 0.7724029781249999 0.33208855000000004 0.7842557765625 0.340937903125 0.7897367203125001 0.3577705 0.797932184375 0.37361829062499996 0.8059539984375 0.3925392046875 0.811903978125 0.40031042968749997 0.8023837921875 0.40766252031250005 0.7875622828125 0.414388359375 0.7743728187500001 0.42323280625 0.7606856890625 0.43483602499999996 0.7409507265624999 0.4373713125 0.73617034375 0.4456476328125 0.7180268515625 0.44688130781249996 0.6995127890624999 0.44784729375000004 0.684436471875 0.4503334671875 0.6626583109374999 0.45375533749999997 0.6240560187499999
3 0.5910553421875 0.7994253171875 0.5968667625 0.8278939890625001 0.6100139046875 0.835875225 0.6447498671874999 0.8385151640625 0.6880953265625 0.8422375734375 0.70105828125 0.8301478828125 0.7142185390625 0.7727886625 0.72778646875 0.7342329203125 0.7392775453125 0.6844205125 0.743355953125 0.6459339843749999 0.7320409015625 0.625642859375 0.715520203125 0.6118393546875 0.6947041671874999 0.605119596875 0.6752036609375 0.6082154078124999 0.651300584375 0.6074855984374999 0.6334577968749999 0.6165367500000001 0.6253861374999999 0.618162828125 0.6103929890625001 0.6264095921874999 0.5986383265625 0.6374054828125 0.5878037890625001 0.68733365625 0.5801799015625 0.7478471796874999 0.5910553421875 0.7994253171875
3 0.22827942031249998 0.46885964218750004 0.236497615625 0.4568045578125 0.24459711093749997 0.44734225624999996 0.2529503796875 0.438360321875 0.25904996874999997 0.4268029078125 0.2599414578125 0.41214907343749996 0.26068395624999996 0.39834020625 0.26121198125 0.36271259843750003 0.2598800796875 0.3472311015625 0.2570419046875 0.3345333390625 0.25462286562499997 0.3271369 0.2501269734375 0.308483796875 0.2473469234375 0.28969762499999996 0.23756843437500003 0.2683705828125 0.2321483109375 0.253039459375 0.22590874218749998 0.24235565 0.21908713125 0.23113359218750001 0.2116695578125 0.22329139687500002 0.2060586921875 0.2205595765625 0.200836671875 0.2213812671875 0.1971233796875 0.2290032640625 0.19305398125 0.24440360156250002 0.18999968125 0.2617254015625 0.18716886562499999 0.2777797546875 0.183190334375 0.2984235359375 0.1803153125 0.3166481859375 0.17878365624999998 0.33685218125 0.1774754859375 0.3557887265625 0.1771382046875 0.37881703437500003 0.17766703125 0.40461176875 0.1788941484375 0.41876793125 0.1829291515625 0.44387404531249997 0.188724203125 0.46667679218749997 0.19584379375 0.47620891875 0.19754571875 0.4799939609375 0.209244709375 0.4846705203125 0.21822668125 0.4836405734375 0.22827942031249998 0.46885964218750004
2 0.44106257656250003 0.4676090109375 0.44692721874999997 0.4708211984375 0.4540443578125 0.4707692859375 0.4612359921875 0.4702948921875 0.477947434375 0.47149909375 0.4833184453125 0.46983243906250005 0.49025630624999994 0.468877678125 0.497820415625 0.46629086875 0.50493755625 0.4662389578125 0.5113981562500001 0.4660712796875 0.5223358265625 0.4693067421875 0.533930034375 0.47265796875 0.5450911890625 0.47462598125 0.5584012375 0.47784414062499997 0.5640423921875 0.48232377499999995 0.569399484375 0.48457523125 0.578083475 0.48523521406250003 0.586425278125 0.48975542968749997 0.59445273125 0.49029964843749996 0.5979286203124999 0.4878632109375 0.6035091968749999 0.48884721875 0.60750900625 0.49303744062500005 0.61080806875 0.49928219374999994 0.6183582624999999 0.500613496875 0.6243416046875 0.501232903125 0.6308603296874999 0.494976815625 0.634901890625 0.48741270156249994 0.6412552546875 0.47633565468750005 0.6450430421875 0.46829117499999995 0.6467867203125001 0.46032188281249997 0.643189675 0.455767059375 0.6341168390624999 0.4515535640625 0.6270741937500001 0.4511829921875 0.6179874390625 0.4508876078125 0.6068262828125001 0.4489195953125 0.5884129171875 0.44393034687500005 0.5823689984375 0.43981531250000006 0.5754450546875 0.4368519609375 0.558912890625 0.436550603125 0.5505710875000001 0.43203039062500004 0.53411341875 0.43130655156250003 0.509672503125 0.4278681953125 0.492260315625 0.42871852343750005 0.4846659171875 0.4295575171875 0.473341853125 0.4323525828125 0.46732822343749997 0.4299853640625 0.45531733281250003 0.43091684687500004 0.4420375734375 0.42944650468749995 0.43332574687500003 0.4366227421875 0.42759863124999997 0.4460677421875 0.4267349796875 0.45288535156250004 0.4274823828125 0.4582445609375 0.42917038906249994 0.4659477140625 0.4346461828125 0.465606390625 0.44106257656250003 0.4676090109375