3 0.6095109453124999 0.567818528125 0.6090599906249999 0.584864771875 0.6094452640625 0.5939548390625 0.609935065625 0.6020503859375 0.6116105234375 0.605243009375 0.615728984375 0.6107034171875 0.6211376296875 0.61026638125 0.624906659375 0.6126735390625 0.630664734375 0.615289753125 0.636631865625 0.6159169234374999 0.644588040625 0.6167531515625 0.6498921578125 0.6173106374999999 0.6568358890625 0.6150239281250001 0.6581619171875001 0.6151632984375001 0.6608139765625001 0.6154420421875 0.669224109375 0.6183369984375 0.6785063140625 0.6193125968750001 0.6873345609375 0.6182294671874999 0.6996869375 0.615505721875 0.7055823796875 0.6040592578124999 0.7084076515625 0.5963121390625 0.7096978375 0.59041469375 0.7111283953124999 0.58955954375 0.717758540625 0.5902564 0.7237256734375 0.5908835703124999 0.7345788062499999 0.5960463140625001 0.7393244375 0.5955395921875 0.744628553125 0.5960970765625 0.7496190859375 0.599638128125 0.7531790593750001 0.6040343296875 0.7554130031249999 0.608291159375 0.7614159796875 0.6149551468750001 0.7687091390624999 0.6157216890625 0.7780958734375 0.615702765625 0.78570261875 0.6134857421875 0.79163390625 0.608076096875 0.797424821875 0.5976241546875001 0.8016089624999999 0.5769482515625 0.8031410453125 0.55599360625 0.801671640625 0.5317069671875 0.7990822625 0.48618693906250005 0.794261940625 0.4555150546875 0.791397821875 0.4381203828125 0.7862997593750001 0.41646888125 0.782214140625 0.3979403171875 0.7779194640625 0.3814007953125 0.7774983468750001 0.3662739109375 0.77309914375 0.35072891093749997 0.7666063671875001 0.3359693765625 0.757497375 0.3269679171875 0.7467487703125 0.3208106515625 0.73579110625 0.3166424296875 0.7236477859375 0.3173771328125 0.711295409375 0.320100878125 0.6931162750000001 0.3272397484375 0.683347271875 0.3372735765625 0.671275640625 0.3500819125 0.663426996875 0.3673561359375 0.6545659078125 0.381507421875 0.6470308499999999 0.39579807968749997 0.638065234375 0.41094388750000005 0.6337048765625 0.42054067812499996 0.6270418890625 0.43291197812500004 0.6239030328124999 0.4436426625 0.6228219046875 0.4475510640625 0.619438146875 0.454233975 0.6179030609375 0.45608364687499997 0.6157049609375 0.45786363437500005 0.6166128750000001 0.46198109374999996 0.615603434375 0.47796312968750004 0.6163381375 0.49010644843750006 0.6144924671875 0.514044659375 0.61261095625 0.5319460546875 0.6112879296875 0.55091165625 0.6095109453124999 0.567818528125
3 0.786586571875 1 0.7789891578125 0.9707410765625 0.7741359953125 0.9531373484375001 0.77106281875 0.9377317203125 0.7663141859375 0.9191334703124999 0.7631364828125 0.9047223640625001 0.7589821796875 0.8932251375 0.7521758171874999 0.88144916875 0.742962296875 0.87344223125 0.7365412078125 0.87075633125 0.7233854453124999 0.868368096875 0.712463625 0.8702366921875001 0.7021361374999999 0.8792063109375 0.6973218218749999 0.8867443734375 0.6923342921875 0.9023082953125 0.68985845 0.9131086640625 0.6870690234375 0.9268926000000001 0.6840705375 0.942665578125 0.68173506875 0.9585082437500001 0.6787395859375 0.9933861953124999 0.6777811328125 1 0.786586571875 1
3 0.128042996875 0.6459192671875 0.13952630625 0.6642198515625 0.157705440625 0.65708098125 0.1809079484375 0.64041500625 0.20288895624999997 0.6226151375 0.2181352890625 0.6051129343749999 0.22647073125 0.576829284375 0.24928496249999998 0.5319682671875 0.2615984921875 0.5041027312499999 0.2591524890625 0.4827299734375 0.2584506265625 0.457518496875 0.24232621562499998 0.43873011249999994 0.2171615 0.4039089296875 0.1908798109375 0.36695933125 0.159960021875 0.34862690625 0.136264709375 0.33809236249999997 0.11302635781249999 0.3487215203125 0.09928227187500001 0.37744220781250004 0.0935003640625 0.44520906718750003 0.0965825484375 0.5179296140625 0.1005338015625 0.5696258296875001 0.10741485312500001 0.6125804046875001 0.128042996875 0.6459192671875
3 0.26201660625 0.50012464375 0.265926009375 0.507574096875 0.273882184375 0.508410325 0.27929082968749996 0.5079732875 0.2814889296875 0.5061933015625 0.28347797343750003 0.5064023578125 0.284699475 0.5075362515624999 0.28668851875 0.5077453078125 0.2886775625 0.5079543656250001 0.29066660624999996 0.508163421875 0.292551121875 0.5093670015625 0.294540165625 0.5095760578124999 0.2979597671875 0.5089299640625 0.3012748390625 0.5092783921875 0.3033684125 0.508492928125 0.30612499843749996 0.5077771484375 0.308986115625 0.506066846875 0.31031214375 0.5062062187499999 0.3132777875 0.5035013953125 0.3156849453125 0.4997323640625 0.31666154375 0.496818484375 0.3176381453125 0.4939046046875 0.3190687015625 0.493049453125 0.321162275 0.49226398906249996 0.3244773484375 0.49261241718750004 0.329432034375 0.49011665000000004 0.3328516375 0.48947055781250004 0.3363757671875 0.4878299421875 0.34188894062499997 0.4863983828125 0.3474021140625 0.484966825 0.35082171562500003 0.48432073124999997 0.3571024328125 0.4819643359375 0.36251107656250003 0.48152729843750003 0.366698221875 0.47995636875000003 0.370885365625 0.4783854390625 0.37440949687499997 0.4767448234375 0.3785966421875 0.47517389374999996 0.38344680000000003 0.47367264843749995 0.388296959375 0.4721714046875 0.39314711875 0.4706701609375 0.39600823281249997 0.46895985937500007 0.3987648203125 0.46824407968750004 0.40173046562500003 0.46553925625000003 0.4053591234375 0.46290411875000004 0.40720779374999994 0.45807088125 0.4086025078125 0.4511789140625 0.4067866765625 0.44294399531249995 0.40399424687499996 0.4376229578125 0.3993173015625 0.4310983421875 0.39142981093749996 0.42323077500000006 0.3886373796875 0.41790973749999993 0.38218044687499997 0.4091870203125 0.3783755734375 0.4007430453125 0.37446616875 0.3932935921875 0.3687767796875 0.3836460390625 0.363750403125 0.37406817187499997 0.360504015625 0.36668840468749997 0.35362896875 0.36194377499999997 0.348533909375 0.3593972453125 0.3381347328125 0.35629323125 0.3289570578125 0.3543231109375 0.32079182500000003 0.3554759265625 0.309206990625 0.3572748359375 0.3042523046875 0.359770603125 0.2964365 0.3639766703125 0.2906097421875 0.3683917953125 0.28621354062500004 0.37195176874999997 0.2824803546875 0.375581428125 0.278538109375 0.38120013125 0.27536340937500003 0.3858939984375 0.27135248125 0.3985440390625 0.268563053125 0.412327975 0.264692496875 0.43002031250000006 0.2632290984375 0.44394361875 0.26099815625 0.4587917609375 0.2608607875 0.4728544390625 0.2600962484375 0.4928842484375 0.26201660625 0.50012464375
3 0.3643989796875 0.9482815671875 0.3628608921875 0.9310262671875 0.362544303125 0.9149048593750001 0.36180960156249997 0.9027615390625 0.3649484578125 0.8920308562500001 0.3684367421875 0.8843534234374999 0.374227659375 0.8739014812500001 0.376634815625 0.8701324515625 0.3780982140625 0.8562091453124999 0.371327696875 0.85046999375 0.3583809890625 0.8460927140625 0.3442486265625 0.846618359375 0.3312332359375 0.8492724203125 0.3167872875 0.8527816312500001 0.3030043515625 0.856360528125 0.289361790625 0.8649817203125 0.2795927875 0.875015546875 0.27324338593749997 0.88440328125 0.262915896875 0.8933729015624999 0.2504948359375 0.9031279859374999 0.23884131718749999 0.911958234375 0.2367835890625 0.9187805171875001 0.23894884843750003 0.9300686859375 0.24289409687500002 0.9435549546875001 0.24694387031249998 0.9560467031250001 0.25497173281249996 0.968956565625 0.2595441515625 0.976475703125 0.36297442968750004 0.9873466640625 0.362729528125 0.983298890625 0.363948025 0.9653278109375 0.3643989796875 0.9482815671875
3 0.6748181328125 1 0.6786678984375001 0.9813125609375 0.68075846875 0.9614221234375 0.6830580937499999 0.9395426421874999 0.68786940625 0.9128996078125 0.6921580765625001 0.8912291828125 0.6999021921875 0.87494948125 0.707123665625 0.8636423890625 0.7107851640625 0.8479390953125 0.7106089484375 0.836859984375 0.701150528125 0.8248052734375 0.684434790625 0.8180208359375 0.6616832375 0.8176405687500001 0.6464697453125 0.822074615625 0.625080065625 0.8278705359374999 0.606900928125 0.83500940625 0.5907108375 0.842357334375 0.5854784078125 0.8538734828125 0.5846093390625 0.8748978140625001 0.58307725625 0.8958524593750001 0.581649703125 0.9158125828125 0.5832923203125 0.9320733609375 0.5831191062500001 0.940099221875 0.5902390546875 0.9488916250000001 0.5960329718749999 0.95754465625 0.5993838890625 0.9639299015624999 0.6043415796875 0.9805391078125 0.6052306203125 1 0.6748181328125 1
3 0.48432882499999996 1 0.4867819421875 0.9892987671875 0.49127966875 0.9656392984375 0.4936838234375 0.94276529375 0.496087978125 0.919891290625 0.49475894687500005 0.900646946875 0.49172161562500005 0.8912781359374999 0.485927696875 0.8826251046875001 0.47605116093750005 0.8745484812500001 0.4674319734375 0.8736425671875001 0.4541716796875 0.8722488546875 0.43815480156250003 0.8715709203124999 0.42478998125 0.8711717296874999 0.41208817499999995 0.870842225 0.3975018546875 0.869309140625 0.3821479890625 0.8687008921875 0.3765302875 0.8711269734375 0.3689952296875 0.88541763125 0.36334468593749997 0.9009118671874999 0.3635209015625 0.9119909796875 0.3638016484375 0.9220755703125001 0.364431821875 0.9352134109374999 0.36453935312499997 0.9533238624999999 0.36415708125 0.9633387671874999 0.3625891546875 0.9782565953125 0.3623114140625 0.9872769781249999 0.48336288437499997 1 0.48432882499999996 1
3 0.8982955562500001 0.530801959375 0.8924359562499999 0.5482852390625 0.8852503281249999 0.5656291484375 0.879877525 0.5721030015624999 0.8821114703124999 0.57635983125 0.8951985499999999 0.58577940625 0.9045165984375 0.592791821875 0.92531495 0.59899985 0.9388888281250001 0.597409996875 0.9443661578125001 0.589941621875 0.9490401015625001 0.577361265625 0.9558763000000001 0.5569641046875 0.964561171875 0.53173370625 0.9692679562500001 0.5060851937499999 0.976274365625 0.4585572 0.9787472062499999 0.42865185781250004 0.9784306171875 0.41253045000000005 0.9790189406250001 0.381421528125 0.9780034953125 0.35919361875 0.9769193625 0.343997046875 0.9726246875 0.3274575265625 0.968786971875 0.3320817078125 0.9597855125000001 0.3411906984375 0.94795878125 0.3580468078125 0.9393067500000001 0.3702090515625 0.9328528203124999 0.38059130625000004 0.9251087046875 0.3968710078125 0.919004203125 0.410306515625 0.9132491328125001 0.4267952734375 0.907004259375 0.4351884859375 0.91070460625 0.44462698281249996 0.9110211953125 0.4607483890625 0.9085125109375 0.48461691562500003 0.902829128125 0.5131793078125 0.8982955562500001 0.530801959375
1 0.73534635 0.595121478125 0.74131348125 0.5957486484375 0.742639509375 0.5958880203125 0.749932671875 0.5966545625 0.7483617421875 0.5924674171875 0.7457783671875 0.5851573359375 0.74099689375 0.579627240625 0.7355524046874999 0.5740274609375 0.7294449000000001 0.5683579953125 0.721139296875 0.564468515625 0.71430009375 0.565760703125 0.7101487921875 0.57336845 0.709521621875 0.57933558125 0.7079178515625 0.58821659375 0.708371809375 0.590275321875 0.7170955265625001 0.5901867140625 0.72239964375 0.5907441999999999 0.7308097765625 0.59363915625 0.73534635 0.595121478125
3 0.8018478578125 0.5427860796874999 0.8017463328125001 0.5628855734375 0.801713490625 0.5759537296875 0.801331221875 0.585968634375 0.8030066796875 0.5891612578125 0.8139643421875 0.593329478125 0.82534011875 0.5935196125 0.8363664671875 0.5906564953125 0.8494863859375 0.5870079140625 0.8640368640625 0.58250418125 0.872411153125 0.5793623203125 0.8813080843750001 0.5712478515625 0.8878665421875 0.5598710734375001 0.8929585984375 0.5433126296874999 0.900108384375 0.519931903125 0.9045015828125 0.49726695625 0.9081272374999999 0.47552684687499996 0.9099370625000001 0.44555181875 0.9044895703125 0.420847065625 0.8995647218749999 0.391169703125 0.89705003125 0.37682828281249997 0.8930689421875 0.3573051953125 0.8890191671875 0.34481344687500004 0.8766996296875 0.3344690375 0.8616951953124999 0.336914040625 0.8436922765625001 0.3551320234375 0.8318655453125 0.3719881328125 0.826424059375 0.385493325 0.8185395703125 0.39673073125 0.8089796249999999 0.404775515625 0.7970125218749999 0.41658932968749995 0.7898268921875 0.4339332390625 0.7925147953125 0.4402487984375 0.795238540625 0.452601175 0.798174346875 0.48206948125000004 0.7992943218749999 0.50330286875 0.801426740625 0.52765919375 0.8018478578125 0.5427860796874999
3 0.409797175 0.503590909375 0.412240175 0.5058586953125 0.41576430625 0.5042180796875 0.41785787812499997 0.5034326140625 0.4206144640625 0.5027168343749999 0.421068421875 0.5047755640625 0.420859365625 0.5067646078125 0.4211042671875 0.51081238125 0.42421028125 0.513149853125 0.42874685625 0.514632175 0.43262041562500003 0.5160448109375 0.438029059375 0.5156077734375 0.43869207499999996 0.515677459375 0.44047206250000004 0.5178755609375 0.44281053437500006 0.52113786875 0.4481146515625 0.5216953531249999 0.45484932499999997 0.5213976875 0.4561753546875 0.5215370593750001 0.45795534218749995 0.5237351609374999 0.4602938140625 0.5269974687500001 0.46294587343750004 0.5272762109375 0.466470003125 0.5256355953125 0.46933111875 0.52392529375 0.47208770624999996 0.523209515625 0.47494882031249996 0.5214992140625 0.47958992343749995 0.5219870125 0.485347996875 0.5246032281249999 0.49100154375000005 0.5282139640625 0.4974226328125 0.5308998640625 0.5037391921875 0.5345802859375001 0.5059731375000001 0.5388371171874999 0.5078576531250001 0.5400406953125 0.51096366875 0.5423781671875 0.5146281703125 0.545779846875 0.5164081578124999 0.5479779484375 0.520281715625 0.5493905828125001 0.5221662312500001 0.5505941625 0.526598278125 0.5530710062499999 0.5309257953125 0.5565423703125 0.5351487828125 0.5610082578125 0.5380457421875 0.5653347734375 0.541605715625 0.5697309749999999 0.545479275 0.5711436109375 0.5480268046875 0.5724168749999999 0.5510282921874999 0.5757488687500001 0.5529128078125 0.5769524484375 0.5552512796875 0.58021475625 0.557589753125 0.5834770640625 0.560800296875 0.5848200140625 0.5628938703124999 0.5840345499999999 0.5658953578125 0.58736654375 0.5687923171875 0.591693059375 0.570572303125 0.593891159375 0.5717938046875 0.595025053125 0.57423680625 0.5972928390625001 0.5773428218750001 0.5996303109375 0.5790182796875001 0.602822934375 0.580135253125 0.60495135 0.582369196875 0.6092081796875 0.5843582406250001 0.6094172359375001 0.58844085625 0.6088408281250001 0.59022084375 0.6110389296875 0.5914423453125 0.612172821875 0.5927683734375 0.61231219375 0.5948619468749999 0.6115267281250001 0.5975140046875 0.611805471875 0.5996075765625 0.61102000625 0.60093360625 0.611159378125 0.60369019375 0.6104435984375 0.60435320625 0.610513284375 0.6052252796875 0.608593925 0.607946021875 0.6018413296875 0.6090958343749999 0.5909015890625 0.6092332046875 0.5768389109375 0.6102068015625 0.5548200578125 0.61163435625 0.534859934375 0.613656240625 0.522000834375 0.61424756875 0.5099968859375 0.6139309796875 0.4938754796875 0.6138921328125 0.46873368906249996 0.6143789296875 0.45772426250000003 0.611655184375 0.4453718859375 0.609385396875 0.4350782390625 0.6050907203125 0.41853871875 0.6011096296875 0.39901563125 0.5934640375 0.376090865625 0.5846327875 0.358069021875 0.5723819359375 0.3406932734375 0.5625054031250001 0.33261664999999996 0.5443232625000001 0.320650546875 0.5286199703125 0.31698904843750003 0.5179072078125 0.3168686 0.5032163578125 0.3163300375 0.489537953125 0.31891441249999997 0.478651978125 0.326819825 0.4692324046875 0.339906903125 0.4645226171875 0.34645044375 0.4568471859375 0.35569880625 0.44554609999999994 0.38668727812500003 0.4342091703125 0.411638934375 0.42932617031250003 0.42620833437499994 0.4171171703125 0.4530793484375 0.41516396875000006 0.458907109375 0.41345567031249997 0.4687826421875 0.41272397187500004 0.47574429531250007 0.41188774375000003 0.4837004703125 0.41000623125 0.501601865625 0.409797175 0.503590909375
3 0.5659140453125 1 0.5721674484375 0.974140946875 0.5783376312499999 0.9345691281249999 0.5826591421875 0.8998305468750001 0.5851678265625 0.8759620218749999 0.5878855656249999 0.8501044515625 0.585579934375 0.8337739875000001 0.5804490296875 0.8251906421875 0.571584940625 0.8202369546874999 0.5587786046875001 0.8209019718749999 0.5412266406249999 0.8220737109374999 0.5261176765625 0.8255132359375 0.5040291390625 0.825202653125 0.4871401875 0.826444078125 0.47381121249999997 0.8320817046875 0.46781123906250005 0.8445226890624999 0.4658938828125 0.8563872671875 0.46310445468749994 0.8701712015625 0.46830404375 0.871723209375 0.4805877359375 0.8760308015625 0.490150684375 0.8870909906250001 0.49744684843750003 0.90696250625 0.49584607968750005 0.934948490625 0.49117514062499995 0.9666338203124999 0.486154771875 0.9952658984375 0.4850099390625 1 0.5659140453125 1
3 0 0.5412954812499999 0.0023717984375000003 0.5532755375 0.009285690624999999 0.5831619578125 0.013302625000000002 0.6087218609375 0.0179467296875 0.6283146328125 0.026255337499999996 0.6513090859374999 0.0363080890625 0.670464821875 0.041752578125 0.6760646015625 0.05972265624999999 0.670914775 0.0741327609375 0.661368746875 0.0862043921875 0.6485604109375 0.104485053125 0.6213220453125 0.10608882500000001 0.612441034375 0.106121665625 0.599372878125 0.09781005468750001 0.557273453125 0.09525651874999999 0.5177902421875 0.093019571875 0.49442843906249995 0.084188321875 0.476406596875 0.06282847968750001 0.45002938906249995 0.045168984375 0.43309067656250005 0.030755875 0.42353173125000004 0.0181227546875 0.41617088750000003 0.0132725953125 0.41767213124999997 0.004865465625 0.433882146875 0.0030526375 0.444752203125 0.001066596875 0.46364811875 0.000684328125 0.4736630234375 0 0.48017396874999996 0 0.5412954812499999