0 0.902501059375 0.5661671484374999 0.9105878296875 0.5866494875 0.9122636828124999 0.593908403125 0.9177728859375 0.583226265625 0.9185941468750001 0.5595110671875 0.9148439249999999 0.5450852375 0.913156290625 0.539593459375 0.9057134109374999 0.5418999234374999 0.9026306390625001 0.546728615625 0.9001806484375001 0.556116340625 0.8968400531249999 0.5598282765625 0.902501059375 0.5661671484374999
0 0.480064584375 0.2672880078125 0.484741415625 0.262091296875 0.4958180546875 0.2518882359375 0.5080437875 0.22848080624999997 0.522097846875 0.20935639374999998 0.5397378734375 0.20940085156250002 0.5614337359375 0.197922428125 0.5679860140625 0.1899401765625 0.554307578125 0.19250995312500002 0.5363979484375 0.193115878125 0.5164721796875 0.19771610312500001 0.5002030609375 0.2108823640625 0.486031871875 0.22768125781249998 0.4730326671875 0.24773841718749998 0.4675699171875 0.271348909375 0.4587665703125 0.2986713359375 0.4650021234375 0.2984080265625 0.480239946875 0.2807747390625 0.480064584375 0.2672880078125
0 0.067206678125 0.24262322812499998 0.05890853593749999 0.2339524875 0.054419515625000005 0.23087188125 0.05243871875 0.22956476406249998 0.045148309375 0.2288953265625 0.0461324828125 0.24043091093750002 0.05176993125 0.2503040609375 0.0550634046875 0.2536606828125 0.0634322265625 0.2517285875 0.0695388703125 0.25090689843749997 0.067206678125 0.24262322812499998
3 0.8465244390625 0.48734054687499995 0.8554893640625 0.5352627203125 0.8599077046874999 0.548946165625 0.8784258859375 0.576430459375 0.8868529390625 0.5856595796875 0.8926546390625001 0.5907896906250001 0.8988548515625 0.595827796875 0.9058285375 0.6042161734375 0.9120051921875 0.6127885578125001 0.9161074765624999 0.61419403125 0.9209250000000001 0.6077885578125 0.9215348890625 0.59588495625 0.9202928890625 0.583232615625 0.9193204968750001 0.56992989375 0.9180784984375 0.5572775531249999 0.9123363687499999 0.5233148359375 0.899714125 0.4868235375 0.889154471875 0.45926629218750004 0.8805167140625001 0.441851859375 0.8656434031250001 0.4247007375 0.8502073234375 0.41238465937499996 0.8377833359375 0.405842725 0.821772709375 0.40012883125 0.8154082421875 0.399833765625 0.8086334828125 0.40139784218749996 0.803429221875 0.4061281796875 0.8015302171875 0.4124479984375 0.8086563734375 0.4178604734375 0.8204004625 0.42691193437499997 0.826459984375 0.433158803125 0.83235525625 0.444148709375 0.836785375 0.45606501250000003 0.8465244390625 0.48734054687499995
0 0.7156218359375 0.227608828125 0.7012399421875 0.2362224078125 0.694980159375 0.260016909375 0.7035943578125 0.2809656203125 0.70787200625 0.295857825 0.724128675 0.304455615625 0.7367987078125 0.3138814453125 0.743960203125 0.31399250312500004 0.7459063296874999 0.3006041265625 0.7546618859375 0.3003471671875 0.7525410671875 0.2802519 0.75240104375 0.2614637515625 0.7594807484375 0.25394787343749997 0.7720689890625 0.25574676875 0.7675217359375 0.24150494843749998 0.774050453125 0.237056975 0.7818682890625 0.2381927859375 0.7892758296875 0.2411877390625 0.7941515859375 0.24594348125 0.7992851640625 0.2518159796875 0.8040437890625001 0.254246203125 0.8083338875000001 0.24737435625 0.808358115625 0.2238431671875 0.8111366125 0.204969365625 0.8093554062500001 0.193617790625 0.8163533187500001 0.178474978125 0.8178426984374999 0.1540173921875 0.8160032609375 0.1315046046875 0.81483194375 0.1082494296875 0.804986190625 0.112875059375 0.790252234375 0.1345089984375 0.7751897734375001 0.16562901562500001 0.76671493125 0.1834653640625 0.7522741374999999 0.20091464062500003 0.7355947234375 0.2159400453125 0.7156218359375 0.227608828125
0 0.6493989421874999 0.21349059375 0.6607098453125 0.20793856718749998 0.6758769874999999 0.2009081171875 0.68928581875 0.19898872343750001 0.6832727484375 0.20567020937499997 0.6735441265625 0.21262135781249997 0.6821354328125 0.2171074375 0.6966108984375 0.21435365156250002 0.7047572375 0.2060033828125 0.70987970625 0.1936461109375 0.709422959375 0.1825769015625 0.7047232343750001 0.1713109796875 0.6969525187500001 0.1631066125 0.68519665 0.155822290625 0.6759954578125 0.16323981406250002 0.666524659375 0.17130771718749999 0.6523416906249999 0.1898737515625 0.6395185171875 0.20342073125 0.64194428125 0.2175641984375 0.6404437921875 0.2237920109375 0.6493989421874999 0.21349059375
3 0.13952284375 0.6558579859375 0.1437651515625 0.6760516062499999 0.1473864625 0.689919059375 0.1497186546875 0.698202728125 0.1508081796875 0.71383096875 0.1510542234375 0.7167148640625001 0.15098354375 0.7273177 0.152776528125 0.736902134375 0.1540656453125 0.74248591875 0.15414743749999998 0.750112853125 0.1543581421875 0.7582981671875 0.1583308453125 0.779142171875 0.15917432812500001 0.791886515625 0.161178015625 0.809656265625 0.163228825 0.82035745625 0.166064884375 0.8326417781250001 0.1687720328125 0.8443677218750001 0.1729678890625 0.8516329890625001 0.1804925609375 0.8569534624999999 0.1872555421875 0.8571565234375 0.1977811921875 0.8500213671875001 0.20422811875 0.8379464578125001 0.209491278125 0.824380425 0.215645709375 0.7964932671875 0.22134272500000002 0.7775338109375001 0.22637162187499998 0.7593167421875 0.2328192171875 0.7272449234375 0.24107224375 0.6829934890625 0.24185816249999997 0.664579709375 0.2310295734375 0.6176759359374999 0.2206695125 0.58007423125 0.2082704203125 0.5300041984375 0.21055616093750001 0.5253595125 0.215502596875 0.51951241875 0.22056616562500003 0.5159908421875 0.2193823984375 0.5144997171875 0.21713199843750003 0.5138429828125 0.20755585000000001 0.5178182312499999 0.1885442453125 0.524559965625 0.17803037187499998 0.529927984375 0.14256250625 0.5381163859375 0.1347093296875 0.54228199375 0.1337944984375 0.560137396875 0.133570678125 0.59371304375 0.1345666328125 0.6034814875000001 0.1363007171875 0.6219016171875 0.1374373625 0.6304613015625 0.13952284375 0.6558579859375
0 0.8734309921875001 0.62933993125 0.864558303125 0.6272713750000001 0.864850796875 0.6430836249999999 0.876254603125 0.6633883046875 0.8684963359375001 0.6334198859375 0.8798301296875 0.644330490625 0.8734309921875001 0.62933993125
1 0.312002215625 0.488411628125 0.318343121875 0.49224097499999997 0.326864415625 0.487332978125 0.34115273749999997 0.472859603125 0.34601738125 0.4593855734375 0.3577385796875 0.45197440312500003 0.3732453390625 0.45368764375000004 0.38576356562499997 0.44609246406249997 0.40364963749999994 0.44902081718750003 0.4101901359375 0.44280570468749997 0.42173530000000004 0.4419047140625 0.4282522390625 0.43922388124999995 0.4439932609375 0.4455881578125 0.45688644375000004 0.44143525156249996 0.47083448125 0.4382150921875 0.4713390171875 0.4222188359375 0.4672020609375 0.40611786875 0.45123922343749995 0.3733385078125 0.44329314531249997 0.351647409375 0.4390743953125 0.327919509375 0.4234276140625 0.3074181171875 0.39577891875 0.2767485078125 0.366863996875 0.25695774843749997 0.348602971875 0.250587121875 0.32700135 0.2479284296875 0.3020473546875 0.2507488140625 0.2810542828125 0.2761803421875 0.281744625 0.3118974984375 0.287381403125 0.341767559375 0.2925621015625 0.34057149999999997 0.2928081453125 0.343455396875 0.296535475 0.3414185953125 0.300872025 0.34747510312499996 0.308033521875 0.3475861609375 0.3115730390625 0.353826678125 0.3126043328125 0.35829370312500003 0.3171169140625 0.35784003124999997 0.31886344843750003 0.3544961125 0.32373920312500004 0.3592518546875 0.3252514734375 0.3512569015625 0.327232271875 0.3525640171875 0.332272278125 0.3525767203125 0.3358589171875 0.3517486796875 0.3387774359375 0.3516630265625 0.3419773390625 0.34915985 0.346337446875 0.3516820796875 0.349630921875 0.3550387015625 0.3499705375 0.36378239218749997 0.3488921234375 0.36638392343750004 0.3523963015625 0.3779258578125 0.3477076890625 0.384889709375 0.3405919765625 0.4177039140625 0.3311447390625 0.422237540625 0.31861472968750004 0.43159986093749997 0.311335434375 0.44916019374999994 0.314745371875 0.47483924218749995 0.312002215625 0.488411628125
3 0.26019964375 0.71857109375 0.2663527390625 0.73067775625 0.2690952265625 0.7371022843749999 0.27773298281250003 0.754516715625 0.2853041078125 0.772765540625 0.2905430390625 0.7827306968750001 0.294235028125 0.7859953125 0.2989818734375 0.7901926765625 0.30402188125 0.790205378125 0.30760851875 0.7893773375 0.3168450515625 0.7766583984375 0.32277633125 0.7623499765624999 0.32909434531250004 0.749716690625 0.33227135625000004 0.7307508828125 0.340534828125 0.72472613125 0.342961259375 0.7188726859375 0.336152496875 0.685744359375 0.3349693984375 0.6642563234375001 0.33177016406250004 0.6467625890625001 0.3177770109375 0.597060571875 0.297876809375 0.5381357859375 0.287504965625 0.5023012234374999 0.29232249062500004 0.49589575 0.295545953125 0.48985829687500004 0.2753388015625 0.49687604375000005 0.22748161718749998 0.5132180046875 0.2121620015625 0.52322435625 0.208141509375 0.5294458203125 0.21291124374999998 0.5501058140625 0.22107980624999998 0.5782150875000001 0.2266465734375 0.598691075 0.2377329859375 0.6467116046875 0.248468003125 0.6877555828124999 0.26019964375 0.71857109375
1 0.8540679921875001 0.6291051140625 0.87006616875 0.6565830578125 0.877965796875 0.6653458031249999 0.8815406546875 0.6662849015625001 0.8834514390624999 0.6581979437500001 0.8798419093750001 0.642563353125 0.8739701999999999 0.6280391671875 0.864313596875 0.5843936578125 0.8534149953125001 0.528095809375 0.8483867671875001 0.5263159671875 0.8374508203125 0.53531026875 0.832082309375 0.5447836453125 0.8153099906250001 0.5339523421875 0.8017840296875001 0.5335462171875001 0.7973296796875 0.545161103125 0.80190049375 0.5558686453125 0.8134803296875001 0.569663146875 0.829877021875 0.5970490859375001 0.8392300203125 0.606652575 0.8540679921875001 0.6291051140625
3 0.506363671875 0.699380603125 0.51637300625 0.7100088437500001 0.5223625171874999 0.7068616359375001 0.5283291359375 0.6872517984375001 0.5352923765625001 0.6574134921875 0.5378837296875 0.6268200968750001 0.5434989546875 0.6002337046874999 0.549488465625 0.5970864984375 0.5371711640625 0.5546433984375 0.522545234375 0.5003823515625 0.511622403125 0.4676156921875 0.50393415 0.44704135 0.494264428125 0.4451568015625 0.47631945781249996 0.45106414531250005 0.4480366453125 0.4558293265625 0.4392693078125 0.457853425 0.436456140625 0.4620317359375 0.39689776875 0.4670475265625 0.3946002484375 0.47345935 0.405464178125 0.51506170625 0.4314945828125 0.569630521875 0.4560127171875 0.6321942921875 0.47880854843750004 0.674570790625 0.506363671875 0.699380603125
3 0.28924239375 0.42073679999999997 0.29123430156249996 0.44027368906250003 0.29414037187500003 0.46195208593750003 0.29799594687500003 0.4804705734375 0.30138299218750003 0.4896869890625 0.3029652734375 0.49108611093750004 0.3143697484375 0.4913938796875 0.321683715625 0.48852903750000004 0.3315412484375 0.48213626875 0.3372964953125 0.47433802500000005 0.343743421875 0.46226311718749996 0.3497447125 0.457348771875 0.354526896875 0.45624471718750004 0.3660720609375 0.455343725 0.3736438546875 0.45359563906249994 0.3796333640625 0.45044843281249997 0.38813109843750004 0.449074715625 0.397554775 0.4480753671875 0.4067088484375 0.447726403125 0.4154761859375 0.44570230468750005 0.4255679828125 0.44396056875 0.434323540625 0.44370360781249996 0.44531772031249994 0.445870521875 0.45580803124999997 0.4440367828125 0.463649425 0.44163831406250004 0.4724403234375 0.4360799359375 0.471116534375 0.41580066093749996 0.466967796875 0.401466834375 0.460146584375 0.39010255781250003 0.45402883125000004 0.3726944765625 0.4488370203125 0.35566076406249997 0.44232075000000004 0.3383446859375 0.4364490390625 0.32382049999999996 0.421329684375 0.3037854828125 0.39787684687499997 0.28038114375 0.37267747500000004 0.260320721875 0.35192000625 0.2504094625 0.3344206703125 0.24915624531249997 0.3185036140625 0.249302146875 0.30270369218750004 0.2517735671875 0.290841803125 0.2603934984375 0.28454735000000003 0.26949250625 0.27992874843750004 0.28585043125 0.28433464062499997 0.321297925 0.28661971249999996 0.3366501515625 0.2869711078125 0.343626703125 0.2851421140625 0.3593405984375 0.28448510625 0.37831275625 0.2867348375 0.39896640156249996 0.28924239375 0.42073679999999997
0 0.8458172234375001 0.2551885640625 0.851783171875 0.2555756359375 0.8494045281249999 0.2343636125 0.845572515625 0.212310846875 0.8381067453125001 0.198154678125 0.8309099078125 0.2033450390625 0.8242169374999999 0.21253605156250002 0.8195047640625001 0.22303418125 0.8226104281250001 0.23466811875000002 0.828470359375 0.25095944531250003 0.8323966109375001 0.25887509531249997 0.8458172234375001 0.2551885640625
3 0.6619993765625 0.551702690625 0.6643197890625 0.5617534984375 0.669969015625 0.5698595109375 0.6764506140625001 0.5724800953125 0.6819591484374999 0.5817948671875001 0.6882411546875 0.594459909375 0.6913821578125 0.60079243125 0.6966446484375 0.6072233078125 0.7021649625 0.6147709406249999 0.70886904375 0.6238097 0.7147878750000001 0.631265328125 0.72531285625 0.64412708125 0.7345369421875 0.6531721921875 0.74999658125 0.661953990625 0.767143853125 0.6762275671875 0.7743871421875 0.6839655609374999 0.78916688125 0.6952568859375 0.800055709375 0.6933311421874999 0.8080849156250001 0.68265535625 0.8065968734375 0.6671191203125 0.8043353625 0.6482326140625 0.8000812734375 0.62980613125 0.7941513328124999 0.60412073125 0.7887134765625 0.5842031249999999 0.7815879890625 0.5587937359375 0.7755055750000001 0.5360842375 0.768403646875 0.5071405734375001 0.76051646875 0.47661377656250004 0.7520082921875 0.43976081093749997 0.73816694375 0.40707980624999995 0.7325059359375 0.4007409328125 0.7249694843750001 0.3971876015625 0.715838971875 0.3940022875 0.7049854843750001 0.3906266125 0.6915884343750001 0.3907788671875 0.68509505625 0.389925421875 0.6755424671875 0.390366390625 0.6639973015625 0.3912673828125 0.65165510625 0.3923523828125 0.638773703125 0.39473815 0.63331161875 0.39835173125 0.6314826250000001 0.41406562343750003 0.63532641875 0.4343512515625 0.6393109046875 0.4534281171875 0.643705684375 0.47064583750000005 0.65105365625 0.5024733984374999 0.6559640828125 0.5219246328125 0.66073381875 0.5425846296875 0.6619993765625 0.551702690625
3 0.22724869218750002 0.46857314843750003 0.22455265624999998 0.4750769765625 0.2275765265625 0.47908398124999996 0.22400099999999998 0.4981417921875 0.221598128125 0.500460959375 0.2356279578125 0.5048677359375 0.2495877765625 0.49988043906249996 0.263266209375 0.49731066406249996 0.2738972125 0.49426816249999994 0.28679039687499996 0.49011525625 0.2998242703125 0.4847535890625 0.2945388875 0.46186008125000005 0.291035378125 0.43032123593750005 0.288692075 0.4038077953125 0.283724084375 0.3531984375 0.2648773984375 0.3352002203125 0.2432882265625 0.31077747968749997 0.2170340015625 0.2897843109375 0.208231990625 0.27711291562499996 0.19634721093750002 0.26927021562500003 0.1843452984375 0.2591019984375 0.17523834375 0.2523824078125 0.17030368906249999 0.256462359375 0.166130721875 0.265659725 0.168943221875 0.28147832500000003 0.176432553125 0.29210021406250003 0.18127296875 0.3021573734375 0.17671326874999999 0.309679603125 0.17743961875 0.3200984296875 0.1790212328125 0.3414944609375 0.18049749375 0.35879783593750003 0.18396633125 0.3756411875 0.19390498750000001 0.396872265625 0.209469978125 0.40974671875 0.22285457968750003 0.4313585171875 0.228831640625 0.44997535937500005 0.2265105609375 0.4599214609375 0.2251625421875 0.4631733765625 0.22724869218750002 0.46857314843750003
3 0.0614023046875 0.31748075937500003 0.06399232187500001 0.326881184375 0.0680474859375 0.33535521562500004 0.07188016875 0.3374110703125 0.0764392015625 0.3498857515625 0.0773762546875 0.3684898921875 0.0769188390625 0.3774175921875 0.07405855156249999 0.38866446093749996 0.070272321875 0.399536959375 0.0721699890625 0.4332109609375 0.0820379640625 0.4650448734375 0.103321525 0.5154163265625 0.1111858125 0.5294804890625 0.11921435 0.5388016125 0.1335491234375 0.537256590625 0.160495696875 0.5339761828125 0.181218496875 0.5291919484375 0.201191384375 0.5175231640625 0.2047197921875 0.505533909375 0.21015898281249998 0.485457696875 0.21481292343749997 0.46379835312499995 0.2189394375 0.44167263749999996 0.21917437031250003 0.4263267609375 0.20997384531250002 0.4137473734375 0.1996713453125 0.40730379375 0.1883022125 0.4016946078125 0.1506559609375 0.35862961875 0.1159871296875 0.3066432796875 0.0739225390625 0.2498948484375 0.058146843749999996 0.228835078125 0.045441473437500005 0.22471066562500003 0.0402725546875 0.2241395859375 0.03611136875 0.2315698109375 0.03921703125 0.24320374843749998 0.0463196265625 0.25215050156249996 0.0499409375 0.2660179546875 0.05226135 0.2760687640625 0.053620478125 0.29104662187499997 0.056315846875 0.304539703125 0.0614023046875 0.31748075937500003
0 0.1565158921875 0.3749209421875 0.14856914375000002 0.3732267546875 0.139954278125 0.372274953125 0.1377274390625 0.3680839421875 0.1348206984375 0.3664024546875 0.1288547484375 0.366015384375 0.12206820625 0.36934659999999997 0.12475179375 0.384606821875 0.1244350703125 0.3923257625 0.138254196875 0.388547225 0.1512645125 0.3867198375 0.157136890625 0.3812471125 0.1565158921875 0.3749209421875
3 0.6156991625 0.27479153125 0.6296111921875001 0.29686970156250003 0.6381324875 0.29196170625 0.6418480359375 0.29169204375 0.6489984203125 0.2735733296875 0.643068478125 0.2478879296875 0.6496914359375 0.22930284374999998 0.6584587765625 0.22727874374999998 0.6702971046874999 0.22219309062499998 0.6850539515625 0.2170217828125 0.7015219953125 0.2138079765625 0.709082675 0.19383011875 0.7078642375 0.1776435 0.701312628125 0.1656288421875 0.6896856703124999 0.158902896875 0.678527240625 0.1614790234375 0.669080003125 0.1660126515625 0.654768121875 0.18402030625000002 0.64365614375 0.1995247859375 0.644534965625 0.2069677125 0.6379126765625001 0.2055558890625 0.6307040609375 0.21251338749999998 0.617306340625 0.2326625515625 0.60351010625 0.252903721875 0.60546734375 0.257745115625 0.6119136000000001 0.26566711875000004 0.6156991625 0.27479153125
3 0.728861734375 0.37041084999999996 0.7338664015624999 0.37572497031249996 0.7383554234374999 0.37880557656249997 0.7433836515625 0.38058541875 0.7474977171875 0.3802237515625 0.7553744515624999 0.37252386406250004 0.7656540609375 0.3625048125 0.77233525 0.3550809390625 0.776074359375 0.35127699687499997 0.783868634375 0.3559470859375 0.80420403125 0.3694846265625 0.8171318859375001 0.3800272140625 0.8270476484374999 0.38479565781249997 0.835099746875 0.390582503125 0.8411592703125 0.396829371875 0.8485550296875 0.40159146406249996 0.8539817734374999 0.4032793 0.8590217812500001 0.40329200312499996 0.865574059375 0.39530975156250003 0.8688210828124999 0.38573801875 0.8712828546875 0.37458315625 0.874225603125 0.3509663140625 0.8759021234375 0.3382283203125 0.876406659375 0.3222320625 0.8743093999999999 0.2986025171875 0.8701142109375001 0.2713403390625 0.85852393125 0.21931915468750002 0.8521601328124999 0.19902717812499998 0.8481403078125 0.1852517296875 0.8467694 0.17204101249999998 0.8458905765625 0.1645980859375 0.84553918125 0.15762153437499998 0.8411319515625 0.16216786249999998 0.83610305625 0.18038493125 0.8309805875 0.19274220312499998 0.8269365328125 0.20249794531249998 0.8188366468750001 0.22377656875000002 0.811580909375 0.237802625 0.8046412281249999 0.2641066515625 0.7780571625 0.29259338281249997 0.7568769484375 0.30630531875 0.7438312921875 0.313434125 0.7323443578125 0.32549632968750003 0.7278082171875 0.3294842796875 0.7185487921875 0.3257405890625 0.7131456093749999 0.3205184734375 0.709723221875 0.3166034734375 0.710977 0.327488675 0.7147390015624999 0.340147365625 0.7161570312500001 0.3462895265625 0.7200715046874999 0.3559723171875 0.7233414203125 0.362863215625 0.728861734375 0.37041084999999996
0 0.1694830984375 0.26018065 0.1675723125 0.26826760625 0.16831044374999998 0.27691929375 0.174241053125 0.282607784375 0.1857155375 0.2923096265625 0.201961096875 0.28267764687499997 0.20373119062499997 0.27579945 0.19067442343750002 0.26469848281249997 0.17404279843749998 0.2526584203125 0.1694830984375 0.26018065
0 0.31837136093749996 0.348728321875 0.33084246875 0.3482016984375 0.3348747421875 0.340213096875 0.349432 0.3450862484375 0.3533582515625 0.35300189843749996 0.3588438953125 0.345854040625 0.3704944125 0.349045703125 0.389927425 0.3586745984375 0.4004995296875 0.36446779375 0.4068404359375 0.3682971390625 0.41692045 0.36832254375 0.42473828593749996 0.369458353125 0.428102440625 0.3622121375 0.42671975156249997 0.350768559375 0.432791053125 0.3552482890625 0.437737490625 0.34940119375 0.43633123906250004 0.34149189375 0.43077625468749997 0.31924876874999997 0.41434422031249996 0.297164246875 0.3959078296875 0.27730688593749997 0.37769392343749997 0.2638677015625 0.3556119953125 0.2536740796875 0.3381362203125 0.24888658281249998 0.3224769890625 0.250149240625 0.30694666875 0.251970278125 0.2975930046875 0.2623637 0.28487518437500003 0.28000333906249997 0.2824245234375 0.309387971875 0.2889754640625 0.341399540625 0.298105978125 0.34458485625 0.312300059375 0.34424859375 0.31837136093749996 0.348728321875
3 0.424162815625 0.7542347 0.437267371875 0.7382701968750001 0.442378728125 0.707683153125 0.4424971984375 0.6700148484375 0.4398260578125 0.6329905765625 0.4298173921875 0.602365425 0.41280103749999997 0.5286594953125 0.40353050156250003 0.50668603125 0.395514409375 0.4756008578125 0.387591221875 0.47037239062499997 0.3733618015625 0.47601007187500005 0.33311175 0.48530252812499997 0.307044 0.4960258609375 0.300304578125 0.49228852187500005 0.290013190625 0.5040747140625 0.301275634375 0.545585065625 0.334676903125 0.6484440734375 0.3457522046875 0.6782348328125 0.37808884374999996 0.721937503125 0.4080115 0.749729565625 0.424162815625 0.7542347
0 0.2850118640625 0.39877603906250003 0.28133299375 0.3537504640625 0.265006309375 0.3357585984375 0.24089713437500002 0.31132950625 0.23496652343750002 0.30564101718750003 0.23108672187499998 0.31065371875 0.236324984375 0.340615784375 0.251561471875 0.3629763203125 0.25908614218750003 0.368296790625 0.267981725 0.38682798125 0.2747911578125 0.39995939687500004 0.2850118640625 0.39877603906250003
1 0.0716105640625 0.338061453125 0.07720089062499999 0.3550031609375 0.0779736921875 0.37835034218749997 0.074515296875 0.39973367031249996 0.0961404796875 0.3988580828125 0.11366337500000001 0.3965770234375 0.1309284484375 0.3931792078125 0.145802428125 0.39033341875 0.1585667 0.3856221359375 0.165118978125 0.377639884375 0.1515701234375 0.3607711265625 0.11940951562499999 0.310558278125 0.0974453890625 0.2826932625 0.07680571875 0.2551106125 0.0552401046875 0.22715359375 0.0401318609375 0.225348346875 0.038361768750000004 0.23222654375000001 0.0435771390625 0.2457259765625 0.051406087499999996 0.265091559375 0.053515128125 0.28695396562500003 0.059304376562500004 0.313848125 0.0667583671875 0.32977143125 0.0716105640625 0.338061453125
1 0.8082373875 0.6796794546875 0.8051088328124999 0.651582884375 0.7925926109375 0.59918733125 0.7904128906250001 0.5879277625 0.7805206874999999 0.5796250406250001 0.770299978125 0.5808083953125001 0.7672289875 0.58386995 0.756738009375 0.6057006 0.74712651875 0.614977265625 0.7386405640625 0.6145838421875001 0.7309634218750001 0.6122392718749999 0.7198403296875 0.6095139796875 0.7113779375 0.6055862796875 0.69705494375 0.6053641640625 0.7307278203124999 0.6475820578125 0.7502426234375 0.6648378859374999 0.76924178125 0.6798602015624999 0.7846778609375 0.6921762796875 0.799129765625 0.6929567734375001 0.8082373875 0.6796794546875
3 0.6797894546875 0.2705816390625 0.68648175625 0.2813875375 0.6930687046874999 0.288100778125 0.700288434375 0.29937305 0.7063243953125 0.309154196875 0.7119736234375 0.31726020781250003 0.7184198796875 0.325182209375 0.7222525625 0.327238065625 0.7263430671875 0.33041067812499997 0.7324732703125 0.32605470937500003 0.740232875 0.3160293046875 0.7461052515625 0.31055658125 0.756079915625 0.30648932812499996 0.75940873125 0.30454453125000003 0.7747283484375 0.2945381796875 0.7859456765624999 0.28312635625000004 0.7972919187499999 0.27227291249999996 0.8042544921875001 0.262431515625 0.8081931953125 0.24858311875 0.8106556359375 0.21743134375 0.8130827375 0.1915809890625 0.8184401359375 0.16387784218749998 0.817796246875 0.1410890390625 0.8150073078125001 0.12173616093749999 0.812980059375 0.10750068906250002 0.8086081703125 0.1067456 0.8045876765625 0.11296706249999999 0.797882925 0.123925215625 0.7805465046875 0.157922778125 0.766855621875 0.182256603125 0.753094728125 0.197196353125 0.7261474875 0.2204736703125 0.7004429109375 0.2364064171875 0.6977704359375 0.23937596718749998 0.6888506265625 0.24437596718750002 0.6815248765625 0.24900794999999998 0.6759338828125 0.2520631515625 0.6765313203125001 0.2619236 0.6797894546875 0.2705816390625
3 0.5822360671875 0.6189331124999999 0.6115023828124999 0.645700425 0.6334200609375 0.6606370859374999 0.6557133609375 0.6590191125 0.6684194 0.6431466140625 0.6687721328125 0.6101293453125 0.660311075 0.566207821875 0.6515457421875 0.508241190625 0.6321265171875 0.4368544265625 0.622141409375 0.40269499687500004 0.6031651421875 0.40413531249999995 0.575772934375 0.41457628125 0.5652590640625 0.41994429999999994 0.5555304421875 0.42689544843749994 0.5385114140625 0.4331771609375 0.527903971875 0.4326853828125 0.5088688046875001 0.4429613953125 0.505903165625 0.4501156046875 0.5190528359375 0.4870732765625 0.530713796875 0.528491625 0.5515752828125 0.5824893609374999 0.563295809375 0.5950751000000001 0.5822360671875 0.6189331124999999
0 0.78204273125 0.629853678125 0.79720920625 0.6428201390625 0.8033151796875 0.661995359375 0.8013468312500001 0.63892419375 0.7953468781249999 0.60384471875 0.7888888421875 0.5976898562499999 0.782313671875 0.589209475 0.777250103125 0.59273105 0.7689519609375 0.5840603093750001 0.758765925 0.5999391593750001 0.74853276875 0.6228865640625 0.7524472421875 0.63256935625 0.760874296875 0.641798475 0.769090646875 0.64284228125 0.77801045625 0.63784228125 0.78204273125 0.629853678125
3 0.7813661749999999 0.5323786515625 0.7941415578125001 0.5458971390625 0.80177158125 0.5553102671875 0.8133396375 0.5708719078125 0.82882216875 0.5961163390625 0.8367217968749999 0.6048790828125 0.8430273625 0.6140098468749999 0.8518293703125 0.626681240625 0.8560252281249999 0.6339465093750001 0.8608774234375 0.6422365296875 0.8678275484375 0.654159184375 0.8730900390624999 0.6605900625000001 0.8795480781249999 0.6667449249999999 0.883814615625 0.66340735625 0.8820569703125001 0.6485215046875 0.8785527921874999 0.6369795703125 0.872927125 0.6253392796874999 0.8677706531249999 0.6030041500000001 0.8626141828125 0.58066901875 0.8602237593750001 0.5612241359375 0.854188465625 0.531446078125 0.8493015984375001 0.508460565625 0.8440515546875 0.48026563906249997 0.8387308328125 0.46267354687499995 0.8301284140625 0.43995769687499997 0.8217249203125 0.4271942984375 0.8097112281250001 0.41879322031250005 0.797826446875 0.4109505203125 0.785273546875 0.40385020781250003 0.77733858125 0.4003888796875 0.76593410625 0.40008111093750004 0.7594289484375001 0.40099480468750004 0.7534512171875 0.4023748734375 0.74801269375 0.402454175 0.74602011875 0.40291419843750004 0.743605465625 0.407000503125 0.7441911250000001 0.41862809062500006 0.7479766859375 0.42775250312499996 0.7516097765625 0.439852815625 0.7620634109375 0.48331431562500005 0.7681458234375 0.5060238171875 0.77387684375 0.5217567625 0.7813661749999999 0.5323786515625
0 0.837085640625 0.5900915875 0.8480915984375 0.5904913609375 0.8538932953125 0.595621471875 0.847611290625 0.5829564296874999 0.8515735531249999 0.5655737515625 0.8630480374999999 0.575275596875 0.8597552328125 0.551922065625 0.853403215625 0.5298629484374999 0.8435692421875001 0.5327214390624999 0.8371923296875 0.554190421875 0.8352344234375 0.5693459375 0.8219780640625001 0.5682894296875001 0.829572746875 0.5830039765625 0.837085640625 0.5900915875