0 0.8952025750000001 0.600995640625 0.90147341875 0.622104846875 0.9025102390624999 0.6294822015625 0.9089294875 0.6193208703125 0.9118145375 0.59576749375 0.90933588125 0.5810697046875 0.908133309375 0.5754517375 0.9005177296875001 0.5771007359375 0.897025840625 0.581642371875 0.893766978125 0.5907808421875 0.8901155796875001 0.5941875015625 0.8952025750000001 0.600995640625
0 0.50042263125 0.2664360609375 0.5055345890625 0.2616667375 0.5174583328125 0.2524678953125 0.5316776359375 0.23021508124999998 0.5473450171875001 0.21238833437500002 0.56491404375 0.213970053125 0.58752775625 0.204426228125 0.5947508 0.1970454203125 0.5809004453125 0.1984132625 0.56300615625 0.1974559546875 0.542755275 0.2003020296875 0.52540055 0.21200024218750002 0.5098191671875 0.22750011093750003 0.49512133125 0.24634799218749998 0.487621578125 0.269392528125 0.47647042500000003 0.29584372187499997 0.48270519843750004 0.296124878125 0.49942188125 0.2798867546875 0.50042263125 0.2664360609375
0 0.09128545 0.2058822015625 0.083774590625 0.196521225 0.07957114531250001 0.193061096875 0.0777118078125 0.191586315625 0.0705074859375 0.190284025 0.0704825234375 0.20186148906249998 0.07523801718749999 0.2121884046875 0.078226409375 0.21581929843749997 0.086731778125 0.21462394687500003 0.0928868 0.2143376125 0.09128545 0.2058822015625
3 0.8463091531250001 0.5175903140625 0.8510632703125 0.566111475 0.8542722078124999 0.5801279328125 0.8703245078125 0.6091216078125 0.8779151234375 0.6190500734375 0.8832476265625001 0.6246663140625001 0.8889851468750001 0.630225634375 0.8952012 0.6391898859375 0.9006072171874999 0.64826798125 0.904571396875 0.65002564375 0.9099288624999999 0.644064421875 0.911573896875 0.632259271875 0.9114393484375001 0.6195468296875 0.9116300640624999 0.606209978125 0.9114955171875 0.5934975375 0.9087352828125 0.5591635984375001 0.8993414968750001 0.5217110593750001 0.8912237968750001 0.49333834374999996 0.8841366781250001 0.475237346875 0.8708147828125 0.456855196875 0.856510859375 0.44324064218750003 0.844704315625 0.4356407796875 0.8292526125 0.4285532109375 0.82293808125 0.42770456718750005 0.8160527828124999 0.4286722328125 0.81045605 0.4329309890625 0.8080134640625 0.43906124999999996 0.8146407734375 0.44507421562499994 0.8255512859374999 0.45511479687499995 0.8310432999999999 0.46186601562499996 0.8359583046875001 0.473327909375 0.8393329921875001 0.485584978125 0.8463091531250001 0.5175903140625
0 0.738541784375 0.247438040625 0.7234638953125 0.254765378125 0.7151541046875 0.2779237578125 0.7219097234375 0.29954352968750003 0.724873153125 0.3147518875 0.7403186140625 0.324733821875 0.75211891875 0.33522805 0.7592434828125 0.3359628515625 0.7623490765625001 0.3227950375 0.7710937125 0.3233021515625 0.7707323796875001 0.3030985125 0.7722303859374999 0.2843696546875 0.7799382015625 0.2774994140625 0.79232175625 0.2803886 0.7890330640625 0.26580465625 0.795924603125 0.2619426234375 0.8036136984375 0.26375548125 0.8107320234375001 0.26738464687499996 0.815174734375 0.27254724218750004 0.8197769562499999 0.27884481562499996 0.824305665625 0.2816805328125 0.8291783593750001 0.2752087421875 0.8312533734375 0.251769209375 0.8356662578125 0.2332093890625 0.8348811843749999 0.2217457671875 0.8431722515625 0.2072704859375 0.8467875812500001 0.183035778125 0.8469172625000001 0.1604483390625 0.847777225 0.1371795703125 0.8375657875 0.140929484375 0.8210023765625 0.16119695 0.8032849453124999 0.1908857671875 0.7932878125 0.20791561249999999 0.7773811640625 0.224039890625 0.759455671875 0.23755441249999998 0.738541784375 0.247438040625
0 0.673801375 0.22760182499999998 0.6855531265625 0.223056734375 0.7012752984375 0.21737494062499998 0.714800390625 0.21663150781249998 0.7082278718749999 0.2227634953125 0.6979304390625 0.22884028750000002 0.7060980640625 0.2340580765625 0.720758453125 0.2325763921875 0.7296015687499999 0.22496789687500002 0.73578155 0.2131041015625 0.7362912875000001 0.2020372046875 0.7325913359375 0.190404546875 0.7255652484375 0.1815541375 0.7144889859375 0.1732729421875 0.704676325 0.1798603015625 0.6945384031249999 0.1870720703125 0.6787912671874999 0.20433132812500002 0.66483619375 0.2167091453125 0.66602004375 0.2310102109375 0.6639824734374999 0.2370835484375 0.673801375 0.22760182499999998
3 0.1273106484375 0.6238472453125 0.12977682343750002 0.6443337640625 0.1321757265625 0.658464065625 0.133777075 0.6669194765625 0.13350036406250002 0.6825832046875 0.133494121875 0.6854775703125 0.1324996140625 0.6960338984375001 0.1334504359375 0.70573813125 0.13424799062499998 0.7114130203125 0.1336647390625 0.7190180609375 0.1331612453125 0.7271905921874999 0.13530215625 0.748301521875 0.1350316875 0.761070884375 0.13547901406250001 0.7789476484375 0.13658935 0.7897868578125 0.1383439671875 0.8022716125 0.14001882968749998 0.8141888796875 0.1435655109375 0.82179219375 0.1505978390625 0.8277482390625 0.1573173859375 0.828539959375 0.1684248546875 0.8223493265625 0.1758996453125 0.8108822515625 0.182325134375 0.79782655625 0.19088667343750002 0.7705819125 0.19821443593750002 0.752191128125 0.20481191718749997 0.734481678125 0.21403022031250002 0.7030938484375 0.226108609375 0.659730103125 0.228496403125 0.641454890625 0.221796953125 0.5937858265625 0.2147535203125 0.5554242687500001 0.2067655015625 0.5044641140625 0.20944735468750003 0.50003631875 0.21488457656249998 0.4946425859375 0.22023580156250003 0.4915757296875 0.2191865 0.48998710624999997 0.2170019015625 0.48913673593749996 0.207115728125 0.492262240625 0.1875888859375 0.49732135 0.17664716875 0.5017525968750001 0.1406006015625 0.5068186125 0.1324142515625 0.51028391875 0.12994670156250002 0.52799164375 0.1267974234375 0.5614200171875 0.1269382109375 0.5712380921875 0.12706027656250002 0.5897392640625 0.127446571875 0.5983654406250001 0.1273106484375 0.6238472453125
0 0.8607372578125 0.6613944093749999 0.8520786171875001 0.65856041875 0.8509918703125001 0.674337990625 0.8605826109375 0.6955593125 0.8554657875 0.6650287546875 0.86580553125 0.676885646875 0.8607372578125 0.6613944093749999
1 0.313727596875 0.47207063906249996 0.319710625 0.47643805937500006 0.32862725312499996 0.4722914203125 0.34412264062500003 0.45911842812500003 0.35014311249999996 0.44611965312499996 0.3624656328125 0.4397582546875 0.377764065625 0.44281647968750004 0.39089662187499996 0.43634123750000003 0.40845940937499997 0.440817321875 0.41551669999999996 0.4351959015625 0.42709645937499996 0.435304565625 0.43382224843749995 0.4332019234375 0.4489486875 0.4409139015625 0.4621547578125 0.43790051406249997 0.47633037500000003 0.4359082609375 0.47822715625 0.420016846875 0.47550923437500003 0.403616590625 0.46246405 0.3695707109375 0.4564387109375 0.3472696078125 0.45430403906250005 0.3232643109375 0.44050361093749996 0.3014772265625 0.4156331609375 0.26851458125 0.3885531484375 0.24627903125 0.3709168484375 0.2383410921875 0.349629146875 0.23380981250000002 0.3245242953125 0.23444458125 0.30139460625000003 0.2579496671875 0.298969365625 0.2935910765625 0.301981346875 0.32383875 0.307246575 0.3230987703125 0.307240334375 0.3259931359375 0.311131 0.32428894375 0.3149231875 0.33070035937500003 0.322047753125 0.33143516093750003 0.3250299046875 0.33796041875 0.3256679484375 0.3425003296875 0.3302028984375 0.34244168125 0.3322342265625 0.3392627078125 0.3366769375 0.344425303125 0.3388802609375 0.3365925765625 0.340739596875 0.33806735625 0.34575931875 0.33851927656249997 0.3494044765625 0.33800698281249997 0.35231935625 0.338176021875 0.35572524843750003 0.3359612609375 0.3598489375 0.33885390000000004 0.36283733125 0.34248479375 0.3624135921875 0.35122481250000004 0.36111254375 0.353722453125 0.363597440625 0.36552587812500004 0.3583197296875 0.3720545890625 0.3483711484375 0.4041237515625 0.3385647296875 0.4078167453125 0.3252664203125 0.416051375 0.316484340625 0.43291045468749995 0.3176432265625 0.4587889828125 0.313727596875 0.47207063906249996
3 0.24206243125000002 0.6968393859375 0.2471369453125 0.7094362578125 0.24930906249999998 0.7160753609375 0.2563961828125 0.73417635625 0.26234800625 0.7530156046875 0.26669848281249997 0.76339944375 0.2700918921875 0.7669734140625 0.27445485000000003 0.771568521875 0.279474571875 0.772020440625 0.2831197296875 0.771508146875 0.29342964375 0.7596426234375 0.3005854125 0.7459055953125 0.30798044999999996 0.733871034375 0.31279835 0.715254290625 0.32155546875 0.709972675 0.32448282812499996 0.70435298125 0.3205872984375 0.6707572953125001 0.3212815078125 0.6492479125 0.3196191265625 0.631541915625 0.3100110390625 0.580809446875 0.295322196875 0.5203744718750001 0.288113009375 0.483772303125 0.29347047656249997 0.4778110796875 0.2972078703125 0.4720775453125 0.2764659765625 0.47730741875 0.2273666078125 0.4894161640625 0.2112331765625 0.49804924531249994 0.2066857453125 0.5038966265625 0.20963669375 0.5248937125 0.2153242890625 0.5536079593750001 0.219085271875 0.5744912046875 0.2259442328125 0.6232952468749999 0.23306118125 0.6651186578125 0.24206243125000002 0.6968393859375
1 0.8414684031249999 0.6594728890625 0.85501084375 0.688240603125 0.8621166859375 0.6976585015625 0.8655960921875 0.698905596875 0.86820443125 0.6910159484375 0.86597128125 0.6751262609375 0.86138778125 0.6601455890625 0.85557188125 0.6158245359375 0.8496214328124999 0.5587910421875 0.8447674624999999 0.556579734375 0.8330892249999999 0.564586678125 0.826915484375 0.5735561109375 0.8111510000000001 0.5613042203124999 0.7977119046875 0.559720775 0.7922622015624999 0.5709032406250001 0.795882396875 0.5819684109375001 0.8062159 0.59671966875 0.8201633562499999 0.6254304609375 0.8286437624999999 0.6358125734375 0.8414684031249999 0.6594728890625
3 0.48896229062499996 0.69917653125 0.498007225 0.7106366984375 0.5042482406250001 0.7080234875 0.5119012640625 0.6890082953125 0.5214385890625 0.65989041875 0.5266864703125 0.6296392921875 0.534597484375 0.60364346875 0.5408385 0.6010302578125 0.53226723125 0.5576751437499999 0.52242611875 0.50234584375 0.5144006546875 0.4687518828125 0.5085348296875 0.44758575624999997 0.49906615312499997 0.44486560781250006 0.4806746109375 0.449186465625 0.45208411093749995 0.4514685046875 0.44317372343750006 0.4527207765625 0.44000709687499995 0.45663800468750004 0.4001621015625 0.45818696875000003 0.397314496875 0.4643741515625 0.4045112015625 0.5067650515625 0.42568656562499996 0.563394915625 0.44465860937499996 0.6278575078124999 0.463674340625 0.6720595390625 0.48896229062499996 0.69917653125
3 0.2969526328125 0.40266968593749997 0.297234209375 0.4223058359375 0.298239825 0.4441550203125 0.300466734375 0.462939075 0.303037628125 0.4724156203125 0.304491946875 0.47394732343749996 0.3158262 0.47524788593749995 0.3233620234375 0.4730314 0.33373921093750003 0.46752209687499996 0.3401522203125 0.4602551328125 0.34762701093750004 0.448788059375 0.354033778125 0.44441546093750006 0.3588939890625 0.443732403125 0.3704737484375 0.44384106718750005 0.37816908437499996 0.4427595578125 0.38441010000000003 0.44014634687500004 0.392995225 0.439518484375 0.40247014062500003 0.4393442671875 0.41161979375 0.4397944609375 0.42053018125 0.43854218749999996 0.43073537812499996 0.4376866375 0.43948001249999996 0.4381937515625 0.45024349687500004 0.44131062656250003 0.4608537109375 0.44039815468750004 0.46887430625000004 0.4386922359375 0.478116196875 0.4339211875 0.4785649 0.41360370468749996 0.4756812265625 0.3989628375 0.46987643125 0.387047296875 0.4652991734375 0.3691722609375 0.4616117046875 0.35175087031249996 0.45662942500000003 0.33393275624999996 0.452045925 0.3189520859375 0.438730271875 0.29767556875 0.4174065015625 0.27231624062500004 0.39405140156249996 0.250135884375 0.37423674375 0.23845320937499997 0.3569132234375 0.23567959218749998 0.3410440203125 0.23443767656249997 0.3250888234375 0.2355226359375 0.312520796875 0.24307593593750002 0.3054572640625 0.2515917203125 0.29943054999999996 0.26748486250000003 0.300730225 0.303181465625 0.301668565625 0.31867442968750004 0.301410578125 0.325655059375 0.2982189890625 0.34114975 0.29591094687499997 0.35999245156250004 0.296352034375 0.38076358125 0.2969526328125 0.40266968593749997
0 0.86583800625 0.28626010156250004 0.87174751875 0.28716566875 0.871226675 0.26582705156249997 0.8693312687500001 0.2435242203125 0.8631277 0.22877123593749998 0.8555058796875 0.23331459843750002 0.848037328125 0.24188730781249998 0.8424281140625001 0.2519347953125 0.8445079953124999 0.2637951390625 0.8489257453124999 0.2805351984375 0.8521471625 0.28876292187499997 0.86583800625 0.28626010156250004
3 0.656876734375 0.5656251218749999 0.65831233125 0.575839921875 0.663233575 0.5844074499999999 0.6694621093750001 0.5875829703125001 0.674137846875 0.597342396875 0.679292115625 0.610506759375 0.6818692515625 0.6170889390625 0.686551228125 0.623954 0.6913927171875 0.6319540406249999 0.6972835078124999 0.6415427031250001 0.7025300156250001 0.649485821875 0.7118939703125 0.66321594375 0.720294621875 0.6730305671875 0.7349300484375 0.6831263437499999 0.7507680453125001 0.6988400890625 0.7573093609375 0.70717993125 0.77104875625 0.719716428125 0.7820639875000001 0.7187470359375 0.7909930968750001 0.7088116671875 0.7908647890625 0.693204859375 0.7902579515625 0.67419311875 0.787626025 0.6554659859374999 0.783957278125 0.6293614984375 0.7802760484375 0.60904574375 0.77539225 0.58311201875 0.7713122453125 0.55995881875 0.7667599484375 0.5305063203125 0.76156336875 0.49940827499999996 0.7562995156250001 0.46195400937500003 0.745359175 0.42819101249999997 0.7402721796875 0.421382871875 0.7330740984374999 0.41718621718750004 0.7242559484375 0.41321724687500005 0.713737971875 0.4089084734375 0.70037863125 0.40789251875000004 0.6939843453125001 0.40647638593749996 0.684429675 0.4060831140625 0.6728499140624999 0.40597445 0.6604601203125 0.405979628125 0.6474198015625 0.407233628125 0.6416635578125 0.41035740781249996 0.63847196875 0.42585209687500003 0.6405331265624999 0.4463955390625 0.642839790625 0.4657470828125 0.6457172250000001 0.4832823140625 0.65026328125 0.5156291796875 0.6534597343749999 0.5354343687500001 0.6564106828125 0.55643145625 0.656876734375 0.5656251218749999
3 0.23102562343750002 0.44492089375 0.2277730015625 0.4511649984375 0.23043613125 0.4554203015625 0.2252132125 0.474093965625 0.22261735625 0.4761948828125 0.23620972187499997 0.48180767031249994 0.25055109062500003 0.47805602968749994 0.26440144375 0.4766881875 0.2752571640625 0.47458381875000005 0.2884632359375 0.47157042968749996 0.3019148125 0.4673651421875 0.2986448421875 0.4440980984375 0.29790345625 0.4123739171875 0.29787986875 0.3857571359375 0.2973416796875 0.3349073734375 0.2801353578125 0.31533504843750004 0.26075692031250003 0.2891236234375 0.2364322765625 0.2659221328125 0.22876814531249998 0.2525318109375 0.2176121265625 0.24368312812499998 0.20654210312500002 0.23250756875 0.19805545625 0.2250198234375 0.1927839875 0.22865416718749998 0.187825296875 0.23745283593750002 0.1892484125 0.2534563671875 0.1957834859375 0.26469057500000004 0.19972894218749998 0.27513133437500004 0.1945309875 0.282227534375 0.1943465140625 0.29267001875 0.194057321875 0.3141224796875 0.1940198765625 0.331488675 0.1960075203125 0.3485702609375 0.2040579453125 0.37058675937499996 0.2184416234375 0.3847688 0.2298917015625 0.407464903125 0.23422345312499998 0.4265318390625 0.231044346875 0.436237796875 0.229418034375 0.43935985000000005 0.23102562343750002 0.44492089375
3 0.07897890156250001 0.27994899218749997 0.0807397609375 0.28953938125 0.084040934375 0.2983345953125 0.087679853125 0.30071666874999997 0.09113429687499999 0.313541225 0.0904463265625 0.3321562421875 0.08921255156249999 0.341010103125 0.08538291875000001 0.3519648828125 0.08066349687499999 0.3624660171875 0.079619059375 0.39617727187499996 0.08667497656249999 0.428750096875 0.1034873859375 0.48078485468750004 0.11009597499999998 0.49548091875000005 0.11728157187499999 0.5054663046875 0.1316964546875 0.50517651875 0.15882639375000002 0.5042571437500001 0.179887309375 0.501297225 0.200801196875 0.4914135953125 0.205361109375 0.479777484375 0.212529359375 0.460251725 0.219053328125 0.43908042031249994 0.225092521875 0.41739854843749996 0.2266640421875 0.40213154375000004 0.21859489375000002 0.3887981453125 0.20889319374999998 0.3814811640625 0.19805619531250002 0.3749024359375 0.1643065609375 0.3287202359375 0.1343005640625 0.2739101328125 0.0973419921875 0.21371147656249997 0.083461809375 0.191356903125 0.0711642515625 0.1861408390625 0.06606477499999999 0.18512143125 0.0612718375 0.19216070937500002 0.0633517171875 0.20402105312500002 0.069647525 0.2135527953125 0.0720464265625 0.22768309531250003 0.0734820234375 0.2378978953125 0.0735305734375 0.2529372140625 0.0750396859375 0.2666138671875 0.07897890156250001 0.27994899218749997
0 0.1687243109375 0.34546029375 0.1609554609375 0.3430799484375 0.15245633281249998 0.34138093281250004 0.1506032375 0.3370117875 0.1478541078125 0.3350833609375 0.141944596875 0.33417779687500004 0.1348935453125 0.33690485 0.1362369046875 0.35234089218750003 0.1352486359375 0.3600028546875 0.1493444984375 0.3574431125 0.16246457187500002 0.3567566015625 0.168791584375 0.3518165140625 0.1687243109375 0.34546029375
3 0.634887103125 0.2857323640625 0.6468219546875 0.3089390328125 0.6557385828125 0.30479239375 0.659463496875 0.3048475890625 0.668165821875 0.2874210203125 0.664497075 0.2613165328125 0.6727146265624999 0.243379396875 0.681625015625 0.24212712343749998 0.693861540625 0.23809260000000002 0.7090129421875 0.23422711562499998 0.725698421875 0.2324608234375 0.7349715156250001 0.21321794375 0.735168471875 0.1969867265625 0.729688940625 0.1844467765625 0.71869243125 0.17673307031250002 0.7073519375 0.1783268734375 0.6975455187499999 0.18201986718750002 0.681718628125 0.198711634375 0.6692976296875 0.2131886421875 0.6695244125 0.22067984218749997 0.663050371875 0.21869622031249997 0.6552628015625 0.2249989703125 0.6401599484375 0.24390377187499998 0.624652078125 0.262865496875 0.6261799124999999 0.26785905312499997 0.6319111921875 0.2763127390625 0.634887103125 0.2857323640625
3 0.7392852859375 0.390850590625 0.7438077515625 0.396580675 0.7480112 0.4000408015625 0.75286516875 0.4022521109375 0.7569951015624999 0.40225038281250003 0.765512953125 0.39526629999999996 0.7766266625 0.3861813 0.7839294609375 0.37936797968749997 0.7879858765625001 0.3759043984375 0.7953434671874999 0.3812360328125 0.81442160625 0.39649440625 0.8263814203125 0.4081236125 0.835843853125 0.4137381265625 0.8433609546874999 0.42020473750000004 0.8488529687499999 0.42695595624999994 0.8558055421875 0.43234451093750004 0.86106453125 0.434498896875 0.8660842531249999 0.43495081718749995 0.8733072953125 0.427570009375 0.8773761953125 0.41831769531249996 0.880800809375 0.4074198390625 0.8857907031250001 0.3841493421875 0.8885710328125 0.3716059390625 0.8904678140625 0.3557145265625 0.8904379859375 0.331992109375 0.8886348171874999 0.3044680375 0.8816225859375001 0.25163465 0.8770515671875 0.2308652484375 0.8742476484375 0.21679187031249997 0.874033346875 0.20351193906249998 0.8738065609375001 0.1960207421875 0.8740645499999999 0.1890401109375 0.8692778531249999 0.1931850234375 0.8626803703125001 0.210894475 0.8565003890625 0.2227582703125 0.851621453125 0.23212442656249999 0.8416978343749999 0.2526161265625 0.8332472578125 0.26595643125 0.8240414359375 0.2915555296875 0.7950757484375 0.31761690625 0.7727810578125001 0.32943068593749997 0.7591637265625 0.3353953625 0.7466692140625 0.3464105140625 0.7418027625 0.3499879390625 0.73290485625 0.34545148124999997 0.727977371875 0.33977831875 0.7249092234375001 0.3355799359375 0.725209521875 0.346532990625 0.7278539296875 0.359471390625 0.7287312390625 0.36571376875 0.73178690625 0.37570088125 0.734443796875 0.38285055 0.7392852859375 0.390850590625
0 0.1916424484375 0.2322867875 0.189034109375 0.2401764359375 0.1890153875 0.2488595328125 0.19442764375 0.2550432640625 0.20501289374999998 0.26570825625 0.2220361171875 0.257528821875 0.22439894843750002 0.250831071875 0.2123593796875 0.2386343765625 0.196840403125 0.22519058749999998 0.1916424484375 0.2322867875
0 0.3322467078125 0.333473978125 0.3447162578125 0.3340362859375 0.349429440625 0.32642951875000004 0.3635065796875 0.332552875 0.366727996875 0.3407806 0.37281574375000004 0.33413804687500004 0.3841437546875 0.33833297500000004 0.40266360468749995 0.3496189265625 0.41269056875 0.35631149687499997 0.418673596875 0.3606789171875 0.4287130390625 0.36158275624999997 0.43640213437500003 0.3633956125 0.4403850359375 0.3564701765625 0.44000498125 0.3449496359375 0.44566274687499996 0.34994146718749997 0.45109996875 0.3445477328125 0.450388409375 0.3365459671875 0.4467931796875 0.313903334375 0.4323484671875 0.2904707046875 0.415712915625 0.2690820703125 0.3987396203125 0.2541065796875 0.3776301546875 0.24202718124999997 0.36063813749999996 0.2357347875 0.344928446875 0.2356278484375 0.329298509375 0.2360884 0.3190745921875 0.24562704531250001 0.304867771875 0.26209112968750004 0.29986539687499997 0.29115035625 0.3036014171875 0.3236110640625 0.31241956875 0.327580034375 0.32658894374999997 0.328482146875 0.3322467078125 0.333473978125
3 0.40229338593749997 0.7466576140625001 0.41673947343749995 0.7318959984375 0.42449721562500004 0.70187083125 0.42789824374999996 0.6643561906250001 0.42846414531250004 0.6272400031250001 0.42116272343750005 0.5958590765625 0.41063501718750006 0.520950546875 0.40331487031249996 0.49825271875 0.39803853437500003 0.46658718437499996 0.3906011875 0.46068806249999994 0.375934559375 0.4650641140625 0.33502777968749997 0.4708131875 0.308124625 0.4792237609375 0.3017365796875 0.4749132625 0.29045711875 0.48575765156250006 0.298058840625 0.5280916296875 0.322368253125 0.6334703421875 0.330804975 0.6641130140625 0.359209625 0.71046770625 0.38659617812499997 0.74076194375 0.40229338593749997 0.7466576140625001
0 0.2946522078125 0.3804237765625 0.29491157343749996 0.3352489015625 0.2802151125 0.3159025375 0.258326815625 0.2894651515625 0.25291455625000003 0.283281421875 0.2486126328125 0.287936903125 0.251219596875 0.3182414984375 0.26444925625 0.3418448921875 0.271481584375 0.3478009359375 0.278728215625 0.367036909375 0.2843672578125 0.3807118375 0.2946522078125 0.3804237765625
1 0.0873545890625 0.301341078125 0.0914470765625 0.3187055484375 0.09018209687499999 0.3420312390625 0.08487318125 0.3630317796875 0.10649238593749999 0.3640442828125 0.12414740937499999 0.3632991234375 0.141642921875 0.3614189875 0.156708328125 0.3598803796875 0.16983464375 0.3562995046875 0.1770576875 0.348918696875 0.1650306 0.33093327031249997 0.1373687125 0.27810851406250003 0.1179167609375 0.24843523437499998 0.09975961718750001 0.21915867968749997 0.0807126828125 0.18942847812500002 0.0658192671875 0.1863133296875 0.0634564359375 0.1930110796875 0.0674754078125 0.20691369218750003 0.0735867421875 0.2268879203125 0.073782321875 0.24885094843750002 0.0772055609375 0.276147334375 0.0832433796875 0.29265970625 0.0873545890625 0.301341078125
1 0.7914043546875 0.7058603796875 0.7907364828125 0.6775980515625 0.7828344609375 0.6243110203125 0.781644371875 0.612904321875 0.7725134421875001 0.60377103125 0.7622284890625 0.6040590906250001 0.758902353125 0.6068413406250001 0.746548628125 0.62767456875 0.7361651984375001 0.6360782375 0.727745825 0.6349467125 0.7203022390625 0.63194195625 0.7094589984375 0.62825759375 0.7013711296875 0.62360729375 0.687121996875 0.6221376921874999 0.7169872078124999 0.6671297187499999 0.73492380625 0.6860207093749999 0.7525413859375 0.702641746875 0.7668453093750001 0.7162563 0.7811741953125 0.718293390625 0.7914043546875 0.7058603796875
3 0.6991004296875001 0.287124328125 0.70482546875 0.2984723796875 0.7108022546874999 0.3057341640625 0.7170120671875 0.3175927828125 0.7221725765625 0.3278627796875 0.7270938218749999 0.3364303078125 0.7328251015625 0.34488399062499997 0.73646401875 0.3472660640625 0.740262446875 0.3507831140625 0.7467489703125 0.3469780046875 0.75535281875 0.33766704375 0.7616798296875 0.33272695625000004 0.771971021875 0.32954452968750003 0.77545666875 0.3278972578125 0.7915901015625 0.3192641765625 0.80375935 0.30887343437500003 0.8160083578125 0.29905018125 0.82380216875 0.2898530625 0.8289328515625 0.27640064375 0.834100978125 0.2455820265625 0.83877185 0.220041575 0.8465233515625 0.192910775 0.8478680875 0.170152571875 0.8467764765625001 0.1506302640625 0.8459976453125 0.13627227656250002 0.841708203125 0.13513902656250001 0.837160771875 0.1409864046875 0.8295264687499999 0.15131850156249999 0.8092929359375001 0.1836757234375 0.79353331875 0.20672371250000002 0.7785227031249999 0.220407271875 0.7496492531250001 0.2412474046875 0.722653859375 0.254879221875 0.719732740625 0.25760455000000004 0.7104110953125 0.2618081109375 0.70270951875 0.2657839859375 0.696873521875 0.2683402734375 0.6966092921875 0.2782152703125 0.6991004296875001 0.287124328125
3 0.5715574296875 0.62564788125 0.5983794546875 0.6548640640625 0.6189119125 0.6716541375 0.6412613953124999 0.671985309375 0.6553024640625 0.6572806156250001 0.6585314984374999 0.6244197296875 0.6539306515625001 0.5799279125 0.6502507984375 0.5214179125 0.6371272343750001 0.4486102984375 0.6301573140625 0.413710596875 0.6111277265624999 0.4134915421875 0.5829297625 0.421505390625 0.5719880468749999 0.4259366375 0.5616906140625 0.43201343124999997 0.5441888609375 0.43678793281250006 0.53366464375 0.43537352656249995 0.5138062984375 0.44395141093749996 0.5102284140625 0.45081992499999995 0.520106971875 0.48878303125 0.5281137124999999 0.5310600890625 0.5441896015625 0.586670546875 0.554768609375 0.6002299046874999 0.5715574296875 0.62564788125
0 0.7696519796875 0.6539411890625 0.783630640625 0.6681801546874999 0.7880421484375 0.687814578125 0.7880920734375 0.6646596515625001 0.78517233125 0.6291907343750001 0.7792753 0.6224964374999999 0.7734642640625 0.6134752640625 0.7681130390625001 0.61654211875 0.760602178125 0.6071811421875 0.7490709703125 0.622111796875 0.7368767578125001 0.6440800015625 0.7399324234375 0.6540671171875 0.747523040625 0.6639955828125 0.7556171515625 0.6657515171874999 0.764938796875 0.6615479578125 0.7696519796875 0.6539411890625
3 0.77747350625 0.5567781187499999 0.7890220609374999 0.5713586125 0.7958026421875 0.581400921875 0.8059703921875 0.5979115671875 0.8191938109375 0.6244093265624999 0.826299653125 0.633827225 0.8317854265625 0.6434728093750001 0.83944955625 0.65686313125 0.8429962359375001 0.6644664453125 0.8471074453125 0.6731478171874999 0.8529919953125 0.6856308453125 0.8576739734375 0.6924959078125 0.8635710062499999 0.6991902046875 0.8681121953125001 0.696237190625 0.8676586265624999 0.6812547953125 0.865173728125 0.6694513718749999 0.8605839859375 0.6573650671875 0.8573937718750001 0.6346655125 0.8542035578125 0.6119659578125 0.8535169640625 0.5923867281249999 0.850099965625 0.5621959750000001 0.8472350140625 0.5388720109375 0.8444622984375 0.510326803125 0.8406950734375 0.4923379234375 0.8341052078125 0.4689587640625 0.8268460937500001 0.45551152031250003 0.8156103203124999 0.4460953484375 0.8044543000000001 0.43724666562500003 0.7925680015625 0.429079315625 0.7849649046875 0.42493957968749996 0.7736306515625 0.42363901718749997 0.767070615625 0.42398227187500004 0.76099535 0.4248360953125 0.755570609375 0.424441096875 0.7535455234375 0.42472570468750004 0.7507839125 0.42858601093750004 0.7503539328125 0.44022039375000005 0.7533298453125 0.44964001875 0.755894496875 0.46201093125000003 0.7625204328125 0.5062181406249999 0.7666004375 0.5293713421875 0.7709384328125 0.5455439125 0.77747350625 0.5567781187499999
0 0.827950928125 0.6191277109375 0.8388801625 0.6204851953125 0.8442126640625001 0.6261014375 0.8390583953125 0.6129370749999999 0.8445205796874999 0.595965878125 0.8551058296875 0.606630871875 0.85386095 0.5830792203125 0.8494556828125001 0.56055043125 0.839409996875 0.5625409578125 0.8311862031249999 0.583372459375 0.827914859375 0.5982996593750001 0.8148010250000001 0.5960918046875 0.8210843499999999 0.611412278125 0.827950928125 0.6191277109375