3 0.52741381875 0.8459721312499999 0.5335932921875 0.839726190625 0.53539468125 0.8328649499999999 0.5368218406249999 0.82469563125 0.535944603125 0.8170394406250001 0.5329064953125 0.8128460109375 0.5309334078125 0.8129872062500001 0.5286290124999999 0.8135003328125 0.52577735625 0.8139365484375001 0.5213845203125 0.8154116484375 0.516718053125 0.8168482921875 0.509747190625 0.8187980640625 0.5020707921875001 0.819811690625 0.49652575781249997 0.8215433546875 0.49118192499999996 0.8258142625 0.4898996234375 0.8289820046875 0.4893805359375 0.832675503125 0.4891632515625 0.84017786875 0.48718883437500005 0.8482702765625 0.48355788281249995 0.858222346875 0.4840179625 0.8628904468749999 0.4897641984375 0.8636980281250001 0.5016322343749999 0.8586700578125 0.5182244109374999 0.8517950531249999 0.52741381875 0.8459721312499999
3 0.653642871875 0.610941703125 0.65866881875 0.6129035390625 0.6637953671875 0.6161349953124999 0.6667046984375 0.6152883921875001 0.6679870015625 0.61212065 0.6702202984375 0.6061571 0.6731591328125 0.601129696875 0.676977865625 0.5878560609375 0.6783755218749999 0.5838675421875 0.680940125 0.577532059375 0.6824960578125 0.5744027734375 0.6849453078125001 0.56888806875 0.6876105124999999 0.5638222078124999 0.690448746875 0.5575251812500001 0.6920771078125 0.5518951078125001 0.6940797 0.5475731125000001 0.6929999296875 0.5453288875 0.6909262390625 0.5442004609375 0.6875997515625001 0.542058975 0.683668325 0.5402509640625001 0.6793479171875 0.5392252765625 0.6760066765625 0.539174190625 0.6722764546875 0.5399054249999999 0.66915116875 0.540303184375 0.6648884359375 0.5388671078125 0.6628724218750001 0.537328290625 0.6588256453125 0.536341059375 0.6577311234375001 0.536187234375 0.6533959640625 0.5372519453125 0.651581153125 0.538252375 0.6483834390625 0.541150921875 0.6461648921875 0.545024071875 0.6433414109375 0.5492306984375 0.6412382171875 0.552283071875 0.6379103984375 0.558092796875 0.6357495296875 0.5615555578125 0.6334733078125 0.565839096875 0.6313982874999999 0.57266188125 0.630763846875 0.5771761578125 0.6299563781249999 0.5829215999999999 0.6285587234375 0.5869101203125 0.62776600625 0.5905651625 0.6280530578125 0.5964644296875 0.6290604 0.60120944375 0.634561178125 0.6057489781250001 0.637729390625 0.6070312312499999 0.6417761671875 0.6080184640625 0.6482279421875 0.6097621906249999 0.653642871875 0.610941703125
0 0.31108179375 0.5050456234375 0.313213159375 0.5057636609375 0.31626601718749997 0.507866690625 0.317504065625 0.51097015 0.31745981093750003 0.51724135 0.3147946046875 0.522307209375 0.31372825625 0.525923796875 0.314634996875 0.5293991890624999 0.3150816578125 0.528206478125 0.31554306875 0.52492336875 0.317545659375 0.520601371875 0.3188856375 0.5170232421875001 0.31907341875 0.5137016765625 0.32108943125 0.5152404921875 0.322703040625 0.51170081875 0.3239705921875 0.5106234765625 0.31813850625 0.5064558734375 0.315978965625 0.5019674234375 0.3150869765625 0.4964016328125 0.3176368296875 0.49215654999999997 0.31773876093750003 0.48547496093750003 0.318862784375 0.4814479859375 0.316327684375 0.48360266875 0.315808596875 0.4872961671875 0.3154477859375 0.49184890000000003 0.31376175 0.49788936250000004 0.3109959453125 0.5016856 0.3075822765625 0.504135303125 0.31108179375 0.5050456234375
1 0.6548526234375001 0.5249018265625 0.6579497375 0.52073365625 0.66075846875 0.5186174296875 0.66263095625 0.5172066125 0.6648629234375 0.5191942734375 0.668045884375 0.5183861265624999 0.6707245125 0.5191810765625 0.6740657531250001 0.5192321625 0.6775223453125 0.518462471875 0.680489353125 0.5172054796875 0.6836870687500001 0.5143069312499999 0.6855166296874999 0.511216103125 0.683774246875 0.5097157421875 0.6842933343750001 0.50602224375 0.68525908125 0.501136034375 0.6823068234375 0.500302628125 0.68128473125 0.49764801406250003 0.6758832234375001 0.5023293125 0.6705541421875 0.5045098203125 0.66237340625 0.5071265453125 0.6590455890625 0.5129362703125 0.656034325 0.5204644625 0.6548526234375001 0.5249018265625
3 0.3385106015625 0.5461465140625 0.34471825 0.5436709859375 0.3464337890625 0.5334497234375 0.3467235015625 0.523446565625 0.346380103125 0.5100064765625001 0.3466550625 0.502093721875 0.34553236875 0.4981694859375 0.34436674843750004 0.49256523750000003 0.3434747609375 0.48699944687499996 0.34193490937500004 0.4800871203125 0.338853878125 0.4742136796875 0.3350525578125 0.4694944921875 0.330300240625 0.4675711140625 0.3248853109375 0.4663916 0.31804455468750004 0.46543019531249996 0.3104405828125 0.46394303125 0.3042624375 0.4622377609375 0.30293721093750003 0.463725490625 0.30285003125 0.46831667968749996 0.30398481718750003 0.48605293749999995 0.30527787968750003 0.5046484296875 0.30570712968749997 0.5214485421874999 0.3067842375 0.5395951921875 0.3068553375 0.5450456140625 0.3098075921875 0.545879021875 0.3128175265625 0.546302040625 0.3153955515625 0.54582736875 0.3211417890625 0.54663495 0.32786719375 0.5484171328125 0.3330232453125 0.5474677890625 0.3385106015625 0.5461465140625
3 0.6509936265625 0.520593028125 0.651511384375 0.524850740625 0.6519862171875 0.5274284421875 0.6532242640625 0.5305319 0.6543040343750001 0.532776125 0.655657434375 0.53505880625 0.6574574937500001 0.5361487781250001 0.660193796875 0.536533340625 0.661835578125 0.536764078125 0.6641828984375 0.5379309609375 0.6662565875 0.5390593890625001 0.669482475 0.5399312515625 0.673155021875 0.53961040625 0.6769429203125 0.53846878125 0.6835100484375001 0.5393917312500001 0.685367784375 0.5400713140625 0.6881470125 0.5421358875 0.690163025 0.543674703125 0.6928416515625 0.5444696546875 0.6952613999999999 0.5431357484375 0.6972492390625 0.540904153125 0.6983732640625 0.536877178125 0.6995120406249999 0.530759803125 0.7004201109375 0.526283984375 0.702379778125 0.520281978125 0.704556728125 0.5067776046875 0.7054071234375 0.5027121734375 0.705263596875 0.49976254062500003 0.7012168171875001 0.4987753078125 0.69611844375 0.4993142625 0.690530484375 0.49936591406249997 0.6845106171875 0.49851987812500004 0.6794699203125 0.49864844374999995 0.6767765421874999 0.4999438921875 0.6734782265625 0.5015728171875 0.6652398140625 0.5045999296875 0.6614519140625 0.5057415546875 0.6586284328125 0.50994818125 0.6545950765625 0.514821759375 0.6525495593749999 0.51746374375 0.6509936265625 0.520593028125
3 0.5722018875 0.77149721875 0.5742031484375001 0.775126434375 0.5749650328125 0.783603403125 0.5740556328124999 0.796030434375 0.5789528046875 0.7929522359375001 0.584800971875 0.7870782281250001 0.5908798453124999 0.7795626640625 0.5972900250000001 0.7716751687500001 0.6014534874999999 0.7638904109375 0.6029812437500001 0.7569907140625001 0.6033568078125 0.7503475828124999 0.6027813734375 0.7465002593750001 0.601615753125 0.7408960109375 0.6003924578125 0.735702153125 0.5981028140625 0.7341248796875 0.5924142546875 0.7329069109375 0.5846949296874999 0.732240525 0.5755927015625 0.7334722578124999 0.5690684984375001 0.7342293203125 0.5600521203125 0.7388210749999999 0.5560040125000001 0.7457850546875 0.5523301359375 0.7540571125 0.5497789531249999 0.7662534078125 0.549677021875 0.7729349953125 0.5504402374999999 0.773460753125 0.5563165765625 0.77135715625 0.5647709437499999 0.7687788890625 0.5686594453125 0.7689068875 0.5722018875 0.77149721875
3 0.31954849531249996 0.6870252265625 0.321852890625 0.6865120984375 0.3253094828125 0.6857424062499999 0.33095511875 0.6852803656249999 0.334685340625 0.6845491296875 0.33956776093749996 0.68356133125 0.34443543125 0.68466393125 0.3490294703125 0.6857280765625 0.3540701671875 0.6855995109374999 0.356346390625 0.6813159718749999 0.3575294203125 0.668927396875 0.357731953125 0.66351543125 0.357387225 0.658026553125 0.35610625156250003 0.6532430828125 0.354493975 0.6488315453125 0.3523921125 0.64393270625 0.3496276359375 0.6397777328124999 0.34762637343749997 0.6361485171875 0.344530590625 0.6323654765625 0.34137713125 0.628992821875 0.3395193953125 0.6283132390625 0.33650946249999997 0.627890221875 0.3348100046875 0.628069871875 0.332231978125 0.6285445453125 0.3289913390625 0.6297630812499999 0.323288028125 0.6306355124999999 0.3202780953125 0.63021249375 0.315900009375 0.62959719375 0.3121845390625 0.6282380296875 0.311637278125 0.6281611171875 0.3118519015625 0.6365611734375001 0.3127573125 0.647987775 0.3140222015625 0.66281285625 0.31829569687500003 0.6860121671875 0.31954849531249996 0.6870252265625
3 0.6226234984375 0.682748240625 0.6294629265625 0.6916608578125001 0.6332065703125 0.6967904328125 0.6348201796875 0.6932507593749999 0.63971868125 0.6822213500000001 0.641951978125 0.6762578 0.645798884375 0.6667545734375 0.6489255015625 0.6584056031250001 0.652268071875 0.650505478125 0.6553370109375 0.642566896875 0.6587801828125001 0.6359363953125 0.6616331671875 0.62754896875 0.663319203125 0.62150850625 0.662801446875 0.61725079375 0.6615057234374999 0.6145577234374999 0.6592160796875 0.6129804515624999 0.6544637625 0.611057071875 0.64828561875 0.6093518015625 0.6428130125 0.6085826765625 0.63952945 0.608121203125 0.6355403468749999 0.60672358125 0.63276111875 0.6046590078125 0.63003956875 0.6021840453125 0.62747629375 0.6005683171875 0.6259927890625 0.6011968140625 0.6229681046875 0.6028641953125 0.6189642515625 0.6035569734374999 0.6163137984375 0.606532434375 0.6119491359375 0.6117779453125001 0.6091109015625 0.6180749718749999 0.6071659859375 0.621986578125 0.6033915078125001 0.6289890140625001 0.6000060125 0.6352091265625 0.5967358703125 0.6406084640625 0.5949063078125 0.6436992921875 0.5939553125 0.6464951015625 0.5918950453125 0.651227484375 0.5905403140625001 0.656896015625 0.5888972046875 0.6646164906250001 0.588233259375 0.6733115671875 0.590292196875 0.67653039375 0.593834640625 0.679120725 0.59919189375 0.6807106265625 0.6051259109375 0.6781966421875001 0.610497915625 0.67769614375 0.61454469375 0.6786833765625 0.6193546859375 0.680196365625 0.6226234984375 0.682748240625
3 0.6023494656249999 0.7456025687500001 0.6028953968749999 0.7536306921875 0.6049838375000001 0.7526687203125 0.6086282093750001 0.7485774625 0.6118406750000001 0.7435885140625 0.6155574781250001 0.7369964687499999 0.619547909375 0.7304428781250001 0.6219971609375 0.7249281734374999 0.6263336515625 0.7159122499999999 0.630958521875 0.7048443828125001 0.632975865625 0.6984319890624999 0.6322274015625 0.69581583125 0.6297365578125 0.6916993140625001 0.627188034375 0.6879931859374999 0.6245818359374999 0.6846974453125 0.6234443890625 0.682863609375 0.62240754375 0.6822993953125 0.62039153125 0.6807605796875 0.6167914125 0.6785806375 0.61131880625 0.6778115125 0.6071566765624999 0.6776450578125 0.601885271875 0.679415178125 0.5981402984375 0.6822368140624999 0.5951732875 0.68349380625 0.5918749734375 0.68512273125 0.5875679859375 0.6899578546875 0.5836204796875 0.69819145625 0.5813724312499999 0.70624540625 0.5784040921875 0.715453609375 0.578892346875 0.723892121875 0.582995471875 0.7324201765625 0.5924142546875 0.7329069109375 0.5987077515625 0.7337914046875 0.600766690625 0.73701023125 0.6023212921875001 0.7418321578125 0.6023494656249999 0.7456025687500001
3 0.31251584375 0.627866096875 0.31617364062500003 0.62963565 0.3211566609375 0.6299174734374999 0.32531879375 0.630083928125 0.33047484531250004 0.6291345859375 0.3351989859375 0.6272875515624999 0.339850703125 0.6279413078125 0.3422986234375 0.630377815625 0.34621529687499997 0.634276225 0.3491528015625 0.63720003125 0.35243636562499997 0.63766150625 0.3555616515625 0.637263746875 0.3577654453125 0.6354809968749999 0.35976803749999997 0.6311590015624999 0.3622172890625 0.6256442953125 0.3632554640625 0.6182572984375 0.3634432453125 0.6149357328125 0.36324204375 0.6123964875000001 0.3627819609375 0.6077283859375 0.36232187968749996 0.6030602843749999 0.36212067812500004 0.6005210390625 0.361804121875 0.5988025718750001 0.36148756875 0.5970841046875 0.3610704109375 0.594096015625 0.3607686078125 0.590287146875 0.3601784234375 0.5885302234374999 0.3597035890625 0.585952521875 0.3593011859375 0.5808740328125 0.358697578125 0.5732562984375 0.3579209421875 0.5668697296875 0.3571872296875 0.562163171875 0.35590625781249996 0.5573797015624999 0.3539626734375 0.553340096875 0.350909815625 0.5512370671875 0.34877845 0.550519028125 0.3466470828125 0.549800990625 0.3451206546875 0.5487494749999999 0.34265798125 0.5484033687500001 0.3395326953125 0.548801128125 0.3372859765625 0.5489038671875 0.3348233046875 0.5485577609375001 0.3312084328125 0.54846821875 0.32841445468749997 0.5484940453125 0.32464130625 0.54754526875 0.32135774375000004 0.5470837937499999 0.3164900734375 0.54598119375 0.3136384171875 0.5464174078124999 0.311334021875 0.5469305359375001 0.30838176562499997 0.546097128125 0.3070136140625 0.5459048484375 0.3075890484375 0.549752171875 0.30830800625 0.556549128125 0.3100155671875 0.5940351328125 0.31114769375 0.627673815625 0.31251584375 0.627866096875
3 0.3862500859375 0.8219479156249999 0.389893128125 0.8258078687499999 0.3914048046875 0.8289497828125001 0.39352142031250004 0.8317582218749999 0.3975386953125 0.8369262546874999 0.40085043281250005 0.8411581421875001 0.40449347500000005 0.8450180953125 0.4048837890625 0.8362845609375 0.4052016734375 0.8300518171875 0.40622509687499997 0.8247552203125 0.40789638124999994 0.8208051578125 0.40972594375 0.817714328125 0.41259235156249996 0.8151877140625 0.41407585625000004 0.8145592171875 0.4165962046875 0.814494934375 0.41802203281250006 0.8142768265625 0.41884292500000003 0.8143921953125 0.4192319078125 0.813609875 0.420097053125 0.80745404375 0.4201842328125 0.8028628546875 0.41962355 0.79692513125 0.4168590734375 0.7927701578125 0.4114159703125 0.7878202328125 0.4069520375 0.7838449109375001 0.403755653125 0.7787922468749999 0.399191115625 0.773547303125 0.3954327203125 0.7705081265625 0.3925528921875 0.76717393125 0.38901045 0.7645836 0.386331821875 0.7637886484374999 0.3835955203125 0.7634040859375 0.38172303125 0.764814903125 0.38022477656250003 0.7675338 0.3792161046875 0.7707399968749999 0.37778894687500003 0.778909315625 0.3759580546875 0.78995135625 0.3752511859375 0.796966421875 0.3733921203125 0.80423805 0.374529565625 0.8060718859374999 0.37582529062500003 0.8087649562499999 0.3779419046875 0.8115733953125 0.38011619531249996 0.8139714453125 0.3834279328125 0.81820333125 0.3862500859375 0.8219479156249999
3 0.3367778953125 0.7451064484375001 0.33886633593750004 0.7441444749999999 0.341905771875 0.74038669375 0.3453341921875 0.7358465921875 0.34792696875 0.7332815203124999 0.35312594375 0.7340121890625 0.35678374062499996 0.7357817421874999 0.3606574890625 0.738000140625 0.3647766953125 0.7364865843749999 0.3662749515625 0.7337676875 0.36806158906249997 0.7289968453125 0.36814876875 0.7244056578125 0.367804040625 0.718916778125 0.368092421875 0.716864834375 0.3676470921875 0.710106334375 0.36671217968750003 0.70286053125 0.3638471015625 0.6974359359375 0.361658059375 0.6971282859375 0.359094784375 0.69551255625 0.3565891875 0.6934864390625 0.3530467453125 0.6908961078125 0.34938895 0.6891265546875001 0.3447519859375 0.6863823984375 0.339726040625 0.6844205640625 0.3358375390625 0.6842925656250001 0.326677634375 0.6859346875 0.32337931875 0.6875636125 0.32022452968750004 0.6921421718749999 0.3194894890625 0.695386825 0.3195176625 0.6991572374999999 0.32128821875 0.7044280078125 0.325462440625 0.718406484375 0.33303425 0.7399768718749999 0.3367778953125 0.7451064484375001
3 0.5367641640625 0.8251060203125 0.5356683125 0.83290340625 0.5408391140625 0.8298636640625 0.5490922796875 0.82474615 0.5573454421874999 0.8196286374999999 0.5659594171875 0.8099583921875 0.5731623140625 0.7984158546875 0.5736814 0.79472235625 0.5744459453124999 0.7872969015625 0.574605553125 0.7802049249999999 0.5738289171875001 0.77381835625 0.5717699781250001 0.770599528125 0.567780878125 0.7692019078125 0.5627401796875 0.7693304734375 0.555380334375 0.772062565625 0.5491726859375 0.7745380953125001 0.5448804515625 0.7772828171875 0.5368579921875 0.780758775 0.5341069375 0.7824646125 0.5281152453125 0.7853889875 0.5217774937499999 0.79077569375 0.51878098125 0.7962134875 0.5170225171875 0.8047547375 0.5158689890625 0.8129625125000001 0.5158394875 0.8171433125 0.5289026421874999 0.8135387890624999 0.5329064953125 0.8128460109375 0.5350807875 0.8152440609375 0.5362034812500001 0.8191682968749999 0.5367641640625 0.8251060203125
3 0.3040330625 0.4559281046875 0.3075755046875 0.45851843593749997 0.3115069296875 0.4603264453125 0.3196581625 0.461890521875 0.32634064218750003 0.46199269374999996 0.3328648453125 0.46123563125 0.33846755625 0.45909357812499996 0.3457267984375 0.45509186250000006 0.35010621406250003 0.4477559515625 0.351633971875 0.4408562546875 0.3529176046875 0.429737303125 0.3532073171875 0.41973414687500005 0.35123555781250004 0.4119241296875 0.3489177421875 0.40657644687500005 0.3469164796875 0.40294723125000004 0.34209306562499997 0.3955734296875 0.33762913125 0.39159810781250004 0.33375538125 0.389379709375 0.329650928125 0.388802865625 0.3246826578125 0.3864306421875 0.3222924125 0.3835837484375 0.3200604453125 0.3815960875 0.3169928359375 0.38158345625 0.314357134375 0.3824685171875 0.3118783796875 0.392164021875 0.30615765625 0.411029275 0.302784253125 0.43106141249999996 0.3030257203125 0.451183090625 0.3040330625 0.4559281046875
3 0.35668858124999997 0.7880801984375 0.36266419375000003 0.795197434375 0.3685968796875 0.8006346609375001 0.3733921203125 0.80423805 0.37356515 0.803006884375 0.3746314984375 0.799390296875 0.37542421406250004 0.7957352546875 0.376000978125 0.7916313671874999 0.376419465625 0.7866682468749999 0.3771115828125 0.78174358125 0.3782503578125 0.77562620625 0.3792161046875 0.7707399968749999 0.38067143593749997 0.766341090625 0.38172303125 0.764814903125 0.3832642140625 0.76377601875 0.3842581328125 0.7626602203124999 0.38742634374999996 0.7639424734375 0.3831206875 0.7608263843749999 0.378988059375 0.7564791296875 0.376050553125 0.7535553234375 0.37245043437500003 0.75137538125 0.36863436250000003 0.74874659375 0.36536555000000004 0.74619471875 0.36280227656249997 0.744578990625 0.3608439390625 0.7426297859375001 0.35982184687499996 0.7399751718750001 0.3579788625 0.7372051890625 0.355530940625 0.7347686828125 0.35242040625 0.7330760421875 0.3495687515625 0.7335122578125 0.34759566249999996 0.733653453125 0.345607821875 0.735885046875 0.3438936125 0.7381550984375 0.341243159375 0.7411305593749999 0.3390822890625 0.7445933203124999 0.3381889703125 0.746978740625 0.3378710859375 0.753211484375 0.3404196078125 0.7569176125 0.34273742500000004 0.762265296875 0.346451565625 0.771575671875 0.35192284375 0.7802960078125001 0.35668858124999997 0.7880801984375
3 0.4317666671875 0.8693573296875 0.4379595625 0.8689722 0.4412002015625 0.8677536640625 0.44363469999999994 0.864329359375 0.4450323546875 0.860340840625 0.44638708437499997 0.8546723093749999 0.44689142187500003 0.8530692109375 0.4481884734375 0.8478110703124999 0.44860696093749997 0.842847946875 0.44764254374999995 0.8397829453125001 0.4454105765625 0.8377952843750001 0.4438264703125 0.8371541578125001 0.4431933625 0.8337172234375 0.4436266 0.8266637015624999 0.4449384046875 0.8193151593750001 0.44462184843749997 0.8175966921875 0.44321077343750004 0.8157244 0.43994196093750004 0.813172525 0.4361258890625 0.8105437390624999 0.4341528 0.8106849328125 0.42680770625 0.8113266265625001 0.4230774828125 0.8120578625 0.4207154109375 0.812981378125 0.41977916718749997 0.8136867875 0.41802203281250006 0.8142768265625 0.4154440078125 0.8147514984375 0.412534675 0.8155981015625 0.40966826718749993 0.8181247171875 0.40734912031250003 0.8207282453125 0.40600914374999997 0.8243063749999999 0.4056483328125 0.8288591078125 0.4049991421875 0.835463784375 0.40453640156250004 0.8466981062500001 0.4064370609375 0.8490577 0.41008010468749995 0.852917653125 0.41638702343749995 0.8596629578125 0.4234719078125 0.8648436203125 0.4317666671875 0.8693573296875
3 0.4708971296875 0.866905359375 0.479409171875 0.863916703125 0.48239093281249995 0.860569309375 0.483615559375 0.8578119578125 0.48528684218749996 0.8538618953125001 0.48703055781250004 0.8474110421875001 0.48838528593749997 0.8417425125 0.4889768015625 0.8355482249999999 0.48923700937500003 0.8297258703124999 0.48893520781250005 0.8259170015624999 0.48769715937499997 0.82281354375 0.48618548125 0.8196716281249999 0.4837804859375 0.818915134375 0.480770553125 0.818492115625 0.477271034375 0.8175817953125 0.473713840625 0.8170818640625 0.4690621265625 0.8164281078125001 0.46495767031249996 0.815851265625 0.45997465000000004 0.8155694421874999 0.4528602609375 0.8145695796875 0.4488564078125 0.815262359375 0.447041596875 0.8162627875 0.4458746484375 0.8186097515625 0.44476537499999996 0.8205463265624999 0.44447699218750003 0.8225982703125 0.44356892343750004 0.8270740906249999 0.4434240671875 0.8320756671874999 0.4437258703125 0.835884534375 0.4444314078125 0.8368206812500001 0.4462314671875 0.8379106515625001 0.4479161734375 0.8398214015625 0.4487075609375 0.8441175703124999 0.4481884734375 0.8478110703124999 0.4464876875 0.8559419328125 0.44402368281250004 0.8635470375000001 0.4440089328125 0.8656374375 0.44668755937500004 0.8664323890625001 0.45581796093750004 0.8689710671875 0.46283174687499995 0.86870130625 0.4708971296875 0.866905359375