0 0.5825822656249999 0.413111334375 0.5863889515625 0.4109437265625 0.58979908125 0.40808265625000006 0.5922789265625 0.406988790625 0.5953291640625 0.4055347734375 0.597363565625 0.40094675 0.600971975 0.39843241093750004 0.6055289984375001 0.3952011265625 0.606782509375 0.389926346875 0.6035856125 0.38297828125 0.5991107625 0.3799046484375 0.5946603546875 0.3782313640625 0.58890755 0.37903216562500003 0.585106975 0.381549859375 0.5799978921875 0.38619155312500003 0.5760662578125 0.3922134671875 0.572116290625 0.397185121875 0.5687122718750001 0.4003962796875 0.5660830328124999 0.4039441078125 0.5661196984375 0.4060446265625 0.5694720984375 0.4108888171875 0.5727756109375 0.412932315625 0.5760424578125 0.41287529218749996 0.5794953625 0.4124648296875 0.5825822656249999 0.413111334375
0 0.43485978281250004 0.396779396875 0.43888918906249996 0.39635886875000004 0.44367504531249996 0.3952247515625 0.445968834375 0.3944843265625 0.4500043515625 0.39441388593750004 0.45500681875 0.39467676093750004 0.45884406093749996 0.39425958906249997 0.46266907812499997 0.3931422421875 0.4641636421875 0.39066480000000003 0.465231096875 0.385743459375 0.4636265375 0.381919340625 0.4597281890625 0.378835646875 0.45525944999999995 0.3761121015625 0.45247744375 0.3709077609375 0.4480392578125 0.3699346484375 0.4439609640625 0.3675544828125 0.4408618390625 0.3662078046875 0.43620704374999997 0.3638377015625 0.43198546875000005 0.36426158124999997 0.426665884375 0.3678563703125 0.42311247500000004 0.3735214890625 0.419366896875 0.37918996250000003 0.41583181874999997 0.38590534062500004 0.417250321875 0.390082903125 0.42119755468750003 0.39596729062499997 0.4256540734375 0.3979906609375 0.43199560000000004 0.3978799703125 0.43485978281250004 0.396779396875
0 0.3923880234375 0.4083767375 0.39700004375 0.408296234375 0.40158151093749994 0.4064652984375 0.405296534375 0.3990463921875 0.4006417390625 0.3966762875 0.394339609375 0.38803145625 0.3852921359375 0.37628280625 0.37867899843749997 0.3718457234375 0.3713888546875 0.37267336093750003 0.3676371640625 0.377991746875 0.3648890890625 0.38574397031249996 0.3673478703125 0.3944558859375 0.37362555625 0.40170037187499996 0.3787135734375 0.40686445937500004 0.3858482171875 0.40814069843749995 0.3923880234375 0.4083767375
3 0.38215072499999997 0.49365242499999995 0.38803796562500004 0.5005535296875 0.39963523749999996 0.5042032265625 0.4061933765625 0.505489528125 0.4135534734375 0.49765680312500005 0.41849145468750004 0.48321268125000005 0.420217584375 0.47197636249999997 0.4185634953125 0.443289375 0.416620109375 0.43106652968750003 0.41240737968749996 0.4209844546875 0.4065873546875 0.417934303125 0.39948326875 0.41840849999999996 0.3908968359375 0.42206030937500005 0.385366753125 0.424608190625 0.3804131734375 0.427146009375 0.376530425 0.43596861875000004 0.3754330609375 0.4612016984375 0.3773336703125 0.4709739359375 0.37926483437499997 0.48249660937499994 0.38215072499999997 0.49365242499999995
3 0.5663449984375 0.49604039687499996 0.5721439546875 0.5088963296875 0.5798184359375 0.5080619859375 0.5895150953125 0.5019394421875 0.5974516953125 0.494096653125 0.6017493328125 0.4870177703125 0.601944234375 0.4761583734375 0.6042529765625 0.465262078125 0.6057075000000001 0.4494779875 0.60416678125 0.4382986921875 0.5993286624999999 0.4254259859375 0.5950459796875001 0.422349 0.585531996875 0.4169119734375 0.574746171875 0.41569946562500004 0.568602921875 0.41615689062500005 0.5646285125 0.41972819843750003 0.5615449859375 0.4302878234375 0.5603009640625001 0.4471188203125 0.559721728125 0.45798492656249995 0.5610797671875 0.4807237921875 0.5663449984375 0.49604039687499996
3 0.6065433890625 0.453315525 0.6066839374999999 0.46136751875000004 0.6084989953125 0.46623854375 0.611094946875 0.471796325 0.613876953125 0.47700066718749995 0.6162807375 0.482561803125 0.619639246875 0.48775608125 0.6229488703125 0.490149665625 0.6283112281250001 0.48900548437499997 0.6344300359374999 0.4871477140625 0.641875684375 0.4842162015625 0.645609040625 0.47784755468749995 0.6461061031249999 0.4732863640625 0.64616994375 0.46593118906250003 0.6460293953125 0.45787919375 0.64569056875 0.4494804671875 0.6449796296875 0.44178862187499995 0.6444914109375001 0.43584385625 0.642694684375 0.432023090625 0.6375577812500001 0.42405830624999996 0.6342176015625001 0.41991429062499996 0.6310757031249999 0.4161170046875 0.6283181390625 0.41231301093750006 0.6263536875 0.40989594687500003 0.622976846875 0.403651409375 0.6215766765625 0.4005241078125 0.6202315031250001 0.4005475875 0.61813599375 0.40163474531250004 0.615284034375 0.40343549375 0.6116817359375 0.40629991875 0.607911715625 0.4105680453125 0.60569125625 0.4155095125 0.604221134375 0.4193873 0.6020067859375 0.4246788515625 0.60068605625 0.4261026796875 0.6013481109375001 0.43099383125 0.602562221875 0.43447457187499994 0.6041851140625 0.43934895156250003 0.6056586140625 0.44667729375 0.6065433890625 0.453315525
3 0.49740300625 0.5109013265625 0.5024027390625 0.52202024375 0.5128958906250001 0.528490759375 0.527296234375 0.5275390140625 0.5397565703125 0.5255705515625 0.5448717640625 0.52127894375 0.5491205156250001 0.5113993671875 0.5526155515625 0.4913773375 0.55416446875 0.469988503125 0.5513729734374999 0.45322794687499995 0.5455162859375 0.448077275 0.5412397140625 0.445350375 0.5364783 0.447884840625 0.53127144375 0.44692514687499996 0.5296791062499999 0.44380119999999995 0.5252409203124999 0.44282808906250004 0.523728025 0.4442552703125 0.51989689375 0.4450225296875 0.5187561125 0.44574282812500005 0.5121124203125 0.43955531406250004 0.5056153906249999 0.44176987968750003 0.500451309375 0.44326079218750003 0.4972700109375 0.44821902968750005 0.4953089390625 0.45700809531250003 0.4945925328125 0.47102833593750004 0.494266571875 0.48539195468749996 0.4947276140625 0.500792415625 0.49740300625 0.5109013265625
3 0.4321631703125 0.49558100156249996 0.43734896093750003 0.5063464796875 0.442653590625 0.5129075609375 0.4488335046875 0.5145506578125 0.455534925 0.513032909375 0.46185474375 0.500665828125 0.46547199531250005 0.4876455328125 0.4649437359375 0.46839411875000003 0.46319187343749996 0.43410574375 0.45996715468750005 0.4145512015625 0.45704797812500003 0.41250099531249995 0.44690587343750005 0.41512937968749997 0.4354552625 0.419881765625 0.4276741640625 0.42562067968750006 0.42469725625 0.4312757359375 0.42371535312499997 0.441098290625 0.42432578750000005 0.45404479062499997 0.42556772187499997 0.4701320078125 0.42791377500000005 0.4833984078125 0.4321631703125 0.49558100156249996
3 0.3586512890625 0.49091086875 0.36715554687499996 0.4935639734375 0.371563178125 0.4927866515625 0.3734176359375 0.4889021546875 0.3771143265625 0.48043298749999996 0.37702266562500003 0.47518168593750004 0.376973778125 0.47238099218749996 0.3759396109375 0.46819672187499994 0.375680225 0.4643491234375 0.375582453125 0.45874773593749996 0.37568906874999997 0.4538431671875 0.376317190625 0.44577775624999993 0.37602114062499997 0.4398296359375 0.3753590859375 0.43493848437500005 0.3751424765625 0.43354149062499997 0.3721560796875 0.4276403328125 0.369584571875 0.42348289687499996 0.3668270078125 0.419678903125 0.3638833859375 0.41622835 0.3619006046875 0.412761025 0.3581760921875 0.4086237171875 0.356632640625 0.4083004640625 0.3552996890625 0.40902411718750004 0.348012921875 0.42105788437499997 0.34463334687499997 0.42566938906249996 0.3361385765625 0.4345725 0.3350894546875 0.4405441 0.3351811171875 0.44579540156249997 0.3347451625 0.453857459375 0.3331439796875 0.46123946875 0.33193935625000004 0.46931494375 0.3339099171875 0.4720820953125 0.3378143765625 0.475515875 0.3419232234375 0.47964647656250003 0.35009814375000003 0.48545707031249996 0.3586512890625 0.49091086875
3 0.31747999375 0.43384760624999996 0.3218115625 0.43972528750000006 0.3269939734375 0.439284634375 0.3340369546875 0.43530957031249995 0.338197421875 0.43138482187499994 0.3429343921875 0.4274500109375 0.3487571484375 0.41964411874999996 0.35809665156250003 0.4040725890625 0.36066478125 0.3970238953125 0.3615217359375 0.39105564843749996 0.3593345625 0.3868915046875 0.35111075625 0.3782802171875 0.344064396875 0.37104915 0.3379727671875 0.3634512265625 0.3317195234375 0.3576070890625 0.3266315046875 0.352443 0.3198384234375 0.348709446875 0.310638825 0.35027079843750003 0.3056913546875 0.3531587046875 0.303836896875 0.35704320156249997 0.3025467234375 0.3602174625 0.30327599375 0.36895956875 0.304197434375 0.37769831875 0.3063146546875 0.3888675515625 0.308605709375 0.3989831703125 0.3116776578125 0.40978554218749996 0.3143836015625 0.42164488593750005 0.31747999375 0.43384760624999996
0 0.5171380421875 0.397094190625 0.517000871875 0.400248325 0.5176934796875 0.40688990937499997 0.520295540625 0.412797778125 0.5241938875 0.41588147343750004 0.52902251875 0.4171979640625 0.5343787671875 0.4157036953125 0.5383287343750001 0.410732040625 0.5407230296875001 0.4047369609375 0.5443497703125 0.4032728828125 0.5467868390625 0.399728409375 0.5432178296875 0.393487225 0.537739365625 0.3879797578125 0.532886290625 0.385262921875 0.5318949 0.3835292609375 0.52994878125 0.38216245625 0.5245253140624999 0.3798057703125 0.51911406875 0.3781492546875 0.51531349375 0.3806669484375 0.5115006984375 0.38248446875000003 0.5061444500000001 0.3839787359375 0.5027465421875 0.3875399796875 0.4983511328125 0.389017475 0.4967805046875 0.39814991875 0.500697184375 0.402283875 0.505135371875 0.40325698593750003 0.5112480671874999 0.40104912812500004 0.5152346984375 0.39817799374999996 0.5171380421875 0.397094190625
3 0.63090186875 0.41717062031249996 0.634614159375 0.4206077546875 0.637545559375 0.42335813437500003 0.6403031234375 0.427162128125 0.641498903125 0.42959260937500005 0.6426885734375001 0.43167300312499995 0.6448574140625001 0.43478688749999994 0.647218421875 0.437897415625 0.65149499375 0.44062431562500004 0.65592706875 0.4412473390625 0.659572140625 0.44083352187499997 0.6616309874999999 0.43764584375000004 0.6642113375 0.431297321875 0.66565090625 0.4256691 0.6668677515625 0.4182938 0.6675508703124999 0.41337916718749995 0.6687127203125 0.4028530859375 0.6699295671875001 0.3954777859375 0.671722915625 0.3880924203125 0.6732935421875 0.37895997656249997 0.6737356078125 0.37124800625 0.672423721875 0.3621658765625 0.6690713234375 0.357321684375 0.6621044046875 0.354641746875 0.6574984953125 0.3550723359375 0.6525265828125 0.35655989374999997 0.6485582828124999 0.3604812890625 0.643101528125 0.36723021093749997 0.638593390625 0.37326218906249997 0.6321452468750001 0.3782774484375 0.627594334375 0.3818588203125 0.62039585 0.38793775625000004 0.617016275 0.3925492625 0.61684855 0.3939529625 0.6203808953125 0.3980936265625 0.621570565625 0.400174021875 0.6223820109375 0.4026112109375 0.6239926812500001 0.40678541875 0.6265641875 0.4109428515625 0.628150415625 0.41371671093750007 0.63090186875 0.41717062031249996