3 0.6470436609375 0.6009714921875 0.6450503484375 0.5955246390625 0.6421608109375 0.58927070625 0.6401675 0.5838238546875 0.63933195625 0.5787433484375 0.637316325 0.5728706421875 0.633814425 0.5657947531249999 0.6299903 0.56343301875 0.6258153562500001 0.5598085984375001 0.6229320921875 0.5591056562500001 0.6218635953125 0.560442728125 0.6206674624999999 0.564775659375 0.6176181984375 0.571767853125 0.6142181156250001 0.5774973640625001 0.6124542578125001 0.5818600484374999 0.60899349375 0.5918629796875 0.60520423125 0.60102908125 0.6051212296874999 0.6048766515625 0.6069806328125 0.607768375 0.6076599515625001 0.609867896875 0.6091908546875 0.6119227859375 0.6145842499999999 0.6116401296875 0.6213969578125 0.6112830921875 0.6434489875 0.608419296875 0.6487307921875 0.606007365625 0.6470436609375 0.6009714921875
3 0.653011053125 0.6062100734375 0.6598460796875 0.6062788890624999 0.669363509375 0.6032179531249999 0.6848804203125 0.59514533125 0.6899613625 0.5889007078125 0.690328225 0.5850382625 0.6903219515625 0.5794872718749999 0.6902933625000001 0.573510428125 0.688673184375 0.56975211875 0.6863290546874999 0.5630425781249999 0.6843580609375 0.5580215796875 0.6826486093749999 0.55255985 0.6818130671875 0.5474793453125 0.6806936625 0.54241371875 0.6781103046875 0.5365707625 0.674920859375 0.5354568421875 0.671865321875 0.5368980484375 0.6693551921875 0.537883646875 0.6671512453124999 0.5392802265625 0.662982575 0.54120679375 0.6600993093749999 0.5405038515625 0.6538320078125001 0.54040528125 0.6487671125000001 0.5415247703125 0.6465854828125 0.5433472015625 0.6443145796875 0.543466215625 0.6428506296875 0.5426888890625 0.6380472796875 0.5433676453125 0.6364556921875 0.54558618125 0.6346918328125 0.5499488640625 0.6337795625 0.55426691875 0.633501971875 0.5598327859375 0.6343598328125 0.5653391453125 0.6372270515625 0.571167221875 0.6389588203125001 0.5770548062499999 0.6404513609375 0.583808978125 0.6443933515625 0.593850971875 0.6492092453125 0.60427419375 0.653011053125 0.6062100734375
3 0.42434259687500003 0.41962770625 0.42371418906249997 0.423930884375 0.42372046250000006 0.429481875 0.424294459375 0.43500310937500003 0.4251523203125 0.44050946875 0.42715190625000005 0.45150731093749996 0.429540671875 0.4590685609375 0.43500729375 0.46561445937499996 0.4385698734375 0.4684169234375 0.443507134375 0.47029329531249997 0.44892284531250004 0.47043649375 0.45597478125 0.46921286875 0.46298207968750005 0.46713753437500005 0.46992242500000003 0.46378463437499995 0.474352640625 0.461417334375 0.4782151296875 0.4590797875 0.480090578125 0.45684637656250005 0.4805243953125 0.4542614953125 0.4803458515625 0.4508546578125 0.4793826734375 0.4487700125 0.47874799062499995 0.44752220156250005 0.479487990625 0.44534829687500005 0.47974953593749997 0.444907565625 0.480161034375 0.441896828125 0.48033330625000004 0.43975267812499996 0.480505578125 0.4376085265625 0.480327034375 0.43420168906249995 0.4784453125 0.4308841109375 0.476608225 0.4284182421875 0.4742034140625 0.425982125 0.47317328124999997 0.422619915625 0.473122371875 0.41621721875000006 0.47344459843750003 0.4115030625 0.4735052796875 0.40722963749999996 0.4741783234375 0.40377816875 0.47454518749999997 0.39991572343750004 0.474411278125 0.39736059375 0.4731196 0.394439115625 0.47097633281249995 0.39156226875 0.46922852031250006 0.39079981875 0.46774225156250004 0.3895966375 0.46284962968750004 0.38857197656250003 0.45970481875 0.3883097640625 0.45570842031250003 0.38809218125 0.45090507031250004 0.3887709390625 0.445840175 0.389890428125 0.4407975984375 0.391435771875 0.43712969843750005 0.39205502187499996 0.43518729531250006 0.3930108671875 0.43056248906250005 0.3970964640625 0.4281416328125 0.3997854828125 0.42602695625000003 0.4028854796875 0.42509236875 0.4067776796875 0.4250316859375 0.41105110468749995 0.4249486875 0.4148986734375 0.42434259687500003 0.41962770625
3 0.6032520531250001 0.6126610515625 0.60344664375 0.6109427546874999 0.6027673265625 0.608843234375 0.602745009375 0.608417378125 0.6023941921875 0.607154690625 0.60202105625 0.60546615 0.6016479218749999 0.60377760625 0.6012747859375 0.6020890640625 0.6009462875 0.6012522312499999 0.6000054265625 0.599593440625 0.59864679375 0.5953944 0.5976612968749999 0.5928839 0.5966311625 0.5895216921875 0.594749440625 0.5862041140625001 0.5932185359375 0.584149221875 0.5908583609375 0.5825648171875 0.5883035953125 0.58269870625 0.5843518343749999 0.5833328328125 0.5800938906249999 0.5835559828125 0.5761198109375 0.5837642546875 0.5690009218750001 0.5837103156250001 0.564742978125 0.583933465625 0.5619489859375 0.584933940625 0.5603350812500001 0.58672661875 0.5580258140625001 0.5915449125000001 0.55744204375 0.5966998 0.5570528625 0.6001363921875 0.5575375890625 0.603954209375 0.5576714968750001 0.6065093375 0.5572599984375 0.6095200734375 0.5576331328124999 0.6112086171875 0.5591640375 0.6132635078125 0.5601049 0.6149222984375 0.560784215625 0.61702181875 0.5608511703125 0.6182993812500001 0.5634059359375 0.6181654921875 0.5849348765625 0.616183159375 0.600218834375 0.6145281125000001 0.6032520531250001 0.6126610515625
3 0.6481158015624999 0.409608346875 0.6529637890625 0.4097813 0.6580510015625001 0.409087665625 0.6609565843749999 0.4102164640625 0.6644745296875 0.41216721874999995 0.6682317015625 0.4132513875 0.673229640625 0.410854334375 0.67534431875 0.4077543375 0.6775866296874999 0.40165848125 0.6786265359375 0.39434456562500003 0.6790763984375 0.3866345484375 0.68011630625 0.379320634375 0.6816793015625 0.37112525625 0.6815614390625 0.3634449921875 0.6804420328125 0.358379365625 0.6789780828125 0.3576020390625 0.6763340437500001 0.356032509375 0.673473096875 0.3557554203125 0.668079703125 0.3560380765625 0.663560215625 0.35670195625 0.6613339484375 0.35767267812500003 0.659263909375 0.361624384375 0.6569546421875 0.3664426796875 0.652619971875 0.3760643875 0.6495483890625 0.3826307296875 0.645775171875 0.3866716953125 0.641868046875 0.38815753124999997 0.6388571468750001 0.3904504484375 0.63650324375 0.39441703125 0.6367487421875 0.399101434375 0.6381073749999999 0.4033004765625 0.6393767343750001 0.4057960984375 0.6434847234375 0.40814295468750006 0.6481158015624999 0.409608346875
3 0.39516117500000003 0.4711189015625 0.40683791718749995 0.46580968125 0.414167440625 0.4590201890625 0.4181066578125 0.44728408281250004 0.41953574531250004 0.43653357656249997 0.41762543281250003 0.4272391546875 0.40857391249999997 0.4174649375 0.3982083953125 0.4043433890625 0.387788471875 0.401046253125 0.3771132734375 0.4037408390625 0.370574653125 0.41475912499999995 0.371690559375 0.4360518671875 0.3745256875 0.4521302125 0.3796477640625 0.46296441093749996 0.3862721546875 0.46987665625 0.39516117500000003 0.4711189015625
3 0.354234015625 0.4668584359375 0.3557970109375 0.4586630578125 0.366737253125 0.439300628125 0.3704595640625 0.4288569640625 0.37044701875 0.41775498593749993 0.36015472656249997 0.411461990625 0.3453206328125 0.4054070203125 0.3333474828125 0.399629140625 0.327520271875 0.402496678125 0.325300278125 0.409018390625 0.3238105078125 0.424042321875 0.3301859 0.442497278125 0.33783065 0.46344785625 0.3458359921875 0.47498499843750003 0.35270938281249997 0.470354534375 0.354234015625 0.4668584359375
3 0.5036894171874999 0.6247112984375 0.504713278125 0.6225225187500001 0.5040339625 0.620422996875 0.5030484640624999 0.6179124984375 0.502608375 0.6149463921875 0.5015433781249999 0.60005635 0.49978929218749996 0.593742909375 0.49849761406250004 0.590821434375 0.49556971406250006 0.5892667796875 0.492731084375 0.589415546875 0.48378138281250005 0.592446728125 0.4765794921875 0.5962403578125001 0.46883219531250003 0.6004895968749999 0.461391078125 0.6051498140625 0.4581409515625 0.6083093171875 0.45696713593749994 0.613068103125 0.4569734078125 0.6186190921875 0.4584436328125 0.6249474078125 0.458293678125 0.6275174125 0.46255162031249997 0.6272942625 0.4713736875 0.62725894375 0.4919010859375 0.6278912453125 0.5012462421875 0.6269744625 0.5036894171874999 0.6247112984375
3 0.5536145593749999 0.43676621875 0.5644013484375 0.43620090781250004 0.573551915625 0.43700242031250003 0.5767413609375 0.43811634218749995 0.5831523437499999 0.4300939171875 0.5855383375 0.41587706406249997 0.5849964296875 0.40010555937500003 0.584700021875 0.3890184578125 0.582990571875 0.3835567296875 0.5772561328125 0.3719005734375 0.5710495156250001 0.36752857968749997 0.5569010078125001 0.3691241203125 0.5497883906250001 0.37462117031250003 0.5425481375000001 0.3831140796875 0.538870465625 0.3944094546875 0.53856705625 0.41577657968750004 0.5411343671875 0.4267446671875 0.5481765296875001 0.436197165625 0.5536145593749999 0.43676621875
1 0.4591496390625 0.3994414953125 0.45985127343750004 0.4019668703125 0.46203917656250004 0.40569542812500003 0.4607314515625 0.40789908593749996 0.4581829578125 0.4135839640625 0.460437815625 0.418590084375 0.4615349046875 0.42322985781250005 0.46156349375000005 0.42920670312500003 0.465043075 0.4358567375 0.4698080625 0.43987725937500005 0.470008925 0.44370995312500006 0.46924660781250005 0.4454580015625 0.47104533125000003 0.45262315 0.47487572968749997 0.460535871875 0.47764740312500004 0.4591095421875 0.480090578125 0.45684637656250005 0.48045744062500007 0.45298393125 0.4791657640625 0.45006245468749995 0.47874799062499995 0.44752220156250005 0.4792934 0.44706659374999996 0.4797048984375 0.44405585625 0.4796156265625 0.44235243750000003 0.47954867187500005 0.441074871875 0.48052789687499997 0.43803438124999994 0.4803493515625 0.43462754531250003 0.4787738109375 0.43172094375 0.47691440781249994 0.42882921874999996 0.47479345781250004 0.4263782265625 0.47312864374999997 0.42176820625 0.47298846406250006 0.4136620890625 0.4733553265625 0.4097996421875 0.4745514609375 0.4054667109375 0.47480673281249997 0.3994749921875 0.4734481 0.3952759484375 0.47130483281249996 0.3923991015625 0.46809306875 0.390859325 0.464029715625 0.3893641796875 0.459248684375 0.390468790625 0.45634309999999995 0.38933999375 0.458269459375 0.39350928125 0.4591496390625 0.3994414953125
3 0.5511775140624999 0.6183793328125 0.5513497875 0.6162351828125 0.5515443765625 0.6145168859375 0.551477421875 0.613239321875 0.5514104671875 0.6119617578125001 0.5510596515625 0.61069906875 0.5500518359375001 0.6077627171875 0.5494555203125 0.601815625 0.5492100203125 0.597131221875 0.5485083875 0.5946058468750001 0.5472167078125 0.59168436875 0.5462535296875 0.589599725 0.544461078125 0.587985565625 0.542690946875 0.5867972609375001 0.541533178125 0.5864309125 0.5392622765625 0.586549925 0.5366628734375001 0.58583210625 0.5329280203125 0.5851737921875 0.52976089375 0.584485725 0.5272061265625 0.5846196140625 0.5240836359375 0.5847832578125 0.521267325 0.5853578796875001 0.51762174375 0.586402984375 0.5142823453124999 0.58785906875 0.5126684390625 0.589651746875 0.5122792578124999 0.5930883390624999 0.51197935 0.5982283500000001 0.512269484375 0.6037644625 0.5127828015625 0.6135591234375 0.5126105296875 0.6157032734375 0.512460575 0.6182732796875 0.512878346875 0.6208135312499999 0.513841525 0.6228981765625 0.5150662484375 0.6245420875 0.519301875 0.623893084375 0.52864703125 0.6229763015625001 0.542556309375 0.6222473468749999 0.5498697906250001 0.620582990625 0.5511775140624999 0.6183793328125
3 0.6241241390625001 0.4352060921875 0.6279196734375 0.43159098125 0.633839659375 0.41419974843749996 0.636002471875 0.39572435 0.6380760125 0.37554553125 0.6353971109375001 0.3624481671875 0.62971358125 0.3571947109375 0.620368425 0.35811149375 0.613316490625 0.35933511875 0.605380875 0.3708536421875 0.5934649078125 0.37702945 0.5888463734375 0.3866660359375 0.59252681875 0.3971487640625 0.59891198125 0.4049275953125 0.6048410109375 0.4148654546875 0.6108084046875 0.4201040359375 0.6166481593750001 0.428338475 0.6241241390625001 0.4352060921875
3 0.44405589843750004 0.627409534375 0.443921990625 0.62485440625 0.443309628125 0.6240324484374999 0.44204026875 0.621536828125 0.440464728125 0.6186302265625 0.43895614062500005 0.6170011890625 0.43622282968750004 0.6137282421875 0.43499810625 0.612084328125 0.432787884375 0.6079299171875 0.4300768921875 0.6050828218750001 0.42732126406250004 0.6013840187499999 0.424326409375 0.5985518015625 0.42310168593749997 0.5969078890625 0.4218323234375 0.594412265625 0.41990596562500004 0.590242978125 0.4177850171875 0.5877919859375 0.4160148859375 0.5866036796875 0.4130932578125 0.590600015625 0.409954721875 0.5958887953125 0.40834708906249995 0.6032324625000001 0.40663413750000005 0.6139978453125 0.40542195937500003 0.6234559125 0.4057950953125 0.625144453125 0.40957458437499994 0.6266544781250001 0.4270687640625 0.629153840625 0.44215813125 0.629217090625 0.44405589843750004 0.627409534375
3 0.3998562921875 0.6258827171875 0.4042865078125 0.62351541875 0.40624495781250003 0.6174344375 0.4073295 0.6109722328125 0.408063225 0.6032473390625 0.40971549375 0.59675538125 0.41198012500000003 0.5910853796875 0.41114458125000003 0.5860048734375 0.40954672187499996 0.5826724171875 0.40785959062500005 0.57763654375 0.40512627968750003 0.5743635953124999 0.40165297187500004 0.57326455 0.39820198125 0.5725913609375 0.396543440625 0.5735323296875 0.392113225 0.575899628125 0.389536140625 0.5756076640625001 0.3864136484375 0.57577130625 0.381677253125 0.5777276296875 0.3777924453125 0.5796393203125 0.37353450312500003 0.5798624703125 0.3695604234375 0.5800707421875 0.365675615625 0.581982434375 0.3633663484375 0.586800728125 0.3615864453125 0.5962885453125 0.3612258546875 0.6057019828125 0.35975212968750003 0.6156007781249999 0.35971376718750003 0.6203000578125 0.36476261718749997 0.624305703125 0.3688036515625 0.6253749953125001 0.37631799374999997 0.62754333125 0.38686555624999996 0.6278446078125001 0.3998562921875 0.6258827171875