3 0.14482745156250001 0.835694628125 0.161273384375 0.8360893234375 0.174670221875 0.8348329765625 0.18600259218749998 0.83265590625 0.1963711984375 0.8275253812500001 0.20302753281250002 0.8097711640625 0.206628896875 0.78618959375 0.2115213609375 0.759495459375 0.2172751984375 0.7226541984375 0.2231301109375 0.6894493328125 0.2203607453125 0.6820022296875 0.202684984375 0.6685865062499999 0.1932729578125 0.6630299890625 0.1857676 0.665603515625 0.1779023015625 0.668113571875 0.170142634375 0.6689721468750001 0.162256471875 0.6737053390625001 0.1553725625 0.6916977796875 0.1510186984375 0.7090229296875 0.14909379843749998 0.72204439375 0.147762290625 0.7390674109375001 0.14592935468749998 0.7663010234375001 0.145338596875 0.78122784375 0.1435356375 0.7956625671875 0.14036268125 0.8168145140625 0.1395339203125 0.8330911249999999 0.14482745156250001 0.835694628125
0 0.64243206875 0.7909403890625 0.6441574515624999 0.7895745093750001 0.6433260546875 0.7869227484375 0.643214546875 0.784397921875 0.642885896875 0.7809997531249999 0.6415041515625 0.77936435625 0.6407366624999999 0.779507378125 0.6398635390625 0.781301884375 0.6396894421875 0.7854464609375 0.640653209375 0.7883999140625 0.64243206875 0.7909403890625
0 0.6876570515625 0.2218919203125 0.6880333015625 0.22502013125000003 0.68859995625 0.227068509375 0.69213549375 0.224908403125 0.6963746109375 0.21981049062500002 0.7010688765624999 0.2142361296875 0.7037149828125 0.21080578593750002 0.70685340625 0.20774060625000002 0.71176936875 0.197751709375 0.7128850531250001 0.1893195359375 0.7079351593750001 0.18371475937499998 0.6992267125 0.17522043437499998 0.6941920484375 0.16904400625 0.68677601875 0.1669013078125 0.6879732359374999 0.17379284687500002 0.6880325875 0.1818755078125 0.6878911015625 0.19214956875 0.6872736078125 0.20512321249999999 0.6872005859375 0.21290418125000002 0.6876570515625 0.2218919203125
3 0.6448689421875 0.843421821875 0.656195440625 0.8370684421875 0.6585604984375 0.829969971875 0.6577010453125001 0.8159008468750001 0.6558080421875 0.791907175 0.653349703125 0.7753293109375 0.6490975171875 0.7626104171875 0.6444703984375 0.7562274984374999 0.6384511015625 0.7493207515625 0.63208229375 0.7412389703125 0.62714283125 0.7345226265625 0.6181546531250001 0.7318243609375 0.6095218640625 0.734477440625 0.5954214453125 0.7386715953125 0.5871173046875 0.7447228453125 0.5835667796874999 0.75328239375 0.579836284375 0.761810209375 0.575988403125 0.7636368874999999 0.5722194203125001 0.7618589078125 0.5674553734375001 0.760462175 0.5632208109375 0.7602722109375 0.5563088484375001 0.766847290625 0.550075046875 0.7779955734375 0.55050933125 0.7797422578125001 0.553024384375 0.7854744109375 0.5561165234375001 0.7921433734375001 0.557017703125 0.8017662281250001 0.5563643578125 0.8233624515625 0.5557971 0.8549945109375001 0.5532846828125 0.86819073125 0.5565404890625001 0.871826684375 0.568772721875 0.8698082828125001 0.5905956390625 0.8639139468750001 0.6158425828125 0.853334678125 0.6448689421875 0.843421821875
3 0.70739415 0.327805490625 0.71091925625 0.3267569515625 0.7122266625 0.3267091296875 0.714371340625 0.33348938125 0.7161560734375 0.340206165625 0.7189358703125001 0.34654170156249997 0.7266596859375001 0.3543057046875 0.735134684375 0.35886194374999997 0.7464625 0.36197275 0.755513265625 0.3580016125 0.7641238734375 0.3481074796875 0.7725590671875 0.3328937359375 0.780516934375 0.3109153890625 0.7858182593749999 0.29347895 0.7895370078124999 0.27659851562500004 0.790621396875 0.27150104375 0.7865713640625 0.266054934375 0.768571509375 0.24395316718750001 0.7525200562500001 0.22553517343750001 0.7424715890625 0.210959184375 0.7349662343750001 0.213532709375 0.7253070875 0.2199017390625 0.718262753125 0.226175125 0.71261059375 0.232972340625 0.7049800609375 0.2488846703125 0.7005935828125 0.260080334375 0.6975562359375 0.2667819109375 0.6939313734375 0.2736582421875 0.6880679484375001 0.2837584265625 0.68229516875 0.2986065703125 0.676866028125 0.3104534390625 0.6701607734375 0.319013428125 0.66266129375 0.3257632625 0.66465729375 0.3291770796875 0.6729731828125 0.3314784515625 0.6801929328125 0.330524675 0.69025506875 0.3292370328125 0.699549715625 0.3280924125 0.70739415 0.327805490625
3 0.5489979640625 0.8735586015625 0.5523313453124999 0.8641257109374999 0.5544257874999999 0.8522475453125 0.555455384375 0.8337795343750001 0.556394334375 0.8105635625 0.55552900625 0.792318128125 0.5485981 0.7769000921875 0.5441613859375 0.7694373421875 0.5327637875 0.759355440625 0.5257970296875001 0.75255998125 0.518168415625 0.7442560625 0.507056425 0.7325544125000001 0.4979300015625 0.7253781453125 0.4870781953125 0.71956775625 0.47396696250000003 0.7192043546875 0.46031257812500004 0.7334978125 0.448664621875 0.7500935203125 0.44396580312499995 0.760955759375 0.44004621874999994 0.7800275937500001 0.4362114078125 0.7996710796875 0.43164171875 0.8255870734374999 0.42587613125 0.8540757140625 0.421571184375 0.8805950906250001 0.42362066093750006 0.8879152593749999 0.43670515468750004 0.8863254859374999 0.47732994843750004 0.88430313125 0.5163186843750001 0.8789304265625001 0.5489979640625 0.8735586015625
3 0.22080609999999998 0.23115117500000001 0.2486378796875 0.233275153125 0.28780335 0.242686246875 0.3205882625 0.23566293749999997 0.3240187671875 0.20147387968750002 0.3425792875 0.14462265624999998 0.334598525 0.11621532812499999 0.3363948953125 0.0544596703125 0.29552490468750003 0.0441913203125 0.2653326234375 0.0438779359375 0.2474952296875 0.08610403125 0.23564907656249998 0.1238195140625 0.21738003749999998 0.183227296875 0.2146531140625 0.21447854843749997 0.22080609999999998 0.23115117500000001
3 0.21426997499999997 0.8459907546875 0.24316204375 0.8599924578125 0.254742853125 0.8553540281249999 0.2686085046875 0.8377576031249999 0.27722295468749997 0.7794309703125 0.28138114375 0.72532890625 0.28685656875 0.70374789375 0.2746588671875 0.6876795296875 0.2648868953125 0.6820595453125 0.254337 0.67769415 0.24645539374999997 0.6771394640625 0.2379132484375 0.6845405046875 0.22386043125000002 0.6884647 0.22114394062499998 0.7186043859375 0.21451110624999997 0.7530638421875 0.20441970937499998 0.8102949953125 0.1953298515625 0.8376407734375 0.21426997499999997 0.8459907546875
3 0.658179690625 0.8321296390624999 0.662699859375 0.830699853125 0.6728304578125 0.82691911875 0.684390403125 0.8245038250000001 0.692572603125 0.8170393171875 0.714245525 0.7983143578125 0.7347016843749999 0.78438518125 0.7489390296875 0.7752048421875 0.75584511875 0.764453453125 0.7544203296875 0.7578001375000001 0.751677703125 0.7523062109375 0.7465419625 0.7424933874999999 0.7385638359375 0.7330144328125 0.731623815625 0.72817215 0.720041690625 0.7233463921875 0.7096880734375001 0.7220774750000001 0.6977042765625 0.7216345171875 0.6840694359375 0.72424065625 0.6767870953124999 0.7318638328125 0.6731309390625 0.742074865625 0.6685690453124999 0.7479509203125 0.6637737031250001 0.7498888874999999 0.659189628125 0.7485238875 0.6494548250000001 0.7437455125 0.6399638999999999 0.7417936546874999 0.6338239828125001 0.7429378343749999 0.641537365625 0.7518134046875 0.6511991515625 0.7643727499999999 0.6544725796875001 0.780537634375 0.65759996875 0.81226445625 0.658179690625 0.8321296390624999
3 0.4819372171875 0.25409245468749997 0.5049364859375001 0.2573127921875 0.5325093984375 0.26300969531249996 0.553310515625 0.2555434296875 0.5770094109375 0.2274334 0.591495796875 0.182111265625 0.598238821875 0.14071245 0.587167840625 0.0814199078125 0.56759128125 0.06405045312499999 0.5337402046874999 0.055019728125 0.5187131875000001 0.0571020359375 0.506833103125 0.0792238453125 0.48733291718749994 0.1161464171875 0.46720024843749997 0.1724420765625 0.46247276875 0.2055673890625 0.46645241562499995 0.2377228390625 0.4819372171875 0.25409245468749997
3 0.3215510171875 0.8774331203125 0.33890916249999997 0.8526586703125 0.339809625 0.819136903125 0.34172793437500004 0.7587945046875 0.347414625 0.733910525 0.3565932078125 0.73552895625 0.3597453 0.71660014375 0.33277489375 0.704329040625 0.3157936 0.6985512640625 0.2961498953125 0.6931390875 0.286713765625 0.70455776875 0.2779936828125 0.7645358843750001 0.26734414218749997 0.8428233421875 0.2642813765625 0.857035928125 0.29145849375 0.871291940625 0.3215510171875 0.8774331203125
3 0.4010185046875 0.8855999999999999 0.41404496718750006 0.8853917499999999 0.418406025 0.8817070984375001 0.420913884375 0.8737987531250001 0.4231719921875 0.85888758125 0.426916159375 0.834496134375 0.4306186 0.8145509578125001 0.4329986453125 0.80105304375 0.435670171875 0.7901116906250001 0.43943196406249996 0.778249175 0.44135686406249997 0.7652277109375001 0.44118600468749997 0.7546202234375 0.43989814374999997 0.742980721875 0.43673166406249997 0.7346285421875 0.43259230625 0.7338986625 0.427267478125 0.734629859375 0.41876705937500003 0.7375846328125 0.40762509218750004 0.7386818703125 0.395746928125 0.7365874296875 0.3886328109375 0.7358897234375 0.3854572203125 0.738113296875 0.3805771078125 0.7394796125 0.3756806890625 0.7377811890625 0.37390183125 0.7352407140625 0.3659726234375 0.7349559875 0.3597479359375 0.7355285171875 0.35227387499999996 0.734767340625 0.344540946875 0.7375790921875 0.3431813828125 0.743184746875 0.342949253125 0.748710846875 0.3424478234375 0.758921440625 0.3410002515625 0.778707509375 0.340284315625 0.8069731328125 0.33996549531250003 0.8361438343750001 0.3403235203125 0.860423553125 0.341538359375 0.8798440218750001 0.34923999375000003 0.8803669718749999 0.3583338046875 0.8814137531249999 0.3737638125 0.88441283125 0.38699698125 0.8861894921875001 0.4010185046875 0.8855999999999999
3 0.1798715984375 0.251768478125 0.18969572968749998 0.2518306265625 0.1952318234375 0.24779646249999998 0.2017303671875 0.2372515640625 0.2055084640625 0.22845378906249997 0.20902181875 0.21905263125 0.2107308953125 0.21462201093750002 0.2138380234375 0.21489152968749997 0.21600680468750003 0.20469658281249997 0.2174811140625 0.186863690625 0.22234815624999998 0.1676805671875 0.23328401875 0.1309179828125 0.24233670468750002 0.10273059531249999 0.245601625 0.0957907953125 0.2472839625 0.089407 0.24574179062499998 0.0760525484375 0.24344843593749999 0.0659058625 0.2411550796875 0.05575917500000001 0.2374649921875 0.0503765375 0.2326905125 0.05009137031250001 0.22096690156249998 0.055539673437500006 0.21202764218749998 0.0620356375 0.20288754999999997 0.0707230015625 0.197880940625 0.0759639359375 0.19520809687500001 0.077441103125 0.18324648125 0.0842391984375 0.17536619375 0.0931487 0.1681953625 0.10329670312499999 0.16397255 0.111459359375 0.156707834375 0.13161146562499998 0.15437610468750002 0.1879840453125 0.152032625 0.2360040046875 0.15422034843750002 0.2478021734375 0.16253623749999999 0.25010354375 0.17163004843750002 0.251150325 0.1798715984375 0.251768478125
3 0.3258028984375 0.2418711 0.3311127375 0.24753934531250002 0.3950074171875 0.25351701875 0.41204086562500003 0.2537369609375 0.427793646875 0.255957896875 0.4436937875 0.2520810828125 0.45634267968750003 0.2392804390625 0.46451313125000004 0.2234633109375 0.46372538125 0.19214903125 0.4696709390625 0.16369212500000002 0.48053377968750005 0.134710509375 0.48713208124999996 0.1183378171875 0.47716970312500007 0.113797665625 0.46841557656250005 0.08135705 0.4704226109375 0.0499788625 0.4698546390625 0.038466298437500004 0.4625025171875 0.039118382812500005 0.432845596875 0.0441880765625 0.4067450734375 0.0448745296875 0.380979075 0.053135460937500004 0.3594411625 0.0910904859375 0.34413836875000003 0.1273614125 0.33954781562499997 0.15550054062500002 0.32751713437499996 0.198472165625 0.3220638921875 0.2272942328125 0.3258028984375 0.2418711
3 0.5753746734375 0.2335472375 0.5762445578125 0.2465047953125 0.5795225453125 0.2573818015625 0.5840231671875 0.2676393359375 0.58905783125 0.27381576406249997 0.5935571359375 0.2746091140625 0.5967966359375 0.275180325 0.5980355765625001 0.27762559531250003 0.6213166125 0.3276586828125 0.6346717203125001 0.3308486046875 0.6476088546875001 0.33535658125 0.6557121609375 0.3314967328125 0.6663128953124999 0.32084010625000003 0.6739238828125 0.316615096875 0.6822638734375001 0.301941271875 0.6877347421875 0.28564813437500003 0.6967248406250001 0.2641301484375 0.710372034375 0.23619619374999998 0.71900086875 0.20515055312500002 0.7155846359375 0.1897955453125 0.7033660734375 0.17595031562500002 0.689506896875 0.1640426140625 0.6769120828124999 0.147069175 0.658202771875 0.1237289046875 0.6422047921875 0.1092172625 0.6229771453125 0.12670327812499999 0.598299490625 0.1582592984375 0.593738915625 0.17359953749999998 0.5891366140625001 0.1933860453125 0.5845760390625 0.2087262859375 0.57574373125 0.2230349515625 0.5753746734375 0.2335472375