1 0.4534275984375 0.3983226828125 0.45094740624999996 0.43571480781250005 0.45178132031249996 0.46508073124999993 0.462008796875 0.49262073281249996 0.486326615625 0.517421846875 0.49986819843749997 0.5369356453125 0.5040162203125 0.558275365625 0.5015360281250001 0.5956674921875 0.4915937078125 0.6197460984375 0.49435905468749997 0.6339725796875 0.509832071875 0.638346934375 0.5230884984374999 0.606242125 0.55265185625 0.607877596875 0.564810765625 0.6202781546875 0.5789011093750001 0.61753926875 0.6010023390625 0.6058612203125 0.6197894625 0.6022093734375 0.646587471875 0.5896183625 0.672002809375 0.5699141109375 0.692721365625 0.5511228218750001 0.726147590625 0.52247940625 0.7355411515625 0.5206534828125 0.730559215625 0.4699478375 0.722263171875 0.4272683953125 0.715349803125 0.39170219375 0.7009743046875 0.34282247187500003 0.6948948500000001 0.3366221921875 0.6647827328125 0.35723940625 0.6366020484375 0.3627171765625 0.6070386890624999 0.3610817046875 0.5841035437500001 0.34339383125 0.57387606875 0.31585383125 0.5641973515625 0.266061146875 0.5600493296875 0.2447214265625 0.5478904203125 0.23232086875000002 0.5277206234375 0.228859475 0.4995399390625 0.23433724531250003 0.509767415625 0.2618772453125 0.5106013296875 0.2912431703125 0.5128179171875 0.32772233281249996 0.507572378125 0.350887978125 0.48215704062500003 0.3705922296875 0.46944937343750004 0.3804443546875 0.4534275984375 0.3983226828125
0 0.589919396875 0.4234654 0.5913020703125 0.430578640625 0.5959988515625 0.429665678125 0.593233503125 0.4154391984375 0.5965476093750001 0.4074129953125 0.59046815625 0.401212715625 0.5890854812499999 0.3940994765625 0.5830060265625 0.38789919687499996 0.585771375 0.402125678125 0.5763778125 0.4039516015625 0.5777604875 0.4110648421875 0.5791431609375 0.4181780828125 0.5871540484375 0.40923891875 0.589919396875 0.4234654
0 0.6184067890625 0.5950961328125 0.63111445625 0.5852440062500001 0.623652328125 0.5719304875 0.6195043078125 0.5505907671875 0.6181216328125 0.543477525 0.6200530640624999 0.5283380828124999 0.6219844984375 0.513198640625 0.6192191499999999 0.49897215937499995 0.6164538015625001 0.484745678125 0.610374346875 0.47854539999999995 0.6070602421875 0.4865716015625 0.6112082640625001 0.5079113234375 0.60789415625 0.5159375265625 0.60458005 0.523963728125 0.59988326875 0.5248766890625001 0.5985005953125 0.51776345 0.595735246875 0.5035369671875001 0.5910384671875 0.5044499296875 0.5904897078125 0.5267026125000001 0.59187238125 0.533815853125 0.58386149375 0.5427550171875 0.5791647125 0.543667978125 0.5805473859375 0.55078121875 0.578615953125 0.5659206625000001 0.570605065625 0.5748598265625 0.57806719375 0.5881733453125 0.5841466484375 0.5943736234375 0.590226103125 0.600573903125 0.6090132265625 0.59692205625 0.6184067890625 0.5950961328125
0 0.55484689375 0.5188668640625 0.5440706578125 0.513579546875 0.5413053109375 0.499353065625 0.533294421875 0.5082922296875 0.534677096875 0.5154054703125001 0.542139225 0.528718990625 0.5529154609375 0.53400630625 0.562309021875 0.5321803828125 0.570319909375 0.5232412203125001 0.5689372359375 0.5161279796875 0.5675545625 0.5090147375 0.5614751078125 0.5028144593749999 0.558709759375 0.488587978125 0.5545617390625 0.4672482578125 0.5517963906250001 0.45302177656250003 0.5457169359375 0.446821496875 0.5349407 0.44153418125000005 0.5357746156250001 0.4709001046875 0.54323674375 0.4842136234375 0.5493161984375 0.4904139015625 0.5553956531249999 0.49661418125 0.558161 0.5108406609375 0.55484689375 0.5188668640625
3 0.2412601 0.5355299328124999 0.261429896875 0.538991325 0.28629647343750003 0.5415397578125 0.30978037812500003 0.5369749484375 0.3412751703125 0.5234709765625001 0.3619937265625 0.5046796875 0.36862194062500003 0.48862728281249995 0.3705533734375 0.473487840625 0.3757989140625 0.4503221953125 0.3810444515625 0.42715655156250004 0.3862899921875 0.4039909046875 0.385456078125 0.3746249828125 0.37992538124999997 0.3461720203125 0.385170921875 0.32300637656250003 0.37964022656249996 0.2945534140625 0.3754922046875 0.27321369375 0.361950621875 0.25369989375 0.35310581874999997 0.2332731359375 0.336250128125 0.2217855390625 0.330170675 0.215585259375 0.30723553125 0.1978973859375 0.290379840625 0.1864097890625 0.2749068234375 0.182035434375 0.2594338078125 0.1776610796875 0.21716277968750003 0.185877734375 0.1950615515625 0.1975557828125 0.1602526515625 0.219085959375 0.15832121875 0.2342254 0.14699622343750002 0.251190765625 0.1558410265625 0.2716175265625 0.15860637500000002 0.2858440078125 0.1627543953125 0.307183728125 0.16966776562500002 0.34274993125000003 0.164422225 0.3659155765625 0.16055935937500002 0.3961944609375 0.15393114531250002 0.41224686562499996 0.1622271890625 0.45492630937499995 0.1696893171875 0.4682398265625 0.17991679375 0.495779828125 0.1934583765625 0.515293625 0.216393521875 0.5329815 0.2412601 0.5355299328124999
0 1 0.502007084375 0.9980121171875 0.49178031093749996 0.9919326625 0.48558003281250006 0.9830878593750001 0.46515327187500005 0.9850192921875 0.4500138296875 0.9808712703125 0.4286741078125 0.9706437937500001 0.40113410937499994 0.9775571640624999 0.4367003109375 0.9817051859375001 0.4580400328125 0.9811564265625 0.480292715625 0.9731455390624999 0.48923187968750004 0.9684487578125 0.4901448421875 0.96983143125 0.49725808125000004 0.9759108859375001 0.5034583609375 0.9745282124999999 0.49634512031250005 0.9778423187499999 0.48831891875 0.9839217734375 0.49451919687499996 0.986687121875 0.5087456765625 0.9772935593750001 0.5105716 0.9833730140625001 0.5167718781249999 0.9880697953125 0.5158589171875 0.9913839031249999 0.507832715625 0.9974633578125 0.51403299375 0.99884603125 0.5211462359375 1 0.5121009078125 1 0.502007084375
0 0.50122931875 0.4185589890625 0.4951498640625 0.41235871093750004 0.490453084375 0.413271671875 0.482442196875 0.42221083593750003 0.483824871875 0.42932407499999997 0.49321843125 0.427498153125 0.50261199375 0.4256722296875 0.50122931875 0.4185589890625
1 1 0.47693128125 0.99164750625 0.43396142656250003 0.9653982546875 0.424299753125 0.9535245 0.46351780312499996 0.9364052078125 0.5259014953125 0.9200982765625 0.49216121875 0.9004772390625 0.466447140625 0.8808562 0.4407330640625 0.8725601578125 0.39805362031249997 0.8662170984375 0.4657246328125 0.8604228 0.5111429609375 0.8648559765625 0.5841012875 0.8731520203124999 0.62678073125 0.8966359234375 0.622215921875 0.9389069515624999 0.6139992671875001 0.9590767484375 0.617460659375 0.9833945671875 0.6422617749999999 1 0.659197228125 1 0.47693128125
0 1 0.562244746875 0.9963658390625 0.558538359375 0.9971997531250001 0.587904284375 0.9952683203125 0.6030437265625 0.9947195609374999 0.625296409375 0.997484909375 0.639522890625 1 0.6334317703125001 1 0.562244746875
3 0.3940372765625 0.46892303125 0.391557084375 0.5063151578125 0.39847045312499996 0.541881359375 0.41146327656250004 0.5836478406250001 0.4250048609375 0.6031616390625001 0.44932267968749995 0.6279627546875 0.4642469375 0.6545897921875 0.4951929703125 0.663338503125 0.5261390031250001 0.6720872140624999 0.5490741453125 0.6897750874999999 0.592727846875 0.688671671875 0.6035040828125 0.693958990625 0.6424610046875 0.6937685375 0.658482778125 0.675890209375 0.674504553125 0.65801188125 0.6905263296874999 0.6401335546875 0.7018513234375 0.6231681890625 0.73058076875 0.595437734375 0.7372089828124999 0.5793853312499999 0.7410718468749999 0.5491064453125001 0.7355411515625 0.5206534828125 0.7319418890625 0.47706107812500004 0.7277938671874999 0.4557213578125 0.7200465828125 0.3907892328125 0.70981910625 0.36324923125 0.6995916296875 0.33570923124999996 0.6893641546875 0.30816923125 0.6744398984375 0.2815421921875 0.64873940625 0.2496278375 0.6332663890625 0.24525348125000002 0.61171391875 0.23467884843750003 0.5915441203125 0.23121745468750002 0.5619807625 0.2295819828125 0.543193640625 0.2332338296875 0.50561939375 0.2405375234375 0.4868322703125 0.2441893703125 0.455337478125 0.25769334375 0.4426298109375 0.26754546874999996 0.42937338281250004 0.2996502765625 0.4241278421875 0.3228159234375 0.41225408906250005 0.36203397187499997 0.405077115625 0.4003390578125 0.40259692343750003 0.437731184375 0.3940372765625 0.46892303125
0 0.9236975390625 0.535753621875 0.9344737750000001 0.5410409390625001 0.9400044703124999 0.5694939 0.9413871437499999 0.5766071421875 0.9474665984374999 0.5828074203125 0.9521633796875 0.5818944593750001 0.9554774875 0.57386825625 0.9574089203125 0.5587288125 0.9654198062500001 0.54978965 0.9720480203124999 0.5337372453125 0.9753621265625 0.52571104375 0.973979453125 0.5185978015625 0.9612717843749999 0.5284499296875 0.9471814437500001 0.5311888140625001 0.93778788125 0.5330147375000001 0.9270116453125 0.52772741875 0.9148527359375 0.5153268625 0.91015595625 0.5162398234375 0.893300265625 0.504752228125 0.9054591750000001 0.5171527859375 0.90214506875 0.5251789875 0.8941341796875 0.5341181515625 0.8968995281250001 0.5483446328125 0.9062930890625 0.546518709375 0.9236975390625 0.535753621875
3 0 0.46587000156249997 0.021323765624999998 0.48231515937499997 0.03817945625 0.4938027546875 0.07105692031250001 0.4874120234375 0.08984404375 0.48376017656250003 0.12465294375 0.4622300015625 0.1459202578125 0.42118602968749996 0.15586257812499998 0.39710742187500003 0.1658048984375 0.373028815625 0.1641370703125 0.3142969703125 0.1516930046875 0.2502778046875 0.1353860734375 0.21653752499999998 0.121844490625 0.197023728125 0.105537559375 0.1632834484375 0.08260241562500001 0.145595575 0.06243261875 0.1421341796875 0.032869259375 0.140498709375 0.0033058999999999996 0.138863240625 0 0.1425522171875 0 0.46587000156249997
3 1 0.4769312796875 0.9750554203125 0.348602540625 0.9703586390625001 0.349515503125 0.959582403125 0.3442281859375 0.93001904375 0.34259271406249997 0.9159287031250001 0.3453315984375 0.88774801875 0.35080936875 0.8731089171875 0.3758009390625 0.8631665953125 0.39987954375 0.8634517515625 0.45149815000000004 0.864285665625 0.48086407500000006 0.8604228 0.5111429609375 0.85932528125 0.5556483265625001 0.8601591953125001 0.58501425 0.8623757859375001 0.6214934140625 0.8692891546875 0.6570596156249999 0.890292865625 0.689886934375 0.9038344484374999 0.7094007312499999 0.9267695937499999 0.7270886062499999 0.961029734375 0.7278111140625 0.9905930921874999 0.729446584375 1 0.7276180671875 1 0.4769312796875