3 0.6550429640625001 0 0.670523653125 0.0373966015625 0.6748711859375 0.06991960625 0.67658913125 0.0918959171875 0.6911571859375 0.1050671765625 0.7114928984375 0.1111992359375 0.7269725921875 0.1129408765625 0.7508495296875 0.1181900078125 0.77917933125 0.11112659531249999 0.7977970984375 0.09528234375 0.8115588453125 0.075047671875 0.8107525390625 0.041641740625 0.8003700859375 0 0.6550429640625001 0
3 0.7315634156249999 0.7951379015625 0.744413521875 0.7863328484375 0.7404691437500001 0.770512809375 0.736524765625 0.7546927703125 0.7338951796875001 0.744146078125 0.71801233125 0.725701471875 0.699903053125 0.7134131390625 0.6879645828125 0.7107885734375 0.6808821328125 0.7125544265625 0.6773409078125 0.713437353125 0.6706616109375 0.731906171875 0.67237955625 0.7538824843749999 0.6731858640625 0.7872884140624999 0.6784450359374999 0.8083818015625001 0.6930130906249999 0.821553059375 0.7058631984375 0.8127480078125 0.7315634156249999 0.7951379015625
3 0.7964277734375 0.6781445015625 0.7805449265625 0.6596998968750001 0.762435646875 0.6474115640625 0.751811971875 0.65006034375 0.7363322765625 0.648318703125 0.7257086015625 0.6509674828125 0.7141732859375 0.6650458828125 0.71852081875 0.6975688875 0.7325803859375 0.7388727312500001 0.7613133421875 0.7485122843750001 0.7777046765625 0.7388243046875 0.7959192890625 0.7062770859375 0.7964277734375 0.6781445015625
3 0.4266148875 0.8543666249999999 0.43106775312499995 0.8420540781250001 0.43289103124999995 0.819194840625 0.43734389531250006 0.8068822953125 0.4333995171875 0.79106225625 0.425510759375 0.7594221765625 0.41448392968750003 0.7453679921874999 0.4025454609375 0.742743425 0.39060699374999996 0.740118859375 0.367133209375 0.7515726921875 0.35559789375 0.7656510921875 0.347603803125 0.7788465625 0.3431509390625 0.791159109375 0.3484101109375 0.8122524953125 0.3788610125 0.8438683593749999 0.3969702921875 0.8561566921875 0.40890876093750006 0.8587812578125 0.4266148875 0.8543666249999999
3 0.6766217578125 0.8312410390625 0.6784450359374999 0.8083818015625001 0.664788621875 0.783780921875 0.6489057734375 0.7653363171875001 0.6250288359375 0.7600871828125 0.621487609375 0.760970109375 0.6064110703125001 0.7759314359375 0.6032729984375 0.7935173296875 0.60407930625 0.8269232593750001 0.6164209265625 0.8462507921875 0.6354418468749999 0.8471095046875 0.6553744046875 0.8365385984374999 0.6766217578125 0.8312410390625
3 0.356509534375 0.754221471875 0.3627856765625 0.7190496875 0.3632941625 0.6909171015625 0.3567201984375 0.6645503703125 0.3479198015625 0.6443399125 0.326269296875 0.63293450625 0.309474809375 0.62591951875 0.298851134375 0.6285682984375 0.2824598 0.638256278125 0.272239278125 0.657608025 0.2681895671875 0.6866235359374999 0.2725370984375 0.7191465406249999 0.2949939109375 0.763957878125 0.32504165937499996 0.778870778125 0.34983023593749996 0.7726902921875001 0.356509534375 0.754221471875
3 0.18584792187500002 0.5223153 0.2186305890625 0.5029393421874999 0.23461876875 0.4765483953125 0.24706572499999999 0.451040378125 0.24008860625 0.40797068124999997 0.2321998484375 0.3763306015625 0.22076986562499998 0.34557345 0.2035722265625 0.3218554984375 0.182833359375 0.299020475 0.153188765625 0.300810540625 0.13416784531249998 0.299951828125 0.11646171875 0.30436646093749997 0.101385178125 0.3193277875 0.09602067343750001 0.34306995156250003 0.0946005484375 0.3826321546875 0.09095399062500001 0.4283506328125 0.1199847671875 0.4995287015625 0.1323263890625 0.5188562343750001 0.16237413750000002 0.5337691328124999 0.18584792187500002 0.5223153
3 0.2953099078125 0.6294512265625001 0.30553043125 0.61009948125 0.30340933125 0.5714202015625001 0.296835365625 0.545053471875 0.2902614015625 0.518686740625 0.2743785546875 0.5002421328125 0.258898859375 0.49850049375000005 0.24696039218750002 0.495875928125 0.239877940625 0.49764178125 0.20578048125 0.5117443921875 0.1981895453125 0.5416428328125 0.195051471875 0.5592287234375 0.20071379843749998 0.597025075 0.2134585734375 0.6330555734375001 0.2567595828125 0.655866384375 0.28377459374999997 0.643529625 0.2953099078125 0.6294512265625001
3 0.1142352875 0.3105227328125 0.1328530515625 0.29467848124999996 0.1492443859375 0.2849905015625 0.1674589984375 0.2524432828125 0.160990365625 0.181241 0.14915723125 0.133780884375 0.1248771390625 0.11182878437499999 0.099685409375 0.10130630624999999 0.0607319296875 0.11101849999999999 0.0244080390625 0.131277384375 0.02572283125 0.13655072968749998 0.0097346515625 0.1629416765625 0.018026562500000003 0.21128472031249998 0.024092040625 0.2657840359375 0.043919265624999995 0.30004867968750004 0.089446709375 0.3167032203125 0.1142352875 0.3105227328125
3 0.7155062562500001 0.47427406093749996 0.720765428125 0.495367446875 0.7459571578124999 0.505889925 0.775601753125 0.5040998578125 0.7897666546875 0.5005681515625 0.811925646875 0.48384097343750004 0.820831375 0.45921588125 0.81031303125 0.41702911093750006 0.801512634375 0.39681865156249996 0.79139744375 0.371334846875 0.780370615625 0.3572806609375 0.7574053171874999 0.340601909375 0.746781640625 0.3432506890625 0.7219930640625 0.349431175 0.71268418125 0.3573533015625 0.71045775 0.3635095734375 0.7069165234375 0.36439250156249997 0.702463659375 0.376705046875 0.7006403796875 0.39956428593750004 0.701043534375 0.4162672515625 0.7040762734375 0.443516909375 0.7155062562500001 0.47427406093749996
3 0.67182026875 0.23871511562499997 0.678394234375 0.26508184687499997 0.6875977843750001 0.30199527187499997 0.6977129734374999 0.3274790765625 0.7074250109375 0.3362599171875 0.727760721875 0.342391975 0.7538640921875001 0.341484834375 0.7764262375000001 0.341460621875 0.8109268500000001 0.344060975 0.8176061484374999 0.32559215625000004 0.8190262734375 0.2860299515625 0.8178168124999999 0.2359210546875 0.8099280546875001 0.2042809765625 0.8011276578125001 0.18407051875 0.7874712421875001 0.1594696390625 0.7715883953125 0.141025034375 0.752164321875 0.1234633546875 0.7353698359374999 0.1164483703125 0.7118960515625 0.1279022015625 0.7074431859375 0.14021474843749998 0.7016755296875 0.14725394687499999 0.6839694015625 0.15166858125 0.6759753125 0.16486405312500002 0.6679812234375 0.1780595265625 0.6687875296875 0.2114654578125 0.67182026875 0.23871511562499997
3 0.8373098640625001 0.6007375203125 0.8325591781250001 0.5515115484375 0.812731953125 0.5172469046875 0.7968491046875 0.4988022984375 0.763663284375 0.5014752921875 0.7321954093749999 0.526124596875 0.7320900781249999 0.5709601484375 0.7510056640625 0.6166544125 0.78945065625 0.635074803125 0.8204100437499999 0.638558084375 0.8373098640625001 0.6007375203125
3 0.488025178125 0.88946576875 0.502190078125 0.8859340625 0.5208078453125 0.8700898109375 0.5226311234375001 0.8472305718750001 0.5195983843749999 0.8199809124999999 0.506853609375 0.783950415625 0.4936003484375 0.7760525031250001 0.4723529953125 0.7813500640625 0.4572764546875 0.7963113875000001 0.44219991406250003 0.8112727140624999 0.4359237703125 0.8464444984374999 0.43986815 0.8622645375 0.4619218078125 0.890372909375 0.488025178125 0.88946576875
3 0.589809071875 0.8752905171875 0.59648836875 0.8568216968750001 0.599626440625 0.8392358062499999 0.5965937015625 0.811986146875 0.5829372859374999 0.78738526875 0.5732252484375 0.7786044296875 0.5683692312499999 0.774214009375 0.548436671875 0.784784915625 0.5337632859375 0.8164492062500001 0.5270839890625 0.8349180265625 0.5314315203125 0.8674410296874999 0.5508555937499999 0.885002709375 0.5756441703124999 0.8788222234375 0.589809071875 0.8752905171875