3 0.665424325 0.6294617875 0.667060025 0.6365609828125 0.669172759375 0.64624375625 0.6714957421875 0.6555988734375 0.6726374484375001 0.65914281875 0.6772957921875 0.666189253125 0.6823689828124999 0.6722564796875 0.6872262703125 0.6783274765625 0.695560621875 0.6856337328125 0.70363384375 0.6903526421875 0.71142331875 0.6911886421875 0.718343528125 0.6917158265625 0.7269513875 0.6899456328125 0.7348550031250001 0.684947846875 0.743826828125 0.679283440625 0.748827590625 0.668828521875 0.750965078125 0.655183696875 0.7506371749999999 0.636398090625 0.75027535 0.6156691453125 0.7520216750000001 0.5919875078125 0.75398955625 0.568625990625 0.7548383484375 0.5430160875000001 0.75476026875 0.5261700515625 0.752517503125 0.5090378109375 0.749143271875 0.5013209859375001 0.74583688125 0.4974908390625 0.7429792578125001 0.4946248203125 0.739246715625 0.49112609999999995 0.7359629390625 0.48859151093750003 0.7346562140625 0.48796634375 0.7283091484375 0.495528865625 0.7171782921875 0.5012309593750001 0.6907409234374999 0.5084961828125001 0.6734969343749999 0.5104171187500001 0.66682655 0.51182950625 0.66209929375 0.513207975 0.6589003203125 0.5155317312500001 0.6608798140625 0.55469978125 0.6620024203125 0.581895215625 0.662386859375 0.6039197187500001 0.6631691843749999 0.6239933484375 0.6649585984375 0.6275259859375 0.665424325 0.6294617875
3 0.588918653125 0.5893266781250001 0.5915547203125 0.591872571875 0.5951222421875 0.5982900703125 0.597820496875 0.6043987515625 0.6025410296875 0.6150079734375 0.6063188 0.6210978125 0.610579259375 0.6300951234375 0.6135612609375001 0.6400867140625001 0.61609449375 0.6491141734375 0.6207528390625 0.6561606062500001 0.6260362796875001 0.661900175 0.63279711875 0.6656700265625 0.6379957578125001 0.6665512484375 0.6416604578125 0.66616329375 0.6450809890625 0.6641596578125 0.6489050562500001 0.660529034375 0.6526612828125 0.6530117359375 0.6548892265624999 0.644549146875 0.6562196375 0.63415829375 0.657249340625 0.6189128625 0.656797059375 0.59300168125 0.6559649234375 0.5577014671875 0.6560981640625 0.52821619375 0.6565140781250001 0.5149254078125 0.6564462359375 0.5110387296875001 0.65058858125 0.5095210328124999 0.6490320328125 0.5069562953125 0.6468051578125 0.5031073046875 0.64502705 0.5002224453124999 0.6441408234375 0.4989419609375 0.6415263 0.5100032031249999 0.6389174328125 0.5213883375 0.6356438953125 0.5318131078125 0.634041046875 0.5389688328125 0.631120165625 0.5448516078125001 0.6231487062500001 0.545962715625 0.6149500390625 0.5464298125 0.6099842671875 0.546516490625 0.6056662015625001 0.5465918624999999 0.602427653125 0.5466483906249999 0.598541396875 0.5467162265625001 0.5940187375 0.5474431453124999 0.5892858265625 0.548497725 0.5869221984374999 0.549186959375 0.58697308125 0.552101965625 0.587120071875 0.5605230999999999 0.5873235984375 0.5721831328125 0.587232071875 0.5793124749999999 0.587362103125 0.586761940625 0.588918653125 0.5893266781250001
3 0.29198193125 0.4172880484375 0.289968821875 0.4380584484375 0.287670896875 0.46725751875 0.28900940625 0.49444918437499996 0.291206940625 0.5089903062500001 0.29206948593750004 0.5212868109375 0.29760840312500003 0.5292898390625 0.3035339 0.5346942140625 0.313090175 0.5377672921875 0.32130015 0.537947975 0.3260387125 0.5372172859375001 0.33354444375000003 0.534170378125 0.33912400468750004 0.53212905625 0.3477884015625 0.5335977609375 0.35477079843750003 0.5376877312499999 0.36581578124999997 0.5394388703125 0.37382681562500003 0.540594990625 0.3798494890625 0.5391939109375 0.382730796875 0.5310439078125 0.38665204375 0.52060783125 0.38701035625 0.516389728125 0.3845799546875 0.5008807046875 0.383593034375 0.481458625 0.3838902265625 0.4613661546875 0.384545728125 0.43705557968750003 0.3868369296875 0.4198441984375 0.3875309375 0.41011243124999996 0.37887891875 0.3969799265625 0.3704145359375 0.3822242046875 0.3663643265625 0.37289923593749996 0.36004766718750003 0.3574580484375 0.35641230468749996 0.34715387343750004 0.3517946046875 0.3300630890625 0.34663095781250003 0.318813625 0.3403991015625 0.3082307828125 0.333837203125 0.3034854953125 0.32541132500000003 0.30330858125 0.3183317484375 0.3060240625 0.31217231875 0.31196336874999997 0.3076146671875 0.323058528125 0.300686665625 0.34683061406250004 0.297826903125 0.36858775781249997 0.294625790625 0.395534675 0.29198193125 0.4172880484375
3 0.8312153640625001 0.625271940625 0.83978258125 0.6335460984375 0.8474126875 0.6376247640625 0.8534919000000001 0.63946258125 0.8571509453124999 0.6387507359375 0.857974984375 0.6364684328125 0.858997965625 0.6332106937499999 0.8589470828125 0.6302956843749999 0.8587096359374999 0.6166923140625 0.8568873703125 0.5989047578125 0.8542014921875 0.5811322765625 0.8487890890625 0.5556316625 0.8428194359375001 0.5353245921875 0.8407180078125001 0.5262895953125 0.8377020875 0.514354665625 0.8354243312499999 0.507590665625 0.8334868546875001 0.507948475 0.8311119203124999 0.5079899296875 0.8272030484374999 0.5067622046875 0.8210729562499999 0.5020093796875 0.8173404140624999 0.49851065781250004 0.8135852578125 0.4937163765625 0.8109491906249999 0.4911704828125 0.8103014796875 0.4911817890625 0.8065452546874999 0.4986990890625 0.80410140625 0.5071654453125001 0.8001575453124999 0.5163059624999999 0.8062063484375 0.541147490625 0.8144018078125 0.5776151328125 0.8182802734375001 0.601846565625 0.82430753125 0.6130809562499999 0.8312153640625001 0.625271940625
3 0.45706643593749996 0.6324507109375 0.46087247500000006 0.6401600000000001 0.46265058124999997 0.6430448578125 0.46664990937499995 0.6494548171875001 0.4710640828125 0.654885571875 0.475433028125 0.6577252078125 0.48084756874999995 0.6586026625 0.48558613125 0.6578719734375 0.48981939375000005 0.6529382546875 0.49401873281249997 0.6460611968750001 0.4971555171875 0.640174653125 0.5007297625 0.634604459375 0.5051280453125 0.626751965625 0.506992025 0.622183590625 0.5101344625 0.6166209359375 0.5113857234375 0.6016956265625 0.5109662937499999 0.5900393640625 0.5087461421875 0.574202684375 0.50703129375 0.5625690328124999 0.5055266953124999 0.550607721875 0.503623140625 0.5529088671875 0.4998386453125 0.55880671875 0.49448064062499997 0.5611681625 0.489372459375 0.5654691749999999 0.485758640625 0.5687721406249999 0.4760656109375 0.5702372875 0.4650771625 0.57172504375 0.451281971875 0.57326179375 0.4444013375 0.5750018375 0.4462812078125 0.5837167140624999 0.4481158484375 0.5898404687500001 0.45134202187500005 0.6014477406250001 0.45327842812499997 0.6134015125000001 0.45538550625 0.6227603968750001 0.45706643593749996 0.6324507109375
3 0.2091631171875 0.3866588 0.20996240156249998 0.40770409687500003 0.20983588437499998 0.4252016828125 0.20919734375000001 0.45048392656249997 0.20843442343750002 0.468640596875 0.2102397296875 0.4854564828125 0.2163620296875 0.514508578125 0.22281437187500003 0.5377231203124999 0.22780734374999997 0.5515674703125 0.2432166890625 0.5435227765625 0.2551941984375 0.536833940625 0.2669331890625 0.5288533125 0.274917021875 0.5160784046875 0.28280933125 0.5104328406249999 0.2891281296875 0.5012508687499999 0.28857301562500004 0.48182125156250005 0.2881829234375 0.4594728578125 0.28927588437499996 0.43547863593749997 0.2919536640625 0.41566859999999994 0.2945003453125 0.400720678125 0.2887172546875 0.39110196875000003 0.280463121875 0.37601858906249996 0.271027709375 0.35512403593749997 0.2614453046875 0.3258083484375 0.25013460468750004 0.308834390625 0.23898785937499997 0.30125323593750003 0.2300623328125 0.29719717968750003 0.21992618749999998 0.298022084375 0.212471340625 0.3039840015625 0.20765821093749998 0.312815703125 0.2066398140625 0.3287089140625 0.2063030484375 0.34653415625 0.20651115937500003 0.37082965625000003 0.2091631171875 0.3866588
3 0.3904009375 0.40131464687499996 0.3871500140625 0.4130349765625 0.385478253125 0.4286156015625 0.3839365234375 0.4516456921875 0.38384285937499996 0.4833981953125 0.38481281875 0.5018486046875 0.3883396953125 0.5183104546874999 0.3901054265625 0.5328591140625 0.394428075 0.5454192109375 0.401217184375 0.550808509375 0.4091762640625 0.5613612031249999 0.4219541265625 0.5634060828125 0.4293739859375 0.5678124062500001 0.437873359375 0.5721998890625 0.4525717375 0.5729152921875 0.46594077343749996 0.5717099703125 0.48189499687500004 0.5701355343750001 0.49169085937499996 0.5621888234375 0.4998216859375 0.55783505 0.5060952546874999 0.5460619609374999 0.51316459375 0.5303871203125 0.513841640625 0.5196836828125 0.512514440625 0.493139796875 0.5121921890625 0.47467808125 0.5132681921875 0.44971218906250005 0.513628640625 0.420870925 0.50989044375 0.4170483140625 0.50045503125 0.3961537609375 0.4929910140625 0.376844740625 0.48213015156249994 0.34852333281250003 0.473398984375 0.330856371875 0.459656815625 0.3106849703125 0.44332839062499996 0.3031942609375 0.42907312500000006 0.30311910000000003 0.41663554375 0.308196025 0.4054583890625 0.32361858125 0.398769975 0.33637087499999996 0.39674662656250004 0.344181915625 0.3933419890625 0.3594688015625 0.392323590625 0.3753620109375 0.390606603125 0.38835151875 0.3904009375 0.40131464687499996
3 0.75386869375 0.5864474640624999 0.7568789625 0.5980585031250001 0.7619804218749999 0.60574518125 0.771496053125 0.6188626109375 0.779949128125 0.6329705531250001 0.785243875 0.6393579015624999 0.7931464218750001 0.646671696875 0.8038444015625 0.6532887203125 0.8099066515625 0.6541548671874999 0.8122420124999999 0.6518461859375 0.8145321453125 0.646946384375 0.8147717312499999 0.6359265953125 0.8158523171875001 0.6235961718749999 0.81565444375 0.6122600312500001 0.81619580625 0.593783240625 0.813731484375 0.5763308781250001 0.8097275734375 0.5572854484375 0.8057745421875 0.541155028125 0.8022589734375 0.5253409578125 0.8001858125 0.5179254109375 0.7974469140625 0.5218610796875 0.7881800375 0.5229948 0.767630728125 0.5087740078125 0.7536659328125 0.500594065625 0.7486775453125001 0.499385184375 0.7520235093750001 0.5054825609375 0.7543747609375 0.5164571265625 0.755327759375 0.5339358671875 0.7547514078125 0.5627809 0.75417046875 0.5789904625 0.75386869375 0.5864474640624999
3 0.2784328984375 0.5937742609375001 0.28005729218750003 0.6002256765625 0.282232215625 0.613471240625 0.283327621875 0.62673564375 0.287211740625 0.6512909687499999 0.2874039609375 0.662303221875 0.28765836875 0.6768782609375 0.289821984375 0.6894760437499999 0.29979203593750003 0.7038814953125 0.30873452343749996 0.7089092203125 0.3234498625 0.71059629375 0.3401659328125 0.7031767671875 0.3574968640625 0.6814910171874999 0.3631001078125 0.668433675 0.3666415015625 0.6486085640625 0.36676801875 0.6311109796875 0.3676440078125 0.6194321046875 0.3716398203125 0.6008950171875 0.3738621109375 0.5921085390624999 0.37543776093750003 0.5710217875 0.3771773640625 0.5593278374999999 0.37745652500000004 0.5505752765625 0.37732649375 0.5431258109375 0.3734176234375 0.5418980875 0.369099559375 0.5419734593750001 0.3589125328125 0.5398833562500001 0.3539184921875 0.538350584375 0.3476177265625 0.536192646875 0.335908071875 0.53348114375 0.30857882187499996 0.5391419921875 0.3018123265625 0.5350482515625 0.2974151140625 0.5305891671875 0.291876196875 0.5225861390625 0.2901387328125 0.509656928125 0.2890083359375 0.5067607640625 0.2861846328125 0.5058380859375 0.2828206390625 0.5110806203125 0.2762463640625 0.5179991328125 0.27436542343750003 0.5215958374999999 0.2730463203125 0.53263446875 0.275498265625 0.5617506296875 0.2784328984375 0.5937742609375001
3 0.516129021875 0.415643465625 0.5141961312500001 0.42863674218750003 0.5120451984375001 0.466256946875 0.5123720328125 0.49735413125 0.514989 0.523551515625 0.5188968 0.5370908203125 0.525594384375 0.5496094625 0.5368496171875 0.55103294375 0.5435426171875 0.5509161171875 0.5533950140624999 0.5462083046874999 0.5629456359375 0.5489574937499999 0.5693831578124999 0.5465772078125 0.5779627515625 0.5431875671874999 0.5875077203125 0.545612865625 0.5901664 0.54945431875 0.60089371875 0.5453792125 0.607603678125 0.5462340546875 0.6166659578125 0.545751884375 0.6257338906250001 0.5455936015625 0.63216010625 0.5425655359375 0.6364792390625 0.530178584375 0.6417308984375001 0.50935165625 0.6444708671875 0.4931044078125 0.644670878125 0.47981739062499995 0.6448482765625 0.46523481406249995 0.64561685 0.44740203437500004 0.6448232171875 0.42668062500000004 0.6423871640625001 0.41084771406250004 0.6388104734375 0.379159278125 0.6359832578125 0.35328955156249997 0.6305584796875 0.3394527375 0.6268156984375 0.3229946578125 0.6208516984375 0.3030114765625 0.6126710609375 0.2921386625 0.60517770625 0.283521771875 0.595365953125 0.27818523281249996 0.586031234375 0.275432275 0.5707077609375 0.2760237359375 0.55831540625 0.2836917796875 0.554775084375 0.291205309375 0.549729090625 0.2990691109375 0.5447057125 0.308228471875 0.5391420421875 0.32355304218750003 0.533953640625 0.3356311796875 0.52999175 0.3561116046875 0.5263768609375 0.37172614843749996 0.5222510171875 0.3828137734375 0.5186304734375 0.3981044265625 0.516129021875 0.415643465625
3 0.5234561328125 0.6374476546875 0.5259497921875 0.644207884375 0.5270688828125001 0.6464562703125 0.5286706609375 0.6516121265625 0.5315678593750001 0.6567453703125 0.5358283187499999 0.66574268125 0.5406686453125 0.6708420078125 0.5440202625 0.6772632734374999 0.5488210140625001 0.6800953734374999 0.5542468625 0.68162060625 0.5637183359375 0.6798353390625 0.5724686015625 0.673850809375 0.5800884734375 0.6649701171875 0.5852486046875 0.6512725328125 0.5871882187499999 0.626291565625 0.585946890625 0.5922944453125 0.5871879140625 0.5644097765625 0.5860133578125 0.546610915625 0.581667025 0.5450668390625 0.57390581875 0.5458502875 0.569837578125 0.5478652296875001 0.5657467234375 0.5485846125 0.5601049734375 0.5470631484374999 0.5557756031250001 0.546490740625 0.5493211203125 0.5478993578125 0.5433380203125 0.551567665625 0.535781409375 0.5516995671875 0.5249240609375 0.548325209375 0.5207144828125 0.5422429078125 0.5188628796875 0.53514748125 0.51573281875 0.5290463375 0.51503988125 0.5264665234375 0.512584728125 0.5342851015625001 0.5094140203124999 0.5382283078125 0.5086239046875 0.54245395 0.5063111578124999 0.5460581921875 0.505100540625 0.55093915 0.50870656875 0.5719354562500001 0.5119723140625 0.5858099546875 0.5151013046874999 0.604222678125 0.516571984375 0.6142406499999999 0.5209568203125 0.630363534375 0.5234561328125 0.6374476546875
3 0.8760095484375 0.4942467 0.8788795468749999 0.485448915625 0.8806021890625001 0.47278329843750005 0.881427296875 0.458189415625 0.882496575 0.4452112140625 0.8827089640624999 0.42026039531250003 0.8844439828124999 0.3959309765625 0.884320675 0.37649382343750004 0.883895590625 0.3645136703125 0.882800184375 0.3512492640625 0.8818008859375001 0.3434909859375 0.87893195625 0.33997718906249996 0.873295859375 0.3387796140625 0.867312759375 0.342447921875 0.8624430953125 0.34804072656249996 0.857828909375 0.3558969890625 0.8568624625 0.362393628125 0.8556769046875001 0.4058287734375 0.8548168078125 0.43079089687499994 0.8525991015625 0.45221284375000004 0.8513817609375 0.46908149374999997 0.8486757140625001 0.48727207968749997 0.849351690625 0.488880221875 0.8542259390625 0.4959228890625 0.86123095 0.50130841875 0.86383875 0.5022348640625001 0.8685999265625 0.502799734375 0.8720034968749999 0.49982442968749996 0.8760095484375 0.4942467
3 0.17540368125 0.506475821875 0.181140471875 0.5258149921874999 0.1865935171875 0.541271253125 0.1989621875 0.5446192296875 0.21174677343749998 0.534676421875 0.217412209375 0.525181865625 0.2130160640625 0.5084112015625 0.21036410781249998 0.492582059375 0.20762169375 0.471570678125 0.2089249046875 0.447248796875 0.21087017187499998 0.42259172031250003 0.21170658750000002 0.4086456171875 0.206400534375 0.40161048906249996 0.19733366875 0.38945719218749997 0.1877445421875 0.3721291953125 0.17997309687500002 0.359953284375 0.17056488125 0.352989759375 0.1665870984375 0.3601869375 0.1661994515625 0.37509717343750004 0.16665738593749999 0.40133224375000004 0.1671492421875 0.42951065312500003 0.1682548859375 0.45573441875 0.1703778578125 0.47837655312500005 0.17540368125 0.506475821875
3 0.7347986203125 0.483752009375 0.7374346875 0.486297903125 0.7521433015625 0.4999726671875 0.778561571875 0.5163589328125 0.78904365 0.522979725 0.7989016999999999 0.5185958015625001 0.8096424640625 0.4905453140625 0.8177415078125 0.45962504375 0.8196472015625 0.4327007390625 0.8164390609375 0.40975355625 0.8102602250000001 0.377462565625 0.8061227687500001 0.326020621875 0.8026648015625 0.3011338703125 0.79492269375 0.27826583125000004 0.7745034171875 0.271494503125 0.7629972875 0.2804430328125 0.7559336015625 0.2964417640625 0.7433751578125001 0.3193401640625 0.7325608984375 0.3431800828125 0.7248099265625 0.35692289062500004 0.723667153125 0.3656905265625 0.7284205375 0.39055466562499996 0.7334350546875 0.41800615468749996 0.7358463546875 0.45716666874999995 0.7347986203125 0.483752009375
3 0.229654975 0.6697910031250001 0.23164898437499998 0.6726720937499999 0.24023422968750002 0.6696063421875 0.248580959375 0.6652487984375 0.2547403890625 0.65930949375 0.260490625 0.6546732828125 0.2638207 0.6474874125000001 0.269457865625 0.6363734078125 0.273140596875 0.624645540625 0.27796503281249996 0.6164616203125 0.28018732343749997 0.6076751406249999 0.2778258328125 0.583741215625 0.27598095312500004 0.5646581 0.27420391718750003 0.5494616625 0.27397212187500003 0.53618218125 0.2737572890625 0.5238743703125001 0.268040971875 0.5304539171875 0.25072807343750003 0.5407997578125 0.23766539375 0.5471835484375001 0.22892643281249997 0.55381585625 0.2263741 0.5684398875000001 0.22378677656249998 0.593432159375 0.22484153906249998 0.6167409171875 0.2257821625 0.6458834578125 0.22753658593749998 0.6597843375 0.229654975 0.6697910031250001
3 0.3789713625 0.5754959453125 0.3791296609375 0.584564859375 0.3794529796875 0.5907149953124999 0.37974803281249997 0.5952456828125 0.3806681796875 0.5984695078125 0.3833268609375 0.6023109609375 0.38466185468749997 0.604555578125 0.3860646921875 0.6106868703125 0.38771169687499996 0.6184338453125 0.3884611703125 0.6242525546875 0.38944916093750004 0.63136305625 0.390953759375 0.6433243656250001 0.391896521875 0.647843746875 0.393691590625 0.6517002749999999 0.3975948078125 0.6526041109375 0.4042482328125 0.6502200546875 0.409771259375 0.6449398359375 0.41421476874999996 0.639678459375 0.41799361093750004 0.6334567171875001 0.4221251078125 0.6226929828125 0.42604635625 0.6122569078125 0.4294905703125 0.5992372515625 0.4312923609375 0.5911060890625001 0.432634078125 0.581363015625 0.4329471609375 0.5745537953125 0.4317771890625 0.5693904 0.4219541265625 0.5634060828125 0.409840934375 0.562321565625 0.4025691375 0.5540247953125 0.3985980765625 0.549234284375 0.39374644375 0.543487178125 0.3889524140625 0.5286673890625 0.3885895203125 0.520250025 0.3870838515625 0.52060029375 0.3833672 0.5303848234374999 0.380440665625 0.5359437078125 0.37962793281249996 0.5388737906250001 0.378428625 0.544402528125 0.37875087500000004 0.5628642453125 0.3789713625 0.5754959453125
3 0.8112792343749999 0.48533292968749997 0.8122333015625 0.49050009218749996 0.8273850312500001 0.504815096875 0.8383847859375001 0.50397511875 0.844322659375 0.49771569375 0.8486530999999999 0.4859765203125 0.8515976640625 0.469077725 0.85273585625 0.44767461875 0.8550044437500001 0.42916767968749997 0.8553242484375 0.4103707671875 0.856314378125 0.392858109375 0.8563504375000001 0.37017828750000004 0.85597730625 0.3488015640625 0.85333665625 0.33362020000000003 0.850360309375 0.3239524984375 0.8457528468750001 0.3198210734375 0.8408492609374999 0.3234705375 0.8349679234374999 0.3329688625 0.8306035625 0.3427646953125 0.8236992437499999 0.355520759375 0.8205794203125001 0.362378975 0.8113453953124999 0.3777676125 0.81281041875 0.38746169375 0.8164503671875 0.4104013359375 0.8197489640625 0.43853075312499995 0.8181224328125 0.4567024984375 0.8112792343749999 0.48533292968749997
3 0.6428585453125 0.41310740468749996 0.6453228671875 0.4305597671875 0.64499740625 0.4490327890625 0.6454779562499999 0.47656341874999997 0.644147546875 0.486954271875 0.6445669765625001 0.498610534375 0.6465496796875 0.5008438453124999 0.6483730140625 0.506319821875 0.650582928125 0.5091971421875 0.65513385625 0.510089671875 0.659054034375 0.5119651765625 0.6625254453125 0.5128765484375 0.6648777671875 0.511539534375 0.669411734375 0.51146039375 0.67283791875 0.5097806453125 0.6773775390625 0.5100253953125 0.681252490625 0.50930978125 0.685570553125 0.5092344078125 0.6958999859375 0.5071101765625 0.7064227062499999 0.50368661875 0.715240815625 0.5015887671875 0.72530911875 0.49687718593749997 0.7301957421874999 0.4922560515625 0.7350427921875 0.48536768906249994 0.734514875 0.4798690984375 0.735482390625 0.46106088125 0.7352732093750001 0.44907696093749994 0.7339968906250001 0.42544808125 0.7305502328125 0.40120911093749995 0.72656328125 0.38313535 0.72113391875 0.3566630671875 0.7192370875 0.346976525 0.7177155296875 0.3340435453125 0.71466003125 0.3198413875 0.7116893390625 0.3104975765625 0.7062476 0.29568909374999996 0.7013168171874999 0.2854075296875 0.6960503390625 0.28063963125 0.6865053703124999 0.27821433125 0.67964735 0.281249934375 0.67626639375 0.2855207984375 0.6727430296875 0.294006 0.6702652609374999 0.3005290171875 0.6657584921875 0.3145391859375 0.6624906078125 0.325287846875 0.6602220203125 0.3437947859375 0.6548912125 0.36008725625000004 0.6488098640625 0.3828725984375 0.645422184375 0.399131153125 0.6428585453125 0.41310740468749996