3 0.36213192968749996 0.6703297 0.374319603125 0.67382213125 0.38961331875 0.6716727390624999 0.39893144375 0.654747271875 0.403708753125 0.6332546781249999 0.40776867499999997 0.606657609375 0.40943994375 0.5908068375 0.4096764359375 0.5647471171875 0.407524275 0.54943369375 0.39987741718750003 0.5505083890625 0.3831489265625 0.54244883125 0.377890725 0.5327772296875 0.3726325203125 0.5231056281249999 0.36737431875 0.5134340265625 0.3628335015625 0.5088669015625 0.351363215625 0.51047894375 0.3475397859375 0.5110162921875 0.34443374531250004 0.5166581140625001 0.3382216609375 0.527941759375 0.3243627203125 0.5403001 0.3167158625 0.5413747953125 0.30978639218750004 0.5475539656249999 0.3105037796875 0.5526584406249999 0.313373328125 0.5730763390625 0.3222184671875 0.6082703125 0.3334522609375 0.632717990625 0.3477920953125 0.6515238453125 0.3530502984375 0.661195446875 0.36213192968749996 0.6703297
3 0.7399181828125 0.44546051093749994 0.745893771875 0.4602365875 0.7671630781250001 0.472863271875 0.7831741812499999 0.4758183546875 0.7960792421875 0.48441525937499996 0.8113729562499999 0.48226586875 0.8221258562499999 0.47554935 0.8321613687499999 0.46372835781250005 0.8331152484375 0.44277311093750005 0.8280935390625 0.40704178906250005 0.8230718296875 0.3713104671875 0.8180501187500001 0.3355791453125 0.81063975625 0.3105941203125 0.8008407359374999 0.2963553921875 0.7855470203125 0.298504784375 0.7702533046875 0.30065417499999997 0.7664298765625001 0.3011915234375 0.7563943640625 0.313012515625 0.743970196875 0.3355798046875 0.7384755000000001 0.35196792499999996 0.733698190625 0.3734605203125 0.7327443109375 0.39441576562499997 0.7339425921875 0.430684434375 0.7399181828125 0.44546051093749994
3 0.4713400984375 0.6705973828125 0.4820929984375 0.6638808640625 0.4916476171875 0.6208956765625 0.4933188828125 0.6050449046875 0.4942727640625 0.5840896578125 0.49212060312499994 0.568776234375 0.4892510546875 0.5483583375000001 0.4878162796875 0.5381493875000001 0.48399285000000003 0.5386867359374999 0.47252256406250004 0.5402987796875001 0.45722885 0.542448171875 0.4426525203125 0.5497020375 0.42664141874999995 0.5467469546875 0.41517113281249995 0.5483589984374999 0.407524275 0.54943369375 0.40800516875000004 0.5805978890625 0.4146981453125 0.6004784390625 0.42593193906250004 0.6249261171875 0.4409891609375 0.6488364453125001 0.45532899687499995 0.6676423 0.4713400984375 0.6705973828125
3 0.3525535890625 0.4634639765625 0.3554231375 0.48388187499999996 0.361398728125 0.49865795156250003 0.36737431875 0.5134340265625 0.37717333750000004 0.5276727546875 0.3824315390625 0.53734435625 0.391513171875 0.546478609375 0.40370084687499996 0.5499710421875 0.41517113281249995 0.5483589984374999 0.42664141874999995 0.5467469546875 0.441935134375 0.5445975625 0.45722885 0.542448171875 0.47252256406250004 0.5402987796875001 0.4832754640625 0.5335822609374999 0.490922321875 0.5325075640625 0.49713440468750003 0.5212239203125 0.5011943265625 0.4946268515625 0.4916318015625 0.4543284015625 0.48947964062500005 0.439014978125 0.48661009218749995 0.41859708125 0.4768110734375 0.404358353125 0.46247123749999997 0.38555249687500004 0.4526722171875 0.3713137703125 0.4359437296875 0.3632542125 0.427579484375 0.359224434375 0.4115683828125 0.35626935 0.3993807078125 0.3527769203125 0.3848043796875 0.3600307859375 0.367122009375 0.372926475 0.3609099265625 0.38421011875 0.3554152296875 0.4005982375 0.3499205328125 0.41698635937499995 0.348966653125 0.4379416046875 0.3525535890625 0.4634639765625
3 0.26868255625000004 0.532509546875 0.28612843125 0.545673578125 0.302139534375 0.5486286609375 0.3205392921875 0.540837446875 0.3351156203125 0.53358358125 0.3475397859375 0.5110162921875 0.34849366718749997 0.490061046875 0.34873015937499996 0.464001325 0.348966653125 0.4379416046875 0.3415562890625 0.41295657812500003 0.323393025 0.394688071875 0.30977057812500003 0.3809866921875 0.2930420875 0.37292713437499997 0.277748371875 0.3750765265625 0.26388943125000003 0.3874348671875 0.256959959375 0.3936140375 0.25122877187500003 0.436061878125 0.2502748921875 0.45701712343749995 0.2493210109375 0.47797237031249995 0.252190559375 0.49839026718749996 0.26868255625000004 0.532509546875
3 0.543267859375 0.6552832984375 0.5509147171875 0.6542086031250001 0.561667615625 0.6474920843749999 0.570268353125 0.62546214375 0.571939621875 0.609611371875 0.5791055859375 0.5773724796875 0.5762360375 0.5569545812500001 0.57718991875 0.5359993359375 0.5726491015625 0.531432209375 0.560461428125 0.527939778125 0.5413442828125 0.53062651875 0.520792365625 0.52310430625 0.5026291015625 0.5048358000000001 0.5019117140625 0.4997313265625 0.49880567343750004 0.5053731484374999 0.5009578343750001 0.520686571875 0.49785179218750003 0.52632839375 0.490922321875 0.5325075640625 0.49307448281250005 0.5478209890625 0.49737880468749995 0.5784478359375 0.510764759375 0.6182089375 0.521998553125 0.6426566140625 0.534903615625 0.65125351875 0.543267859375 0.6552832984375
3 0.621407703125 0.62868556875 0.6343127640625 0.637282475 0.642677009375 0.641312253125 0.6534299078125 0.6345957359375001 0.6665714625 0.6171329203125 0.669913996875 0.585431378125 0.672302653125 0.5746850796875 0.6732565328125 0.553729834375 0.6711043703125 0.5384164109375 0.67205825 0.5174611640625 0.6691887015625 0.497043265625 0.6646478874999999 0.4924761390625 0.6555662546875001 0.48334188593749994 0.6503080531250001 0.473670284375 0.6457672359375 0.4691031578125 0.6412264203125 0.46453603125000004 0.6374029906249999 0.46507337968750007 0.63429695 0.47071520156249996 0.63190829375 0.48146149843749997 0.630237028125 0.49731226875 0.6278483718750001 0.5080585656250001 0.6170954734375 0.514775084375 0.6063425734375001 0.5214916046875 0.5910488593750001 0.5236409953125001 0.5795785718750001 0.5252530390625 0.57575514375 0.5257903875000001 0.5779073046875001 0.5411038109375 0.58460028125 0.5609843609375 0.5874698296875 0.5814022578125 0.6010922796875 0.5951036390625 0.6168668875 0.6241184421875 0.621407703125 0.62868556875
3 0.7353931828125 0.6074606578124999 0.7437574265625 0.6114904375 0.7537929390625 0.5996694453125 0.7585702484375 0.5781768515625 0.7557007 0.5577589515625 0.7552198046874999 0.52659475625 0.75235025625 0.506176859375 0.7501980953125 0.490863434375 0.7442225062500001 0.47608735781249995 0.7396816890625 0.4715202328125 0.73275221875 0.4776994015625 0.7258227484375 0.48387857187499994 0.718893278125 0.4900577421875 0.707422990625 0.4916697859375 0.688305846875 0.494356525 0.676835559375 0.49596856875000006 0.6730121312499999 0.4965059171875 0.6727756375 0.5225656390625 0.6809033906249999 0.5526551375000001 0.6907024093749999 0.566893865625 0.7057596312500001 0.5908041953125001 0.7186646921875 0.5994011015625 0.7353931828125 0.6074606578124999
3 0.16640385625 0.5260626937499999 0.1807436921875 0.5448685484375 0.189825325 0.5540028015625 0.2012956109375 0.5523907578125 0.2196953671875 0.54459954375 0.22901349375 0.5276740765625 0.2390490046875 0.515853084375 0.2445437015625 0.4994649640625 0.24764974374999998 0.493823140625 0.24860362343750003 0.47286789531249995 0.2464514625 0.457554471875 0.23975848593750002 0.437673921875 0.21777179218749998 0.4199427625 0.1972198734375 0.4124205515625 0.183597425 0.398719171875 0.17523318125 0.39468939375 0.159939465625 0.3968387859375 0.15300999531249998 0.4030179546875 0.1482326859375 0.4245105484375 0.153254396875 0.460241871875 0.15158312812500002 0.47609264375000004 0.1611456546875 0.5163910921875 0.16640385625 0.5260626937499999
3 0.8082748234375 0.5711913281250001 0.8204624953125 0.5746837593749999 0.8281093531250001 0.5736090640625 0.8350388234375 0.56742989375 0.8398161328124999 0.5459372984375 0.8376639718750001 0.5306238750000001 0.8386178531249999 0.5096686296875 0.8357483046875 0.48925073125 0.8321613687499999 0.46372835781250005 0.8252318984375 0.469907528125 0.8183024281250001 0.4760866984375 0.8144789984375 0.4766240453125 0.799902671875 0.48387791093750004 0.787714996875 0.48038548125 0.7755273234375 0.47689305 0.7626222625 0.4682961453125 0.7504345890625 0.4648037140625 0.746252465625 0.4627888234375 0.7494807078125 0.485758959375 0.7599971140624999 0.5051021640625 0.7666900921875001 0.5249827125000001 0.78485335625 0.5432512203125001 0.799910578125 0.56716155 0.8082748234375 0.5711913281250001
3 0.2474211578125 0.6031665 0.25029070625 0.623584396875 0.25387764218750003 0.649106771875 0.25985323125000004 0.663882846875 0.27204090625 0.667375278125 0.275864334375 0.6668379296875 0.28661723437500003 0.6601214109375 0.3021474421875 0.6319122984375001 0.3045360953125 0.6211660015625 0.3107481796875 0.60988235625 0.313854221875 0.6042405343749999 0.3162428765625 0.5934942375000001 0.3148081015625 0.5832852890625 0.312655940625 0.567971865625 0.3073977375 0.5583002625 0.3066803515625 0.5531957875 0.3059629640625 0.5480913140625 0.2899518609375 0.54513623125 0.28612843125 0.545673578125 0.27704680000000004 0.536539325 0.26868255625000004 0.532509546875 0.2634243515625 0.5228379453125 0.262706965625 0.517733471875 0.25816615 0.5131663453125 0.25123667968749996 0.5193455140625 0.244307209375 0.525524684375 0.242635940625 0.54137545625 0.24478810156250003 0.5566888796875 0.24455160937499998 0.5827486015625001 0.2474211578125 0.6031665
3 0.20512694687500002 0.6351370468749999 0.222091928125 0.617136884375 0.2352334828125 0.59967406875 0.2414455671875 0.5883904234374999 0.24694026249999998 0.5720023046875 0.24478810156250003 0.5566888796875 0.24574198281249998 0.535733634375 0.2373777375 0.5317038546874999 0.23355430781250003 0.532241203125 0.222801409375 0.538957721875 0.2158719390625 0.5451368921874999 0.2012956109375 0.5523907578125 0.189825325 0.5540028015625 0.18002630625 0.5397640734375 0.1754854890625 0.535196946875 0.175248996875 0.5612566671875 0.17501250156249998 0.5873163890625 0.175493396875 0.6184805828125 0.1821863734375 0.638361134375 0.19055061874999998 0.6423909125 0.20512694687500002 0.6351370468749999
3 0.6450498484375 0.4639986828125 0.6555662546875001 0.48334188593749994 0.6691887015625 0.497043265625 0.689023234375 0.499461 0.7004935203125 0.49784895625000003 0.7157872359375 0.495699565625 0.7296461765625 0.48334122500000004 0.7396816890625 0.4715202328125 0.7406355703124999 0.45056498593749994 0.7363312468750001 0.4199381375 0.7327443109375 0.39441576562499997 0.7298747624999999 0.3739978671875 0.7224643984375 0.3490128421875 0.713382765625 0.3398785890625 0.7043011359375 0.330744334375 0.6882900328125 0.3277892515625 0.6722789296875 0.32483416875 0.6615260296875001 0.3315506875 0.65149051875 0.34337167968750004 0.64073761875 0.3500881984375 0.6390663515624999 0.36593896875 0.6335716546875 0.382327090625 0.6311830015625 0.3930733875 0.63094650625 0.41913310781249996 0.6338160546875 0.43955100468749997 0.6450498484375 0.4639986828125
3 0.4916318015625 0.4543284015625 0.49450135 0.4747463015625 0.5011943265625 0.4946268515625 0.5071699171875 0.5094029265625 0.5124281203125001 0.519074528125 0.5169689375 0.5236416546875 0.529156609375 0.5271340859375 0.5528145703125 0.529014475 0.56428485625 0.52740243125 0.5948722875 0.5231036484375 0.6056251859375 0.516387128125 0.6170954734375 0.514775084375 0.6278483718750001 0.5080585656250001 0.630237028125 0.49731226875 0.6311909078125 0.47635702343749997 0.6321447890624999 0.455401778125 0.63238128125 0.42934205625 0.6302291203125 0.41402863281249996 0.62353614375 0.3941480828125 0.616843165625 0.37426753125 0.605609371875 0.3498198546875 0.5972451265625 0.3457900765625 0.5843400671875 0.3371931703125 0.5676115765625 0.3291336125 0.5561412906250001 0.33074565625 0.540847575 0.3328950484375 0.5293772875 0.3345070921875 0.516235734375 0.35196990625 0.5069176093750001 0.3688953734375 0.5045289546875 0.37964167031249996 0.4952108296875 0.39656713906249996 0.4897161328125 0.4129552578125 0.48804486562499994 0.4288060296875 0.4916318015625 0.4543284015625