3 0.5757670218750001 0.607992584375 0.5824100328124999 0.629131703125 0.5875320234375 0.6394482203125 0.5962549921875 0.6492586546875 0.6042174499999999 0.6536577890624999 0.6165413921875 0.6629621375 0.6229828328125 0.65653866875 0.62430228125 0.6397986812500001 0.6263822375 0.628469996875 0.6277016859375 0.611730009375 0.62978164375 0.6004013234375 0.63110109375 0.5836613374999999 0.632420540625 0.56692135 0.6301390140625001 0.550687446875 0.6278574875 0.5344535453125 0.6255759624999999 0.518219640625 0.62405494375 0.507397040625 0.6204539703124999 0.5079031234375 0.6096510453125 0.5094213765625 0.5988481203125 0.5109396281249999 0.588045196875 0.5124578796875 0.5728807890625001 0.509070915625 0.5620778640624999 0.5105891671875 0.5584768890625 0.5110952515625 0.5592373984375001 0.5165065515625 0.5579179515625 0.5332465390625 0.56380045 0.54897435625 0.568363503125 0.5814421624999999 0.5757670218750001 0.607992584375
3 0.344498359375 0.53013160625 0.3452588671875 0.53554290625 0.3503808609375 0.545859425 0.3539818359375 0.545353340625 0.36554526875 0.5492463890625 0.38223069375 0.56345595625 0.3981556109375 0.5722542203125001 0.41124006093750004 0.5869698734375 0.41047955312499995 0.581558571875 0.4117990015625 0.5648185859375 0.40875696718750004 0.54317338125 0.4144378984375 0.5313386109375 0.4136773890625 0.525927309375 0.412156371875 0.515104709375 0.40627387031250006 0.49937689062499996 0.4003913703125 0.48364907031250004 0.39810984375 0.46741516875 0.39146683437499996 0.4462760484375 0.3878658578125 0.4467821328125 0.380663909375 0.4477943 0.36702051875 0.45522993749999996 0.3562175953125 0.45674818906250003 0.3490156453125 0.4577603578125 0.33461174531250004 0.45978469375 0.3361327625 0.4706072953125 0.3376537796875 0.48142989687500004 0.34429679062499996 0.5025690171874999 0.3429773421875 0.519309003125 0.344498359375 0.53013160625
3 0.24935199687499998 0.5324671875 0.25959598281249996 0.5531002234375 0.274961959375 0.584049778125 0.29448785 0.5923419578125 0.30508920625 0.5632611171875 0.3056481453125 0.5411098296875 0.31056856875 0.523863759375 0.3198504765625 0.51152290625 0.3327333578125 0.4986759671875 0.334813315625 0.4873472828125 0.3361327625 0.4706072953125 0.32380882187500004 0.4613029453125 0.3107243703125 0.44658729375000006 0.2947994546875 0.4377890296875 0.2845554703125 0.41715599374999995 0.268630553125 0.4083577265625 0.25630661093749996 0.39905337812499997 0.24398266875000002 0.3897490265625 0.22881826093750002 0.3863620640625 0.2202968625 0.4041142171875 0.218977415625 0.4208542046875 0.222779959375 0.447910709375 0.225061484375 0.4641446109375 0.23322551093750002 0.496106334375 0.24935199687499998 0.5324671875
3 0.40475285312500003 0.48855428749999996 0.412156371875 0.515104709375 0.41879938125000005 0.536243828125 0.42828285624999995 0.5514655625 0.443447265625 0.554852528125 0.46505311406249994 0.5518160234375 0.4894994296875 0.542862134375 0.5095842609375001 0.5290030296875 0.5217066328125 0.5107447890625 0.5279465046875 0.4767587328125 0.5247029015625 0.42755094062500004 0.5091353546875 0.3690387984375 0.49965187968749997 0.3538170625 0.4822059453125 0.3341961953125 0.4590790796875 0.3264100984375 0.443914671875 0.3230231328125 0.422308821875 0.3260596375 0.40582496562500003 0.339412659375 0.39446310156250003 0.3630822 0.3910636953125 0.3911508703125 0.3927862828125 0.4295360625 0.3973493359375 0.46200386718750003 0.40475285312500003 0.48855428749999996
3 0.3631537078125 0.7151280046874999 0.37755760625 0.71310366875 0.393280953125 0.6943393453125 0.40104184375 0.671175890625 0.4088027328125 0.648012434375 0.41732413125 0.6302602796875 0.4222445546875 0.613014209375 0.4156015453125 0.591875090625 0.3981556109375 0.5722542203125001 0.3807096765625 0.552633353125 0.3575828109375 0.54484725625 0.3367374703125 0.5532950624999999 0.3354180203125 0.5700350484375 0.3335396328125 0.6089263218750001 0.3388631953125 0.6468054296875 0.3457077734375 0.6955071359375 0.3523507828125 0.71664625625 0.3631537078125 0.7151280046874999
3 0.4171225625 0.602697690625 0.423765571875 0.6238368109375 0.431169090625 0.6503872312500001 0.43705159218749995 0.6661150499999999 0.455258034375 0.6911472187500001 0.4668214671875 0.6950402687499999 0.4768638828125 0.6881107156249999 0.48538528124999997 0.6703585609375 0.4939066796875 0.6526064046875 0.4937051109375 0.6250438171875 0.49426405000000007 0.6028925296875001 0.491222015625 0.5812473265625 0.487419471875 0.554190821875 0.4858984546875 0.54336821875 0.47149455468749996 0.5453925546875 0.4614521390625 0.5523221078125 0.44704824062500004 0.55434644375 0.4318838328125 0.550959478125 0.419559890625 0.5416551296875001 0.4144378984375 0.5313386109375 0.4072359484375 0.5323507796875 0.40667700937499995 0.5545020671875001 0.40743751718750004 0.55991336875 0.40971904375 0.5761472703125 0.4171225625 0.602697690625
3 0.31309743125 0.6724993046875001 0.326740821875 0.6650636671875 0.3324217546875 0.653228896875 0.33450171093750003 0.6419002125 0.33506065 0.619748925 0.3371406078125 0.6084202375000001 0.3340985734375 0.586775034375 0.33465751250000003 0.5646237468749999 0.3403384453125 0.5527889781249999 0.34677988593750003 0.5463655078125 0.3488598421875 0.535036821875 0.344498359375 0.53013160625 0.3365359015625 0.5257324734375 0.3257329765625 0.527250725 0.3185310265625 0.5282628921875 0.3120895875 0.5346863625 0.30924912031249996 0.5406037453125 0.3028076796875 0.547027215625 0.30148823125 0.5637672015625 0.297328315625 0.5864245734375 0.2931684015625 0.6090819468750001 0.2933699703125 0.636644534375 0.3000129796875 0.657783653125 0.31309743125 0.6724993046875001
3 0.780216309375 0.46889544218749996 0.7896997859375 0.4841171765625 0.80126321875 0.488010225 0.8084651671875 0.48699805781250005 0.820587540625 0.4687398171875 0.820385971875 0.4411772296875 0.8143019015625 0.39788682343750004 0.8097388499999999 0.3654190171875 0.8059363062499999 0.3383625109375 0.8064952468750001 0.31621122343749997 0.7934107953125 0.3014955734375 0.779006896875 0.303519909375 0.76176253125 0.31146163125 0.7540016421875 0.3346250859375 0.746240753125 0.3577885421875 0.748522278125 0.37402244375000004 0.7515643140625 0.3956676484375 0.756127365625 0.4281354546875 0.7635308828125 0.4546858734375 0.780216309375 0.46889544218749996
3 0.5265170218749999 0.6756142374999999 0.5416814296875 0.679001203125 0.5481228703125 0.672577734375 0.557404778125 0.66023688125 0.5594847359374999 0.64890819375 0.5636446484375 0.626250821875 0.5642035890625 0.604099534375 0.5655230390625 0.5873595484374999 0.562481003125 0.5657143453125 0.5579179515625 0.5332465390625 0.5563969328125 0.5224239374999999 0.547673965625 0.512613503125 0.533270065625 0.5146378390625 0.5289085828125 0.509732621875 0.5188661671875 0.516662175 0.5131852359375 0.5284969453125 0.49954184531249995 0.53593258125 0.4894994296875 0.542862134375 0.48665896249999996 0.5487795203125 0.48894048906250004 0.565013421875 0.4919825234375 0.5866586265625 0.4957850671875 0.61371513125 0.5031885875000001 0.6402655515625 0.5126720625 0.6554872859375 0.5265170218749999 0.6756142374999999
3 0.650828553125 0.6195161078125 0.6610725375000001 0.64014914375 0.6733964796875 0.6494534921875 0.6849599125 0.6533465421875 0.6957628375 0.6518282890625 0.7058052531250001 0.6448987359375 0.7107256750000001 0.627652665625 0.7135661421874999 0.62173528125 0.7141250828125 0.5995839921874999 0.7211254625 0.5710092375 0.7203649546875 0.5655979359375001 0.721684403125 0.54885795 0.7201633859375 0.538035346875 0.7194028765625 0.5326240453125 0.7163608421875 0.5109788421875 0.7156003328125 0.505567540625 0.701755371875 0.48544058906250004 0.68222948125 0.4771484078125 0.6634640984375 0.47426752656250004 0.65626215 0.47527969531250003 0.6541821921875 0.48660838125000005 0.64774075 0.49303185000000005 0.637698334375 0.49996140312500004 0.6232944359375 0.5019857390625 0.62405494375 0.507397040625 0.6255759624999999 0.518219640625 0.6278574875 0.5344535453125 0.6301390140625001 0.550687446875 0.636021515625 0.566415265625 0.6390635515625 0.58806046875 0.650828553125 0.6195161078125
3 0.831390465625 0.46722156562499995 0.8385924156250001 0.46620939687499996 0.84863483125 0.4592798453125 0.8520342375000001 0.43121117187499997 0.8510721578125 0.3982372828125 0.8472696140625 0.371180778125 0.8442275796875001 0.34953557343749997 0.8411855453125 0.3278903703125 0.8332230875000001 0.3234912390625 0.8283026625 0.340737309375 0.8254621984374999 0.34665469375 0.8169408 0.3644068484375 0.8156213515624999 0.381146834375 0.8150624109375 0.40329812187499997 0.8152639796875001 0.4308607109375 0.8190665234375001 0.4579172171875 0.831390465625 0.46722156562499995
3 0.7290879203125 0.57540836875 0.7349704218750001 0.5911361890625 0.748054871875 0.6058518390625001 0.7647402984375 0.62006140625 0.7770642390625 0.62936575625 0.7914681390625 0.6273414203125001 0.79790958125 0.6209179515625001 0.7999895359375 0.6095892640625 0.7969475015625 0.5879440609375 0.7931449578125 0.5608875578125 0.7901029234375 0.5392423546875 0.78269940625 0.5126919328125 0.7724554203125 0.492058896875 0.7673334281249999 0.481742378125 0.7578499515625 0.46652064375 0.7462865187500001 0.4626275953125 0.7362441046875 0.46955714843749996 0.7262016874999999 0.47648670156249995 0.7197602468750001 0.48291016875 0.7176802890625 0.49423885624999997 0.719961815625 0.5104727578125 0.7273653343750001 0.5370231796875 0.7260458859375001 0.553763165625 0.7290879203125 0.57540836875
3 0.8302725859375 0.511524140625 0.8361550875000001 0.5272519609375 0.8420375890624999 0.542979778125 0.8507605546875 0.5527902140625 0.8710469562500001 0.5664936953125 0.8826103890624999 0.5703867453125 0.8898123375000001 0.5693745765625 0.9042162375 0.567350240625 0.91349814375 0.5550093859375 0.9112166171875 0.538775484375 0.900972634375 0.5181424484375 0.8950901312499999 0.502414628125 0.8804846640624999 0.4768763765625 0.8674002140624999 0.46216072500000005 0.855076271875 0.4528563765625 0.8522358062500001 0.4587737609375 0.8421933906250001 0.4657033140625 0.8349914406250001 0.46671548124999995 0.824188515625 0.46823373281249997 0.8228690671875001 0.484973721875 0.823629575 0.4903850203125 0.8243900843749999 0.495796321875 0.8295120765625 0.506112840625 0.8302725859375 0.511524140625
3 0.551274940625 0.51210741875 0.570040321875 0.5149883 0.59240668125 0.517363096875 0.6096510453125 0.5094213765625 0.62405494375 0.507397040625 0.6412993109375 0.49945531875000004 0.652661175 0.4757857796875 0.657581596875 0.458539709375 0.657380028125 0.4309771203125 0.6528169765625 0.3985093140625 0.6482539234375 0.366041509375 0.6364889218750001 0.33458587031250003 0.6146815046875 0.3100597875 0.594395103125 0.296356303125 0.5720287468749999 0.2939815078125 0.5547843796875 0.301923228125 0.5326195921875 0.32711101875000004 0.528459678125 0.349768390625 0.5242997625 0.3724257625 0.5252618421874999 0.40539965312500004 0.52622391875 0.43837354375000004 0.534387946875 0.4703352640625 0.538190490625 0.49739176875 0.551274940625 0.51210741875
3 0.795985425 0.554970171875 0.8047083921875 0.5647806046875 0.816271825 0.5686736546875 0.8270747500000001 0.567155403125 0.8378776734375 0.5656371499999999 0.8407181390625 0.5597197656249999 0.8420375890624999 0.542979778125 0.8310330953125 0.5169354421875 0.8266716109375001 0.512030225 0.8171881359375 0.496808490625 0.8084651671875 0.48699805781250005 0.8077046593749999 0.48158675625 0.8056247031250001 0.49291544062500003 0.7976622437499999 0.488516309375 0.7853383015625 0.479211959375 0.780216309375 0.46889544218749996 0.7678923671875 0.45959109062500003 0.76657291875 0.47633107812500003 0.770934403125 0.48123629531249995 0.78269940625 0.5126919328125 0.787821396875 0.5230084500000001 0.7901029234375 0.5392423546875 0.795985425 0.554970171875
3 0.7081968140625 0.479017121875 0.7226007140624999 0.47699278593749994 0.7362441046875 0.46955714843749996 0.7491269859374999 0.456710209375 0.756887875 0.4335467546875 0.7566863046875001 0.40598416718749997 0.7477617703125 0.36861114375000004 0.7403582515625 0.342060721875 0.7272738000000001 0.327345071875 0.711348884375 0.31854680625 0.6925835 0.31566592656250003 0.6753391359375 0.323607646875 0.6632167625000001 0.3418658859375 0.656775321875 0.3482893546875 0.6526154078124999 0.3709467265625 0.6520564671875 0.3930980140625 0.662502021875 0.4412936390625 0.6735065140625001 0.46733797343749994 0.6930324062500001 0.47563015625 0.7081968140625 0.479017121875