3 0.3977393234375 0.3729928171875 0.388833925 0.432258259375 0.3860933609375 0.466275778125 0.3848587484375 0.4923045734375 0.386466421875 0.507985284375 0.39040038125 0.5332900921875 0.40157214999999996 0.54328676875 0.411822696875 0.5454244984375001 0.4234131484375 0.5436608281249999 0.4397606359375 0.549849434375 0.45180634062499997 0.5543283 0.46393149375 0.5583055453125 0.47676811093750004 0.5593102609375 0.48742304687500004 0.5558558109375 0.49191231562500004 0.5442259765624999 0.4954696390625 0.52936331875 0.5018148124999999 0.49385990468749996 0.509051790625 0.445128465625 0.5171519828125 0.39550534375 0.5224821921875 0.35881276875 0.5270214859375 0.32559434375 0.5214806875 0.31803213124999996 0.51634785 0.303335696875 0.51294501875 0.28531385 0.506645465625 0.267347409375 0.49306796249999996 0.2482282546875 0.48580788124999996 0.23936533125 0.47493246562499997 0.236614428125 0.45496964687499997 0.2365378453125 0.439629978125 0.2346224828125 0.4315182328125 0.255448425 0.4223156484375 0.2740447828125 0.4156018171875 0.2997199578125 0.40647510468750003 0.319356740625 0.3977393234375 0.3729928171875
3 0.478114090625 0.6541367421875 0.480440375 0.6637608375 0.4819864671875 0.6722329578124999 0.4841610015625 0.6797762078125 0.4862596609375 0.6862790359375001 0.4885966671875 0.6912770046875 0.4921905578125 0.694417234375 0.49617454531250005 0.698133453125 0.502199184375 0.6996018640624999 0.5069776578125 0.698301890625 0.5134861359375 0.6936765015625 0.5200017609375001 0.6859670296875 0.5259755390625 0.6756007234375 0.5303746375 0.669098634375 0.5352468546875 0.6611288703125 0.5393388781249999 0.652007134375 0.543900446875 0.6429597640625 0.5477541234375 0.6353428812499999 0.55121770625 0.6271500140625 0.554059990625 0.61680193125 0.5563568562500001 0.60533905625 0.5581841765625 0.5938018140625 0.5598525984375 0.5832678078125 0.52088749375 0.574011125 0.5021128312500001 0.5679522953125 0.49618193593750004 0.5598140968750001 0.494888484375 0.54366895 0.49293442656249997 0.5423310515625 0.49167396874999997 0.5457308328125 0.48923249999999996 0.5520287781250001 0.48703295 0.5552798218749999 0.48209557968750005 0.5575830374999999 0.4801343765625 0.5593292234375 0.4748728953125 0.6001463046875 0.4719225734375 0.62333234375 0.47095846874999997 0.6339779015625 0.4735231015625 0.642097140625 0.47500046406249996 0.646444753125 0.478114090625 0.6541367421875
3 0.16997915937500002 0.5528842859374999 0.16642898281250001 0.564662859375 0.161376428125 0.5828881124999999 0.1585234234375 0.5978623234375 0.1567755515625 0.608897946875 0.155963196875 0.62162435 0.15395553906249998 0.643417084375 0.1529807140625 0.65868876875 0.15233083125 0.668869890625 0.15105607968749998 0.6784378421875 0.150492790625 0.6850332609375 0.150875740625 0.6886933328125 0.1545490796875 0.6913319437500001 0.15924453125 0.6920756296875 0.1655110890625 0.6904971421874999 0.17241323749999998 0.6849057000000001 0.17970905625 0.678348203125 0.186459453125 0.6706759156250001 0.192743878125 0.661387215625 0.20027804374999997 0.6533248609375 0.20883789375 0.641825540625 0.215360665625 0.6310319843750001 0.2200739859375 0.6240654609375 0.22471500312499998 0.614516471875 0.22874901875 0.5966441 0.233436490625 0.5670485625 0.2383515890625 0.54057429375 0.24278999375 0.517109740625 0.245646575 0.5005934890625 0.24904500000000002 0.4867340734375 0.2511070921875 0.4752340140625 0.2490878828125 0.468229565625 0.24495929218749998 0.45934841875 0.24074053125 0.455595015625 0.234246346875 0.4540522359375 0.22993027187499998 0.45851066406249996 0.22215418750000002 0.46961991718749996 0.2143129484375 0.4750626234375 0.2067930796875 0.476956809375 0.19851802968750001 0.466904725 0.198301125 0.459157328125 0.1951553390625 0.4653437203125 0.187032871875 0.4907957890625 0.18229453906249998 0.5085566078125 0.177162534375 0.52728348125 0.1747139203125 0.5366655109375 0.16997915937500002 0.5528842859374999
3 0.7992483515625 0.6186133578125 0.7950741390625 0.6632020640625 0.78891728125 0.7187892109375 0.7910846703125001 0.729416546875 0.7934109546875 0.7390406421875 0.795184671875 0.75063403125 0.7957086515625 0.7610010765624999 0.7965504265625001 0.76936164375 0.7977242906249999 0.7695475640625 0.8062591250000001 0.7688425390625 0.8145663359374999 0.7650162453125 0.8212408578125 0.756303534375 0.828395646875 0.743039065625 0.8346907921875 0.729124240625 0.8406824374999999 0.7110477234375 0.8444816796874999 0.6931381671875 0.8476560546874999 0.6746154390625 0.8503573109375001 0.6575603828125 0.8525854453124999 0.6419730015625 0.8541056921875001 0.627816109375 0.854444928125 0.6165573796875 0.8545529640625 0.6037194218749999 0.8544297999999999 0.589302240625 0.8540682921875 0.576389915625 0.8537683640625 0.5706861828124999 0.851980353125 0.5652609625 0.8515108078125 0.56518659375 0.8501780468750001 0.566003909375 0.845320125 0.567805503125 0.8428929500000001 0.5679352796875 0.838977690625 0.5683435703125 0.8360050953125 0.5673585531249999 0.8321728578125 0.56572318125 0.8288931890625 0.5621185171875 0.8261660875000001 0.556544559375 0.8243745015625 0.5526613796875 0.8226587921874999 0.549818625 0.8206288609374999 0.5474403046874999 0.8200834406249999 0.5463255124999999 0.8167064546875 0.550932678125 0.8126938796875001 0.5595527984374999 0.8070343234375 0.56945466875 0.7997242109375 0.582180334375 0.7992483515625 0.6186133578125
3 0.614416325 0.5502594359375 0.6166667343750001 0.5588431078125 0.6195455875 0.5664979109375 0.6282321734375 0.56787373125 0.638013175 0.5699370921875 0.6494375828125001 0.57226074375 0.662043003125 0.5716862328125 0.6752009890624999 0.5691424281249999 0.6860326890625 0.556974528125 0.69839535625 0.5260236093749999 0.7026748656249999 0.5035622953125001 0.7077917421875 0.4575802828125 0.7130059359375001 0.403386440625 0.7172917578125 0.344417734375 0.7147521421875 0.3255042 0.7089944359375 0.3101945953125 0.69742185 0.3042480546875 0.68614561875 0.3055472921875 0.672496646875 0.3172689796875 0.6610945109374999 0.3391163828125 0.6522347328125 0.3449119703125 0.6480962546875 0.3740802578125 0.6392845968749999 0.4266759109375 0.63072200625 0.47314058281250004 0.6196313515625 0.5294889 0.614416325 0.5502594359375
3 0.7291450859374999 0.6008254546875 0.728585371875 0.6058788328125 0.728235415625 0.6217636890625 0.7277372828125 0.63402565625 0.726928503125 0.6452100187500001 0.72699365625 0.6508765671875001 0.7279184546875 0.6571934734375 0.7316498015625 0.6685827171875001 0.73429388125 0.6762003359375 0.7381734046874999 0.6912124687500001 0.740116740625 0.6971764921875 0.7426777984374999 0.7068377734375 0.7439168171875 0.7126902453125 0.744455090625 0.7168891187499999 0.7469402734374999 0.7255099781250001 0.750285096875 0.7347811906249999 0.7528533015625001 0.7413583874999999 0.7540923203125 0.7472108578125 0.7583075078125 0.752506303125 0.76346535625 0.7564084421875 0.7672975937500001 0.7580438140625 0.7734811296874999 0.7585089875000001 0.7799030124999999 0.7574693015625 0.7822614578125 0.7532150203125 0.7838361390624999 0.749350803125 0.786606121875 0.73642025625 0.788844978125 0.716206746875 0.7920443671874999 0.6868897234375 0.7954749546875 0.6591519265625 0.7977173859375 0.6373963765624999 0.79862705625 0.6164581421875 0.7993091 0.592398640625 0.7992582390625 0.5805639234375 0.7947868390624999 0.5844835484375001 0.7900842406249999 0.5868239453124999 0.785869053125 0.5815285 0.7705972812499999 0.5503143374999999 0.7665517125 0.5393895296875 0.7640379421875 0.5431050078124999 0.7549219515625001 0.5581156640625 0.7480813859375 0.5709156984375 0.7413274140625 0.5801300281249999 0.7370872140625 0.585628878125 0.7295637703125 0.58906510625 0.7291450859374999 0.6008254546875
3 0.3193428984375 0.48809831406250004 0.328947134375 0.498875125 0.344987546875 0.50244408125 0.366109934375 0.5088747546875 0.37613642812500003 0.506349175 0.385238125 0.49750668750000004 0.38535688125 0.4800426046875 0.38794569375 0.44394423906249997 0.39288937968750004 0.405133634375 0.40058875625 0.35956065000000004 0.40560831718749996 0.3217904671875 0.403762296875 0.3076146140625 0.39949625 0.29048445156249997 0.394930275 0.26765055625 0.38712834375 0.256130796875 0.3768019234375 0.2529526453125 0.365529265625 0.2527098390625 0.3532710625 0.27236484375000003 0.3438158359375 0.29863422968750003 0.3359790015625 0.3359582 0.32587031875 0.37395075 0.3164918015625 0.4346838671875 0.3158749109375 0.4644099171875 0.3193428984375 0.48809831406250004
3 0.694924628125 0.5373005625 0.698265878125 0.54811381875 0.702788140625 0.5560289109375 0.70581874375 0.5657645609374999 0.71117920625 0.5835822640624999 0.716250459375 0.59107010625 0.7254931859375 0.5889345921875 0.7359928 0.5849413375 0.751382496875 0.565268109375 0.7656126234375 0.5392407921875 0.7766639703125 0.49985493593749997 0.785703253125 0.45038055000000005 0.7924341187499999 0.3835718578125 0.7954889015625 0.3490899046875 0.7824746874999999 0.32337533125 0.7586975 0.3139531640625 0.7383374375 0.31638467656249997 0.72383954375 0.32282988281249997 0.721058840625 0.3403865578125 0.7153028 0.391923565625 0.706975815625 0.471848728125 0.701392965625 0.5162143296874999 0.694924628125 0.5373005625
3 0.49505809999999995 0.538039584375 0.49665148124999997 0.559888465625 0.503756240625 0.5682125859375 0.5212775890625 0.5745871140625 0.53919975625 0.5769115031250001 0.5542975046875 0.5818737656249999 0.5670511015625 0.5849221421874999 0.5812169046875 0.5866515828125001 0.5951765250000001 0.5760075015624999 0.6071062140625 0.5629851 0.6164025421875 0.537718953125 0.62819394375 0.48302422968750003 0.6400210765625001 0.41290908593750003 0.6482042921875 0.3612423 0.6513063625 0.3401371078125 0.6502182640624999 0.3029421734375 0.6398517015625 0.2833031765625 0.6296190234375 0.2734552375 0.612704675 0.27540409062500004 0.5996440046875 0.26973606562499997 0.5782689765625 0.27097841875 0.5650351171875 0.2724818 0.556554715625 0.2834795 0.5446866078125 0.30371049375000003 0.5339923640625 0.3241274078125 0.5266206703125 0.32964448125 0.5142846828125001 0.416647721875 0.5056390703125 0.465156053125 0.49505809999999995 0.538039584375
3 0.8348938890625 0.4725692578125 0.8326764734375001 0.48353051406249997 0.8309357484375001 0.4914820515625 0.8294226515625001 0.5025548609375 0.826811565625 0.5144821703125 0.82135461875 0.5382996062500001 0.8193032468749999 0.5451735375 0.8241433031250001 0.5510821546875 0.8287414390625001 0.5600376703125 0.8349071078125 0.5682130546875 0.8437525921875 0.5685856359375 0.8541763281250001 0.5635519578125 0.8631227031250001 0.5541706671875 0.86980794375 0.54083183125 0.8791801484375 0.51660610625 0.8851102125000001 0.491321 0.8897798171875 0.4694356734375 0.8928747421875001 0.4514145640625 0.89596966875 0.433393453125 0.8989128421875 0.4132915 0.900443809375 0.39450847968749997 0.9020577968750001 0.3736818 0.9020899578125 0.3598034203125 0.9006197406249999 0.3523717234375 0.8990593546874999 0.350067771875 0.8978854921874999 0.34988185 0.8942014328125 0.351869365625 0.8886320453125001 0.356643490625 0.8839222984375 0.36206797343749997 0.875839140625 0.370557578125 0.8700278328125 0.378378603125 0.8641335046874999 0.3882432890625 0.8591818390625001 0.396714671875 0.8529768625 0.4055017515625 0.8501452953124999 0.411223709375 0.8468191718750001 0.4276655921875 0.8420879859375001 0.442342325 0.8381369921875 0.4581710359375 0.8348938890625 0.4725692578125
3 0.2468366390625 0.42622258593750006 0.251070525 0.45723112656250003 0.2596820703125 0.49098983125 0.2706949421875 0.5019897484375 0.27915032812499996 0.501786340625 0.29571031406250003 0.48384107812500005 0.3023053875 0.4756299859375 0.31658637500000003 0.4614373859375 0.3160981296875 0.4356499203125 0.3191171796875 0.41658838749999993 0.3253864796875 0.38004455 0.336444975 0.3375746109375 0.343498040625 0.30064070625 0.3397809875 0.28308329374999996 0.3344999734375 0.2647639703125 0.328470928125 0.23141429531250002 0.31924249531250004 0.227381640625 0.30437952031250004 0.22245656406249997 0.29200887343750004 0.2230682578125 0.28486480468750003 0.2317066015625 0.277161025 0.24539831875 0.270761415625 0.270609059375 0.2660882359375 0.2940364265625 0.2562036046875 0.33669228906250004 0.2507689328125 0.384680778125 0.2468366390625 0.42622258593750006
3 0.2079413390625 0.3192784453125 0.20585780625 0.34003075625 0.2037564046875 0.368493278125 0.202691409375 0.388892709375 0.2009908265625 0.4133050921875 0.19994727343750002 0.42445226875 0.1986582265625 0.4401883890625 0.19737990156250002 0.45129838125 0.19775213125 0.45958457968750005 0.1996918921875 0.467090646875 0.20366873437500002 0.4738909484375 0.2081294125 0.47459745 0.211651003125 0.47515521562499996 0.21556626093750003 0.474746925 0.2234869484375 0.4688026015625 0.22725760468749998 0.46322938125 0.23126660625 0.4561513046875 0.23699846249999998 0.4488318984375 0.2420947328125 0.44552544687499995 0.2460965875 0.4415314546875 0.24744364062500002 0.43454596875 0.2469955375 0.42521934687499996 0.25196066250000004 0.3771564890625 0.2555715890625 0.3391632015625 0.26173285156250004 0.31545731875 0.2664783328125 0.29461241562499996 0.26885821875000004 0.2811058796875 0.27060609062499996 0.27007025625000003 0.265538409375 0.261040371875 0.2604743015625 0.25046844375 0.2537703578125 0.23809418437500002 0.248001934375 0.22741070312499997 0.2448883078125 0.219718715625 0.2389609859375 0.21003847343749998 0.2360714125 0.20700979687499999 0.2301985234375 0.20762223125 0.22971468437499998 0.21371603125 0.22788736406250001 0.22525327343749998 0.2206281140625 0.2498136578125 0.21446685 0.2735195375 0.21057386406249998 0.2980988828125 0.2079413390625 0.3192784453125
3 0.2073887703125 0.3212477375 0.20915093593749998 0.3040439453125 0.2116209921875 0.2854096640625 0.21138979375 0.2838304375 0.21045427656250001 0.2821396578125 0.2084243453125 0.2797613375 0.20709873124999997 0.2774945703125 0.20280409531250002 0.27270074375000003 0.199838646875 0.2686316453125 0.196024278125 0.2592860625 0.192972234375 0.258802665625 0.1894434984375 0.2613289859375 0.183542021875 0.27427775625 0.17864121718749998 0.29458385625 0.17413050937500002 0.31546594375 0.1707972390625 0.3349919109375 0.1677638953125 0.3602216125 0.1660597375 0.38617603749999996 0.16632393125 0.4073001921875 0.1661150046875 0.42989202187500003 0.166227446875 0.44893532968749994 0.16738344375 0.4568314640625 0.171280834375 0.464133384375 0.18004686875 0.46500758593749997 0.18812288125 0.45960206562500006 0.19668273125 0.44810274375 0.1987305296875 0.44277085312500003 0.20164070937499998 0.40312396875 0.20302707187500002 0.3791760203125 0.20408849375 0.360318634375 0.2073887703125 0.3212477375
3 0.2173914296875 0.6668336125 0.21553909531249998 0.68916515 0.2145642703125 0.704436834375 0.21445980781250001 0.71573275 0.2155363546875 0.7241305 0.21904007656250002 0.7323984765625 0.2232588359375 0.736151878125 0.22998421875 0.7392738859375 0.23906804843749999 0.7381416093750001 0.24519357656250002 0.72985615 0.2529009328125 0.7146223875 0.25817396718749996 0.7026024859375 0.2653359015625 0.6862539328125 0.2729709546875 0.6684377078125 0.27973921874999996 0.6530552078125 0.287287678125 0.6388246843750001 0.29530210625 0.6262105734375 0.3030746171875 0.6166433609374999 0.3094277703125 0.6114791687500001 0.3113131 0.608692559375 0.3156934984375 0.576477375 0.31884202500000003 0.53532563125 0.323240290625 0.4954002359375 0.3194259203125 0.48605465312499996 0.315954359375 0.46390829843750003 0.3112446140625 0.4693327796875 0.303948796875 0.4758902765625 0.29876593125 0.4827824328125 0.290364978125 0.49327851406249995 0.284011825 0.49844270625 0.2769579265625 0.501953303125 0.27163760625 0.5005964421875 0.26897923125 0.49914699218749997 0.264135603125 0.49478041875 0.2610871328125 0.4927549796875 0.258670678125 0.4882586296875 0.25548475000000004 0.47798417656250003 0.2536967390625 0.47255895625 0.24983948749999998 0.4817178796875 0.246202715625 0.49708215625 0.24034137968749997 0.5264917703124999 0.2305691921875 0.588190940625 0.22335722812499997 0.6261280828125 0.2173914296875 0.6668336125
3 0.563234821875 0.6439652171875 0.5643872437499999 0.6534033906250001 0.5669518765625 0.6615226296875 0.568580990625 0.6679510890625 0.5729515000000001 0.6737853359375 0.575996396875 0.677352815625 0.580211584375 0.6826482609375 0.5845856671874999 0.6869404671875 0.58849378125 0.6896162625 0.5943630953125 0.6905458703125 0.600311859375 0.690973859375 0.605090334375 0.6896738828125 0.6110498171875001 0.685475746875 0.6154453421875 0.6805157000000001 0.6205487578125 0.6741251625 0.624955003125 0.6645389890625 0.6281909578125 0.6532248515625 0.6315135093750001 0.6383250125 0.6350163984375 0.6131696796874999 0.6390031265625 0.5819205484375 0.640357328125 0.571850978125 0.6399708046875 0.569732946875 0.6186895203125 0.5643055125 0.6166631625 0.56038515 0.6155035921875001 0.554031059375 0.6158321078125 0.54739845625 0.61569465 0.5391494421874999 0.6141128250000001 0.5460977437500001 0.6109634640625 0.5538261765625 0.6071062140625 0.5629851 0.603180234375 0.568019515625 0.5947034062500001 0.577475175 0.5849009656249999 0.5846640671875 0.577377521875 0.58810029375 0.5647792500000001 0.5855907218749999 0.5598525984375 0.5832678078125 0.554688434375 0.6158730609374999 0.55545790625 0.6216511640625 0.556465725 0.6259244078124999 0.5589509078125 0.634545265625 0.5608978171875 0.638967246875 0.563234821875 0.6439652171875
3 0.177563353125 0.5232333421875001 0.1897992828125 0.47940728281249995 0.1933458859375 0.46917075312499995 0.1962568984375 0.46294717656250006 0.196813040625 0.45943584218750005 0.1960364203125 0.45674182500000005 0.1946349328125 0.45343463437500003 0.1934574953125 0.45479075468749997 0.19047775312499998 0.4568898234375 0.1856162578125 0.46023345937500004 0.18224284531249998 0.46329858125 0.17863823437499998 0.4647844796875 0.1747229734375 0.46519276875 0.17042119375 0.46348302812500003 0.167145096875 0.4583363203125 0.16676929375 0.45159216406249997 0.164901834375 0.44666856250000003 0.1613802453125 0.4461107984375 0.158870046875 0.448284234375 0.1523401296875 0.46216187656249996 0.141862790625 0.4903261859375 0.1319165765625 0.5257734562499999 0.12337899999999999 0.5614438296875 0.1195511703125 0.5916897249999999 0.11821566875 0.627472390625 0.1202714484375 0.6524797234374999 0.1257800859375 0.673920315625 0.13147620937499999 0.6820213296875 0.13656533125 0.6817989625 0.13758744375 0.6799040390625 0.141914240625 0.670819484375 0.14553671875000002 0.6616233765625 0.1490797484375 0.6529288890625 0.151983615625 0.6497893968749999 0.1546018484375 0.634778003125 0.155262453125 0.6199707546875 0.15907956406249998 0.5943509875 0.1661942109375 0.564625675 0.177563353125 0.5232333421875001
3 0.7735833390625 0.5117078765625 0.7663205140625 0.5378103015625 0.76756310625 0.54212073125 0.7763549875 0.5656239453125 0.7877365140625 0.5864521015624999 0.7942378453125001 0.5849107984375 0.8021656796875 0.5758823890625 0.8104943312499999 0.5628038421875 0.8185989296875 0.545061984375 0.8253127593749999 0.519386809375 0.8280032953124999 0.50695788125 0.8314990375000001 0.484886634375 0.8326077453125 0.47940600624999996 0.837346078125 0.4616451875 0.8424022078125001 0.441877890625 0.8486393453125001 0.41921243124999996 0.8514164750000001 0.40319779999999994 0.8558513078125 0.3812752890625 0.8580035687500001 0.364647484375 0.859126571875 0.3529986890625 0.858530290625 0.3400491796875 0.8576233609375 0.3260220625 0.8489189078124999 0.332356453125 0.8395065625000001 0.3401213328125 0.831502853125 0.34810931875 0.8239615421875 0.35925575625 0.8139894828124999 0.37207401406249996 0.8042557703125001 0.38338741249999997 0.7972634546874999 0.3941066015625 0.7915967484374999 0.40709255625 0.7905746359375 0.40898748124999995 0.789541803125 0.41550853125 0.7846704203125 0.4569016 0.77768965625 0.496417971875 0.7735833390625 0.5117078765625
3 0.3140008921875 0.6312289796874999 0.31436955 0.6410572218749999 0.31568086875 0.64949215625 0.3169921875 0.6579270937499999 0.32073425625 0.6646902109374999 0.32667229999999997 0.6697443265625 0.3322238203125 0.6726804109375 0.3380136859375 0.6741116390624999 0.3425573890625 0.6727744796875 0.35071999374999996 0.66378325625 0.3537827578125 0.659640525 0.357076721875 0.657077021875 0.3617828953125 0.6531945828125 0.36585705 0.651783053125 0.372062028125 0.642995975 0.37858122656250004 0.6337444609375 0.383612340625 0.624771459375 0.388495278125 0.6121755703125 0.39293011093749997 0.5902530593749999 0.3965668828125 0.574888784375 0.3984807984375 0.5597658359375 0.40007691875000007 0.5466493671875 0.4006366328125 0.5415959906250001 0.3904798296875 0.5327884734375 0.38838474375 0.524743603125 0.3862932296875 0.5151566921875 0.3856103546875 0.5057928859375 0.3845338078125 0.49739513437499994 0.3766059734375 0.50642354375 0.36619295625000003 0.50683109375 0.34905455625 0.5041166375 0.3308217421875 0.500714640625 0.3236303859375 0.4959762234375 0.318192140625 0.5455067546875 0.31457406875 0.5865841265625 0.31328859531250003 0.6007782046875 0.312952934375 0.6104948921875 0.3136322375 0.6214007406250001 0.3140008921875 0.6312289796874999
3 0.3947475421875 0.61676525 0.394960875 0.6260546875 0.3946252125 0.635771375 0.39758351406250003 0.642924559375 0.4002998953125 0.65312464375 0.403334071875 0.66131825 0.40613705 0.6679326296875 0.40925424843749997 0.6740825765625 0.4107351859375 0.6768881484375 0.4143290765625 0.6800283765625 0.4187861828125 0.6822769203125 0.4241100765625 0.6820917375 0.42794588593749994 0.6821850671874999 0.43374647343749995 0.67899016875 0.43947833125 0.6716707625 0.44576275781249997 0.6623820640625 0.4516535140625 0.65405941875 0.45683637812500005 0.6471672640625 0.46131492500000004 0.64016355625 0.46720925468749996 0.63029886875 0.4713807265625 0.6206755109375 0.474638121875 0.6001091203125 0.4790185203125 0.5678939359374999 0.47989960312499996 0.5592920390625 0.47081934687500004 0.5588822718750001 0.4550895828125 0.556390921875 0.43319057499999997 0.54726623125 0.42262938281249995 0.5440508937499999 0.40869120312499996 0.5454427234375 0.40345033125 0.54358424375 0.4027388671875 0.5465567765625 0.40209612968749997 0.5536538140625 0.39986799375 0.5692411953125001 0.39827901875 0.5792735812500001 0.3965240015625 0.5933932890625 0.395401 0.6050420843750001 0.3947475421875 0.61676525
3 0.6314054734375001 0.65116296875 0.6309939359375 0.6598392328125 0.6323811312500001 0.6693145921875 0.6353358578125 0.67800981875 0.6402232015625 0.6972951953125001 0.642542340625 0.710003375 0.6436947625 0.71944155 0.6464147171875 0.7280995906250001 0.648755296875 0.73155551875 0.6536783734375 0.7354204734375 0.65586005625 0.739879640625 0.65866660625 0.744951978125 0.6669523765625 0.7503779359375 0.6716406828125 0.7542057078125 0.6757871390625 0.7553766453125 0.6800924953124999 0.75554434375 0.6824402203125 0.7559161859375 0.6842389546875001 0.75671528125 0.6880711890625 0.7583506515625 0.692921965625 0.7596331421875 0.699668790625 0.7535028968749999 0.7054149421875 0.740015321875 0.709676584375 0.72526421875 0.713627578125 0.7094355078125 0.7180588375 0.6890550390625 0.7220241234375 0.667058159375 0.7249164390625 0.6351214875 0.7286068125 0.59662658125 0.7288630265625 0.5874115109375 0.7250200687499999 0.590402265625 0.7183634140625 0.591404765625 0.714375853125 0.5892305906249999 0.709304596875 0.5817427484375 0.7067471140625 0.570539425 0.7023185953125 0.5559545421875 0.69780348125 0.5449553640625 0.695004078125 0.5367989421875 0.6913887453124999 0.542910965625 0.6881599375 0.55114101875 0.6846999296875 0.5577918453125 0.6799866109375 0.56475836875 0.6752009890624999 0.5691424281249999 0.659926475 0.572893615625 0.64372359375 0.5718699390624999 0.6430915765624999 0.5743408515625 0.6426943328125 0.5768489484375 0.6391334375 0.593253646875 0.6365116296875 0.6098070828125 0.6339656984375 0.6274009406250001 0.6323660046875 0.6420594515625 0.6314054734375001 0.65116296875