3 0.101229621875 0.5149576203125 0.10243250781249999 0.52621184375 0.1060412859375 0.5270449953125 0.11686761875 0.5295444515625001 0.12047639843749999 0.5303776046875 0.127693953125 0.5320439078125 0.133708625 0.5224559890625 0.13852035000000001 0.51807860625 0.14573796875 0.503280153125 0.1529555875 0.4884817 0.16017320468750001 0.473683246875 0.1709996015625 0.45971794531250004 0.1734054953125 0.4492968765625 0.170999665625 0.44325318906250005 0.1649850546875 0.43637635 0.154158721875 0.43387689375000005 0.14814411249999998 0.427000053125 0.13370893749999999 0.440132203125 0.122882540625 0.454097503125 0.11085319687499999 0.47327334062500004 0.1024326328125 0.493282328125 0.1000267390625 0.5037033984375 0.101229621875 0.5149576203125
3 0.40677361875000007 0.376944234375 0.39955600156250004 0.3917426890625 0.3935412671875 0.41779536406249995 0.39233832031250004 0.42300589843749997 0.3875265328125 0.443848040625 0.37910590625 0.48032178593749997 0.3803087890625 0.49157600781250005 0.382714621875 0.4976196953125 0.392338009375 0.505329684375 0.40677312031249996 0.5086622937499999 0.427222840625 0.5188717406250001 0.4500784578125 0.51866011875 0.471731125 0.5236590296875 0.4933837921875 0.5286579421875001 0.5054131359375 0.5094821078125 0.5150366484375 0.48426258281249995 0.527066115625 0.43215723125 0.5294720093749999 0.42173616249999996 0.53067501875 0.40006086874999996 0.5330809750000001 0.37317504218750003 0.537892825 0.33586814375 0.531878278125 0.3125265484375 0.518646175 0.287518646875 0.4981964546875 0.2773091984375 0.48255839375000004 0.2791871265625 0.4657173890625 0.2862755890625 0.45128221562500004 0.2994077375 0.441658765625 0.30816250312500004 0.43083236874999997 0.3221278046875 0.4200059734375 0.33609310625 0.41158540625000006 0.35610209375 0.40677361875000007 0.376944234375
3 0.482556771875 0.70727081875 0.49338310625000004 0.709770275 0.5174416671875 0.704348115625 0.53548568125 0.6755843625 0.5511238656249999 0.64077691875 0.55954449375 0.6043031734375 0.566762175 0.5730399640625 0.565559290625 0.5617857421875 0.5523271249999999 0.5532425984375 0.53548618125 0.5438663015625 0.5174422921875 0.5397005421875 0.5126306296875 0.5276131687500001 0.5078189671875 0.51552579375 0.5018042953124999 0.5251137124999999 0.4933837296875 0.5451227000000001 0.48857188125000006 0.5824295984375001 0.48255708437499995 0.6249470296874999 0.47774523281250003 0.6622539296875 0.477745109375 0.69518344375 0.482556771875 0.70727081875
3 0.736374990625 0.54633908125 0.7399837078125 0.563636990625 0.74960709375 0.5713469812499999 0.762839259375 0.579890125 0.776071425 0.58843326875 0.7929124296875 0.58134480625 0.8049417734375 0.56216896875 0.8193770109375 0.5325720640625 0.8265946921875 0.5013088515625 0.8362182656250001 0.45962457187499994 0.837421275 0.43794927968749997 0.8350155062500001 0.415440834375 0.8277980140625001 0.3973097734375 0.8169716796875001 0.39481031718750004 0.7941160640625 0.3950219390625 0.7868984453125 0.40982039375 0.770057378125 0.43337361406249997 0.7568250875 0.457759984375 0.7520133 0.478602125 0.750810290625 0.5002774171875 0.743592609375 0.5315406265625 0.7411867156249999 0.541961696875 0.736374990625 0.54633908125
3 0.1734054953125 0.4492968765625 0.1878406078125 0.45262948437499995 0.19746405625000002 0.4438747171875 0.2118991703125 0.4472073265625 0.222725628125 0.41677726562500006 0.22874036250000002 0.3907245921875 0.23595804375 0.35946138125 0.2335522734375 0.3369529359375 0.23234945312500002 0.30923395781249996 0.22874073749999999 0.29193604687499997 0.220320296875 0.2790155203125 0.20588512187500002 0.2921476703125 0.1926528328125 0.316534040625 0.1794204796875 0.3573851703125 0.1734056828125 0.39990260312500003 0.1722026125 0.438042653125 0.1734054953125 0.4492968765625
3 0.22753654218750002 0.6264417296875 0.237159928125 0.6341517203125 0.2612184921875 0.6287295625 0.2876830078125 0.5964215765625 0.3009152984375 0.57203520625 0.3129446421875 0.5528593703125 0.32497404687500003 0.5172187765625 0.3382064 0.4763676484375 0.33098884375000004 0.47470134374999995 0.31294495312500004 0.47053558281249996 0.2985098421875 0.467202975 0.2936981796875 0.45511559999999995 0.2924952953125 0.443861378125 0.28768357031249997 0.44823876093750004 0.2744513421875 0.45616037499999995 0.26963961875 0.460537759375 0.257610275 0.47971359375 0.246783815625 0.5101436546875 0.23595735625 0.5405737125 0.23114556875 0.561415853125 0.22513077343750001 0.6039332859375001 0.22753654218750002 0.6264417296875
3 0.652170275 0.4994576046875 0.643749709375 0.5194665921875 0.643749646875 0.53593135 0.653373034375 0.543641340625 0.67382275625 0.5538507890625 0.6918666453125 0.5580165484374999 0.7111134828125001 0.5569717734374999 0.7315632671875 0.5507164640625 0.738780884375 0.535918009375 0.7447955562499999 0.5263300921875 0.7496073437499999 0.5054879515625 0.750810415625 0.467347903125 0.7508105406250001 0.43441838749999995 0.7520136125 0.39627833749999997 0.7508107890625 0.36855935781250004 0.74479618125 0.36168251875 0.7279552375 0.3523062234375 0.70630250625 0.36377206875 0.6966790578125 0.372526834375 0.6846497140625 0.3917026703125 0.6762291484375 0.411711659375 0.66901153125 0.42651011250000004 0.6605909640625 0.44651910156249996 0.65938795625 0.4681943921875 0.655779115625 0.4838259984375 0.652170275 0.4994576046875
3 0.8759143875 0.5840425453125 0.872305546875 0.5996741515624999 0.8711026000000001 0.6048846875 0.8771172093749999 0.6117615265625 0.8879435421874999 0.6142609828125 0.8999728234375001 0.611549903125 0.9071904421875001 0.59675145 0.9132051140625 0.58716353125 0.9192198484375 0.56111085625 0.9204228578125001 0.5394355625 0.9252346453125 0.5185934234375 0.9288434859375 0.5029618171875 0.9312493796875 0.49254074687499994 0.928843546875 0.486497059375 0.9264377171874999 0.48045337187500003 0.9204230453125 0.49004129062499996 0.9156113187500001 0.49441867500000003 0.9059878703124999 0.503173440625 0.8999731984375 0.512761359375 0.8975673046875 0.5231824281249999 0.8915526343750001 0.532770346875 0.8879437937500001 0.5484019531250001 0.8771173343750001 0.5788320109375 0.8759143875 0.5840425453125
3 0.8181740640624999 0.5377825984375 0.8097534984375001 0.5577915859375 0.8037388265625 0.5673795046875 0.8013329328125 0.577800575 0.8049416484374999 0.5950984859374999 0.8169708671875 0.6088521625000001 0.8265942546874999 0.6165621531250001 0.8398264828125 0.6086405390625 0.848247046875 0.5886315515625 0.862682284375 0.5590346453125 0.86869701875 0.5329819703124999 0.8759147 0.501718759375 0.87350893125 0.4792103140625 0.8686972687500001 0.4671229390625 0.865088490625 0.46628978749999994 0.8578709343750001 0.464623484375 0.848247484375 0.47337825 0.8386240359375 0.4821330171875 0.8326093625000001 0.491720934375 0.8253917453125 0.5065193875 0.8217829046875 0.52215099375 0.8181740640624999 0.5377825984375
3 0.3237705390625 0.6706121281249999 0.33940859687499997 0.6687342000000001 0.353843771875 0.6556020515625 0.36948189375 0.6372593671875 0.3935405796875 0.5989076953125 0.4019611453125 0.5788987062500001 0.4127876671875 0.532003890625 0.4163965078125 0.5163722843749999 0.40917895 0.5147059796875 0.38632339843749997 0.49845284687499997 0.37910590625 0.48032178593749997 0.3803088515625 0.47511125 0.3767000734375 0.4742780984375 0.368279571875 0.4778223296875 0.356250290625 0.4805334078125 0.33459762187500003 0.4755344953125 0.333394675 0.48074503125 0.32617699375 0.5120082406249999 0.314147525 0.5641135921875 0.3117415703125 0.59099941875 0.31053849843750003 0.6291394703125001 0.31535009999999997 0.6576916015625 0.3237705390625 0.6706121281249999
3 0.8662906265625001 0.6751210984375 0.8686965203125 0.6647000281250001 0.8662907499999999 0.642191584375 0.8590732578125 0.6240605218749999 0.853058646875 0.6171836828124999 0.8434352609375001 0.6094736921874999 0.8410294296874999 0.60343000625 0.8398264828125 0.6086405390625 0.8314059796875 0.6121847703125 0.8265942546874999 0.6165621531250001 0.8253913078125 0.6217726890625 0.8302029703124999 0.6338600640625 0.8314058546875 0.6451142859375001 0.8314057921875 0.6615790421875001 0.8277969515624999 0.6772106484375 0.8253910578125 0.68763171875 0.8241881109375001 0.6928422546874999 0.8338114984375 0.7005522453124999 0.8386231609375001 0.71263961875 0.8458407171875001 0.7143059234375 0.8506524421874999 0.709928540625 0.8626817859375 0.6907527046874999 0.8662906265625001 0.6751210984375
3 0.8229851640625 0.6980527890625 0.8265940046875 0.682421184375 0.8277969515624999 0.6772106484375 0.8265940687500001 0.6659564265625 0.8314058546875 0.6451142859375001 0.8302029703124999 0.6338600640625 0.8229854765625 0.6157290015625 0.8205796453125 0.6096853140625 0.8049416484374999 0.5950984859374999 0.7989270390625001 0.5882216453125 0.7929123687499999 0.5978095625 0.7929123046875 0.6142743203125 0.7929122421875 0.630739078125 0.7917092343750001 0.6524143703124999 0.7868974468750001 0.6732565109374999 0.7905061625 0.690554421875 0.794114878125 0.7078523296875 0.8001294874999999 0.71472916875 0.8109558203124999 0.717228625 0.8169704937500001 0.7076407062500001 0.8229851640625 0.6980527890625
3 0.8494499937500001 0.5834210171875001 0.848247046875 0.5886315515625 0.84463820625 0.6042631578125001 0.8470440375000001 0.61030684375 0.857870371875 0.6128063 0.866290875 0.6092620703125 0.872305546875 0.5996741515624999 0.8771173343750001 0.5788320109375 0.8855378999999999 0.5588230234375 0.8963643578125 0.5283929640625 0.8999731984375 0.512761359375 0.8999732609375 0.4962966015625 0.8927557046875 0.49463029687500004 0.8831322546875 0.5033850640625 0.8759146375 0.518183515625 0.872305796875 0.533815121875 0.8638852312499999 0.5538241109375 0.8566676125000001 0.5686225625 0.8494499937500001 0.5834210171875001
3 0.3009159859375 0.390922875 0.2973070828125 0.42301923906249994 0.2924952953125 0.443861378125 0.2973069578125 0.45594875312500005 0.2985098421875 0.467202975 0.356250290625 0.4805334078125 0.3634678453125 0.48219971250000004 0.368279571875 0.4778223296875 0.3791059671875 0.4638570265625 0.3875265328125 0.443848040625 0.39835299218750003 0.41341797968750005 0.4019618953125 0.38132161875000004 0.409179575 0.3500584078125 0.41278847812499997 0.31796204375000003 0.40677393124999994 0.2946204484375 0.405571046875 0.2833662265625 0.3959476609375 0.27565623437500003 0.388730103125 0.27398993125 0.3754979390625 0.2654467875 0.3598598796875 0.2673247140625 0.344221759375 0.285667396875 0.32617774375 0.31443115312500003 0.318960125 0.32922960625000003 0.30693071875 0.36487020000000003 0.3009159859375 0.390922875
3 0.1505499421875 0.43304374062499995 0.161376278125 0.435543196875 0.170999665625 0.44325318906250005 0.1758114515625 0.4224110484375 0.1758115765625 0.3894815328125 0.1794204796875 0.3573851703125 0.18302932031250002 0.34175356562500003 0.1890439921875 0.332165646875 0.18904405468750002 0.3157008890625 0.18784116875 0.3044466671875 0.181826559375 0.297569828125 0.1770148359375 0.3019472109375 0.1625796609375 0.315079359375 0.151753140625 0.3619741765625 0.146941353125 0.3828163171875 0.14573834218749998 0.40449160781250004 0.14814411249999998 0.427000053125 0.1505499421875 0.43304374062499995
3 0.5619499515624999 0.7091354062499999 0.5739791078125001 0.7393538421875 0.577587884375 0.74018699375 0.587211271875 0.7478969859375 0.6004434984375 0.7399753718750001 0.613675790625 0.7155889984375 0.6281110265625001 0.68599209375 0.6377345390625 0.66077256875 0.64976394375 0.6251319750000001 0.656981625 0.593868765625 0.665402190625 0.5738597765625 0.667808084375 0.5634387078125 0.65457591875 0.5548955640625 0.637734975 0.54551926875 0.6341261968749999 0.544686115625 0.6293144734375 0.5490635 0.6160822453125 0.5569851124999999 0.6028500171875 0.5649067265625 0.584806128125 0.5607409671875 0.56916806875 0.5626188937500001 0.56435628125 0.583461034375 0.5571386 0.6147242453125 0.5547326453125 0.641610071875 0.555935465625 0.6693290515625 0.5559354046875 0.685793809375 0.5619499515624999 0.7091354062499999
3 0.227537353125 0.4123998828125 0.22392851249999998 0.4280314890625 0.22392845 0.444496246875 0.2299430609375 0.45137308593750003 0.24317522500000002 0.4599162296875 0.2552045046875 0.45720514999999995 0.263625009375 0.45366091875 0.2768572359375 0.44573930468749995 0.2864806859375 0.43698453906249995 0.2949012515625 0.4169755515625 0.3009159859375 0.390922875 0.30693071875 0.36487020000000003 0.30693084375 0.331940684375 0.31174263125 0.31109854531250003 0.31174269374999997 0.2946337875 0.305728146875 0.271292190625 0.2997135375 0.26441535156249996 0.293698928125 0.2575385125 0.2864813734375 0.25587220781250003 0.28287259374999996 0.25503905625 0.2720462609375 0.25253960000000003 0.2612198640625 0.2665049 0.2395670078125 0.3109002609375 0.237161053125 0.3377860890625 0.23114631874999997 0.3638387640625 0.23114625625000002 0.3803035203125 0.227537353125 0.4123998828125
3 0.156564115625 0.55517388125 0.1746080671875 0.542874884375 0.1842315171875 0.53412011875 0.1914491359375 0.5193216640625 0.1998697015625 0.4993126765625 0.20708732031250002 0.48451422343750006 0.2143049375 0.46971576875 0.22513133437500002 0.45575046874999997 0.22392845 0.444496246875 0.2131021171875 0.441996790625 0.19746405625000002 0.4438747171875 0.1890435546875 0.44741894843749996 0.18423182968750001 0.4517963328125 0.1758113265625 0.45534056093749997 0.16498493125 0.46930586406249997 0.1481438625 0.49285908437500003 0.13852035000000001 0.51807860625 0.14092611875 0.5405870515625 0.1457377828125 0.552674425 0.156564115625 0.55517388125
3 0.4007578859375 0.6664330281249999 0.40316365625 0.6889414734375 0.4151928734375 0.7026951515625 0.4356426578125 0.6964398421875 0.453686671875 0.6676760875000001 0.46812190937500003 0.6380791796875 0.4825572078125 0.592017515625 0.49458667656250005 0.539912165625 0.4981955171875 0.5242805609375 0.48616623593749997 0.5269916375 0.47413695625 0.5297027171875001 0.456093065625 0.5255369578125 0.441657953125 0.5222043484375 0.4200052859375 0.5172054375 0.41880233906250003 0.522415971875 0.41759939218750003 0.5276265078125 0.4079758796875 0.55284603125 0.40316403125000005 0.5901529296875 0.397149296875 0.616205603125 0.3983521171875 0.643924584375 0.4007578859375 0.6664330281249999
3 0.648560684375 0.7126662984375 0.655778178125 0.730797359375 0.6605898406249999 0.7428847328125 0.671416175 0.7453841890625 0.6906630125000001 0.7443394140625 0.7002864625 0.7355846484375 0.7050981875 0.7312072656249999 0.715924646875 0.7007772078125 0.7291569984375 0.659926078125 0.7315629546875 0.63304025 0.7339689109374999 0.6061544234375 0.7363748671875 0.579268596875 0.7363749281249999 0.5628038375 0.7303603203125 0.5559269984374999 0.7231427640625 0.5542606953125 0.7111134828125001 0.5569717734374999 0.6954754234375 0.5588497015625 0.6762285875 0.5598944765625 0.6702139781249999 0.5530176375 0.6641993046875 0.5626055546875001 0.6545756703125 0.6207545921875 0.6521697765625001 0.6311756625 0.6449520953125 0.6624388734375 0.6485607484375 0.696201540625 0.648560684375 0.7126662984375
3 0.20227528437500003 0.57121539375 0.225130959375 0.5545390140625 0.23114563281249997 0.5449510953125001 0.23836325 0.530152640625 0.251595540625 0.5057662703125 0.2612190515625 0.480546746875 0.26723378593749997 0.454494071875 0.258813284375 0.45803830312500005 0.24317522500000002 0.4599162296875 0.2287401140625 0.456583621875 0.21911666406250002 0.46533838593750004 0.2010726484375 0.4941021421875 0.1890432421875 0.529742734375 0.1842314546875 0.5505848765625 0.1890431171875 0.56267225 0.20227528437500003 0.57121539375
3 0.7279539265625 0.698066128125 0.7339684734375 0.7214077249999999 0.748403584375 0.7247403328125 0.7568240890625 0.7211961015624999 0.7712592625 0.708063953125 0.784491553125 0.68367758125 0.78810039375 0.6680459765625 0.795318075 0.636782765625 0.790506475 0.6082306328125 0.7905065359375001 0.5917658765625 0.7893036515625 0.5805116546875 0.784491928125 0.5848890375 0.77366559375 0.58238958125 0.755621703125 0.578223821875 0.7423895375 0.569680678125 0.7375778140625 0.5740580609375 0.73757775 0.5905228171875 0.7327659015625 0.6278297171875 0.7279541140625 0.64867185625 0.7267510421875001 0.6868119046875 0.7279539265625 0.698066128125
3 0.5174425406250001 0.4738415140625 0.5126307546875 0.49468365312499996 0.5078189671875 0.51552579375 0.5126306296875 0.5276131687500001 0.5150364609375 0.5336568546875 0.5270656796875001 0.547410534375 0.551124178125 0.5584531328125 0.5619505124999999 0.5609525890625 0.5884149046875 0.5615741187500001 0.6028500171875 0.5649067265625 0.6160822453125 0.5569851124999999 0.62570569375 0.5482303468749999 0.636532090625 0.5342650453125 0.646155603125 0.509045521875 0.662996796875 0.45256278906249997 0.6654027515625 0.42567695937499994 0.6690117796874999 0.36065108281249997 0.6581855703125 0.3252221125 0.6485621828125 0.3175121203125 0.6353300187500001 0.3089689765625 0.62089490625 0.30563636875 0.6004451234375 0.3118916796875 0.5872128937500001 0.31981329375 0.5715747734375001 0.3381559765625 0.5643571546875 0.35295443125000003 0.558342484375 0.3625423484375 0.5463131406249999 0.3817181859375 0.5402984671875 0.39130610312499997 0.53067495625 0.4165256265625 0.52586316875 0.4373677671875 0.5174425406250001 0.4738415140625