3 0.3200324875 0.76788755 0.346335496875 0.732128934375 0.352897359375 0.6672986578125 0.3560242984375 0.626061334375 0.3360778296875 0.5852267578125 0.32049023593750003 0.5737323437499999 0.312491115625 0.5562222203125 0.300646428125 0.5387792234375001 0.2856748 0.56257355 0.25926913125 0.5924507078125 0.23629838281249999 0.5987349125 0.22132675625 0.622529240625 0.2143542484375 0.6638336875 0.1996906046875 0.7052723859375 0.20051189531250002 0.7523240421875 0.20143584531249997 0.8052571546875 0.21338319375 0.828581609375 0.24050749218749998 0.83987465 0.2900892328125 0.815476203125 0.3200324875 0.76788755
3 0.6762330609375 0.6793045578125 0.6908967046875001 0.6378658609375 0.6977665515625 0.59067995625 0.7009961515625001 0.5553240890625 0.7004828453124999 0.525916803125 0.6964319546875 0.514221015625 0.6889461421874999 0.5261181765625 0.6815629890625 0.5438967984375 0.6662833781249999 0.550046753125 0.6395697234375 0.562279540625 0.6241874515625 0.5625480390625001 0.605062271875 0.5687651203125 0.597576459375 0.58066228125 0.5979871046875 0.6041881109375 0.5985004093749999 0.6335953953125 0.6026539609375 0.6511726421875 0.6070128343750001 0.6805128015624999 0.6152172765625 0.7097858390625 0.627061965625 0.727228834375 0.6465977890625 0.7445375828125 0.6618774000000001 0.738387628125 0.6762330609375 0.6793045578125
3 0.8599519328125 0.8467119546875 0.8712833156249999 0.8347476671875 0.8816907468749999 0.7698502656249999 0.884715025 0.722731484375 0.8912768890624999 0.6579012093750001 0.8866100296875 0.6109166765625 0.8821484953125 0.5756950578125 0.874149375 0.5581849375 0.862510009375 0.5525048546875 0.8355910328125 0.5529747265625 0.80877471875 0.55932605625 0.8050318109375001 0.5652746390625001 0.8014942265625 0.5829861328125 0.79795664375 0.6006976296875 0.798675271875 0.641867828125 0.799188578125 0.6712751124999999 0.8032394671875001 0.682970903125 0.8074956796875 0.7064296062500001 0.83118505625 0.7413156 0.83544126875 0.7647743046875 0.8475939406249999 0.7998616734375 0.8520554765625 0.835083290625 0.8599519328125 0.8467119546875
3 0.1473370125 0.5708714953125 0.1742559890625 0.570401621875 0.17758825 0.5409272109375001 0.17281873125 0.48806122343749997 0.1756376875 0.42917952968749995 0.1745084140625 0.3644835015625 0.177738015625 0.329127634375 0.15809952968750002 0.30593742968750004 0.1425119359375 0.2944430140625 0.12764296875 0.3241187984375 0.1052881890625 0.36569174531250004 0.1026745546875 0.436336353125 0.1114949640625 0.5008981312499999 0.1122135921875 0.5420683296875 0.12021271250000001 0.559578453125 0.1473370125 0.5708714953125
3 0.7428867546875 0.5310598890625 0.773343315625 0.512878521875 0.7720087203125 0.4364195796875 0.7671365390625 0.37767213437499997 0.7586241140625 0.3307547265625 0.746574103125 0.3015488171875 0.7271409421875 0.290121525 0.7078104390625 0.284575690625 0.6775592015624999 0.314519975 0.6778671859375 0.3321643453125 0.682123396875 0.3556230484375 0.6960213109375 0.4906951859375 0.7002775234375 0.514153890625 0.7237615765625 0.5372769703125 0.7428867546875 0.5310598890625
3 0.416321453125 0.5544098546875 0.44718865937499996 0.559754315625 0.4894899078125 0.55901594375 0.5276376046875 0.5407003265625 0.5465574625 0.5227203328125001 0.55352996875 0.4814158828125 0.5449148828125 0.42861701874999997 0.5359918125 0.358173784375 0.5316329375 0.3288336234375 0.5272740640625 0.2994934640625 0.511378484375 0.270354678125 0.4842541859375 0.2590616359375 0.464923684375 0.2535158015625 0.43810736875 0.25986713125 0.41554726718749996 0.2896771640625 0.404831853125 0.33693019375 0.3978593453125 0.37823464218749997 0.3950403890625 0.4371163375 0.392118771875 0.49011657499999994 0.4046820875 0.5487297718749999 0.416321453125 0.5544098546875
3 0.189740921875 0.57601458125 0.19784270312500002 0.599406159375 0.21717320468749998 0.6049519921875001 0.24004129062500001 0.59278633125 0.25552622343750003 0.5983992890625001 0.27049785000000004 0.5746049640625001 0.30074908906250003 0.5446606796875 0.3039786890625 0.5093048140625 0.29920917187499996 0.45643882500000005 0.2899781171875 0.36835121875 0.27803076875 0.3450267640625 0.25777631562500003 0.2865478171875 0.2382404921875 0.2692390703125 0.2112188546875 0.2638274859375 0.1921963375 0.2759260234375 0.18117293750000002 0.30553468125 0.1714841359375 0.4116022828125 0.1759456703125 0.4468238984375 0.1767669609375 0.4938755546875 0.1815364796875 0.54674154375 0.189740921875 0.57601458125
3 0.31664466875 0.5737994671875 0.3474092125 0.5732624703125 0.3896078 0.5666426421875 0.4045794265625 0.542848315625 0.396272325 0.507693821875 0.3955536953125 0.4665236234375 0.3985779734375 0.4194048421875 0.3939111171875 0.3724203109375 0.3816557828125 0.331451484375 0.3698110953125 0.3140084890625 0.35422349999999997 0.302514071875 0.3385332453125 0.2851382 0.31961338906250003 0.30311819375 0.3017201421875 0.3799127578125 0.302336109375 0.4152015015625 0.2989011875 0.438794453125 0.3039786890625 0.5093048140625 0.30469731875 0.5504750125 0.31664466875 0.5737994671875
3 0.601832671875 0.6041209859375 0.60101138125 0.5570693296875 0.585321125 0.53969345625 0.5581968265625 0.528400415625 0.5464548015624999 0.5168388765625 0.5276376046875 0.5407003265625 0.5086150875000001 0.5527988640625 0.5168195296875 0.5820719000000001 0.5175381578125 0.6232421 0.51056565 0.6645465484375 0.510873634375 0.68219091875 0.522718321875 0.699633915625 0.5422541468750001 0.7169426640625 0.569173121875 0.7164727921875 0.5993217 0.6806470515624999 0.6024486390625 0.639409728125 0.601832671875 0.6041209859375
3 0.151135478125 0.7884854031249999 0.1814893765625 0.7644225796875 0.1922047921875 0.71716955 0.21071400312500002 0.6756637265625 0.22142941718750003 0.628410696875 0.22091611093750002 0.5990034109375 0.20168827031249997 0.599339034375 0.185895353125 0.57608170625 0.17810155625 0.5703344968749999 0.158976378125 0.576551578125 0.13590296875000002 0.5769543265625 0.1322627234375 0.5887843640625 0.125392878125 0.63597026875 0.11852303125000001 0.6831561734375 0.111653184375 0.73034208125 0.11237181249999999 0.7715122796875 0.131804975 0.7829395703124999 0.151135478125 0.7884854031249999
3 0.8507679828124999 0.5409433140625 0.86604759375 0.5347933578124999 0.869071871875 0.4876745765625 0.860046140625 0.41134988593750005 0.859019528125 0.352535315625 0.8584035609375 0.31724657343749996 0.8503017796875 0.29385499375 0.8384570921875 0.276411996875 0.819126590625 0.2708661625 0.804257625 0.300541946875 0.7855430906249999 0.3302848546875 0.774622353125 0.36577497187499997 0.771598075 0.412893753125 0.7763675937500001 0.4657597421875 0.7884176046875 0.49496565156249994 0.8158498875 0.5239030640625 0.8507679828124999 0.5409433140625
3 0.8037527734375001 0.7123781890625 0.802418178125 0.635919246875 0.8014942265625 0.5829861328125 0.7967247078125 0.5301201437499999 0.788622928125 0.5067285671875 0.772830009375 0.48347123593749997 0.7768809 0.4951670265625 0.773343315625 0.512878521875 0.758166365625 0.524909934375 0.7428867546875 0.5310598890625 0.716070440625 0.53741121875 0.7044310734375 0.5317311359375 0.7008934906250001 0.5494426328124999 0.6938183203125 0.5848656234375 0.690486059375 0.614340034375 0.6912046875 0.6555102328125 0.6997171140625 0.7024276390625 0.711972446875 0.7433964640624999 0.7357644828125001 0.784163915625 0.76288878125 0.7954569578124999 0.789499775 0.7773427140625 0.8037527734375001 0.7123781890625
3 0.5930122625 0.5395592078125 0.6203418828125 0.5626151640625 0.6434152906249999 0.562212415625 0.6625404703125 0.5559953359375001 0.6853058953125 0.537948215625 0.6920730796875 0.48488085312500007 0.691251790625 0.437829196875 0.686584934375 0.39084466562500003 0.6820207359375 0.3497415921875 0.6777645234375 0.3262828875 0.669868065625 0.3146542234375 0.657920715625 0.29132976875 0.63828223125 0.2681395640625 0.6265402046874999 0.256578025 0.6034667953125 0.256980771875 0.584444278125 0.269079309375 0.557833284375 0.28719355156250004 0.5428616578125001 0.31098787968749997 0.5431696421875001 0.32863224999999996 0.5477338375 0.369735325 0.5485551281250001 0.41678698125 0.553221984375 0.46377151406249995 0.561837071875 0.5165703781250001 0.5930122625 0.5395592078125
3 0.9323462031249999 0.586585353125 0.951163396875 0.5627239015625001 0.9535717078125 0.48031637812500005 0.9485968671875 0.4156874765625 0.9436220265624999 0.3510585734375 0.9316746765625 0.32773411874999997 0.9235728953125 0.304342540625 0.9157790984374999 0.2985953328125 0.8968592421875 0.3165753265625 0.881990275 0.3462511109375 0.8672239703125 0.38180835 0.8682505828125 0.440622921875 0.8730201015624999 0.493488909375 0.885275434375 0.534457734375 0.9012736734375 0.569477978125 0.9323462031249999 0.586585353125
3 0.5128713 0.5762575671875 0.5087177484375001 0.558680321875 0.47015940624999997 0.5534701109375 0.439600184375 0.5657700218749999 0.4283714640625 0.5836157656250001 0.425244525 0.624853090625 0.422117584375 0.6660904140625 0.4230415359375 0.7190235281249999 0.4271950875 0.7366007734375 0.45037115781250003 0.7420794828124999 0.48487860937500005 0.7355939046875 0.510873634375 0.68219091875 0.5175381578125 0.6232421 0.5128713 0.5762575671875
3 0.424525896875 0.583682890625 0.4086303171875 0.5545441046875 0.393145384375 0.5489311453125 0.35125477968749996 0.5731953453124999 0.3398207375 0.579278175 0.3441796109375 0.6086183375 0.344795578125 0.643907078125 0.3492571140625 0.6791286953125 0.3462328359375 0.726247478125 0.346335496875 0.732128934375 0.36576865937499997 0.7435562250000001 0.3889447296875 0.749034934375 0.4156583828125 0.736802146875 0.4222202453125 0.6719718718750001 0.4290900921875 0.6247859671875 0.424525896875 0.583682890625