3 0.45510223281249995 0.768423684375 0.46742617500000005 0.7777280328125 0.504956940625 0.783489796875 0.5219997359375 0.7479854859375 0.524638634375 0.7145055124999999 0.5270759609375 0.65346295 0.512268925 0.600362109375 0.5010628625 0.546755184375 0.4856968859375 0.5158056296875 0.4633305265625 0.513430834375 0.4445651453125 0.510549953125 0.42011883125000005 0.5195038421875 0.40363497343750004 0.5328568625 0.395874084375 0.55602031875 0.40063870625 0.6160507140625 0.414685234375 0.6637402531250001 0.4272107453125 0.7006071921875 0.44333722968749995 0.7369680468750001 0.45510223281249995 0.768423684375
3 0.3590395609375 0.8426244296875 0.38044384062500003 0.8120253375 0.3967261265625 0.7711097265625 0.40636540468750004 0.7090549953124999 0.41032375156249995 0.6588350375 0.3955167125 0.6057341953125001 0.37731027031250003 0.5807020265625 0.35910382812499997 0.5556698578125 0.3395779359375 0.5473776765625 0.32365301875 0.538579409375 0.2999672140625 0.5529446 0.293525771875 0.5593680703125 0.282163909375 0.583037609375 0.27592403593750003 0.617023665625 0.28449120156249996 0.7041105640625 0.29209628906249996 0.7582235749999999 0.30690332656249997 0.8113244156249999 0.3266307859375 0.8471791859375 0.3590395609375 0.8426244296875
3 0.6292684703125 0.7273916640625 0.641189275 0.6815708375 0.6333826203124999 0.599895240625 0.6140125296875001 0.51432659375 0.597125534375 0.47255443750000004 0.5775996421875 0.46426225624999995 0.5588342609375 0.46138137500000004 0.5315474796874999 0.4762526484375 0.50634065625 0.4797952375 0.50294125 0.5078639093749999 0.5137899421875 0.6111847109374999 0.5344794796875 0.6800133703125 0.5585684234375 0.7207733578125 0.599141225 0.748180325 0.6292684703125 0.7273916640625
3 0.85290478125 0.25450695625 0.8424592265624999 0.20631133125 0.8342951984375 0.174349609375 0.8124877828124999 0.1498235234375 0.8003654093750001 0.1680817640625 0.7753601546875 0.1991869390625 0.7488338828125001 0.219469515625 0.7549179515625 0.26275992187499997 0.7551195203125001 0.2903225109375 0.7602415125 0.300639028125 0.7714475765625 0.3542459546875 0.8061378749999999 0.3659251 0.8472696140625 0.371180778125 0.8658334296874999 0.3464990703125 0.8589888515625 0.2977973625 0.85290478125 0.25450695625
3 0.8634876359374999 0.617219740625 0.8579625046875 0.5517780453125 0.8336719921875 0.48345546875 0.8065410125 0.42105027812499995 0.779611603125 0.386207675 0.7441607953125 0.3691172265625 0.7291979546875 0.3932928515625 0.7127141 0.40664587343749997 0.7136761765624999 0.4396197625 0.7138777453125 0.46718235156250004 0.7243233 0.515377975 0.7499332609375 0.566960565625 0.7848251281249999 0.6062023015625 0.8282383953125001 0.6276918796875 0.8634876359374999 0.617219740625
3 0.2215062765625 0.56948975 0.274961959375 0.584049778125 0.3028076796875 0.547027215625 0.31188801875 0.5071237734375 0.305602378125 0.4362707765625 0.285114409375 0.39500470625 0.2464199984375 0.328706465625 0.2210116046875 0.3046864640625 0.19996469687500001 0.28557168125 0.1775983375 0.283196884375 0.14310960781249998 0.2990803265625 0.1304282953125 0.339489853125 0.125709440625 0.38429851249999997 0.144319021875 0.46445585781250004 0.161206015625 0.5062280140625 0.1904169515625 0.55730451875 0.2215062765625 0.56948975
3 0.17402462968750002 0.7803356484374999 0.18218865625 0.81229736875 0.20967700625000002 0.824988684375 0.241325271875 0.8150226265624999 0.2699315015625 0.7834113656249999 0.2810917953125 0.7321792375 0.279369209375 0.693794046875 0.2710036140625 0.6342697375 0.27212149218750004 0.5899671609375 0.25619657500000004 0.5811688968750001 0.2258677609375 0.574394965625 0.2114638609375 0.5764193015625 0.19345898749999998 0.578949721875 0.18437864843750001 0.618853165625 0.17889928593749999 0.6582505234375 0.1775798375 0.6749905093749999 0.1728609828125 0.71979916875 0.1730625515625 0.7473617578125 0.17402462968750002 0.7803356484374999
3 0.8454369937499999 0.51491110625 0.88012729375 0.526590253125 0.9096956 0.52795288125 0.9153765328125001 0.5161181125 0.9049309796875 0.4679224875 0.8808420343750001 0.4271625 0.8639550406250001 0.3853903453125 0.8508705890625 0.37067469375 0.8241427484375 0.36339468125 0.8169408 0.3644068484375 0.8068983828125 0.3713364015625 0.79553651875 0.39500594218749996 0.7978180453125 0.41123984374999994 0.816784996875 0.4416833140625 0.8300710171875 0.483961553125 0.8454369937499999 0.51491110625
3 0.1442547546875 0.7514104296874999 0.160738609375 0.738057409375 0.174940940625 0.708470484375 0.1783403453125 0.6804018109375 0.180218734375 0.6415105375000001 0.17717670000000002 0.6198653328125 0.15841131718749998 0.6169844515625 0.13832648593750002 0.6308435578125 0.11748114531250001 0.6392913625000001 0.1038377546875 0.646727 0.0947574171875 0.6866304421875 0.0944000453125 0.73634431875 0.0997236078125 0.774223425 0.1063666171875 0.7953625453125001 0.122291534375 0.8041608109375 0.1442547546875 0.7514104296874999
3 0.0879128390625 0.637928734375 0.12108212031250001 0.6387852781250001 0.1483689015625 0.6239140046875 0.169012671875 0.5879036109375 0.170891059375 0.5490123375 0.168407965625 0.5052158453125 0.1479199953125 0.463949775 0.136915503125 0.4379054375 0.10298571249999999 0.431637590625 0.0842203296875 0.4287567109375 0.06317342031249999 0.409641928125 0.0459290546875 0.417583646875 0.0366471484375 0.4299245015625 0.0378107953125 0.4904609796875 0.057538256249999996 0.5263157515625 0.078026225 0.567581821875 0.0805093203125 0.6113783140625 0.0879128390625 0.637928734375
3 0.3966988609375 0.274477046875 0.37489144375 0.2499509640625 0.34608364375 0.25399963593749997 0.3295997890625 0.26735265625000004 0.3292424171875 0.3170665328125 0.32812453750000004 0.361369109375 0.3387716609375 0.437127321875 0.3456162390625 0.48582903125000004 0.3733061578125 0.526082934375 0.4136773890625 0.525927309375 0.45744802656249994 0.49770301406249995 0.5135426062499999 0.47878306875 0.56679671875 0.4657805078125 0.5940835 0.45090923437499997 0.6090463390624999 0.4267336109375 0.5961176906250001 0.33474149531249997 0.5797896359375 0.27081805000000003 0.5657431078124999 0.2231285109375 0.5475366640625 0.1980963421875 0.5122874265624999 0.20856848437500003 0.4973245859375 0.23274410781250002 0.49164365312499997 0.24457887656250002 0.4838827640625 0.26774233281250004 0.4820043765625 0.3066336078125 0.47084408125 0.357865734375 0.454360225 0.3712187578125 0.4353932734375 0.34077528749999997 0.4207878046875 0.31523703593749997 0.3966988609375 0.274477046875
3 0.7271179984375 0.4046215375 0.7498417265625 0.3572824578125 0.7587204953125 0.289816428125 0.7490354499999999 0.247032103125 0.7313879484375 0.19984864687499998 0.7152614625 0.1634877921875 0.7006559953125 0.137949540625 0.6868110359374999 0.11782258906250001 0.6585621765624999 0.09971997187500001 0.6305148875000001 0.1091799453125 0.6142325984375 0.15009555624999998 0.6129131515624999 0.16683554375 0.6066732781249999 0.2008216 0.5975929421874999 0.24072504375 0.6038785796874999 0.3115780390625 0.6150846421875 0.3651849640625 0.647896553125 0.41575538593749994 0.694150284375 0.43132758125 0.7271179984375 0.4046215375
3 0.6844009734375 0.6754978296874999 0.7134103406250001 0.6990117453125 0.7481006390625 0.7106908921875 0.7679839015625001 0.6692691984375 0.7580972874999999 0.5989222859375001 0.736647240625 0.524682325 0.7146382546875001 0.472593653125 0.6841078703125001 0.43825713437499997 0.6594599859375 0.419648434375 0.6270512125 0.424203190625 0.620609771875 0.430626659375 0.612088375 0.4483788140625 0.6050879921875 0.4769535703125 0.6162940546875 0.5305604953125 0.6238991421875 0.5846735062499999 0.6487485953125 0.6308447921875 0.6844009734375 0.6754978296874999