3 0.31151323125 0.6451898953125 0.27730190781249997 0.6407063875000001 0.25544305 0.6616555921875 0.2610979484375 0.6716899078125 0.28119065781249997 0.7178850999999999 0.2920589140625 0.75473983125 0.29831494687500004 0.786924328125 0.312151625 0.8009350265625 0.3310420625 0.802829853125 0.3447191421875 0.7779042671874999 0.3414315265625 0.7228757359375 0.3284779265625 0.675292840625 0.31151323125 0.6451898953125
3 0.5787509421875 0.47634222968750006 0.570409565625 0.433429565625 0.5427362140625 0.405408175 0.527415328125 0.40281949531250005 0.5034711265625 0.413040534375 0.4944062734375 0.442636353125 0.4924805265625 0.47084446875 0.4905547796875 0.4990525859375 0.48610215312499994 0.5333186375000001 0.5020241734375 0.5580574984375 0.521957284375 0.565316409375 0.5622650453125 0.5630481328125 0.5755005859375 0.554908646875 0.5799532140625 0.5206425953125 0.5787509421875 0.47634222968750006
3 0.407571978125 0.54858335625 0.40235861718750005 0.5217629406250001 0.3885219421875 0.5077522453125 0.3715572484375 0.47764930000000005 0.3684292328125 0.46155705156250004 0.3474534484375 0.44893405625 0.3367447890625 0.4510156078125 0.31488593125 0.4719648140625 0.302251525 0.5022544843750001 0.302852659375 0.5244046671875 0.3101513640625 0.561953246875 0.309268290625 0.5955254453125 0.31135363437499997 0.6062536125 0.3262329828125 0.6256283921875 0.36148698125 0.63547598125 0.3854311828125 0.62525494375 0.39762405156249997 0.6117513734375 0.409215784375 0.5760976203125 0.407571978125 0.54858335625
3 0.0486908921875 0.6461765609375 0.069507078125 0.6198632734375 0.094334353125 0.576070034375 0.0967016375 0.53107581875 0.0929724859375 0.4928333875 0.079577346875 0.462036590625 0.050419784375 0.4454372140625 0.024831775 0.4281439890625 0.018735340625 0.4348957734375 0.0096704875 0.46449159218749997 0.0073032046875 0.5094858078125 0.014160371875 0.5638204874999999 0.021459076562500002 0.6013690703125001 0.0266724375 0.628189484375 0.0486908921875 0.6461765609375
3 0.2758176984375 0.652128403125 0.3048156625 0.629791496875 0.31283784375 0.5948315953125001 0.30806602031249997 0.5512250812499999 0.2965966265625 0.49222016875 0.28424415937499997 0.4667874546875 0.2744185734375 0.43529680937500004 0.251357446875 0.41194564843750003 0.22071567499999997 0.4067682890625 0.20391057968749998 0.41560162656250005 0.18814815625 0.4297990484375 0.1765564234375 0.4654527984375 0.17314646875 0.5050829328125 0.17599254375 0.5768975640625 0.179721696875 0.615139996875 0.18954728125 0.6466306421875 0.2248012796875 0.656478234375 0.2758176984375 0.652128403125
3 0.4617164140625 0.560325775 0.476436165625 0.540764271875 0.484016809375 0.5225904703124999 0.49203899062499995 0.48763056875000005 0.4939647359375 0.459422453125 0.490235584375 0.42118002031249996 0.47832465312499994 0.3789612078125 0.46849906875 0.3474705609375 0.452577046875 0.3227316984375 0.44082571406250004 0.31944916874999996 0.4208926046875 0.3121902578125 0.4030448375 0.3156595109375 0.384755534375 0.335914865625 0.3782175609375 0.35945275 0.376291815625 0.38766086718750004 0.373323396875 0.4105049 0.369913440625 0.450135034375 0.372599921875 0.48301338281249995 0.3977463921875 0.517092709375 0.42437707343750003 0.5397500187500001 0.4474382 0.5631011796875 0.4617164140625 0.560325775
3 0.7728314375 0.3885159828125 0.7558667453125001 0.3584130375 0.7399447234375 0.33367417499999996 0.7113882968749999 0.3392249828125 0.6752512265624999 0.362949590625 0.660531475 0.3825110953125 0.6621752828125 0.41002536093749997 0.6663459703125 0.43148169375 0.67617155625 0.4629723390625 0.673644675 0.4690302734375 0.7099413453125 0.484241946875 0.7338855468750001 0.4740209078125 0.743551534375 0.46657527187500003 0.7639261828125 0.45704808437500005 0.781172815625 0.431428646875 0.7728314375 0.3885159828125
3 0.5792297375000001 0.593151078125 0.5668772703125 0.567718365625 0.546944159375 0.560459453125 0.5234414953125001 0.5538943921875 0.5009815015625 0.5526934156250001 0.488187496875 0.5440468015625 0.48417640781250004 0.5615267515625 0.4812079890625 0.5843707874999999 0.48433600468750004 0.6004630359375 0.500258025 0.6252018984375 0.5126104921875 0.6506346093750001 0.524962959375 0.6760673234375 0.5387996359375 0.69007801875 0.5633449734375 0.7020071640625 0.5919014015624999 0.69645635625 0.5906991296874999 0.6521559906250001 0.583400425 0.614607409375 0.5792297375000001 0.593151078125
3 0.526606765625 0.7035815890625 0.5161800453125001 0.649940759375 0.499215353125 0.6198378156250001 0.47868110625 0.5904287203125 0.45666265156249997 0.5724416421875 0.43568686874999996 0.5598186484375 0.4133864734375 0.5975539546874999 0.4032789484375 0.6217856890625 0.402395875 0.6553578890625 0.4199617015625 0.7076110171875001 0.42413239062499997 0.7290673484375 0.43231417031249997 0.7330437296875 0.44823619062500003 0.757782590625 0.4666850921875 0.77646351875 0.4983695359375 0.7870049625 0.523356409375 0.78214800625 0.5313785906249999 0.7471881046875 0.526606765625 0.7035815890625
3 0.1638741875 0.857591028125 0.17249750625 0.844781309375 0.1794770125 0.8044573265625001 0.1895845390625 0.780225590625 0.20133587187500002 0.7835081203125001 0.20699076875000003 0.7935424359375001 0.21769942812499998 0.7914608828125 0.2217105203125 0.7739809328125 0.21501294999999998 0.758582534375 0.206230034375 0.7324559703125 0.192393359375 0.7184452734375 0.18361044531249998 0.6923187093750001 0.1804824296875 0.6762264609375 0.17691287656250002 0.6769203125 0.16010778125 0.68575365 0.1493991203125 0.687835203125 0.13869046093749998 0.6899167546875 0.11875734843750001 0.6826578421875 0.11161824218750001 0.68404554375 0.11326205 0.7115598109375 0.127258325 0.764506790625 0.13351435625000002 0.7966912875000001 0.151521721875 0.832158315625 0.1638741875 0.857591028125
3 0.2943038578125 0.8044042812500001 0.301283365625 0.7640802953125 0.277621103125 0.7185789515625001 0.2600552765625 0.666325825 0.249788153125 0.651621278125 0.21156573750000002 0.6646177203125 0.18613732656249998 0.6862607765625001 0.18108356406249998 0.69837664375 0.19447870312499999 0.729173440625 0.2242374015625 0.7679229984375 0.2386752125 0.8040838765625 0.2474581265625 0.8302104421875001 0.26634856406249996 0.8321052703125 0.2943038578125 0.8044042812500001
3 0.1855361921875 0.66411059375 0.1941595078125 0.651300875 0.1761521421875 0.615833846875 0.17599254375 0.5768975640625 0.17374760312499998 0.527233115625 0.1710611234375 0.4943547671875 0.15870865625 0.468922053125 0.1356475296875 0.4455708921875 0.1238961953125 0.4422883640625 0.10456422031249998 0.457179634375 0.09802624843749999 0.48071751875 0.0914882765625 0.504255403125 0.0912063375 0.5599777859375 0.0955366234375 0.6203704 0.10179265625 0.6525548984375 0.12589645625 0.681270140625 0.1626346625 0.6796957156250001 0.1855361921875 0.66411059375
3 0.6596484015625 0.41608329375 0.6462532624999999 0.3852864984375 0.62632015 0.3780275859375 0.6059455015624999 0.387554775 0.5790328828125 0.4206198484375 0.572494909375 0.4441577328125 0.575181390625 0.47703608124999997 0.5757825249999999 0.49918626406250005 0.58753385625 0.5024687937500001 0.6074669687500001 0.50972770625 0.6366245312500001 0.52632708125 0.6651809578125001 0.520776275 0.6742458109375 0.49118045625000006 0.6694739875 0.44757394218749996 0.6596484015625 0.41608329375
3 0.81718754375 0.502362703125 0.795610625 0.46758952656249997 0.78177395 0.4535788296875 0.753217521875 0.45912963749999997 0.7277891109375 0.4807726921875 0.7109840171874999 0.48960602968750006 0.6920935781249999 0.48771120156250003 0.6738042734375 0.5079665546875 0.668308975 0.5368685234374999 0.6928543109375 0.5487976671875 0.69955188125 0.564196065625 0.700594553125 0.569560146875 0.7215703359375001 0.58218314375 0.7675329921875 0.58994918125 0.78686496875 0.575057909375 0.8112507078125001 0.5480507703125 0.82701313125 0.53385335 0.81718754375 0.502362703125
3 0.421163971875 0.7519113828124999 0.42100437343749997 0.7129750984375 0.41579101406249996 0.6861546859375001 0.403438546875 0.6607219718749999 0.3885591984375 0.6413471921875 0.360444309375 0.6301119 0.33798431562500003 0.628910921875 0.3262329828125 0.6256283921875 0.321179221875 0.637744259375 0.332047478125 0.6745989890625 0.3362181671875 0.6960553218750001 0.34247419843750004 0.72823981875 0.3466448875 0.7496961515625 0.3462033515625 0.7664822515624999 0.3610827 0.7858570296875 0.3723924953125 0.8059256609375 0.39232560625 0.8131845703125 0.40913070156250003 0.8043512343750001 0.41462600156249996 0.7754492671875 0.421163971875 0.7519113828124999
3 0.7064090484375 0.6185307453125 0.6991103437499999 0.5809821656249999 0.68928475625 0.5494915171875 0.6708358546875 0.5308105890625 0.6616114046875 0.521470125 0.64123675625 0.5309973125 0.6126803296875 0.5365481203125 0.609110775 0.5372419703125 0.5994447875 0.54468760625 0.590821471875 0.5574973265625001 0.5832408265625 0.575671128125 0.58175661875 0.5870931453125 0.5951517578125001 0.617889940625 0.6089884343749999 0.6319006359375 0.6412740125 0.6645922625 0.67757068125 0.6798039359375 0.706127109375 0.6742531281249999 0.7116224078125 0.6453511609375 0.7064090484375 0.6185307453125