3 0.6224631828125 0.5977051921875 0.631308746875 0.585047921875 0.6382565140625001 0.561627725 0.6380420453125 0.539470425 0.64140869375 0.5166816765625 0.63761310625 0.4951558234375 0.6373986375 0.47299852343750004 0.6364497390625 0.46761705937500003 0.6221252625 0.4701428515625 0.61664635 0.46001137343750004 0.6156974515625 0.4546299109375 0.61306523125 0.46064282187499994 0.608749684375 0.47805010625 0.5999041218750001 0.49070737812500004 0.5855796453125001 0.49323316874999995 0.5676740484375 0.496390409375 0.565041828125 0.50240331875 0.574316328125 0.53406065 0.582641934375 0.56033651875 0.5900186421875 0.5812309234375 0.6000275703125 0.5961124156250001 0.6162498421875 0.6043495515624999 0.6224631828125 0.5977051921875
3 0.26496225 0.53866910625 0.25305552656249997 0.5130246875 0.24378102343750002 0.48136735625 0.238087640625 0.44907857812499996 0.237873171875 0.4269212765625 0.22259979843750002 0.42406560468750004 0.21259086875 0.40918411250000003 0.20827532187500003 0.426591396875 0.22302873750000002 0.46838020625 0.23420103281250002 0.5108004640625 0.2415777421875 0.53169486875 0.2578000125 0.539932003125 0.26496225 0.53866910625
3 0.567063071875 0.618571284375 0.5711641484375 0.5790066984375 0.5700007828125 0.551467934375 0.5643074 0.5191791578125 0.5605118109375 0.49765330468749996 0.546187334375 0.500179096875 0.527332840625 0.49795487187500004 0.5075294515625 0.490349184375 0.5020505390625 0.4802177078125 0.492041609375 0.46533621406250003 0.49372493281249996 0.4539418390625 0.4927760359375 0.44856037656250003 0.49014381562500003 0.4545732875 0.49225607812499994 0.4874935140625 0.49152165 0.5042693515625001 0.49341944531250004 0.5150322765625 0.504591740625 0.5574525343750001 0.51196845 0.578346940625 0.518396259375 0.59385988125 0.537465221875 0.61824140625 0.5527385953125 0.6210970765625 0.567063071875 0.618571284375
3 0.6710975640625 0.43376381875 0.685636509375 0.4533953265625 0.70733769375 0.471763940625 0.7288244078125 0.467975253125 0.7421999875 0.460067996875 0.7591566859375 0.45152929375 0.7625233359375 0.42874054531250005 0.7623088671875 0.4065832453125 0.7566154828125 0.374294465625 0.7518709984374999 0.3473871515625 0.7471265125000001 0.32047983593749996 0.7406987015625 0.3049668953125 0.7290064468749999 0.301479775 0.718263090625 0.30337411875 0.7084686296875 0.310649925 0.7058364078125 0.3166628359375 0.6917264000000001 0.34134592812500003 0.6802486156249999 0.360016109375 0.669719728125 0.3840677546875 0.6699341984375 0.40622505468750003 0.6691997703125 0.423000890625 0.6710975640625 0.43376381875
3 0.3575513890625 0.5611845984375 0.361866934375 0.5437773140625 0.35902024374999997 0.527632925 0.3499602125 0.51813289375 0.33110571875 0.5159086703125 0.32036236093750003 0.5178030140625001 0.32226015625 0.528565940625 0.312680165625 0.5579990484375 0.31384353125 0.5855378124999999 0.32122023906249997 0.606432215625 0.3391258359375 0.6032749765625 0.3479713984375 0.59061770625 0.35228694374999997 0.573210421875 0.3575513890625 0.5611845984375
3 0.3000390140625 0.5491304640625 0.31773013906249997 0.523815925 0.3148834484375 0.5076715359375 0.3018133578125 0.4544883515625 0.2906410609375 0.41206809531250005 0.28063213125 0.39718660156249996 0.26535875781249996 0.3943309296875 0.242923146875 0.3927381546875 0.23692427500000002 0.4215398140625 0.2390365390625 0.454460040625 0.2475766125 0.502893209375 0.26854336875 0.538037659375 0.2785523 0.5529191515625 0.3000390140625 0.5491304640625
3 0.5676740484375 0.496390409375 0.5989552234375 0.48532591406250003 0.61138190625 0.47203719531250005 0.610952965625 0.4277225953125 0.6059940109374999 0.378657978125 0.5867105796875001 0.33211915468750003 0.570273840625 0.30172471875 0.5440426390625 0.27860609062499997 0.51181256875 0.284289121875 0.49243811718749997 0.3209980375 0.488337040625 0.360562621875 0.48971487500000005 0.41025868593750003 0.495622728125 0.4647047671875 0.5029994359375001 0.48559917031250005 0.5282817390625001 0.5033363359374999 0.5676740484375 0.496390409375
3 0.4814217015625 0.572635596875 0.47572831875 0.5403468171875 0.472881628125 0.524202428125 0.47193273125 0.5188209640625 0.4683516109375 0.5194524125 0.44328377812499997 0.5238725484375 0.4289593015625 0.5263983390625 0.406523690625 0.524805565625 0.3948314359375 0.5213184453124999 0.40294257031249997 0.5254370125000001 0.41295149999999997 0.54031850625 0.41769598593749996 0.5672258218749999 0.41959377968749995 0.5779887484375 0.42149157343750004 0.5887516749999999 0.43244940156249995 0.60901463125 0.45678280625 0.6213703328125 0.47205618125 0.6242260046875 0.481850640625 0.616950196875 0.48521729062499996 0.5941614484375 0.4814217015625 0.572635596875
3 0.3117312671875 0.552617584375 0.3186790359375 0.5291973875 0.31773013906249997 0.523815925 0.3124656953125 0.535841746875 0.2990901171875 0.5437490031250001 0.2857145375 0.55165625625 0.27402228281249996 0.5481691375 0.26496225 0.53866910625 0.2651767203125 0.5608264078125 0.26992120625 0.5877337234375 0.2870923734375 0.6013523203125 0.30499796875 0.59819508125 0.3119457375 0.574774884375 0.3117312671875 0.552617584375
3 0.76800225 0.43887202500000005 0.7582077890625001 0.44614783124999996 0.7529433453125 0.45817365312499997 0.743148884375 0.4654494609375 0.7467300046875 0.4648180125 0.7541067124999999 0.4857124171875 0.760534521875 0.5012253578125 0.7669623328124999 0.5167383 0.77149235 0.521488315625 0.7786545874999999 0.5202254187500001 0.78750015 0.5075681484375 0.786336784375 0.48002938593750005 0.778960075 0.45913498124999996 0.77158336875 0.43824057656250004 0.76800225 0.43887202500000005
3 0.7467300046875 0.4648180125 0.7386188687499999 0.4606994453125 0.7109188140625 0.4711324921875 0.6992265578125 0.46764537187500005 0.7075521640625 0.49392124062500004 0.7103988546875 0.5100656296875 0.7122966484375 0.5208285546875 0.7177755625 0.530960034375 0.733997834375 0.53919716875 0.7502201046875 0.547434303125 0.7681256984375 0.5442770640625 0.7633812140625 0.517369746875 0.7541067124999999 0.4857124171875 0.7467300046875 0.4648180125
3 0.3714469265625 0.51434420625 0.37839469375 0.490924009375 0.3743846359375 0.44724085625 0.366793459375 0.4041891515625 0.35130561718750003 0.3791761796875 0.3331855515625 0.36017611875 0.31696328125 0.351938984375 0.291680978125 0.3342018203125 0.28663100468749997 0.3683849421875 0.29991556406250003 0.44372542656249997 0.3101389625 0.4807642203125 0.32752459843750004 0.5165401187499999 0.34637909218749996 0.518764340625 0.3714469265625 0.51434420625
3 0.777887728125 0.348348478125 0.7733577125 0.3435984640625 0.7590332359375 0.34612425625 0.7554521171874999 0.34675570312500004 0.758298809375 0.36290009218749997 0.75756438125 0.37967592968749997 0.76135996875 0.40120178125 0.7642066609375 0.41734617187499995 0.7598911140625 0.43475345781249997 0.7608400109375 0.4401349203125 0.77158336875 0.43824057656250004 0.777796709375 0.4315962171875 0.7821122578125 0.4141889328125 0.7809488890625 0.38665016875 0.778102196875 0.37050577812499996 0.777887728125 0.348348478125
3 0.23527338125 0.6215869656249999 0.25939231875 0.6117853671875 0.2646567609375 0.5997595453125 0.26802341093750004 0.576970796875 0.25969780625 0.5506949296875 0.2496888765625 0.5358134359375 0.236098828125 0.521563390625 0.21987655625000002 0.51332625625 0.21271431875000002 0.5145891515625001 0.20555207968749997 0.5158520484375 0.194074296875 0.5345222281249999 0.1880754234375 0.5633238875 0.19545213125 0.5842182921875 0.1992477203125 0.6057441453125 0.208307753125 0.6152441750000001 0.23527338125 0.6215869656249999
3 0.671617521875 0.39483067968749996 0.6659241390624999 0.3625419015625 0.661179653125 0.3356345859375 0.6502218265625 0.3153716296875 0.6402128984375001 0.30049013593749996 0.6294695390625 0.30238447968750004 0.616093959375 0.3102917328125 0.607248396875 0.3229490046875 0.6038817484375001 0.34573775156250003 0.6040962171875 0.367895053125 0.6059940109374999 0.378657978125 0.6116873953125 0.4109467578125 0.6154829828125 0.432472609375 0.6147485546875 0.449248446875 0.617595246875 0.46539283749999993 0.6302364 0.47426141875 0.644560875 0.471735628125 0.6588853515624999 0.4692098359375 0.6713120328125 0.45592111874999997 0.674678684375 0.4331323703125 0.671617521875 0.39483067968749996
3 0.8136079 0.4252817390625 0.7992834234374999 0.4278075296875 0.7911722890624999 0.4236889625 0.782403096875 0.4210736234375 0.777796709375 0.4315962171875 0.77158336875 0.43824057656250004 0.772532265625 0.44362203906250003 0.778960075 0.45913498124999996 0.7844389890625 0.469266459375 0.7853878859375001 0.47464792187500005 0.8025590546875 0.48826652031249995 0.8223624453125 0.49587220781249997 0.835738025 0.4879649515625 0.8391046734375 0.46517620312499997 0.83625798125 0.449031815625 0.8217190359375 0.42940030625 0.81718901875 0.424650290625 0.8136079 0.4252817390625
3 0.713979975 0.50943418125 0.70207325 0.48378976093750004 0.6937476453125 0.45751389375 0.67562758125 0.43851383281249995 0.6710975640625 0.43376381875 0.667730915625 0.45655256718750004 0.6588853515624999 0.4692098359375 0.644560875 0.471735628125 0.6409797562499999 0.472367075 0.636664209375 0.48977436093750004 0.6395109 0.5059187515625 0.64140869375 0.5166816765625 0.6449898140625 0.516050228125 0.6640587765625 0.540431753125 0.68122994375 0.55405035 0.7019822296875 0.5670375015625 0.7189389296875001 0.5584987984375 0.7206222546875 0.5471044234375 0.713979975 0.50943418125
3 0.2277732234375 0.495287521875 0.2239776359375 0.47376166875000003 0.21565202968750002 0.4474858015625 0.2056431 0.43260430781250003 0.19563417031250002 0.417722815625 0.18299301875 0.40885423125000003 0.1867886078125 0.430380084375 0.194379784375 0.47343178906250005 0.2027053890625 0.49970765781250004 0.21176542187499997 0.5092076890625 0.2270387953125 0.5120633609375 0.2277732234375 0.495287521875
3 0.415798190625 0.5564628953125 0.40937038125 0.5409499546875 0.40294257031249997 0.5254370125000001 0.3938825390625 0.51593698125 0.3857714015625 0.5118184140625 0.38292471093749997 0.495674025 0.37839469375 0.490924009375 0.3740791484375 0.5083312953125 0.36881470312500003 0.5203571171875 0.35449022812500003 0.522882909375 0.3563880234375 0.5336458359375 0.361866934375 0.5437773140625 0.3628158328125 0.5491587765625 0.3747225578125 0.574803196875 0.3820992640625 0.5956976015625 0.39927043125 0.6093161984375 0.417176028125 0.606158959375 0.42149157343750004 0.5887516749999999 0.415798190625 0.5564628953125
3 0.847183378125 0.28064199375 0.8488667031249999 0.26924761875000003 0.8443366859375001 0.2644976046875 0.8335933296875 0.2663919484375 0.82379886875 0.27366775312499997 0.8140044078124999 0.2809435609375 0.81326998125 0.2977193984375 0.8161166734374999 0.3138637890625 0.8180144671875 0.3246267140625 0.8208611578125 0.340771103125 0.8210756265624999 0.362928403125 0.8248712156250001 0.3844542578125 0.8294012328125 0.389204271875 0.8418279156249999 0.37591555468750004 0.8559379203124999 0.3512324625 0.8547745546875 0.3236936984375 0.850978965625 0.30216784531249996 0.847183378125 0.28064199375
3 0.822758953125 0.35153402968749997 0.8180144671875 0.3246267140625 0.8161166734374999 0.3138637890625 0.812321084375 0.2923379359375 0.8087399640624999 0.292969384375 0.7979966078125 0.294863728125 0.791783265625 0.3015080859375 0.7874677203125 0.318915371875 0.78410106875 0.3417041203125 0.7797855234375 0.3591114046875 0.7790510953124999 0.3758872421875 0.779265565625 0.39804454218749996 0.7821122578125 0.4141889328125 0.7856933749999999 0.41355748437499995 0.7947534078125 0.4230575140625 0.8028645421875 0.4271760828125 0.8126590031250001 0.419900275 0.823187890625 0.39584863124999997 0.822973421875 0.3736913296875 0.822758953125 0.35153402968749997
3 0.3857714015625 0.5118184140625 0.4101048078125 0.5241741171875 0.444232675 0.5292540109375 0.48888942812499997 0.5102822625 0.49225607812499994 0.4874935140625 0.4872971234375 0.4384288984375 0.48233816718750006 0.3893642828125 0.46853365 0.3529569359375 0.43872133125 0.33046975624999997 0.41533682031249997 0.32349551718749997 0.4000634484375 0.3206398453125 0.382157853125 0.3237970859375 0.37426118750000004 0.34183581875 0.3725778609375 0.35323019218749996 0.3703745796875 0.403557703125 0.3689057234375 0.43710937968749997 0.377445796875 0.4855425484375 0.3857714015625 0.5118184140625