3 0.4190948171875 0.596721025 0.4228268734375 0.5624626203124999 0.41943052812500004 0.5617407046875 0.40482493281250004 0.546952296875 0.3902193375 0.5321638890625 0.390387190625 0.5146737296875 0.3881789109375 0.5083623984375001 0.3744256734375 0.5229648953125 0.3540475984375 0.5186334015625 0.35285953124999997 0.5242228171875001 0.347939409375 0.5640706375 0.344375209375 0.5808388812499999 0.3430192890625 0.60391845625 0.33707895468750004 0.63186553125 0.3435359359375 0.6682896828125 0.3627259453125 0.678210590625 0.39362876562500004 0.6497275109375 0.4097581375 0.6239461828125 0.4190948171875 0.596721025
3 0.27797206874999997 0.525830834375 0.29868585312499996 0.49518200781250005 0.31141887968750004 0.4686787640625 0.321943625 0.435864190625 0.32448761406250004 0.40719520156250005 0.31905084375000003 0.38267179375000004 0.3102177265625 0.3574264734375 0.3012167578125 0.3496713109375 0.2866111609375 0.334882903125 0.27048178906250003 0.36066423125 0.25639284375 0.4102470484375 0.253681 0.45640619843749997 0.248760878125 0.49625401875 0.25419764843750003 0.5207774265625 0.27797206874999997 0.525830834375
3 0.24180033124999997 0.5123003484375 0.24994894374999999 0.49066460312500004 0.2514727203125 0.45009486875000004 0.25978918906250004 0.41096896406249994 0.2531643515625 0.3920349734375 0.246371659375 0.3905911421875 0.22938993124999998 0.386981565625 0.22005325 0.41420672343750004 0.21054871562500002 0.4589220421875 0.21021300781250002 0.49390236249999997 0.21225343125 0.517703853125 0.2258388140625 0.520591515625 0.24180033124999997 0.5123003484375
3 0.55307608125 0.5843059984375001 0.5904358859375 0.5922470703125 0.61777450625 0.5805322328125 0.6364478671875 0.5260819171875 0.6415358421875 0.4687439359375 0.639831128125 0.409962125 0.6309980125 0.384716803125 0.6141841375 0.3636170640625 0.58922165 0.3641530703125 0.5629032390625001 0.38776865312500003 0.545585803125 0.4191393953125 0.527080296875 0.4560995515625 0.5141794171875 0.5000929562499999 0.5092592953125 0.539940775 0.5236970359375 0.5722193421874999 0.55307608125 0.5843059984375001
3 0.34556327656249997 0.5752494671874999 0.3481072640625 0.546580478125 0.34827511875 0.5290903171875 0.32687683125 0.5128580765625 0.314479515625 0.504381 0.3112510234375 0.48616892500000003 0.307854678125 0.48544700937499996 0.2974977859375 0.500771421875 0.28374454843749997 0.5153739203125001 0.27899228125 0.5377315796875 0.27067581406249996 0.5768574828124999 0.2635474125 0.6103939734375 0.2643997703125 0.639784878125 0.28817419218749996 0.6448382875 0.321285290625 0.6226665390624999 0.3396229421875 0.603196540625 0.34556327656249997 0.5752494671874999
3 0.7928607140625 0.6586415796875 0.7896322234375 0.6404295046875 0.7840275984375 0.6333962578125 0.7738385609375 0.6312305109375 0.7636495234375 0.6290647640625 0.76246145625 0.6346541796875 0.76450188125 0.6584556703125 0.763145959375 0.68153524375 0.7617900375 0.7046148203125 0.760601971875 0.7102042359375 0.7684148765625001 0.7235488109375 0.7728314328125 0.736171471875 0.7818324046875 0.743926634375 0.7945654296875 0.7174233906249999 0.798297484375 0.6831649859375 0.7928607140625 0.6586415796875
3 0.63289675 0.6596918671875 0.64121321875 0.6205659625 0.6413810734375 0.6030758031250001 0.6245671984375 0.5819760640625 0.621170853125 0.5812541484375 0.6030010578125 0.5832339859375 0.572266090625 0.5942269062500001 0.5688697453125 0.593504990625 0.568534034375 0.6284853109374999 0.5625937015625 0.6564323843750001 0.565990046875 0.6571543 0.5678626171875 0.6984459515625 0.575507665625 0.7292806875 0.5867169156250001 0.7433471796875 0.6084509125 0.7245991 0.62576835 0.69322835625 0.63289675 0.6596918671875
3 0.1968085625 0.5903662468750001 0.2117498671875 0.5701743328125 0.22787923906250002 0.54439300625 0.229235159375 0.5213134312500001 0.21225343125 0.517703853125 0.195103846875 0.531584434375 0.1642010265625 0.560067515625 0.1536762796875 0.5928820890625001 0.1580928375 0.6055047499999999 0.17626263281250001 0.6035249125 0.1968085625 0.5903662468750001
3 0.277804215625 0.54332099375 0.2847647609375 0.527274665625 0.2825564828125 0.5209633359375 0.2609903390625 0.52222125625 0.24740495624999997 0.5193335953125 0.2348397859375 0.5283466765625 0.22906730625 0.5388035906249999 0.21293793437500003 0.5645849187499999 0.201392975 0.585498746875 0.20462146718750002 0.603710821875 0.209038025 0.6163334828125 0.231792234375 0.6094861468749999 0.25131795156250003 0.5844267359375 0.2696556 0.5649567390625 0.277804215625 0.54332099375
3 0.7612733890625 0.64024359375 0.76144124375 0.6227534343750001 0.7534604859375 0.62689901875 0.74310359375 0.6422234312499999 0.7295182109375 0.63933576875 0.7228933734375 0.620401778125 0.7194970265625 0.6196798625 0.714744759375 0.6420375203125 0.7122007734375 0.6707065109375 0.713220984375 0.6826072562500001 0.7186577546875 0.7071306625 0.7274908703125 0.7323759843750001 0.742096465625 0.7471643921875 0.7582258375 0.7213830640625 0.7609376812499999 0.675223915625 0.7612733890625 0.64024359375
3 0.7974320421875001 0.5369323734375 0.80914485625 0.49852838593750004 0.813897121875 0.4761707265625 0.8164411109374999 0.44750173593750003 0.8018355156249999 0.4327133296875 0.780269375 0.43397125000000003 0.7619317234375 0.45344124687500004 0.7390096609375 0.47777874374999996 0.7308610468750001 0.4994144875 0.7215243671875 0.5266396453125 0.7179601671875 0.543407890625 0.7084556328125 0.588123209375 0.7172887484375 0.61336853125 0.7307062765625 0.633746353125 0.7464999390625 0.6429453453125 0.7695898578125 0.6011176890625001 0.7846990171875 0.5634356171875 0.7974320421875001 0.5369323734375
3 0.7215243671875 0.5266396453125 0.725256421875 0.492381240625 0.7232159984375001 0.46857974999999996 0.722363640625 0.4391888453125 0.71234245625 0.4195329390625 0.6919643828125001 0.41520144531250003 0.6736267312499999 0.43467144218750003 0.657497359375 0.46045276875 0.644764334375 0.4869560125 0.6354276546875 0.514181171875 0.629487321875 0.5421282453125 0.6223589203125 0.575664734375 0.62898375625 0.5945987265625 0.6413810734375 0.6030758031250001 0.663967428125 0.613718628125 0.6867216359375 0.606871290625 0.700474875 0.5922687921875001 0.709811553125 0.565043634375 0.7215243671875 0.5266396453125
3 0.848545084375 0.5302709484375 0.84990100625 0.5071913718750001 0.8500688609375 0.4897012140625 0.8398798234375 0.48753546718749996 0.8239183062500001 0.4958266328125 0.8113531359374999 0.504839715625 0.7998081765625 0.5257535437499999 0.790471496875 0.552978703125 0.7777384703125 0.579481946875 0.768401790625 0.6067071046875 0.764837590625 0.62347535 0.7738385609375 0.6312305109375 0.7908202906249999 0.6348400890625 0.8103460078125 0.6097806765625 0.8264753796875001 0.58399935 0.8415845390625 0.5463172765625 0.848545084375 0.5302709484375
3 0.468348375 0.665609653125 0.48108140156249996 0.6391064109375 0.491606146875 0.6062918374999999 0.49635841562499994 0.5839341765625 0.4977143359375 0.560854603125 0.4943179890625 0.5601326875 0.47496012656250003 0.5677019390625 0.44880957343750005 0.573827359375 0.42622321875 0.5631845359375001 0.4168865390625 0.5904096937500001 0.4155306171875 0.61348926875 0.40704629531250003 0.6701053328125 0.4102747875 0.688317409375 0.418087690625 0.7016619859375 0.43167307343749994 0.7045496484375 0.447634590625 0.6962584796875 0.468348375 0.665609653125
3 0.371029328125 0.5222429796875 0.389366978125 0.5027729843750001 0.401079790625 0.46436899531250003 0.40022743437499997 0.43497809062500004 0.403959490625 0.400719684375 0.3951263734375 0.3754743625 0.385105190625 0.3558184546875 0.37729228593749997 0.3424738796875 0.359122490625 0.3444537171875 0.34299311875 0.37023504375 0.31617114687500003 0.44632110625 0.3158354359375 0.481301425 0.3178758625 0.505102915625 0.3438585609375 0.5164676546875 0.371029328125 0.5222429796875
3 0.5661579015625 0.639664140625 0.5710780234375 0.5998163203125 0.5700578109375 0.5879155765624999 0.55307608125 0.5843059984375001 0.5203006890624999 0.5714974265625 0.5022987484375 0.555987103125 0.5079033734375 0.5630203500000001 0.5019630390625001 0.5909674234375 0.49381442656249996 0.61260316875 0.492626359375 0.6181925828125 0.4897466625 0.6818418921875 0.4951834328125 0.7063652984375001 0.50639268125 0.720431790625 0.5359395828125 0.7150282859375 0.5544450875 0.678068128125 0.5661579015625 0.639664140625
3 0.701508171875 0.7210112453125 0.708636571875 0.68747475625 0.7194970265625 0.6196798625 0.7140602578124999 0.5951564546875 0.707267565625 0.5937126234375001 0.6947023953125 0.6027257078125 0.678740878125 0.611016875 0.65038204375 0.610830965625 0.6435893515625 0.609387134375 0.640877509375 0.6555462828125 0.6393537328125001 0.69611601875 0.6436024375 0.7262288406249999 0.6604163109375001 0.7473285781250001 0.6819824546875 0.74607065625 0.701508171875 0.7210112453125
3 0.43301591093749997 0.5646283671875 0.46697936875 0.5718475234375 0.4977143359375 0.560854603125 0.5106152171875 0.5168612 0.518931684375 0.4777352953125 0.530644496875 0.43933130625 0.5345444078125 0.3875827421875 0.5235030125 0.3560260890625 0.5066891375 0.3349263515625 0.48070643593750007 0.3235616125 0.4499714703125 0.33455453125 0.431465965625 0.37151468906249996 0.4117723921875 0.4140642609375 0.3988715125 0.4580576640625 0.39157525625 0.5090843140625 0.3958239609375 0.5391971343749999 0.43301591093749997 0.5646283671875