3 0.8070545953125 0.4183821375 0.79581878125 0.37238720000000003 0.769552028125 0.3408092203125 0.7347047640625 0.3298800875 0.68598916875 0.34999397656250003 0.6540297296875 0.409033840625 0.657652509375 0.43217082187500006 0.6675907609375 0.48828091249999994 0.6586427718750001 0.5323457656249999 0.65697773125 0.5658769265625 0.6863046546875 0.5838750265625 0.74063815625 0.5867586031250001 0.79440905 0.5529253187500001 0.8220107546875 0.517580490625 0.8165278031250001 0.4678418015625 0.8070545953125 0.4183821375
3 0.4183948796875 0.5658529 0.4682730828125 0.5623650765625 0.4902194921875 0.560830434375 0.4975024390625 0.550296740625 0.5044552999999999 0.5063714015625 0.5040276453125 0.44291331874999995 0.500539821875 0.393035115625 0.4886064421875 0.3370645390625 0.4763055859375 0.3045099671875 0.44382092812499996 0.2700253140625 0.40498340781250003 0.2593752046875 0.362020675 0.2757453453125 0.336879140625 0.3176010890625 0.3250059390625 0.3485046 0.3038546609375 0.39008131874999996 0.297599365625 0.4439822984375 0.299789625 0.5039756546875 0.30703518281250003 0.5502496171875 0.360536165625 0.569898775 0.4183948796875 0.5658529
3 0.9454159984375 0.418731384375 0.94016556875 0.37231790781249996 0.9369102671875 0.32576492031250004 0.9119410765625 0.28407178593750004 0.902700390625 0.23793733593750002 0.893924746875 0.1984533140625 0.871880771875 0.169921521875 0.8400562890625001 0.20222016250000002 0.834363603125 0.2928380046875 0.814277365625 0.3209743546875 0.8006415578125001 0.35534259375 0.8061245093749999 0.405081284375 0.8214855343749999 0.4240559734375 0.8475197671875 0.45230874062500004 0.88046946875 0.49344382031249995 0.9031134421875 0.50188481875 0.935537925 0.4494953828125 0.9454159984375 0.418731384375
3 0.8125603343750001 0.611802571875 0.8190481515625001 0.5612268046875 0.817187978125 0.5346250968749999 0.7873586234375 0.5667842265624999 0.7446284125 0.5864795765624999 0.707186021875 0.5957807500000001 0.6927550828125 0.5901069140625 0.705753503125 0.632637125 0.7275275671875 0.714651359375 0.750636584375 0.7297427843750001 0.780330984375 0.7243248765625 0.8045424328124999 0.6691682796875 0.8125603343750001 0.611802571875
3 0.4600600484375 0.559597915625 0.41041436718749996 0.5664109515625 0.3647589421875 0.5729449625 0.36884676562499996 0.6027323703125 0.38407283593749997 0.6484482828125 0.407046896875 0.690280928125 0.443424246875 0.6944201234375 0.47185847187499996 0.6423097125 0.46966821249999996 0.5823163578125 0.4600600484375 0.559597915625
3 0.2819538265625 0.67897945 0.280228609375 0.625636521875 0.26709523281249997 0.60984753125 0.24468377968750002 0.6047317484375 0.2247324984375 0.6061268765625 0.212626775 0.633705175 0.1979633140625 0.624706125 0.18246733125 0.63247265625 0.168501434375 0.6334492468749999 0.1716591703125 0.6499358015625 0.1824299421875 0.6892803125 0.205404003125 0.7311129578125 0.2234577234375 0.7599237750000001 0.250556996875 0.7747361749999999 0.2783912234375 0.742716559375 0.2819538265625 0.67897945
3 0.6578102515625 0.5491113453125 0.6651305890625 0.4817699984375 0.65918259375 0.42538088281249997 0.6441890453125 0.3829901828125 0.6316556671875 0.3471104 0.5996360515625 0.3192761734375 0.564886353125 0.3384134734375 0.520723625 0.3949652 0.5060227734375 0.44277380468749994 0.5041252109375 0.472979753125 0.498334959375 0.5335311609375 0.4824715015625 0.5647136984375 0.46122265625000003 0.57622398125 0.479276375 0.6050348 0.5323123140625 0.6180335312499999 0.5766701750000001 0.6216146734375 0.611052396875 0.6258933796874999 0.6466346140625 0.5899904984375001 0.6578102515625 0.5491113453125
3 0.1722591703125 0.6298450078125 0.214156859375 0.6269152359375 0.2307178828125 0.6057083390625 0.221342240625 0.586315109375 0.205516171875 0.560689990625 0.196740528125 0.52120596875 0.1939502703125 0.48130340625 0.1993730453125 0.44416800468749995 0.19422018125 0.4278209640625 0.170181078125 0.39942868593749997 0.1468395390625 0.381012046875 0.12841834218749998 0.37561723593749996 0.1186752234375 0.3796400140625 0.11747522656250001 0.41982160156250004 0.1283435640625 0.489232546875 0.13405903749999998 0.54229645 0.1455273734375 0.5916166015625001 0.1722591703125 0.6298450078125
3 0.1957128765625 0.4778386796875 0.193215315625 0.528135421875 0.201990959375 0.5676194453125001 0.230252840625 0.5990579109375 0.265565146875 0.6166374718750001 0.3061652734375 0.623822853125 0.34138001562500003 0.6113359796875 0.36768415781249997 0.5861063046874999 0.364526421875 0.56961975 0.3299116796875 0.5620158296875 0.3090303109375 0.5501101046875 0.296031890625 0.50757989375 0.29699936562499996 0.4640730921875 0.30042701250000003 0.4270772046875 0.3016270109375 0.3868956171875 0.2847359 0.3747108671875 0.2656171390625 0.359340415625 0.23745282343750002 0.3579683828125 0.21560398125 0.3895694609375 0.20419582187500002 0.4271234 0.1957128765625 0.4778386796875
3 0.1040199484375 0.7148121109375001 0.14768024375 0.7084176109375 0.169296565625 0.673491321875 0.16873395625 0.636774459375 0.15091275937499998 0.6112888562500001 0.09132882656249999 0.5619918015625001 0.0678523328125 0.570316384375 0.05328643749999999 0.59138376875 0.050788876562499995 0.6416805109375 0.054411656249999996 0.6648174921875001 0.068707640625 0.6972325500000001 0.1040199484375 0.7148121109375001
3 0.9101264796875 0.54483356875 0.89865814375 0.49551341718749997 0.8755491265625001 0.48042199375 0.8551328015624999 0.47516669531250005 0.8356465640625 0.4832122515625 0.8168205015625001 0.5580411046875 0.8206758031250001 0.5845033 0.8356693515625 0.626893996875 0.859010890625 0.6453106359375 0.8856451203125 0.6534726078124999 0.9023410984375 0.6055244890625 0.9101264796875 0.54483356875