3 0.74595005625 0.590512884375 0.7327406812499999 0.5476672296875 0.7164555390625 0.51586725 0.7049527703125 0.5055856046875 0.691796409375 0.5334863046875 0.6677061484375 0.5619600265625 0.657625553125 0.5788150515625 0.6699816249999999 0.6053787015625 0.7061965406249999 0.6687876515625 0.7362069109375 0.6835415968749999 0.7687241765625 0.6763951968749999 0.7622351984375 0.6223128609375 0.74595005625 0.590512884375
3 0.92471549375 0.4450881578125 0.920786425 0.43985183125000005 0.8849089609374999 0.452616571875 0.8672546640625001 0.464426275 0.8574585015625 0.48670863437499995 0.8585962390624999 0.5084179718749999 0.8636630468750001 0.5353636374999999 0.8827395156250001 0.5506906046875 0.9046073171875 0.5495445609375 0.9211238765624999 0.5160255203124999 0.9267065359375 0.4830795 0.92471549375 0.4450881578125
3 0.8439646906249999 0.43843564687500003 0.8195899953125 0.461482034375 0.8095093999999999 0.4783370578125 0.7974907765625 0.527947096875 0.7989129484374999 0.55508376875 0.8070555203125 0.5709837578125 0.8252786859375 0.5700287234375 0.8415108109375 0.531082346875 0.8532449984375001 0.4760449734375 0.855183025 0.44328995937500004 0.8439646906249999 0.43843564687500003
3 0.1515903875 0.6162197125 0.17402705624999998 0.6259283375 0.182969915625 0.5873639749999999 0.1773342390625 0.5495636421875 0.168907234375 0.52823631875 0.14311036875 0.524146034375 0.12038926406249999 0.5090100734375 0.08701869375 0.49987447031250004 0.0724401609375 0.5006384984375 0.06486646093750001 0.49559317812500003 0.066857503125 0.53358451875 0.08006687812499999 0.5764301734374999 0.0929918203125 0.6138484921875 0.1151440546875 0.618129784375 0.1252246515625 0.6012747593750001 0.1515903875 0.6162197125
3 0.20545960000000002 0.66781895625 0.22197615937499998 0.6342999140625001 0.208766784375 0.5914542593750001 0.1930505109375 0.5705089515624999 0.1854768109375 0.56546363125 0.17932528125 0.5875549828125 0.17710282187499998 0.6148826625 0.1703824234375 0.6261193453125 0.1515903875 0.6162197125 0.13644298593749998 0.606129071875 0.12186445312500001 0.6068931 0.1154284890625 0.62355711875 0.1034098671875 0.67316715625 0.10426317031250001 0.689449159375 0.126699840625 0.6991577859375 0.1474299015625 0.6763024046874999 0.1726579 0.6695380203125 0.20545960000000002 0.66781895625
3 0.8294921890625 0.580692384375 0.8216340531249999 0.5702197296875 0.8070555203125 0.5709837578125 0.7986285140625 0.549656434375 0.795268315625 0.5552747765625 0.7891167875 0.577366128125 0.772031359375 0.6000305015625 0.7728846625 0.6163125046875 0.7849562999999999 0.6374488203124999 0.8006725734375 0.65839413125 0.8343275765625 0.6729570687499999 0.8404791046875 0.6508657171875 0.8345589953125 0.60763805 0.8294921890625 0.580692384375
3 0.39515893750000003 0.5218212109375 0.4318897046875 0.5253384718749999 0.467482734375 0.5071463984375 0.4797857921875 0.4629636953125 0.4760881421875 0.3924083484375 0.46903029375000005 0.327471340625 0.4488160859375 0.2904350359375 0.429170746875 0.26425339999999997 0.3927244125 0.266163471875 0.37478568125 0.2725458421875 0.3464819171875 0.2903559015625 0.3296809234375 0.318447609375 0.3179467359375 0.37348498124999996 0.3171464484375 0.42794933281249997 0.31942192343750003 0.471368009375 0.346640965625 0.502594965625 0.39515893750000003 0.5218212109375
3 0.23627025937499999 0.6281085515625 0.2642895875 0.60487115625 0.27602377499999997 0.5498337828125 0.298407428125 0.48879605625 0.29698525625 0.46165938281249996 0.2734108484375 0.43024141875 0.24647624218750003 0.40444179687500004 0.20889217031250001 0.3846425296875 0.17552160156250002 0.375506925 0.1539382359375 0.382080303125 0.14864001093749998 0.42045365781250005 0.1599113625 0.4960543265625 0.17255186875 0.5280453125 0.1975484484375 0.5865999468750001 0.2135491546875 0.6129725921875 0.23627025937499999 0.6281085515625
3 0.603187471875 0.5163611375 0.634567 0.48750540156250005 0.6505146890625 0.443131690625 0.642887971875 0.367340015625 0.62546509375 0.3138306984375 0.608611084375 0.2711760515625 0.581676478125 0.24537643125000003 0.5483059078125 0.23624082500000002 0.5200021453125 0.2540508859375 0.5026322828125 0.271287925 0.4872534625 0.32651630468750004 0.48252410625 0.3757443296875 0.48844421562499996 0.41897199843750005 0.49464875937499997 0.4676270015625 0.5078581359375 0.5104726546875 0.5521626046875 0.5190352375 0.603187471875 0.5163611375
3 0.363832425 0.6214233015625 0.35005417968749997 0.5677229796875001 0.3152614375 0.5314507015625 0.28946456875000004 0.5273604187500001 0.27659264375000003 0.560688453125 0.26400515156250004 0.599443821875 0.2575691890625 0.616107840625 0.24862633125000003 0.654672203125 0.2450347140625 0.7256095640625 0.2571063515625 0.7467458796875001 0.3069934796875 0.7223624421875 0.33723526875 0.67179736875 0.363832425 0.6214233015625
3 0.794024546875 0.3920727296875 0.7474976171875001 0.41083782500000005 0.71890941875 0.4232205515625 0.6948191593749999 0.4516942734375 0.7001703984375001 0.48406727343749995 0.70523720625 0.5110129375 0.72374480625 0.5154852359375 0.7369541828124999 0.558330890625 0.7420209890625 0.58527655625 0.7498791234375 0.595749209375 0.76895559375 0.611076178125 0.7894012218750001 0.5827934640625 0.8042111734375 0.5167104140625 0.8159453624999999 0.46167304218750005 0.81674565 0.407208690625 0.794024546875 0.3920727296875
3 0.6976635046874999 0.50596761875 0.698463790625 0.4515032671875 0.68553885 0.41408494687499997 0.6631021796875001 0.4043763203125 0.6493769515625 0.421422353125 0.6437942921875 0.4543683734375 0.6312068 0.49312374375 0.6062632359375 0.5053154625 0.5703857718750001 0.5180802015625 0.5639498078125 0.53474421875 0.57687475 0.5721625390625 0.6175345859375 0.5809161296875 0.639686821875 0.585197421875 0.6820002484375001 0.5557686625 0.6976635046874999 0.50596761875
3 0.9057450546875 0.5712539 0.8827395156250001 0.5506906046875 0.867307678125 0.53517263125 0.852160278125 0.525081990625 0.8417952453125 0.53650968125 0.8286388859375 0.56441038125 0.8252786859375 0.5700287234375 0.8300610578125 0.591547053125 0.8572801 0.6227740109375001 0.8872904687500001 0.63752795625 0.9027223062499999 0.65304593125 0.9155942312500001 0.619717896875 0.9057450546875 0.5712539