3 0.47446811718750004 0.50089159375 0.48560002343750003 0.505940953125 0.5220741421875 0.50466725 0.565843084375 0.5031388046874999 0.5873482109375 0.49151163750000004 0.5942636921875 0.480393953125 0.6006101609375001 0.452981853125 0.5996618046875 0.42582449375 0.591228953125 0.393490403125 0.57185386875 0.3615384234375 0.5419158890625 0.3408315 0.5271365703125 0.335909509375 0.5090891828124999 0.341977834375 0.49833661874999996 0.3477914171875 0.47721083281250004 0.3702815265625 0.4702953515625 0.3813992109375 0.46702728281250006 0.39238952656250004 0.4641385546875 0.41424278281250004 0.46527658125000004 0.44683161406250005 0.470062021875 0.4792930765625 0.47446811718750004 0.50089159375
3 0.8276107265625001 0.6788929171875 0.8157201359374999 0.6521176703125 0.7859718296875 0.6368422171875 0.770623496875 0.6156258125 0.7593019203125 0.6051449796874999 0.7481700124999999 0.60009561875 0.7458502984375001 0.6382432921875 0.7431512437500001 0.6655280234375 0.740262515625 0.6873812796875 0.73718411875 0.7038030671875 0.74561696875 0.73613715625 0.7538601468749999 0.763039775 0.7761239609375 0.7731384968749999 0.797818759375 0.7669428015624999 0.8220229437500001 0.72803090625 0.8276107265625001 0.6788929171875
3 0.7919826140625 0.49524183749999995 0.7893272171875 0.41920123125000003 0.7885685328125 0.39747534375 0.7693831171875 0.37095483749999997 0.7469296328125 0.35542464375 0.7217770921875 0.3671791796875 0.7077564609375 0.383983078125 0.7054367453125 0.4221307515625 0.7065747734375 0.4547195828125 0.7113602125 0.48718104375 0.70866115625 0.5144657718750001 0.701745675 0.5255834578125 0.720551746875 0.541241021875 0.735900078125 0.5624574265625 0.7479803406250001 0.5946641484375 0.7664070703125 0.5994587671875 0.782937090625 0.5499386687500001 0.7919826140625 0.49524183749999995
3 0.8539449546875 0.5964018765625 0.8597224078125001 0.5526953609375 0.8551266406250001 0.525665371875 0.8399679796875 0.5098804375 0.824998990625 0.4995269765625 0.8067619328125 0.500163828125 0.785256803125 0.51179099375 0.7787206640625 0.5337716234375 0.7762112796875 0.5664878234375 0.766027728125 0.5885958234374999 0.7664070703125 0.5994587671875 0.7786770046875 0.6370969578125 0.7901882546875 0.6530092625 0.8118830546875 0.6468135687500001 0.8301201125000001 0.6461767171874999 0.8404933343750001 0.629500190625 0.8539449546875 0.5964018765625
3 0.294709265625 0.6866260578125 0.297408321875 0.6593413265625 0.29991770624999997 0.626625125 0.29532193906250004 0.5995951359375 0.2909158421875 0.5779966187500001 0.275946853125 0.5676431578125001 0.2544417234375 0.5792703234375 0.23696335 0.6016330640625001 0.215837565625 0.6241231734375 0.20892208281250002 0.6352408578125 0.2093014265625 0.6461038015625 0.2252187703125 0.6836146234375 0.242084471875 0.7482828031250001 0.2535957203125 0.764195109375 0.2716431078125 0.758126784375 0.2849050578125 0.719597 0.294709265625 0.6866260578125
3 0.44117474999999995 0.6978256546875 0.4548160421875 0.6701588140625 0.46405123593750003 0.6208934562499999 0.469828690625 0.577186940625 0.4685009921875 0.5391666374999999 0.46428456718750005 0.522999590625 0.45296298906250004 0.512518759375 0.431268190625 0.5187144546875 0.4134104734375 0.5302142484375 0.39133633125 0.525547 0.3805837671875 0.5313605828125 0.3780743828125 0.5640767859375 0.382859821875 0.596538246875 0.388593615625 0.656157065625 0.397026465625 0.6884911578125 0.416022209375 0.7095801921875 0.44117474999999995 0.6978256546875
3 0.308014875 0.5447709359374999 0.32895098906250003 0.5168493546875 0.3318397171875 0.4949960953125 0.3339697578125 0.45141695000000004 0.3291843203125 0.41895548906249996 0.32439887968750003 0.386494028125 0.30924021874999996 0.37070909375 0.2798712546875 0.3662965859375 0.26528160624999997 0.36680606718750003 0.251260975 0.383609965625 0.2383783671875 0.43300269374999995 0.2320319 0.46041479374999994 0.23373894062499997 0.509298040625 0.23833470937499998 0.5363280296874999 0.25387271093749997 0.5629759078125 0.29015715625 0.5562707312499999 0.308014875 0.5447709359374999
3 0.7200850875 0.73702875 0.739693503125 0.671086865625 0.7454709562499999 0.6273803499999999 0.743763915625 0.5784971015625 0.7136362671875001 0.5523587062499999 0.6735147359375 0.5537597812499999 0.6591147609375 0.559700734375 0.645663140625 0.5927990484375 0.6466114968750001 0.61995640625 0.6479391953125 0.657976709375 0.6494565640625 0.7014284843749999 0.654242003125 0.7338899453125001 0.6772644999999999 0.7657145546875 0.6991489718749999 0.76495033125 0.7200850875 0.73702875
3 0.2402314203125 0.5906427484375001 0.2467675578125 0.568662121875 0.24562953125 0.5360732890625 0.2375760234375 0.5146021421875 0.23643799687499997 0.4820133125 0.2312732140625 0.4386889078125 0.22359904843749998 0.428080703125 0.2124671421875 0.42303134218749994 0.19806716562499999 0.42897229687499994 0.18404653437500001 0.4457761953125 0.17770006562500001 0.47318829375 0.1748113375 0.4950415515625 0.1690338828125 0.5387480671875 0.1707409234375 0.587631315625 0.182631515625 0.6144065640624999 0.2012479171875 0.6246326546875001 0.22640045781249998 0.61287811875 0.2402314203125 0.5906427484375001
3 0.69847760625 0.536573771875 0.705203415625 0.520024615625 0.7077128 0.48730841406250003 0.70676444375 0.46015105468749995 0.70197900625 0.42768959375 0.6973832375 0.4006596046875 0.6893297281249999 0.3791884578125 0.6739813984375 0.3579720515625 0.65555466875 0.35317743125 0.6371279390625 0.3483828125 0.6119753984375 0.3601373484375 0.6019815171875 0.3876768203125 0.5992824625 0.41496155 0.6040679 0.44742301093750003 0.6013688453125 0.474707740625 0.5871585406250001 0.48608016562499995 0.5911852953125 0.4968157390625 0.6028862140625 0.5181595156250001 0.6287974390625 0.528130865625 0.65451899375 0.5326707453124999 0.680240546875 0.5372106249999999 0.69847760625 0.536573771875
3 0.358509625 0.5266933328125 0.39498374375 0.5254196296875 0.431268190625 0.5187144546875 0.45296298906250004 0.512518759375 0.46679395156250003 0.49028338906249996 0.46546625312499995 0.4522630859375 0.46470756875 0.4305372 0.45665405937500003 0.40906605156250003 0.455895375 0.387340165625 0.44784186718749996 0.36586901875 0.4326832078125 0.350084084375 0.4142564765625 0.34528946562499996 0.38507718281250003 0.346308428125 0.363761725 0.363367065625 0.3462833515625 0.38572980625 0.34301528124999997 0.39672012031250004 0.33340074531249997 0.43512253437500004 0.331270703125 0.47870168125 0.3358664703125 0.50573166875 0.34373030781249997 0.5217713453124999 0.358509625 0.5266933328125
3 0.6160608453124999 0.6862804031249999 0.636238275 0.636632934375 0.6489312093749999 0.5818087328125 0.6477931828125 0.5492199015625 0.6251500265625001 0.5282582359375 0.573896590625 0.52460995 0.56295435625 0.5249920609375 0.556797559375 0.5578356343750001 0.5502614218749999 0.5798162625 0.5512097781249999 0.606973621875 0.5567539 0.6611609703125 0.5615393390625 0.69362243125 0.5768876703125 0.7148388375 0.59147731875 0.71432935625 0.6160608453124999 0.6862804031249999
3 0.5316013609375 0.6729155078125 0.5444839671875 0.623522778125 0.5498820796875 0.56895331875 0.5522017921875 0.5308056453125001 0.5479853671875 0.5146386 0.525721553125 0.5045398796875 0.49289484687499996 0.5056862125 0.4712000484375 0.5118819078125 0.47290708906249995 0.5607651546875 0.47442445937500005 0.6042169296875 0.48015825312500005 0.66383575 0.49242818593750004 0.701473940625 0.5143126578125 0.70070971875 0.5316013609375 0.6729155078125
3 0.31773176406250003 0.718450665625 0.332890425 0.7342356 0.3474800703125 0.73372611875 0.36438943125 0.6950689624999999 0.3738142984375 0.651235075 0.3797814234375 0.61296003125 0.3821011359375 0.5748123578125 0.3773156984375 0.542350896875 0.3623467078125 0.531997434375 0.34027256562499997 0.5273301859374999 0.31857776718749997 0.5335258796875 0.3082045453125 0.5502024078125001 0.30109939375 0.5558886203125 0.2945632546875 0.5778692484375 0.295511609375 0.6050266093750001 0.30067639062499996 0.6483510140625001 0.3089195703125 0.67525363125 0.31773176406250003 0.718450665625