3 0.4465551796875 0.5566854921875 0.4567495078125 0.5595547828125 0.46286293125 0.558255334375 0.4699846734375 0.5466692390625 0.4704729578125 0.5264208078125 0.4633115265625 0.500244134375 0.45870264687500006 0.47856105937500004 0.45155709218749995 0.4674894921875 0.4439073765625 0.4615612484375 0.43881021093749994 0.46012660624999996 0.43168053124999994 0.46416014531250005 0.42252627187499997 0.481214425 0.4210137921875 0.49664439531250004 0.420013409375 0.51448359375 0.42359809375 0.5313482078125 0.4378812671875 0.5459387875 0.4465551796875 0.5566854921875
3 0.420029284375 0.5295887015625 0.4195171875 0.527179471875 0.421549703125 0.5217112859374999 0.4189892140625 0.5096651328124999 0.419989596875 0.4918259328125 0.4215020765625 0.4763959640625 0.42811965937499996 0.46995319375 0.430152175 0.46448500781249996 0.42657542812499993 0.45517294843749995 0.42198242500000005 0.44859498125 0.41586106406249995 0.442341875 0.411275996875 0.4433164609375 0.40465841406249997 0.44975923125 0.397536671875 0.4613453265625 0.391455 0.49285498906249997 0.3940154890625 0.504901140625 0.3996326890625 0.5162975703125 0.4093228578125 0.52431018125 0.420029284375 0.5295887015625
3 0.6072509234375 0.245539725 0.60263410625 0.216304096875 0.5934401593749999 0.195595609375 0.575596115625 0.1867980765625 0.558784203125 0.190371559375 0.55522333125 0.19616460468750002 0.558808015625 0.2130292203125 0.565969446875 0.2392058921875 0.5685378734375 0.2588046 0.5736429765625 0.2677917984375 0.5843494031249999 0.27307031875 0.5965762484375 0.270471421875 0.6047221859375 0.2637037875 0.6082830578125 0.25791074062499997 0.6072509234375 0.245539725
3 0.505168603125 0.5694076265625 0.51280244375 0.5602307640624999 0.5132907296875 0.539982334375 0.513266915625 0.517324671875 0.5071296796875 0.49596645937500006 0.5030328984375 0.47669261562500004 0.49945615156249995 0.4673805546875 0.49384688906249996 0.4635366796875 0.48059584843750003 0.4613171140625 0.469897359375 0.4635911484375 0.45818261250000003 0.468599275 0.45972684218750004 0.4833795203125 0.4668882734375 0.5095561953125001 0.47098505625 0.5288300390625 0.4817152953125 0.55676621875 0.49294175781250005 0.5720065234375 0.505168603125 0.5694076265625
3 0.6143409171875 0.20374341875000002 0.604658684375 0.203283359375 0.5980411015625 0.2097261296875 0.6031541421875 0.22626588124999997 0.6082751203125001 0.2503581875 0.61133976875 0.2572610171875 0.6235824890624999 0.269767228125 0.631736365625 0.27055214843750003 0.635793459375 0.252063225 0.632712934375 0.2300552875 0.6270877968749999 0.2111063046875 0.6143409171875 0.20374341875000002
3 0.46769021562499996 0.3029031546875 0.478900803125 0.30303835156250003 0.50028984375 0.2909377296875 0.5038507140624999 0.28514468125 0.49770554218749996 0.25623391406249996 0.49716963124999997 0.2311670234375 0.49103239531250004 0.20980881093749998 0.48032596875 0.204530290625 0.4594410875 0.211487590625 0.44008456249999994 0.218120025 0.43652369062499996 0.22391307343750003 0.4334669796875 0.2245627984375 0.4263452375 0.2361488921875 0.43044201875 0.2554227359375 0.4386197078125 0.2788653171875 0.446789459375 0.2947553453125 0.46769021562499996 0.3029031546875
3 0.6152022703125 0.5384650078125001 0.6243724046875 0.5365158359375 0.6330225031250001 0.5246048796875 0.6304382015625001 0.4899010671875 0.624285090625 0.453437746875 0.6201883078125 0.43416390156249995 0.6099939796875 0.4312946125 0.5916537109375 0.43519295781249995 0.5850361296875 0.44163572812499996 0.584027809375 0.451922375 0.589652946875 0.47087135625 0.5937497281249999 0.49014520156249997 0.5978465109375 0.5094190453125 0.6050000046874999 0.5280431671875 0.6152022703125 0.5384650078125001
3 0.382558834375 0.27063678125 0.3789820875 0.261324721875 0.3698198921875 0.2708264484375 0.3596335 0.2755097109375 0.3530238546875 0.2895050375 0.3622178015625 0.3102135265625 0.3698754546875 0.3236943234375 0.3795576859375 0.32415438124999996 0.3876956875 0.30983419375 0.392264878125 0.2937545015625 0.382558834375 0.27063678125
3 0.4330025078125 0.2674688890625 0.428393628125 0.2457858140625 0.421248071875 0.234714246875 0.4049482578125 0.24069696093749998 0.390688896875 0.2487640421875 0.38051044375 0.2609998609375 0.3876718734375 0.2871765328125 0.395841625 0.3030665609375 0.4101168609375 0.31010458750000003 0.4294733875 0.30347215156249996 0.4365951296875 0.29188605624999997 0.4330025078125 0.2674688890625
3 0.5285901609375 0.5518388203125 0.5392965875 0.557117340625 0.5520355296874999 0.5569276734375 0.5581330765625 0.54052311875 0.5519799671875 0.5040597984375 0.5458268562499999 0.46759647812500005 0.5402017171875 0.4486474953125 0.5295032281250001 0.45092152968750004 0.5203330953124999 0.4528707015625 0.510146703125 0.4575539671875 0.5060737343749999 0.460937784375 0.5040412187500001 0.46640596875 0.5045612546875 0.476367753125 0.5096742937500001 0.4929075046875 0.5178599203124999 0.5239026390625 0.524501315625 0.5401175296875 0.5285901609375 0.5518388203125
3 0.5917727765625 0.5484812609375 0.5958298703125 0.5299923390625 0.5927334703125 0.49287929375 0.5886366890625 0.47360545 0.586580359375 0.4564159734375 0.5794427421874999 0.45289696093750004 0.5631349906249999 0.45132711875 0.5493797890625001 0.45425087656249996 0.5468351765625 0.4573098328125 0.5473631484375 0.4748241703125 0.553508321875 0.5037349359375 0.5591413984375 0.5302364734375 0.5668069890625 0.5512698234375 0.5820984828125 0.5555737578125 0.5917727765625 0.5484812609375
3 0.5527660328125 0.28230165 0.5629524234375001 0.2776183859375 0.567529553125 0.269091246875 0.5669936421874999 0.2440243546875 0.560336371875 0.2127043578125 0.553182878125 0.19408023593749998 0.546037321875 0.1830086703125 0.53024166875 0.18384805937499998 0.50782843125 0.1911302203125 0.4966257828125 0.19854757812499998 0.495113303125 0.2139775484375 0.4966654703125 0.236310346875 0.502298546875 0.2628118828125 0.5099641375 0.28384523281249996 0.5237272749999999 0.288474028125 0.5374824765625 0.2855502703125 0.5527660328125 0.28230165
3 0.39249507031249997 0.51277855625 0.39452758593750004 0.5073103718749999 0.38992664375 0.4931798515625 0.3929674796875 0.4774250203125 0.39550415625 0.4668135109375 0.39804083125 0.45620200312500003 0.3939519875 0.4444807125 0.386302271875 0.43855246875000004 0.3781483953125 0.4377675484375 0.37713213749999996 0.44050164062499997 0.369498296875 0.4496785046875 0.3659453640625 0.4630241046875 0.365449140625 0.47571998281249994 0.3736188921875 0.491610009375 0.3843332578125 0.5044410828125 0.39249507031249997 0.51277855625
3 0.6818266937499999 0.41602609843750005 0.682314978125 0.3957776671875 0.6741452265625 0.37988764062499997 0.665471315625 0.369140934375 0.6552769859375001 0.36627164687499997 0.6461068531249999 0.36822081875 0.64000136875 0.3770728203125 0.632367528125 0.38624968437499996 0.6186202640625 0.3967259953125 0.6186361390624999 0.41183110312500004 0.6303667625 0.4219280828125 0.64005693125 0.42994069531249995 0.6482266828125 0.44583072343749997 0.654868078125 0.46204561406250005 0.6609973765625 0.47585127343750006 0.6635499265625 0.480344871875 0.6686470921875001 0.481779515625 0.6767850921874999 0.467459328125 0.6777854750000001 0.44962012968750004 0.6772575015625 0.4321057921875 0.6787779203125 0.4242283765625 0.6818266937499999 0.41602609843750005
3 0.6492508781249999 0.450649184375 0.6405690296875 0.43234992656250004 0.6318951171875 0.42160322031249997 0.6217007890625 0.4187339328125 0.6110023 0.42100796718750005 0.613050690625 0.4306448890625 0.6176436953125 0.43722285625 0.621212503125 0.4389823625 0.625813446875 0.453112884375 0.6278777125 0.47785491249999995 0.6319744953125 0.4971287578125 0.637087534375 0.5136685109375 0.6483060593750001 0.521356259375 0.6610450015625 0.5211665937500001 0.6645979359374999 0.50782099375 0.66253366875 0.48307896406250006 0.6492508781249999 0.450649184375