3 0.5140083609375 0.5645239 0.543733471875 0.5810477578125 0.5859395187499999 0.588489821875 0.61407688125 0.5934511984374999 0.6371093296875 0.586229921875 0.650554978125 0.571676975 0.6627545578125 0.523056759375 0.6628148781250001 0.46101354843750003 0.6590163515625 0.4208549515625 0.661287453125 0.38740785624999996 0.6590766734375 0.358811740625 0.6479021265625 0.339917590625 0.6277638171875 0.330725403125 0.6031436234374999 0.3263841984375 0.571147409375 0.3433074390625 0.5506674203124999 0.3566200421875 0.5378448062500001 0.388206621875 0.5275746515625 0.4258845296875 0.5188922421875 0.4751249171875 0.509245121875 0.529836459375 0.5140083609375 0.5645239
3 0.1910517046875 0.5245017062499999 0.19842772343749998 0.5032372609375 0.1984880453125 0.441194046875 0.20524102968750002 0.4028959703125 0.21647589687500002 0.3597469078125 0.22226417031249998 0.3269199828125 0.21908867656250003 0.30379502187499996 0.20887884375 0.27942971562499996 0.194187128125 0.25991539375 0.1861880734375 0.26414620312500003 0.1797767671875 0.2799394953125 0.165024728125 0.3224683828125 0.1563423203125 0.3717087703125 0.151116759375 0.4836125421875 0.15780942343749998 0.5073576765625 0.1654667984375 0.5256316546875001 0.1910517046875 0.5245017062499999
3 0.141630353125 0.7019489328125 0.158593171875 0.6880161578124999 0.17493295625 0.65704975 0.17913348125 0.6126603453125 0.1842987203125 0.562799784375 0.1900869921875 0.529972859375 0.1840173625 0.5232613609375 0.16291434062500001 0.5195403296875 0.161949628125 0.5250114828125 0.1545736078125 0.546275928125 0.1417509953125 0.5778625093749999 0.131480840625 0.6155404156250001 0.1272803140625 0.6599298203124999 0.1230797875 0.7043192281249999 0.141630353125 0.7019489328125
3 0.7589642296875 0.5738686765625001 0.763787790625 0.5465129046875 0.770540775 0.508214825 0.7801878953125 0.453503284375 0.780871253125 0.40849370625 0.770038384375 0.367094765625 0.7658981796875 0.3494409609375 0.753758921875 0.3360179625 0.7332789328125 0.349330565625 0.702870465625 0.3778162859375 0.6785316296875 0.4130135046875 0.6657090140624999 0.4446000859375 0.6608854546875 0.47195585624999997 0.6621315234375 0.5060231265625 0.6617898453125 0.528527915625 0.6588957078125001 0.544941378125 0.6550368609375 0.56682599375 0.6607648109375 0.59604228125 0.6773859515625 0.6046142953125 0.708075775 0.6156669984375001 0.7371778515625 0.6151572203125 0.7515882109375001 0.5951331203125 0.7589642296875 0.5738686765625001
3 0.22292727499999998 0.6316648890625001 0.2316096828125 0.5824245015625 0.24091512656249997 0.5502177484375 0.2242939859375 0.5416457343750001 0.2031909625 0.5379247015625 0.1846403984375 0.5402949953125 0.1817462625 0.5567084578125 0.180439871875 0.5846844015625 0.17816876875 0.6181314984374999 0.172380496875 0.6509584234375 0.1694863609375 0.6673718859375 0.16914468437500002 0.689876675 0.17776677031250002 0.7026795 0.18928299375 0.6990688609375 0.197282046875 0.69483805 0.21617428906249997 0.6699629687499999 0.22292727499999998 0.6316648890625001
3 0.3742862515625 0.5342458640625 0.37649703125 0.562841978125 0.4071868546875 0.57389468125 0.4468404421875 0.5752454203124999 0.4820121484375 0.581447140625 0.49993967812499995 0.5620432125 0.5121392578124999 0.5134229968749999 0.5233741249999999 0.4702739359375 0.5259869046875 0.4143220484375 0.532739890625 0.3760239703125 0.530529109375 0.3474278546875 0.5273536171875 0.32430289375 0.5225903781250001 0.28961545312500003 0.49479469062500003 0.2621492875 0.47369166875 0.25842825625 0.4496945078125 0.271120684375 0.42728509375 0.2953755953125 0.4119100234375 0.3208708515625 0.4016398671875 0.3585487578125 0.382687303125 0.44546705312499996 0.376557353125 0.500798765625 0.3742862515625 0.5342458640625
3 0.671416715625 0.8235708578125 0.6832746171874999 0.79745543125 0.7054026734375001 0.7336620953125 0.7147081171874999 0.70145534375 0.7214611015625 0.6631572640625001 0.7282140874999999 0.624859184375 0.72310916875 0.6126765328125 0.7020061453124999 0.6089555 0.67386878125 0.6039941234375 0.6607648109375 0.59604228125 0.6521427234375 0.5832394578125 0.6466961296875 0.59356159375 0.6383553984375 0.620297190625 0.6300146671875 0.647032790625 0.6216739359375001 0.6737683890625 0.6152626296875 0.6895616812500001 0.62002586875 0.724249121875 0.620307225 0.7637875453125 0.62155329375 0.7978548140624999 0.629833703125 0.8331624281250001 0.6464548437500001 0.8417344421875 0.671416715625 0.8235708578125
3 0.91281534375 0.5445841875 0.919568328125 0.5062861078124999 0.92280414375 0.4673678578125 0.913559021875 0.43753139843750005 0.8908682515624999 0.4222478859375 0.8652833453125 0.4233778359375 0.85439015625 0.4440221078125 0.8415675421875 0.47560868906250003 0.8357792703125 0.5084356140625 0.8335081687500001 0.5418827109375 0.8267551828125 0.5801807906249999 0.8200021984375001 0.6184788703125 0.8251071140624999 0.630661521875 0.84076354375 0.644704690625 0.8618665671875 0.6484257234374999 0.883652946875 0.607137178125 0.8935814234375 0.591964059375 0.91281534375 0.5445841875
3 0.38568183125 0.65472165 0.3959519859375 0.6170437421875 0.3991878015625 0.578125490625 0.394082884375 0.5659428390625 0.37649703125 0.562841978125 0.3553940078125 0.5591209453125 0.3342909859375 0.5553999140625 0.32181004999999996 0.5644817062499999 0.3169864890625 0.5918374765625 0.313750675 0.630755728125 0.313408996875 0.6532605171875 0.310514859375 0.6696739796875 0.3098315046875 0.71468355625 0.314253065625 0.7718757875 0.323839865625 0.7792074578125 0.35073116249999997 0.750101565625 0.3690003703125 0.7081928484375 0.38568183125 0.65472165
3 0.44189624062500005 0.7266876156250001 0.44961393593750004 0.6829183828125001 0.46533068593750004 0.6349183390625 0.46663707656250003 0.6069423953124999 0.4695312125 0.5905289328125 0.470495925 0.585057778125 0.45291007031249997 0.58195691875 0.42477270625 0.5769955421875 0.40015251249999995 0.5726543375 0.3991878015625 0.578125490625 0.3978814109375 0.606101434375 0.3985044453125 0.62313506875 0.3933392078125 0.6729956296874999 0.3929975296875 0.6955004171875 0.3942435984375 0.7295676859375 0.4034887203125 0.7594041453125 0.42459174375000003 0.7631251781249999 0.44189624062500005 0.7266876156250001
3 0.5697604468749999 0.7830810796875001 0.594099284375 0.7478838609375 0.6142979171875 0.695032834375 0.6300146671875 0.647032790625 0.6428372812500001 0.615446209375 0.6521427234375 0.5832394578125 0.648625553125 0.5826192859375 0.644143671875 0.5874702671875001 0.6211112234375 0.5946915421875001 0.5964910296875 0.5903503375 0.56483649375 0.5847687890625 0.5558727296875 0.594470753125 0.5513908468750001 0.5993217359375 0.548496709375 0.6157352 0.5423667609375 0.6710669125 0.5397539796874999 0.7270187984375001 0.5416230828125 0.778119703125 0.5502451703125 0.7909225265625001 0.5697604468749999 0.7830810796875001
3 0.775464728125 0.7065271156249999 0.7866995953125 0.663378053125 0.79055844375 0.6414934359375 0.7790422203125 0.6451040734375 0.7608333328125 0.6249695796875 0.7496587875 0.606075428125 0.7381425625 0.6096860671875 0.7256616265625 0.618767859375 0.7262846625 0.6358014921875 0.7214611015625 0.6631572640625001 0.7137434046875 0.7069264984375 0.7044379609375 0.73913325 0.6970619421875 0.7603976953125 0.7002374359375 0.78352265625 0.7139644390625 0.808508134375 0.7395493453124999 0.8073781828125 0.75299499375 0.7928252359375 0.7687117437500001 0.74482519375 0.775464728125 0.7065271156249999
3 0.8296493187499999 0.563767328125 0.8357792703125 0.5084356140625 0.846049425 0.47075770625 0.8518376984374999 0.43793078281250003 0.8576259703125 0.40510385624999995 0.8579676484375 0.38259906718750003 0.8397587609375 0.3624645734375 0.8317597078125001 0.3666953828125 0.812867465625 0.391570465625 0.7930105109375 0.42191670156249994 0.7811526078125001 0.4480321296875 0.776329046875 0.47538790000000003 0.7695760625 0.5136859796875 0.761858365625 0.5574552125000001 0.7535176359375 0.5841908124999999 0.7496587875 0.606075428125 0.7573161625 0.6243494078125 0.7694554203124999 0.6377724046875 0.7895937328125 0.646964590625 0.80655655 0.6330318171875 0.8238610468750001 0.5965942531249999 0.8296493187499999 0.563767328125
3 0.2768705796875 0.7370779515625 0.2957628234375 0.71220286875 0.3153384203125 0.6423182078125 0.31153989531250004 0.6021596125 0.3112585375 0.5626211890625 0.30870607968749997 0.5565298640624999 0.286015309375 0.5412463515625 0.26939416875 0.5326743359375 0.25884265625 0.5308138203125 0.23739795625000001 0.5495975765625001 0.23002193750000002 0.570862021875 0.224233665625 0.603688946875 0.21941010468750002 0.6310447171875 0.215209578125 0.675434121875 0.217420359375 0.7040302374999999 0.21611396875 0.7320061812499999 0.213842865625 0.7654532781250001 0.22756987187500002 0.7904387546875 0.2525317421875 0.7722751703124999 0.2768705796875 0.7370779515625
3 0.48534835468750004 0.76819695 0.49431211875000003 0.7584949859375001 0.5087224796875 0.7384708843750001 0.52250980625 0.7014131484374999 0.5401559796875001 0.642470796875 0.5449795390625 0.6151150265625 0.5523555578125 0.59385058125 0.5472506421875 0.5816679296875 0.5235951609375 0.571855571875 0.511455903125 0.558432575 0.507315696875 0.5407787671875 0.5053862734375001 0.5517210765625 0.493528371875 0.577836503125 0.4775302640625 0.5862981234375 0.4752591640625 0.6197452203125 0.4739527734375 0.6477211625 0.469752246875 0.6921105671875 0.470033603125 0.7316489921875 0.471279671875 0.7657162609375 0.48534835468750004 0.76819695
3 0.21725964375 0.5404053906249999 0.2393273796875 0.5386552671875 0.263324540625 0.5259628390625 0.26428925312499996 0.520491684375 0.269735846875 0.5101695484375 0.2729716609375 0.47125129687499995 0.276207475 0.43233304375000003 0.2909595125 0.38980415625 0.2957830734375 0.36244838437500004 0.290055121875 0.333232096875 0.2788805765625 0.314337946875 0.2782575421875 0.2973043125 0.26356582500000003 0.2777899890625 0.25749619687499997 0.2710784921875 0.24949714374999998 0.2753093 0.24405054843750001 0.28563143750000003 0.23412207031249999 0.30080455625 0.225781340625 0.3275401546875 0.217440609375 0.3542757546875 0.2033116046875 0.41383827812499996 0.19718165625 0.46916999062500003 0.1936041625 0.53059303125 0.21725964375 0.5404053906249999
3 0.8447831062500001 0.786444921875 0.8589121093750001 0.7268823984375 0.8605601765625 0.676401665625 0.858349396875 0.6478055515625 0.84172825625 0.6392335375 0.8100737203125 0.6336519890625001 0.798557496875 0.637262625 0.7931109015625 0.6475847625 0.7857348843749999 0.6688492078125 0.7818760359375 0.6907338249999999 0.7760877625 0.7235607484375 0.7667823203124999 0.755767503125 0.7638881843750001 0.7721809640624999 0.7584415875 0.7825031 0.767686709375 0.812339559375 0.7823784265625 0.8318538828125 0.7970701421874999 0.8513682046875 0.813691284375 0.8599402203125001 0.8325835265625001 0.8350651375 0.8447831062500001 0.786444921875
3 0.2895324796875 0.5418665234375 0.3131879625 0.55167888125 0.341325325 0.5566402578125 0.3633930609375 0.5548901359375 0.3733215390625 0.5397170171875 0.375592640625 0.5062699203125 0.3788284546875 0.4673516703125 0.38302898124999996 0.42296226406250004 0.3913697125 0.39622666562500003 0.39522856093750003 0.374342046875 0.388535896875 0.350596915625 0.37384418125 0.33108259375000004 0.3581877515625 0.31703942343749997 0.3441190703125 0.314558734375 0.331638134375 0.323640528125 0.313710603125 0.34304445625 0.3037821265625 0.3582175734375 0.291924225 0.3843330015625 0.2806893578125 0.4274820640625 0.2720069484375 0.47672245156250004 0.267806421875 0.52111185625 0.2895324796875 0.5418665234375