3 0.794923909375 0.20657288437500002 0.8231249671875001 0.21784713125000002 0.8432245828125 0.22337953906250002 0.8673235874999999 0.2288421375 0.911008903125 0.2104298625 0.9264931593749999 0.1807433375 0.9335679906250001 0.1276706046875 0.9249532421875 0.0925214828125 0.9083397109375 0.057511979687500006 0.8718318875 0.0287329796875 0.8275306062500001 0.011856515625 0.7996375312499999 0.018226640625000002 0.7920493953125 0.041892085937500004 0.780667190625 0.0773902578125 0.777386428125 0.1186302671875 0.7699009515624999 0.14817717187499999 0.7785157015624999 0.18332629375 0.794923909375 0.20657288437500002
3 0.2013802875 0.5816946625 0.22127457968750003 0.575464159375 0.2451682640625 0.56916384375 0.2524484171875 0.527854025 0.243525684375 0.47506053125000003 0.2108119296875 0.4344488078125 0.1749200734375 0.4409585515625 0.1511290515625 0.45314032343750005 0.13943886249999998 0.470994125 0.1280566578125 0.5064922953125001 0.13667140625000002 0.5416414171875 0.1490802234375 0.5649578171875 0.17338455156250002 0.5821833296875 0.2013802875 0.5816946625
3 0.26783440937499997 0.721732678125 0.279113953125 0.6803530484375 0.28639410625 0.63904323125 0.2817787484375 0.6038242984375 0.2571664359375 0.568954415625 0.2291707 0.5694430828125 0.1895874375 0.59366700625 0.1782052328125 0.629165178125 0.18692264218750002 0.6701957578125 0.1876412703125 0.71136595625 0.23614726562500002 0.739935525 0.24383806406250003 0.7221515359375 0.26783440937499997 0.721732678125
3 0.7466276328125 0.41921286249999995 0.7829301328125 0.4362289453125 0.7990303578125 0.4418311640625 0.82702609375 0.44134249687500005 0.863123271875 0.44659566718750004 0.8787101890625 0.4227906 0.8981938375 0.3930342671875 0.9054739906249999 0.35172444999999997 0.900755971875 0.3106240609375 0.8881418312499999 0.2755447453125 0.8717336234375 0.2522981578125 0.851326025 0.22912137656249998 0.8231249671875001 0.21784713125000002 0.7752349390625 0.2245663015625 0.759545359375 0.24248991250000002 0.74375311875 0.25453206562499997 0.740677678125 0.3075349875 0.7328842203125 0.31943752187499996 0.72539874375 0.348984425 0.7301167640624999 0.39008481562499997 0.7466276328125 0.41921286249999995
3 0.16322548750000002 0.22936571875 0.1990146828125 0.21697451874999998 0.2142936171875 0.17552508125 0.22136844843749998 0.1224523484375 0.22064981874999998 0.081282146875 0.2083436640625 0.06384720625 0.19224343906250002 0.0582449875 0.1603509734375 0.064684921875 0.12076771093750001 0.0889088453125 0.0891832296875 0.1129931515625 0.0775957015625 0.1367284078125 0.0739042953125 0.1544425890625 0.074314940625 0.1779684171875 0.078519653125 0.1896615203125 0.098824590625 0.20695684375 0.127128309375 0.2241125484375 0.16322548750000002 0.22936571875
3 0.55466566875 0.881456990625 0.5422568515624999 0.8581405921874999 0.5301560171874999 0.8524685640625 0.5178498609375 0.835033621875 0.5056463671875 0.8234801375 0.49364819375 0.8236895656250001 0.4781639375 0.8533760890625001 0.4707811234375 0.88880445 0.4712944296875 0.9182117359375 0.49939282656249995 0.9236045265625 0.5311826296875 0.9112831343750001 0.55466566875 0.881456990625
3 0.610554478125 0.8745981984375 0.630346109375 0.8624862375 0.63383219375 0.8330091421875 0.6294221578125 0.8095531250000001 0.6172186640625 0.7979996390624999 0.5970163875 0.7865857734375 0.576916771875 0.7810533640624999 0.5650212609375 0.78714425 0.5572278015625 0.7990467828125001 0.5535363953125 0.8167609640625001 0.5459482578125 0.8404264109374999 0.546358903125 0.863952240625 0.55466566875 0.881456990625 0.562869771875 0.8930802859375 0.5947622375 0.8866403515625001 0.610554478125 0.8745981984375
3 0.45939891875 0.924302621875 0.47108910625 0.906448821875 0.47057580000000004 0.8770415359375001 0.46216637499999996 0.8536553281250001 0.453859609375 0.8361505749999999 0.4376567234375 0.8246669015625001 0.41407102343749996 0.8486115859375 0.402380834375 0.8664653859375001 0.3947926984375 0.8901308328124999 0.41120090625000005 0.9133774234375001 0.43140318281249995 0.9247912890625001 0.45939891875 0.924302621875
3 0.10272571718750001 0.4304522125 0.1310294359375 0.447607915625 0.162819240625 0.43528652343749996 0.190814975 0.43479785625 0.214708659375 0.4284975421875 0.230706221875 0.4282183046875 0.2378837140625 0.3810270265625 0.2408564921875 0.32214264843749996 0.23583048906249998 0.2633978875 0.2193196203125 0.23426984062499998 0.187119171875 0.22306540468749997 0.13922914375 0.2297845765625 0.12312891875000001 0.2241823578125 0.1074393390625 0.24210596718750002 0.0881610140625 0.2836252140625 0.0848802515625 0.3248652234375 0.0817021515625 0.3719866890625 0.0862148484375 0.4013241640625 0.10272571718750001 0.4304522125
3 0.7485825921875 0.7604071796875 0.7763730046874999 0.7481555984375 0.7997533828125001 0.7124479984375001 0.8029314843750001 0.6653265328125 0.7942140734375001 0.6242959515625001 0.777805865625 0.6010493625 0.7656023703125 0.5894958765625 0.7253004796875 0.5725496015625 0.697612728125 0.5906826406250001 0.6857172171875 0.5967735265624999 0.6781290796875 0.620438975 0.6746429953125 0.64991606875 0.6790530312499999 0.6733720859375001 0.6794636749999999 0.6968979156249999 0.6874624578125 0.696758296875 0.6996659515625 0.70831178125 0.7121774296875001 0.7375096375 0.716587465625 0.76096565625 0.7485825921875 0.7604071796875
3 0.30147211406249996 0.8152775140624999 0.3091629125 0.7974935234375 0.3170590328125 0.7914724468750001 0.32474983125 0.7736884578125001 0.3243391859375 0.750162628125 0.31613508125 0.7385393328125 0.30793097812500003 0.7269160390625 0.291830753125 0.7213138203125 0.2718338 0.72166286875 0.2518368453125 0.7220119171875 0.243940725 0.7280329937500001 0.24024931875000002 0.7457471734375 0.2410706078125 0.7927988296875 0.2577868 0.833689790625 0.277783753125 0.8333407421875 0.2977807078125 0.83299169375 0.30147211406249996 0.8152775140624999
3 0.3589008421875 0.8966405765625 0.386896578125 0.8961519093750001 0.3984841046875 0.872416653125 0.39807346093749996 0.848890825 0.3972521703125 0.8018391687499999 0.3930474578125 0.7901460640625 0.3808439625 0.7785925781249999 0.3727425203125 0.7728507421875 0.35674495624999997 0.7731299796875 0.3130596421875 0.79154225625 0.301369453125 0.80939605625 0.2977807078125 0.83299169375 0.3182909671875 0.86204993125 0.34269795625 0.8851569015624999 0.3589008421875 0.8966405765625
3 0.7014111921875 0.8082965515625 0.7092046515625 0.7963940171874999 0.7129987203125 0.78456129375 0.712588075 0.761035465625 0.712382753125 0.7492725515624999 0.708075378125 0.7316979890625 0.699563290625 0.702430325 0.68756511875 0.7026397531249999 0.6754642843750001 0.696967725 0.6555699921875 0.7031982296875 0.6398804124999999 0.7211218406250001 0.63188163125 0.721261459375 0.62008878125 0.7332338015625 0.6167053578125 0.7685923546875 0.62111539375 0.792048371875 0.6335242109375 0.8153647718749999 0.6419336375 0.8387509796874999 0.6660326421875 0.8442135796875 0.6897210031250001 0.82615035 0.7014111921875 0.8082965515625
3 0.8290793171875 0.5589716390625 0.8244639593749999 0.5237527046875 0.819745940625 0.48265231562500005 0.8074397843750001 0.46521737500000004 0.7870321859375 0.44204059375 0.763035840625 0.44245945156250005 0.7471409390625 0.448620146875 0.7272466453125 0.454850653125 0.7114544046875 0.4668928046875 0.6999695390625 0.49650951875000005 0.6962781312499999 0.5142237 0.70479021875 0.543491365625 0.721198428125 0.56673795625 0.7493994859375 0.5780122015625 0.7696017625 0.5894260671875 0.7857019859375 0.5950282859375 0.8095956703124999 0.588727971875 0.8290793171875 0.5589716390625