3 0.388132134375 0.437186559375 0.44617866875 0.430434946875 0.467520071875 0.4258986921875 0.48772534375000004 0.41601736875000006 0.492715396875 0.387023896875 0.4905916515625 0.359542509375 0.4731041734375 0.329740225 0.45561669531250004 0.2999379390625 0.4439583765625 0.2800697484375 0.4193570984375 0.25177954687500004 0.40172110937500005 0.2387685109375 0.38393660625 0.24254872343749997 0.3684243625 0.257019075 0.3622981796875 0.280667478125 0.3595803859375 0.3203510875 0.3581472328125 0.3485885171875 0.3530086671875 0.39437323750000003 0.37049614375 0.42417552187499996 0.388132134375 0.437186559375
3 0.6526274015625 0.3697932328125 0.68463950625 0.36298885 0.7037086484375 0.3477624578125 0.69931264375 0.3095909328125 0.6855305781250001 0.26224135625 0.6704638703125 0.22633795937499998 0.6482833625 0.19194664687500002 0.62951124375 0.1735905421875 0.6070337125 0.17278172812499998 0.6080213296875 0.1949180453125 0.601746634375 0.23535769687500002 0.602437228125 0.2910765140625 0.608117875 0.31780185781250003 0.6220484515625 0.3483601859375 0.625456840625 0.36439539375 0.6526274015625 0.3697932328125
3 0.1713097234375 0.46651390312499996 0.18810660625 0.44059737187500003 0.1989258203125 0.421537996875 0.1872675015625 0.40166980625 0.1731884125 0.3879027265625 0.1603939640625 0.3626894671875 0.1535771875 0.330619053125 0.147896540625 0.3038937109375 0.13865899375 0.2779244078125 0.1281368046875 0.26340128749999997 0.11163694375 0.25573531875 0.10195385937500001 0.28013976406249996 0.094543034375 0.3152343484375 0.10022368125 0.3419596921875 0.110448846875 0.39006531093749996 0.12877543125 0.4587951640625 0.14399065 0.4779073125 0.1713097234375 0.46651390312499996
0 0.48930700937499993 0.370988690625 0.48120559218750003 0.3503644578125 0.48006946250000004 0.3450193890625 0.47651256093749994 0.34577543125 0.474091790625 0.35187654375 0.473943278125 0.3686677921875 0.477351665625 0.3847029984375 0.48787385624999996 0.39922611875 0.492715396875 0.387023896875 0.48930700937499993 0.370988690625
0 0.28077910781250004 0.6667078921875 0.2822122625 0.6384704625000001 0.268281684375 0.607912134375 0.263737165625 0.586531859375 0.2591926484375 0.565151584375 0.230588934375 0.5879911734375 0.22446275 0.6116395765625 0.20638122343749998 0.6490022875 0.20267581250000002 0.6665495796875 0.2130494890625 0.6978639484375 0.2187301375 0.72458929375 0.246888315625 0.7521234515625 0.2683782296875 0.730795946875 0.2793459546875 0.694945321875 0.28077910781250004 0.6667078921875
3 0.714423928125 0.608053203125 0.72835450625 0.6386115328125 0.7495473968749999 0.6508665265625 0.7615027390625 0.63715221875 0.7736065937500001 0.6066466625 0.7763243890625 0.5669630531250001 0.773213025 0.5173453484375 0.769953146875 0.4845188921875 0.7571587 0.45930563125 0.7252951078125001 0.449318765625 0.694567646875 0.44467696874999996 0.6838969453125 0.44694509687500006 0.6824637921875001 0.47518252499999997 0.6870083109375 0.49656279999999997 0.68913205625 0.5240441875 0.6923919328125 0.5568706437500001 0.699208709375 0.58894105625 0.714423928125 0.608053203125
3 0.3325509484375 0.7003959328125 0.356164609375 0.7065498156250001 0.38007529375 0.6791212 0.370986259375 0.6363606484375001 0.358488834375 0.5775648921875 0.3422859984375 0.5363164265625 0.323662390625 0.5011690718749999 0.3060264015625 0.48815803437499994 0.28340035625 0.5041404703125 0.2772741734375 0.5277888734375 0.2664549609375 0.54684825 0.26388567812499997 0.5697406109375 0.263737165625 0.586531859375 0.28576916093750004 0.6377144203125 0.30794966874999996 0.6721057328125 0.3325509484375 0.7003959328125
3 0.307756578125 0.4263381078125 0.3373479109375 0.4256348375 0.353996284375 0.41650955468750006 0.356565565625 0.3936171953125 0.3602709796875 0.376069903125 0.3581472328125 0.3485885171875 0.340659753125 0.31878622968750003 0.325593046875 0.282882834375 0.3163554984375 0.25691353125 0.3058333109375 0.2423904109375 0.2928903515625 0.23396840000000002 0.2773781078125 0.24843874999999999 0.2605812234375 0.27435528124999997 0.2577149171875 0.33083013906250003 0.258554021875 0.36975770625000004 0.2687791859375 0.41786332656249997 0.28769981875 0.41942818125 0.307756578125 0.4263381078125
3 0.42957487656250004 0.702119103125 0.44849550625 0.7036839609375 0.4534855609375 0.6746904875 0.45748799843750004 0.6235606984375 0.4519558609375 0.5800441046875 0.44869598593750004 0.5472176484375 0.4405945671875 0.5265934156250001 0.4122878765625 0.51585050625 0.3768673859375 0.5066196828125 0.357946753125 0.5050548265625 0.3495483109375 0.5180130921874999 0.36688727656250003 0.5646066265624999 0.376124825 0.590575928125 0.3863499890625 0.6386815484375 0.397859796875 0.6753409875 0.4095181140625 0.695209178125 0.42957487656250004 0.702119103125
3 0.712107090625 0.3348041921875 0.753653765625 0.3203866125 0.77400755 0.293714040625 0.774304575 0.2601315421875 0.76294328125 0.206680853125 0.7512849609375001 0.1868126625 0.7313767125 0.1631114890625 0.7150253640625001 0.1386542734375 0.7046516859375 0.10733990156249999 0.6810380265625 0.10118602031249999 0.672491071875 0.1309355328125 0.6721940484375 0.16451803125 0.6741692828125 0.2087906671875 0.6797014171875 0.2523072609375 0.6936319953125001 0.2828655890625 0.6980280015625 0.3210371140625 0.712107090625 0.3348041921875
3 0.28077910781250004 0.6667078921875 0.2822122625 0.6384704625000001 0.268281684375 0.607912134375 0.263737165625 0.586531859375 0.2591926484375 0.565151584375 0.230588934375 0.5879911734375 0.22446275 0.6116395765625 0.20638122343749998 0.6490022875 0.20267581250000002 0.6665495796875 0.2130494890625 0.6978639484375 0.2187301375 0.72458929375 0.246888315625 0.7521234515625 0.2683782296875 0.730795946875 0.2793459546875 0.694945321875 0.28077910781250004 0.6667078921875
3 0.7775644515625 0.292957996875 0.8011781125 0.29911188125 0.82721254375 0.29916465312499996 0.8487024578125 0.277837146875 0.8431703234375 0.23432055468750002 0.8211383281250001 0.18313799375 0.8002424609375 0.1373005015625 0.7887326546875 0.1006410625 0.7617106062500001 0.0784519734375 0.7580051921875001 0.0959992640625 0.75755965625 0.1463730109375 0.7595348921875 0.19064564687500002 0.76620315625 0.23950730937500003 0.77884909375 0.2815118171875 0.7775644515625 0.292957996875
3 0.67969403125 0.654541196875 0.69407014375 0.6347257765625 0.6956518109375 0.5896970984375 0.6878474156250001 0.53549036875 0.683451409375 0.4973188421875 0.6813276625 0.46983745624999995 0.6767831453125 0.44845718124999995 0.6614194140625 0.4461362828125 0.641214140625 0.45601760625 0.6257018984375 0.47048795625000006 0.5972466953125 0.476536296875 0.604063471875 0.508606709375 0.6154247671874999 0.5620573984375 0.63291224375 0.5918596843749999 0.643285921875 0.623174053125 0.6596372703125 0.6476312703125 0.67969403125 0.654541196875
3 0.52200970625 0.4199031234375 0.5373734375 0.4222240234375 0.55999948125 0.40624158593750004 0.59798925625 0.39258005156250003 0.61236536875 0.37276463125000003 0.6207638109375 0.3598063671875 0.6092540046875 0.323146928125 0.5882096265625 0.294100684375 0.571858278125 0.2696434671875 0.5566430578125 0.25053131875 0.53915558125 0.220729034375 0.5262126203124999 0.21230702343750002 0.5108488890625 0.209986125 0.49889354687500004 0.2237004328125 0.49503962343749996 0.25803897343750004 0.49004956875000005 0.2870324453125 0.4861956453125 0.3213709859375 0.48589862031250003 0.3549534828125 0.492715396875 0.387023896875 0.500816815625 0.4076481296875 0.52200970625 0.4199031234375
3 0.6171029781249999 0.6399125328124999 0.6233776734375 0.59947288125 0.616560896875 0.5674024671875 0.60633573125 0.519296846875 0.5993704421875 0.5040176828125 0.58301909375 0.479560465625 0.5665192328125 0.4718945 0.5485862203125 0.49246596093750006 0.531937846875 0.5015912421875 0.529517075 0.507692353125 0.524675534375 0.5198945765625 0.5361853421875 0.556554015625 0.5523881765625 0.59780248125 0.5745686859375 0.6321937937500001 0.5957615765625001 0.6444487875 0.6171029781249999 0.6399125328124999
0 0.1854407796875 0.340605921875 0.19141845156249998 0.3337487671875 0.1985322515625 0.33223668281249996 0.2056460515625 0.330724596875 0.21275985312499998 0.3292125125 0.21162372343750002 0.32386744218749997 0.21048759375 0.3185223734375 0.19981689375 0.3207905015625 0.190282321875 0.3284036984375 0.17249781875 0.3321839109375 0.1700770484375 0.338285021875 0.1783269796875 0.34211800625 0.1854407796875 0.340605921875
3 0.21428955156249999 0.42385889531250004 0.2450170140625 0.42850069218750003 0.26052925625 0.4140303421875 0.266655440625 0.39038193906249996 0.258702534375 0.35296645781249997 0.24961349843749997 0.31020590625 0.2335591734375 0.25216619218749997 0.222049365625 0.21550675312499998 0.21523258906249998 0.1834363390625 0.20243814218749998 0.1582230796875 0.17882448125 0.152069196875 0.16800526875 0.17112857343750001 0.16059444375 0.2062231578125 0.15318361875 0.2413177390625 0.14918118281249998 0.2924475296875 0.1511564171875 0.33672016562499996 0.1649384828125 0.38406974374999997 0.1801537 0.403181890625 0.21428955156249999 0.42385889531250004
3 0.5293165984375 0.6641586640625 0.5344551640625 0.61837394375 0.5337645703125 0.5626551265625 0.529368565625 0.524483603125 0.5141533468749999 0.5053714546875 0.48569814375 0.5114197953125 0.45837906874999995 0.522813203125 0.44884449843749996 0.5304264 0.45679740312500006 0.56784188125 0.47398785625000006 0.6312266671875 0.49147533593750004 0.6610289515625001 0.503133653125 0.6808971421875001 0.518497384375 0.683218040625 0.5293165984375 0.6641586640625