3 0.8327580390625 0.5358675359375 0.8387635234375 0.6070214359375 0.8457226921875 0.623538846875 0.853063334375 0.618201665625 0.860403975 0.6128644828125 0.8788032625 0.5967897046874999 0.8649802953125001 0.55829123125 0.8509665906249999 0.5307200546875 0.8368575171874999 0.5086125265625 0.8327580390625 0.5358675359375
3 0.64790820625 0.5381062828125 0.6775568765625 0.500366609375 0.671742128125 0.4182854140625 0.6550594703125 0.33601451718750003 0.62331405625 0.2862725796875 0.5945237 0.2748394171875 0.5689745078125 0.2853240796875 0.5541024875 0.3069257421875 0.5494308 0.36696264218749997 0.5447591109375 0.42699954375000004 0.543710059375 0.48709967968749995 0.5538150234375 0.5309985687500001 0.5934732890625 0.54262143125 0.64790820625 0.5381062828125
3 0.9017788703124999 0.5261416718749999 0.8949150703125 0.5041606109375001 0.876992625 0.4929171484375 0.866124715625 0.49272744843750005 0.8620252374999999 0.51998245625 0.8615483953125 0.5473007 0.87203483125 0.5693449937499999 0.8935799140625 0.5806516921875 0.9049246656250001 0.5535231484375001 0.9017788703124999 0.5261416718749999
3 0.29689393124999996 0.510118053125 0.33731514375 0.4780317296875 0.366963815625 0.44029205625 0.381931203125 0.41322674687500005 0.37907151250000004 0.3694543234375 0.376402559375 0.3147546046875 0.37716550625 0.271045415625 0.3597199015625 0.23248370937499999 0.33807945 0.22664065937500003 0.3125302578125 0.23712532187500002 0.301280875 0.2587902171875 0.28612275 0.29678282500000003 0.270392415625 0.36755732343749997 0.2659114625 0.4166669265625 0.265243884375 0.4549124671875 0.279066853125 0.493410940625 0.29689393124999996 0.510118053125
3 0.8720361921875 0.3616631140625 0.87165471875 0.3835177078125 0.870987140625 0.42176325 0.8705102984374999 0.4490814921875 0.8663154531249999 0.48180015000000004 0.8807106296875 0.4875167328125 0.8919600140625 0.4658518390625 0.8926275921875 0.42760629687499996 0.8897679015625 0.383833875 0.8829994703124999 0.356389165625 0.8720361921875 0.3616631140625
3 0.47754891875 0.5405979640624999 0.4706851171875 0.5186169031250001 0.4487585625 0.5291648015625 0.41977746875 0.528658934375 0.4194913640625 0.5450498796875001 0.41891915468749996 0.577831771875 0.42196958125000006 0.6106768953125 0.4218742125 0.6161405453125 0.43236065 0.6381848390625 0.4537149953125 0.6604188343749999 0.47916881875 0.65539781875 0.494231575 0.6228688609375 0.48422198125 0.5735063234375 0.47754891875 0.5405979640624999
3 0.8727991390625001 0.31795392499999997 0.8582132250000001 0.323164640625 0.83609593125 0.344639834375 0.8321871906249999 0.360967546875 0.8316149796875001 0.3937494390625 0.8340931953125 0.45937645624999995 0.8336163531249999 0.48669469843749996 0.8334256171875 0.49762199531249995 0.8513480640625 0.508865459375 0.8587840734375 0.498064628125 0.86679229375 0.45448190625 0.8717500859375 0.3780540609375 0.8686996609375001 0.345208934375 0.8727991390625001 0.31795392499999997
3 0.1634285875 0.474996528125 0.164000796875 0.4422146359375 0.171532175 0.42595015625 0.160950371875 0.4093695109375 0.1391191828125 0.414453759375 0.135305809375 0.4253178234375 0.12405642812499999 0.4469827171875 0.11623894374999999 0.47963814375 0.11576210312499999 0.506956384375 0.1265346421875 0.512609734375 0.14493393125 0.49653495625 0.1634285875 0.474996528125
3 0.7248405296875 0.6979432265625001 0.7258895812499999 0.6378430921875 0.73037053125 0.5887334875 0.7237928375 0.5503614812500001 0.7172151421875 0.511989475 0.7066333375 0.495408828125 0.6926196328125 0.467837653125 0.6818470921875 0.46218430312500003 0.681942459375 0.4567206546875 0.6738388718749999 0.505767025 0.658966853125 0.5273686859375 0.6295089171875 0.5541810625 0.6356097703125 0.6198713125 0.6422828328125 0.6527796703125001 0.6596330703125 0.6968050265625 0.6772694109375 0.7244394359374999 0.71702304375 0.7305986515625 0.7248405296875 0.6979432265625001
3 0.177252915625 0.30581312031249996 0.18135239375 0.2785581109375 0.170675221875 0.26744111406250004 0.15227593281250001 0.2835158921875 0.1480810859375 0.3162345515625 0.143790871875 0.3544168578125 0.14321866249999998 0.38719875 0.1501778296875 0.40371616250000003 0.1643822703125 0.420360040625 0.17534555000000002 0.41508609218750003 0.1688632234375 0.3712504375 0.17305806875000002 0.3385317796875 0.177252915625 0.30581312031249996
3 0.4126275640625 0.52306881875 0.3909871140625 0.51722576875 0.380405309375 0.5006451234375 0.370109609375 0.46767353125 0.359527803125 0.4510928859375 0.348183053125 0.4782214296875 0.3477062125 0.505539671875 0.3504705328125 0.5547757421874999 0.3538070640625 0.571229921875 0.3675346640625 0.61519204375 0.3887936421875 0.6428896875000001 0.39975691874999997 0.6376157390625 0.41825157500000004 0.6160773109375 0.4126275640625 0.52306881875
3 0.5427563765625 0.5417361640625 0.547237328125 0.4926265609375 0.5479049078125 0.4543810203125 0.5483817484375 0.4270627765625 0.5340819375 0.415882546875 0.4943283046875 0.40972333125000004 0.497760203125 0.42071386093749996 0.5006198937499999 0.46448628437500006 0.49289777968750004 0.49167805937500003 0.48889366875 0.5134694203125 0.4779303921875 0.5187433703125001 0.4703990125 0.5350078484375 0.4845080859375 0.5571153765625 0.49108578124999996 0.5954873843749999 0.4905135703125 0.628269275 0.49766347499999997 0.633859390625 0.49404083906249996 0.6337961578125 0.50462264375 0.650376803125 0.5227358265625 0.6506929703125001 0.533985209375 0.629028075 0.5383707921875 0.5853821203125 0.5427563765625 0.5417361640625
3 0.8220808671875 0.5247505390625 0.8073995828125 0.535424903125 0.8034908421875 0.551752615625 0.8064458999999999 0.5900613890625 0.8131189624999999 0.6229697468750001 0.8201734999999999 0.6340235109375 0.830850671875 0.6451405078125 0.8385727859375001 0.61794873125 0.8392403640625 0.5797031921875 0.8400986796875 0.5305303546875 0.8220808671875 0.5247505390625
3 0.8350468781249999 0.40473996874999996 0.8322825578125 0.3555039 0.8329501359375 0.3172583578125 0.814932321875 0.31147854375 0.796342296875 0.33848061875 0.7887155515625001 0.36020874687500004 0.7917659765625 0.39305387187499996 0.791289134375 0.42037211562500004 0.79062155625 0.45861765468750004 0.7795629109375 0.469355253125 0.7719361640625 0.49108338125 0.7752726953125 0.507537559375 0.7859498687500001 0.51865455625 0.8110222203124999 0.5354881359375 0.8293261390625 0.5248770046875 0.8375250953125001 0.4703669875 0.8350468781249999 0.40473996874999996
3 0.218149609375 0.454090434375 0.240171534375 0.43807888906250003 0.2551389234375 0.41101357812500006 0.2664836734375 0.3838850359375 0.274396525 0.34576596249999997 0.2824047453125 0.302183240625 0.28288158750000003 0.274864996875 0.27249051875 0.247357053125 0.258286078125 0.230713175 0.24408163593749999 0.21406929375 0.225873084375 0.2192167765625 0.2178648640625 0.2627994984375 0.20995201406250003 0.3009185734375 0.205852534375 0.32817358125 0.204326640625 0.41559195937500004 0.2111904421875 0.437573021875 0.218149609375 0.454090434375
3 0.1966998953125 0.43732008906250003 0.2007040046875 0.41552872656249995 0.20156232031250002 0.3663558890625 0.2096659078125 0.31730951875 0.2140514921875 0.2736635640625 0.2180556015625 0.2518722015625 0.2037557921875 0.24069197031249998 0.19298325 0.23503862187500002 0.188979140625 0.25682998281249997 0.177443653125 0.29488582343749997 0.1728673328125 0.34945907656249997 0.172295121875 0.38224096875 0.17534555000000002 0.41508609218750003 0.1785867109375 0.437003921875 0.1966998953125 0.43732008906250003
3 0.1474135078125 0.35448009062499997 0.1482718234375 0.305307253125 0.145221396875 0.2724621296875 0.12739431875 0.255755015625 0.1090904 0.266366146875 0.1011775484375 0.3044852203125 0.0969827015625 0.3372038796875 0.1034650265625 0.38103953437500004 0.11404683281250001 0.39762017968749996 0.1356872828125 0.40346322968750004 0.1474135078125 0.35448009062499997
3 0.5802211703125 0.679022946875 0.6025292 0.64662045625 0.61416005625 0.6031009671875001 0.618259534375 0.5758459578124999 0.6221682765625001 0.55951824375 0.6223590125 0.548590946875 0.5970005578124999 0.5481483140625001 0.5789827421875 0.5423684984375 0.5645875640625 0.536651915625 0.557246921875 0.5419890984375 0.5494294390625 0.5746445234374999 0.5521937609375 0.6238805953125001 0.5479989140625 0.6565992515625 0.551240078125 0.6785170796875 0.56191725 0.689634078125 0.5802211703125 0.679022946875
3 0.9197026781250001 0.32970325625 0.890626215625 0.3346610390625 0.8867174734375001 0.35098875 0.8897679015625 0.383833875 0.8927229609375 0.42214264999999995 0.8922461187499999 0.44946089218749996 0.8918646453125 0.47131548749999996 0.9026371859375001 0.47696883437500004 0.931713646875 0.47201105468750004 0.93609923125 0.428365096875 0.9369575453125 0.37919226093749997 0.93390711875 0.3463471359375 0.9197026781250001 0.32970325625
3 0.21748203125 0.4923359734375 0.2290175203125 0.454280134375 0.23654889843750002 0.4380156546875 0.21834034687499998 0.4431631359375 0.2040405359375 0.43198290625 0.20413590468749998 0.4265192578125 0.1890731484375 0.45904821562500003 0.17763302812499998 0.49164040625 0.1772515546875 0.5134950015624999 0.172961340625 0.5516773078125 0.1725798671875 0.573531903125 0.1794436671875 0.5955129640625 0.190120840625 0.6066299609375 0.2088062328125 0.5741642375 0.21309644687499998 0.5359819296875 0.21748203125 0.4923359734375
3 0.4416086578125 0.5235746859375 0.49251630625000004 0.5135326546875 0.4969018890625 0.46988669843749997 0.5024318921875001 0.3606769609375 0.5031948390625 0.316967771875 0.4928037703125 0.289459828125 0.4678267890625 0.2671626 0.435223059375 0.26659350000000004 0.40586049375 0.28794222812500003 0.401761015625 0.3151972375 0.38993942187499997 0.36964402343749997 0.37430445625000003 0.43495487343750006 0.373446140625 0.48412771093750007 0.3873644765625 0.5171625359375 0.4416086578125 0.5235746859375
3 0.2633365171875 0.5641854390625001 0.260572196875 0.51494936875 0.2650531484375 0.4658397640625 0.26190735468750004 0.43845828906250006 0.25475745 0.43286817343750006 0.2363581609375 0.44894295156249997 0.22501340937499997 0.47607149531250004 0.2171959265625 0.50872691875 0.20918770625 0.552309640625 0.208710865625 0.579627884375 0.2045160171875 0.61234654375 0.20413454375 0.6342011375000001 0.22186625468750001 0.6563718984375 0.24388817812500002 0.640360353125 0.2554236671875 0.6023045125 0.2633365171875 0.5641854390625001
3 0.34246231250000003 0.598358465625 0.3505659 0.5493120953124999 0.35123347968749996 0.5110665531249999 0.344655784375 0.472694546875 0.31538858593749997 0.488579625 0.3042345734375 0.504780871875 0.2862167578125 0.49900105625 0.279257590625 0.48248364375 0.268675784375 0.465902996875 0.2644809375 0.49862165625 0.2601907234375 0.5368039625 0.2559005078125 0.5749862703125 0.255519034375 0.596840865625 0.2587601984375 0.6187586921875 0.2722970609375 0.6736481109375 0.2900287703125 0.695818871875 0.3121460625 0.674343678125 0.3272088203125 0.6418147203125 0.34246231250000003 0.598358465625
3 0.70653796875 0.5008724765625 0.7425735984374999 0.5124321078125 0.7685042640625 0.48009285 0.79424419375 0.4586808890625 0.795102509375 0.4095080515625 0.7745111078125 0.3435648671875 0.764501515625 0.2942023296875 0.7505831781250001 0.26116750624999996 0.7365694734375 0.23359632968750002 0.7112110171875 0.23315369531250002 0.6923348875 0.2765467171875 0.68070403125 0.32006620625000004 0.6763184484375 0.3637121609375 0.675174028125 0.4292759453125 0.688901628125 0.4732380671875 0.70653796875 0.5008724765625
3 0.800154309375 0.5352984359375 0.7787999640625001 0.5130644421875 0.76087751875 0.5018209765625 0.735328325 0.5123056421875 0.7277015796875 0.53403376875 0.7272247375 0.5613520109375 0.7335163265625 0.6161149640625 0.7331348531249999 0.637969559375 0.7542984625 0.6711308515625001 0.772030171875 0.6933016125 0.7975793640625 0.6828169484375 0.8096870624999999 0.611979215625 0.8068273734375 0.56820679375 0.800154309375 0.5352984359375
3 0.1771561859375 0.51895865 0.177823765625 0.48071311093749997 0.189263884375 0.44812091875000004 0.1966998953125 0.43732008906250003 0.1712460703125 0.44234110156249995 0.1599966890625 0.464005996875 0.1598059515625 0.4749332953125 0.14836583125 0.5075254859375 0.147698253125 0.5457710265625 0.151034784375 0.5622252046875 0.169338703125 0.5516140734375 0.1771561859375 0.51895865