3 0.1554798140625 0.6889598921875 0.1567472640625 0.6733755328125001 0.1810046578125 0.6673274859375 0.19861855781249999 0.655301671875 0.210856415625 0.6217137296875 0.1924117125 0.5270682359375 0.17986761406250001 0.47675660625000005 0.1726995578125 0.448007103125 0.13948209375 0.4181182703125 0.12261108125 0.3917879859375 0.1044726171875 0.38104206406249996 0.0796906609375 0.36431837499999997 0.062076759375 0.3763441875 0.0480468875 0.4027447546875 0.046036549999999996 0.45668521249999994 0.05246171875 0.5237908124999999 0.06553038125 0.5968741796875 0.08292595781249999 0.6459762 0.1112919421875 0.6770746421875 0.1554798140625 0.6889598921875
3 0.3231408203125 0.9067192593750001 0.333586665625 0.8659439421874999 0.3361215671875 0.834775221875 0.343507946875 0.802396890625 0.34119136875 0.772437778125 0.3273798203125 0.7377105078125 0.3046082 0.667046359375 0.2895292015625 0.6479034515625 0.26833127343749996 0.6455545140625001 0.242281865625 0.6444151859375 0.2192919234375 0.634878871875 0.21264842968750003 0.6289011062500001 0.2034700359375 0.6540920625 0.17667774218750001 0.69130883125 0.201241375 0.7691603546875 0.211993459375 0.8122846078125001 0.2288644734375 0.8386148921875 0.26133905 0.9068598218749999 0.299407990625 0.9355390437500001 0.3231408203125 0.9067192593750001
3 0.53380723125 0.4495829484375 0.54941079375 0.49149759218750005 0.5553113984375 0.5358314578125001 0.5946477921875 0.5489263171875 0.618905184375 0.5428782703125 0.6546575484375 0.5415983796875 0.669211984375 0.5379695515625 0.6819744062499999 0.527153346875 0.6965288421875 0.5235245187500001 0.7080238140625 0.5282926765625 0.7159347578124999 0.51868608125 0.7269051656250001 0.5006825015625 0.7299646296875 0.492285515625 0.7276480515625 0.46232640312499995 0.7168959671875 0.41920214843750003 0.691064884375 0.3569349859375 0.683896828125 0.32818548281250004 0.660382321875 0.2958774328125 0.6411947312499999 0.2395880359375 0.62611573125 0.220445128125 0.612828746875 0.20848959531250003 0.5916308171875 0.20614065781250002 0.5625219453125 0.21339831562499997 0.52550213125 0.230262565625 0.511472259375 0.25666313125 0.5125213859375 0.3022066046875 0.508719034375 0.3489596875 0.5140950765625 0.370521815625 0.5248471609375 0.41364606875 0.53380723125 0.4495829484375
3 1 0.6452859953125001 0.9948735328125 0.624724859375 0.9907649421875 0.5875783703125 0.9787454062500001 0.5600384765624999 0.9697853359374999 0.5241015984375 0.9613498296874999 0.51093645625 0.9577658015624999 0.4965617046875 0.9470137171875 0.45343745 0.9306672671875 0.449878903125 0.9214888734375 0.475069859375 0.8729740874999999 0.487165953125 0.8668551578124999 0.5039599234375001 0.8967948343750001 0.603373575 0.9172498750000001 0.6440786109375 0.9353883390625001 0.654824534375 0.9601702953125001 0.6715482234375 0.9765167453125001 0.6751067703125 0.99107118125 0.6714779421875 0.998982125 0.661871346875 1 0.6493557203125 1 0.6452859953125001
3 0.44254785625000004 0.7242642406249999 0.4343306734375 0.649971265625 0.42051912343750003 0.6152439953125 0.39573716718749996 0.59852030625 0.361252253125 0.5842158359375 0.3502818453125 0.602219415625 0.342370903125 0.6118260109375 0.3199055234375 0.625061434375 0.3071431015625 0.6358776390624999 0.2974401453125 0.6382968578125 0.3046082 0.667046359375 0.34119136875 0.772437778125 0.361646409375 0.8131428125 0.3997153515625 0.8418220359375 0.41912126718750004 0.8369835968749999 0.443378659375 0.8309355500000001 0.4502404765625 0.7757854828124999 0.44254785625000004 0.7242642406249999
3 0.4654498828125 0.58877315 0.48970727500000005 0.582725103125 0.5236676265625 0.5742578359375 0.5412815265625001 0.562232021875 0.5456084421875 0.5382506765625 0.5397078359374999 0.4939168109375 0.5271637375 0.44360518125 0.526639175 0.42083344531250005 0.5110356109375 0.3789188 0.4959566125 0.35977589062500004 0.477293584375 0.3262582328125 0.455046528125 0.2783658203125 0.39757167187500003 0.2545250375 0.37331427968750003 0.260573084375 0.3411459421875 0.276227725 0.3350270140625 0.293021696875 0.33122466250000004 0.33977477968750003 0.335333253125 0.3769212671875 0.33764983125 0.40688037968749996 0.3381743953125 0.42965211718749996 0.33563949375 0.46082083906250004 0.374014675 0.57339963125 0.39573716718749996 0.59852030625 0.4187271109375 0.6080566203125 0.4411924890625 0.594821196875 0.4654498828125 0.58877315
3 0.675506746875 0.8112303921875 0.6780416484375 0.7800616703125 0.670349028125 0.7285404296875 0.67594339375 0.6889747234375 0.6687753375 0.6602252203125001 0.6677262109375001 0.614681746875 0.66361761875 0.5775352578125 0.6564495640625 0.54878575625 0.6449545921875 0.5440176 0.6158457203125 0.5512752562500001 0.5915883265625 0.557323303125 0.5752418765625 0.55376475625 0.5571034125 0.5430188328125001 0.5456084421875 0.5382506765625 0.5466575687499999 0.5837941484375 0.5681617375 0.6700426578124999 0.578913821875 0.7131669140625 0.58966590625 0.7562911671875 0.6083289328125 0.789808828125 0.6318434390625 0.8221168765625 0.65483338125 0.8316531906250001 0.675506746875 0.8112303921875
3 0.08734078906250001 0.7670222609375 0.07838071875 0.73108538125 0.0712126625 0.702335878125 0.033668284375 0.69642839375 0.0784686359375 0.8761127859375 0.0937659578125 0.8341278609374999 0.08734078906250001 0.7670222609375
3 1 0.4592755484375 0.995528503125 0.44134135468749996 0.98276608125 0.45215755937499996 0.9536572109374999 0.4594152171875 0.9559737875 0.4893743296875 1 0.617007409375 1 0.4592755484375
3 0.794825865625 0.48374796875000003 0.8172912453125001 0.47051254531250003 0.8476675671875 0.4476705265625 0.8315394406250001 0.38298414687500004 0.808767821875 0.312319996875 0.7859962031250001 0.24165584999999998 0.738967190625 0.1770397484375 0.7001553609375 0.1867166234375 0.687917503125 0.220304565625 0.6810556875 0.275454634375 0.683896828125 0.32818548281250004 0.7240640234375 0.4479516515625 0.737351009375 0.459907184375 0.7585489375 0.46225612343750005 0.7766874015624999 0.4730020453125 0.794825865625 0.48374796875000003
3 0.9069344375 0.4786986875 0.9245483390624999 0.46667287343749997 0.928875253125 0.442691528125 0.9152820281249999 0.3468364234375 0.8960944375000001 0.2905470265625 0.8848177890625 0.22465103593750002 0.8510757625 0.17199046875 0.8171154125 0.18045773437499998 0.8048775546875 0.214045675 0.801599765625 0.28357049375 0.8458755531250001 0.4404831515625 0.84945958125 0.454857903125 0.86453858125 0.4740008109375 0.8826770453125 0.484746734375 0.9069344375 0.4786986875
3 0.266539259375 0.6383671390625001 0.2859451734375 0.6335287000000001 0.310202565625 0.627480653125 0.342370903125 0.6118260109375 0.3502818453125 0.602219415625 0.361252253125 0.5842158359375 0.36557916874999996 0.560234490625 0.34997560625 0.5183198453125 0.33563949375 0.46082083906250004 0.3151844515625 0.420115803125 0.2916699453125 0.38780775312500004 0.251808990625 0.35194115625 0.21553206249999998 0.330449309375 0.1930666828125 0.34368473125 0.185680303125 0.3760630640625 0.18799688125 0.4060221765625 0.183669965625 0.4300035234375 0.1726995578125 0.448007103125 0.22541085156250001 0.6180849015625001 0.2320543453125 0.6240626687499999 0.2386978375 0.630040434375 0.243549315625 0.6288308234375 0.266539259375 0.6383671390625001
3 0.7538732921875 0.75352054375 0.77201175625 0.764266465625 0.7896256562499999 0.7522406515625 0.8041800921875 0.7486118234375 0.8018635156249999 0.7186527125 0.795962909375 0.674318846875 0.79364633125 0.6443597343749999 0.790062303125 0.629984984375 0.7805776703125 0.57127636875 0.7710930359375 0.512567753125 0.760865515625 0.49221523593749994 0.74937054375 0.48744707812500004 0.7396675875 0.489866296875 0.7269051656250001 0.5006825015625 0.7128752921875 0.5270830671875 0.6965288421875 0.5235245187500001 0.6886179 0.5331311140625 0.6789149421875 0.5355503328125 0.669211984375 0.5379695515625 0.659509028125 0.5403887703125 0.66361761875 0.5775352578125 0.6731022531249999 0.6362438734375 0.6869138015625 0.67097114375 0.7086362937499999 0.6960918171875 0.728566771875 0.7140251171875 0.74058630625 0.741565009375 0.7538732921875 0.75352054375
3 0.8932108046874999 0.5889988234375 0.8770826796875 0.5243124406249999 0.8553601875 0.4991917671875 0.845132665625 0.4788392484375 0.8257267515625 0.4836776875 0.81602379375 0.48609690624999996 0.8045288234375001 0.48132875 0.7917664015625 0.49214495312500006 0.7639249796875001 0.48381825 0.8020818390625 0.657524878125 0.8309723874999999 0.7113950546875001 0.8575463578125 0.73530611875 0.901734228125 0.747191371875 0.9241996078125 0.7339559484375 0.905754903125 0.639310453125 0.8932108046874999 0.5889988234375
3 0.19184465781249999 0.8554791453125 0.2010230515625 0.8302881890625 0.20714198125 0.81349421875 0.199973925 0.784744715625 0.18384579843749999 0.720058334375 0.173618278125 0.699705815625 0.1603312921875 0.6877502828125001 0.1554798140625 0.6889598921875 0.1112919421875 0.6770746421875 0.09547005625 0.69628783125 0.07785615625 0.7083136453125001 0.0937659578125 0.8341278609374999 0.10757750625 0.8688551296875 0.1195970421875 0.8963950234375 0.134676040625 0.9155379312499999 0.1637849125 0.9082802750000001 0.1796068 0.8890670859375 0.19184465781249999 0.8554791453125
3 0.5666759625 0.7467548546875 0.5602507937500001 0.679649253125 0.5530827375 0.65089975 0.5435981046875 0.5921911343749999 0.5218756124999999 0.567070459375 0.48970727500000005 0.582725103125 0.44604396875 0.5936115875 0.4187271109375 0.6080566203125 0.4343306734375 0.649971265625 0.4571022921875 0.7206354125 0.4854682765625 0.7517338546875 0.509507346875 0.8068136406249999 0.5276458109375 0.8175595640625 0.5567546828125 0.81030190625 0.5666759625 0.7467548546875
3 0 0.5613922812500001 0.012164115625 0.610179884375 0.035460298437499996 0.7036157703125 0.059717692187500004 0.6975677218749999 0.07553957812499999 0.6783545328125 0.08292595781249999 0.6459762 0.06553038125 0.5968741796875 0.05246171875 0.5237908124999999 0.0228282828125 0.5082767328125 0 0.5014493390625 0 0.5613922812500001
3 0.9919444765625001 0.4269666046875 0.9417680828125 0.22572008281249997 0.9210947171875 0.2461428828125 0.9155003515625 0.2857085890625 0.8960944375000001 0.2905470265625 0.9337267328125 0.44148191875 0.9615681531250001 0.44980862187500004 0.9761225890624999 0.44617979375 0.9888850109374999 0.435363590625 0.9919444765625001 0.4269666046875