3 0.1301615890625 0.6327386515625 0.133851365625 0.617544434375 0.158756234375 0.615365540625 0.1780345296875 0.6062432046875 0.19537603125 0.5749832109375 0.1919642296875 0.478617571875 0.1874450421875 0.42696303125 0.18486265 0.39744615156249996 0.1567297921875 0.3627289453125 0.144185453125 0.33408362187499996 0.12795133593750002 0.32063251875 0.1060906484375 0.300237975 0.0868123515625 0.3093603078125 0.068825253125 0.333241084375 0.058401518750000006 0.386202959375 0.054249954687500004 0.45348749687499995 0.055724962499999996 0.527715475 0.065225121875 0.5789342359375 0.08837700625 0.614087221875 0.1301615890625 0.6327386515625
3 0.261693340625 0.874045 0.27838924375 0.835405784375 0.2857687984375 0.8050173484375 0.2981293265625 0.7741931328125 0.3005279078125 0.7442404734375 0.29231894375 0.7077801515625 0.2808819890625 0.6344237296874999 0.2689832484375 0.613157628125 0.24841375625 0.6075215234375 0.22286329062500002 0.602321196875 0.2016482015625 0.5893058703125 0.1960216296875 0.58236243125 0.18301550312499998 0.6058074265625 0.15073108125 0.6383747578125 0.16281363437500002 0.7191103984375 0.166687221875 0.7633857171875 0.17923156093749998 0.792031040625 0.2006304625 0.8645159046875 0.23374429375 0.8987973312499999 0.261693340625 0.874045
3 0.541277971875 0.45549228125 0.550132534375 0.49933182187499997 0.5490251484375 0.544042921875 0.5858287578125 0.5631301296875 0.6107336250000001 0.5609512375000001 0.6462460375 0.56528000625 0.6611889578125 0.5639726703125 0.67548628125 0.5552861140625 0.6904292015625 0.5539787781250001 0.7010367468750001 0.560486440625 0.7103530953125 0.5522356625 0.72400481875 0.5361698875 0.7283401953124999 0.5283548875 0.7307387765625 0.4984022296875 0.7268651875 0.4541269078125 0.7110928578125 0.3885854875 0.7085104656250001 0.3590686078125 0.6903395546875 0.3234798421875 0.6801937953125 0.2648818609375 0.6682950546875001 0.243615759375 0.6570419109375 0.2297288765625 0.63647241875 0.224092771875 0.606586578125 0.22670744375 0.5673843890625 0.2375728921875 0.5493972890625 0.26145366875 0.5433089296875 0.3066005453125 0.5322395984375 0.352183203125 0.5341763921875 0.37432086249999996 0.53804998125 0.41859618125000003 0.541277971875 0.45549228125
3 0.96751656875 0.73793644375 0.971206346875 0.722742225 0.9692695515624999 0.7006045656250001 0.9710225359375 0.6632726859375 0.96345916875 0.634191584375 0.9602311796875 0.5972954859375 0.953959009375 0.5829728234375 0.9526678125 0.5682143843749999 0.948794225 0.5239390640625 0.9332057062500001 0.51786718125 0.9201995796875 0.5413121765625 0.8703898453125 0.5456699640625 0.86171909375 0.5612999609375 0.8757384406250001 0.6641732625000001 0.8895739765625 0.707577025 0.9058080937499999 0.7210281296875001 0.9276687812500001 0.7414226734375 0.9432573 0.7474945578125001 0.9582002203125001 0.746187221875 0.96751656875 0.73793644375
3 0.40817253124999997 0.71251568125 0.411678496875 0.6378519234375 0.40346953281250003 0.601391603125 0.3816088453125 0.5809970578125 0.349786209375 0.5614740703125001 0.336134484375 0.5775398453125 0.32681813593750003 0.5857906234375 0.3025588671875 0.5953487375 0.28826154531250003 0.60403529375 0.278299596875 0.6049068515625 0.2808819890625 0.6344237296874999 0.3005279078125 0.7442404734375 0.31436344374999997 0.7876442359375 0.34747727500000003 0.8219256640625 0.36740116875 0.8201825484375 0.3923060359375 0.8180036546875 0.40771074374999994 0.764606 0.40817253124999997 0.71251568125
3 0.45198807187499995 0.5822753765625001 0.47689293906249997 0.5800964828125 0.511759753125 0.57704603125 0.53103805 0.567923696875 0.5390632015625 0.5449144796875001 0.5401705875 0.5002033796875 0.5356514 0.448548840625 0.5386955796875 0.4259754015625 0.5298410171875 0.38213586093749996 0.5179422765624999 0.3608697578125 0.5047523390624999 0.324845215625 0.4902712046875 0.27406223281250003 0.43723347968750004 0.2415239203125 0.41232861249999997 0.2437028140625 0.3781073953125 0.254132484375 0.3694366453125 0.2697624828125 0.3583673125 0.3153451375 0.3566143296875 0.3526770171875 0.35421574843750003 0.382629675 0.3511715703125 0.4052031140625 0.343792015625 0.4355915515625 0.36408353125000004 0.5527875140625 0.3816088453125 0.5809970578125 0.402823934375 0.5940123828125 0.42708320468750005 0.5844542703125 0.45198807187499995 0.5822753765625001
3 0.6246588078124999 0.8348539328125 0.6320383625 0.8044654953125001 0.6325001484375 0.7523751765625 0.6442150796874999 0.7141717421875 0.6416326875 0.6846548625 0.6477210453125 0.639507984375 0.649474028125 0.6021761046874999 0.6468916359375 0.5726592265625 0.636284090625 0.5661515640625 0.60639825 0.5687662359375001 0.5814933828125 0.5709451296875 0.5659048640625 0.5648732453124999 0.5496707468750001 0.5514221421875 0.5390632015625 0.5449144796875001 0.53297484375 0.59006135625 0.5407220203125 0.6786119953124999 0.544595609375 0.7228873171875 0.5484691984375 0.7671626359375 0.5616591359374999 0.8031871781250001 0.579830046875 0.8387759421875 0.6010451359375 0.8517912671874999 0.6246588078124999 0.8348539328125
3 0.050649825 0.69918065 0.047421834375 0.6622845500000001 0.0448394421875 0.6327676703125 0.00868143125 0.62105968125 0.0248213828125 0.8055401796874999 0.0464982609375 0.7664651874999999 0.050649825 0.69918065
3 1 0.5355380937499999 0.998603959375 0.5195812765625 0.9843066374999999 0.5282678328125 0.9544207953124999 0.53088250625 0.952022215625 0.5608351640625 0.9818138921875 0.7292498875 0.9974024109374999 0.735321771875 1 0.7337435671875 1 0.5355380937499999
3 0.7937384484375001 0.5300689859375 0.8179977171875 0.520510871875 0.8515733359375 0.5027019796875 0.8457629531249999 0.43628900000000004 0.8343259984375001 0.362932578125 0.82288904375 0.2895761578125 0.786547221875 0.2183986296875 0.746699434375 0.22188485937500002 0.7293579328125 0.25314485468750003 0.713953225 0.306542509375 0.7085104656250001 0.3590686078125 0.7294475796875 0.48364378906249994 0.7407007234375 0.497530671875 0.761270215625 0.503166778125 0.7775043312500001 0.51661788125 0.7937384484375001 0.5300689859375
3 0.9052566593750001 0.5426195125 0.9245349546874999 0.533497178125 0.9325601078125001 0.5104879609374999 0.9341292796875 0.41368654375 0.9239835218750001 0.35508856093749996 0.9231541125 0.2882398046875 0.8980654328125001 0.230949159375 0.86319861875 0.233999609375 0.8458571171875 0.2652596046875 0.8317436062500001 0.33341569843749996 0.8509277375 0.49532276093750005 0.852218934375 0.5100812 0.8641176749999999 0.5313473015625 0.8803517921875 0.54479840625 0.9052566593750001 0.5426195125
3 0.2477681578125 0.6001423031249999 0.267692053125 0.5983991890625 0.2925969203125 0.5962202953125 0.32681813593750003 0.5857906234375 0.336134484375 0.5775398453125 0.349786209375 0.5614740703125001 0.3578113625 0.538464853125 0.34895679999999996 0.4946253109375 0.343792015625 0.4355915515625 0.32995647968749997 0.39218778906249996 0.31178556875 0.356599025 0.2780261390625 0.31493837812500003 0.24555790625 0.2880361703125 0.2212986359375 0.2975942828125 0.20893810781250002 0.3284184984375 0.20653952812499998 0.3583711578125 0.198514375 0.3813803765625 0.18486265 0.39744615156249996 0.2103189515625 0.573675875 0.2159455234375 0.580619315625 0.2215720953125 0.58756275625 0.22655306875 0.5871269781249999 0.2477681578125 0.6001423031249999
3 0.711088340625 0.7901138171875 0.72732245625 0.8035649203125 0.746600753125 0.7944425859375001 0.7615436734375 0.7931352484375 0.7639422546875 0.7631825921875001 0.7650496390625 0.7184714921875 0.7674482203124999 0.688518834375 0.7661570234374999 0.6737603937500001 0.7659732125 0.61429085625 0.7657894015625 0.5548213171875 0.7588716343749999 0.5331194359375 0.7482640890625001 0.5266117734375 0.7383021421875 0.52748333125 0.72400481875 0.5361698875 0.7060177203125 0.5600506609375 0.6904292015625 0.5539787781250001 0.6811128515625 0.5622295546875 0.6711509046875 0.5631011125 0.6611889578125 0.5639726703125 0.6512270109375 0.564844228125 0.649474028125 0.6021761046874999 0.6496578390625001 0.66164564375 0.657866803125 0.698105965625 0.675392115625 0.726315509375 0.69227183125 0.7471458328125 0.699835196875 0.776226934375 0.711088340625 0.7901138171875
3 0.8744472453125001 0.649414821875 0.8686368609375 0.5830018421875 0.8511115484375 0.5547923 0.8441937812500001 0.5330904171874999 0.8242698875000001 0.53483353125 0.8143079406249999 0.5357050890624999 0.8037003953124999 0.529197428125 0.7894030734374999 0.5378839828124999 0.7632070093750001 0.5253044375 0.7737203906250001 0.7028414953125 0.7938280953125 0.7605679203125 0.8163343812500001 0.7883416828125 0.8581189640625 0.8069931140625 0.8823782328125 0.797435 0.87896643125 0.7010693609375 0.8744472453125001 0.649414821875
3 0.140029371875 0.802896490625 0.1530354984375 0.7794514953125 0.1617062484375 0.763821496875 0.15912385625 0.7343046171875 0.1533134734375 0.6678916375 0.14639570625 0.6461897546875 0.1351425625 0.6323028734375 0.1301615890625 0.6327386515625 0.08837700625 0.614087221875 0.06974430937500001 0.6305887765625 0.050466012500000004 0.6397111109375 0.0464982609375 0.7664651874999999 0.054707223437499994 0.8029255078125 0.062270590625 0.832006609375 0.07416933125 0.8532727109374999 0.10405517187499999 0.8506580390625 0.12268787031249999 0.8341564859374999 0.140029371875 0.802896490625
3 0.5272541078125 0.7541473109375 0.531405671875 0.6868627734375 0.5288232796875 0.65734589375 0.52863946875 0.5978763546875 0.5111141546875 0.5696668109374999 0.47689293906249997 0.5800964828125 0.432064178125 0.584018490625 0.402823934375 0.5940123828125 0.411678496875 0.6378519234375 0.42311545156249997 0.7112083453125 0.44626733593749995 0.7463613296875 0.4613940671875 0.8045235328125001 0.477628184375 0.8179746359375001 0.507514025 0.8153599640625 0.5272541078125 0.7541473109375
3 0 0.5218304796875 0.000934253125 0.5325090421875001 0.0093270296875 0.6284389015625 0.034231896875 0.6262600078125 0.05286459375 0.609758453125 0.065225121875 0.5789342359375 0.055724962499999996 0.527715475 0.054249954687500004 0.45348749687499995 0.02740829375 0.4335287296875 0.0012122296875 0.42094918437500006 0 0.4202054890625 0 0.5218304796875
3 0.9973127625 0.5048228375 0.9792360171875 0.29820467812499996 0.9556223453125 0.3151420125 0.9439074156249999 0.353345446875 0.9239835218750001 0.35508856093749996 0.93754108125 0.5100521828125 0.9637371453125001 0.522631728125 0.978680065625 0.5213243921874999 0.9929773875000001 0.5126378359375 0.9973127625 0.5048228375