3 0.1657549609375 0.483232190625 0.14351191875 0.4804577734375 0.12646337968750002 0.4605289984375 0.13698550781250002 0.48676463437499995 0.13964931875 0.5084596328125001 0.1164739046875 0.5278217703125 0.1211355734375 0.565788015625 0.1309917484375 0.5865999015625001 0.1505709796875 0.5676793203125 0.169484259375 0.5433349890625 0.1740128125 0.5207568796875 0.1657549609375 0.483232190625
3 0.846498790625 0.438185984375 0.8341119234375001 0.4562234546875 0.8269195593750001 0.457106565625 0.8141331562499999 0.44215998437500004 0.8167969671875 0.4638549828125 0.8329131343749999 0.5059203109375 0.8512935765625 0.5366965875 0.8598178453124999 0.5466609734375 0.86527876875 0.5019463109375 0.8626149578125 0.4802513140625 0.846498790625 0.438185984375
3 0.7898920703125001 0.5717633328125 0.785896353125 0.5392208375 0.774708271875 0.5075614515625 0.760589965625 0.4817673703125 0.733152415625 0.4961473140625 0.7279579109375 0.5133016734375 0.730621721875 0.534996671875 0.74314170625 0.57750355625 0.766050703125 0.585701721875 0.7772387828125 0.61736110625 0.7896256515625 0.5993236359375 0.7898920703125001 0.5717633328125
3 0.8423699578124999 0.34509913281250004 0.8401056828125 0.3563881859375 0.8494290203125001 0.4323206796875 0.864080165625 0.40299415312500003 0.8659449078125 0.358721046875 0.8606172859375001 0.31533105156249996 0.8527589703125 0.3107904125 0.846232559375 0.3170972734375 0.8423699578124999 0.34509913281250004
3 0.3257183953125 0.5076352953125001 0.355153803125 0.5095265984374999 0.3682066234375 0.496912878125 0.3698049484375 0.48020007500000006 0.363145421875 0.42596257968750006 0.3582173328125 0.41555663593750003 0.349693065625 0.4055922484375 0.34050284375 0.39020411250000003 0.32571858124999997 0.35898628125 0.32238881875000003 0.3318675328125 0.3183931015625 0.2993250375 0.2990802875 0.290685315625 0.29321982968750004 0.3024159265625 0.295883640625 0.324110925 0.277636315625 0.35387900625 0.2715094390625 0.39316991875 0.2777694296875 0.4144233609375 0.2805663578125 0.49666271249999994 0.2841625390625 0.49622115781250004 0.2926868078125 0.5061855453125 0.30347535312499996 0.5048608796875 0.3257183953125 0.5076352953125001
3 0.599960390625 0.6005895296875 0.6074191734375 0.5721461156250001 0.6034234578125 0.53960361875 0.600759646875 0.517908621875 0.60009369375 0.512484871875 0.5857089656250001 0.51425109375 0.5677280578125 0.5164588718750001 0.5389586046875 0.5199913171875 0.52750410625 0.515892234375 0.5209776953125 0.5221990953125 0.5272376875 0.5434525375 0.5299014984375 0.565147534375 0.5332312625 0.5922662828124999 0.5522776578124999 0.62846630625 0.5823790171875001 0.6357813609375 0.599960390625 0.6005895296875
3 0.27097641562499997 0.5969395375000001 0.2804330546875 0.5847673703125 0.2892237421875 0.56717145625 0.2950842 0.5554408468750001 0.29308634218749996 0.539169596875 0.29042253125 0.5174746 0.2890906265625 0.5066271015625 0.2776361296875 0.50252801875 0.24300621718749998 0.5177910734375 0.22795553750000003 0.514133546875 0.22609079531249998 0.558406653125 0.228088653125 0.5746779015625 0.2307524640625 0.5963728984375 0.23927673437500002 0.6063372874999999 0.24420482031250001 0.6167432296875 0.25792359375 0.6095532593749999 0.27097641562499997 0.5969395375000001
3 0.6710851421874999 0.3771412984375 0.669087284375 0.36087005156249996 0.66016348125 0.3179216109375 0.6539034874999999 0.29666816875 0.64311494375 0.29799283593750003 0.62939616875 0.30518280781249996 0.6206054828124999 0.322778721875 0.6190071578125 0.3394915265625 0.6131466999999999 0.35122213750000003 0.6079521953125 0.36837649687499996 0.623535525 0.46556243124999996 0.6477764265625 0.4846080953125 0.6657573359375 0.4824003171875 0.6768122984375 0.45351534843749997 0.6777446703125001 0.43137879375 0.67441490625 0.404260046875 0.6710851421874999 0.3771412984375
3 0.6111486562499999 0.4835999015625 0.623535525 0.46556243124999996 0.6208717140625 0.443867434375 0.6126138640625001 0.4063427421875 0.6086181484375001 0.3738002453125 0.5944998390625 0.34800616562500003 0.5754534437500001 0.31180614218749997 0.557073 0.2810298671875 0.5498806375 0.281912978125 0.5348299578125 0.27825544999999996 0.51391881875 0.286328534375 0.50446218125 0.2985007 0.496337446875 0.3215203640625 0.48754675937499997 0.3391162796875 0.47942202343749996 0.36213594374999997 0.4807539296875 0.37298344375000003 0.49673679374999996 0.50315343125 0.5003329765625 0.5027118749999999 0.5131193796875 0.5176584562500001 0.54974715 0.51866665 0.578516603125 0.5151342046875 0.595831559375 0.507502678125 0.6111486562499999 0.4835999015625
3 0.76738279375 0.4479002078125 0.7676492125000001 0.4203399046875 0.7580594546875 0.3719677140625 0.7533977859375 0.33400146875000003 0.7422097062499999 0.30234208281249997 0.7316875796875 0.2761064484375 0.72342973125 0.23858175625000003 0.691730046875 0.24797950625 0.687867446875 0.275981365625 0.6824065234375001 0.32069602812500003 0.6706856078125 0.344157246875 0.669087284375 0.36087005156249996 0.683338709375 0.4472084859375 0.6876008437500001 0.45219068125 0.717435784375 0.4870660375 0.7288902828125 0.49116512031250004 0.7468711906250001 0.48895734218750003 0.7621882875 0.46505456718750005 0.76738279375 0.4479002078125
3 0.808406 0.36578593593750003 0.8093383703124999 0.3436493828125 0.8082728843749999 0.30524158125 0.7928226703125001 0.268600003125 0.78230054375 0.242364365625 0.7660510734375 0.2884036953125 0.75859229375 0.316847109375 0.7533977859375 0.33400146875000003 0.7696470703125 0.436611153125 0.7745751578125 0.44701709687499996 0.793887971875 0.4556568171875 0.8112029265625 0.44802529062499996 0.8163974328125001 0.43087092968749996 0.8117357640625 0.39290468437500004 0.808406 0.36578593593750003
3 0.47848946875 0.5329215109375001 0.48861206093750004 0.5261730953125 0.4980687 0.514000928125 0.496070840625 0.49772968124999994 0.491409171875 0.459763434375 0.48741345625 0.4272209375 0.47915560625 0.389696246875 0.47649179531249997 0.36800125 0.4574454 0.3318012265625 0.444658996875 0.31685464375 0.42468022968749997 0.3027911734375 0.406699321875 0.3049989515625 0.3959107765625 0.30632361874999997 0.39005031875 0.3180542296875 0.380593678125 0.33022639374999996 0.376731078125 0.358228253125 0.36860634375 0.3812479171875 0.36767397343749997 0.4033844703125 0.36540969687499997 0.414673525 0.3682066234375 0.496912878125 0.3751325703125 0.5235900703125 0.387918971875 0.5385366515625 0.4137581984375 0.5408695125 0.42814292500000006 0.5391032906250001 0.453316196875 0.5360124015625 0.47848946875 0.5329215109375001
3 0.4435931390625 0.57574486875 0.44026337499999996 0.548626121875 0.43893147031249996 0.5377786234374999 0.3993734703125 0.542635734375 0.38006065625 0.5339960125000001 0.37060401718749997 0.5461681796875 0.3752656859375 0.584134425 0.386453765625 0.6157938109375001 0.4129589421875 0.6235504203125 0.43027389843749997 0.6159188921875 0.43906458437499996 0.598322978125 0.4435931390625 0.57574486875
3 0.8269195593750001 0.457106565625 0.8406383328125001 0.44991659375 0.8494290203125001 0.4323206796875 0.8460992578125 0.40520193125 0.8394397296875 0.3509644375 0.8354440140625 0.318421940625 0.8213257046875 0.292627859375 0.8147992937499999 0.2989347203125 0.8102707421875 0.3215128296875 0.80973790625 0.3766334359375 0.8163974328125001 0.43087092968749996 0.8141331562499999 0.44215998437500004 0.81906124375 0.452565928125 0.8269195593750001 0.457106565625
3 0.8378412203125001 0.5163262546875 0.8118688781250001 0.4534490390625 0.794553925 0.4610805671875 0.770978975 0.4474586515625 0.76352019375 0.47590206718749994 0.7704461390625 0.50257925625 0.7986827562500001 0.55416741875 0.819327475 0.5736546390624999 0.8366424312499999 0.5660231109375 0.8411709828125 0.5434450015625 0.8378412203125001 0.5163262546875
3 0.217300109375 0.5760025671875 0.21889843125000003 0.5592897640625 0.22609079531249998 0.558406653125 0.22768911875 0.5416938499999999 0.22928744375000001 0.5249810453125 0.22795553750000003 0.514133546875 0.2158350875 0.5046107140625 0.2053129609375 0.478375078125 0.201050825 0.47339288437500004 0.18666609843749998 0.47515910625 0.17654350624999998 0.4819075234375 0.1729473234375 0.4823490796875 0.1746787640625 0.5261806296875 0.17867448125000002 0.5587231265625 0.185600425 0.58540031875 0.18693233125 0.5962478156250001 0.2062451453125 0.6048875375 0.2134375078125 0.6040044265625 0.217300109375 0.5760025671875
3 0.134321696875 0.4650696359375 0.1399157359375 0.48089932968750004 0.1614928265625 0.4782499953125 0.1702835125 0.46065407968749994 0.176143971875 0.44892347031249996 0.188530840625 0.430886 0.190795115625 0.41959694531249997 0.187731771875 0.36491789531249996 0.170683234375 0.3449891203125 0.15296874375 0.3196365953125 0.14311256875 0.29882470781250003 0.1319244890625 0.267165321875 0.12766235625 0.262183128125 0.12046999218750001 0.2630662390625 0.115675021875 0.3132046515625 0.1075502875 0.336224315625 0.1102140984375 0.3579193140625 0.1158081375 0.3737490078125 0.119803853125 0.406291503125 0.12379956875 0.4388340015625 0.134321696875 0.4650696359375
3 0.2776361296875 0.50252801875 0.2792344515625 0.485815215625 0.2755051546875 0.4257124140625 0.2692451609375 0.404458971875 0.253794946875 0.36781739375 0.232084740625 0.309922371875 0.223826890625 0.2723976796875 0.20318217187499998 0.2529104609375 0.2009178953125 0.264199515625 0.1970552953125 0.292201375 0.1837360546875 0.3323753984375 0.187731771875 0.36491789531249996 0.19678869062499998 0.468410690625 0.2046470078125 0.472951328125 0.2158350875 0.5046107140625 0.24300621718749998 0.5177910734375 0.2776361296875 0.50252801875
3 0.512986078125 0.6057631140625 0.5152503546875 0.5944740609375 0.5276372234375 0.576436590625 0.5256393640625 0.560165340625 0.524307459375 0.5493178421875 0.518047465625 0.5280644 0.509523196875 0.5181000124999999 0.5059270171875 0.5185415671875 0.4987346515625 0.519424678125 0.48208565 0.53247995625 0.4569123765625 0.5355708453125 0.46383832187499996 0.5622480359375001 0.47302854375000003 0.5776361734375 0.47635830781250005 0.604754921875 0.49274089375 0.619259946875 0.49700302656249995 0.6242421421875 0.512986078125 0.6057631140625
3 0.7478033749999999 0.615469803125 0.740211478125 0.5833688609375 0.7368817156249999 0.5562501140625 0.7326195796875 0.551267921875 0.7200995953125 0.5087610359375 0.7138396015625 0.48750759375 0.696791065625 0.46757881718750005 0.6768122984375 0.45351534843749997 0.6650913828125 0.4769765671875 0.6625606890625 0.515825925 0.6521716765625001 0.5501346453125 0.6525712125 0.583118696875 0.6709516546875001 0.613894971875 0.6971904125 0.6492118828125 0.720099409375 0.65741005 0.7459386343750001 0.6597429109374999 0.7504671859375 0.6371648015625 0.7478033749999999 0.615469803125
3 0.659630459375 0.5216912296875 0.6612287828125 0.5049784265625 0.662161153125 0.4828418734375 0.6513726078125 0.484166540625 0.6284636124999999 0.4759683734375 0.620605296875 0.4714277375 0.599427740625 0.507061121875 0.60941703125 0.5884173640625 0.6251336625 0.597498640625 0.6395183890625 0.59573241875 0.6525712125 0.583118696875 0.6535035828125 0.56098214375 0.6544359531249999 0.5388455890625 0.659630459375 0.5216912296875
3 0.35182385312500003 0.631056865625 0.37140308437499997 0.612136284375 0.3765975921875 0.594981925 0.37326782812500003 0.5678631765625 0.36993806406249996 0.5407444296875 0.36794020625 0.5244731812500001 0.36301211875 0.5140672375 0.355153803125 0.5095265984374999 0.31492985 0.5089599625 0.2933527609375 0.5116092953125 0.293485878125 0.57215365 0.296815640625 0.5992723984375 0.3001454046875 0.6263911453125 0.3064053953125 0.6476445875 0.31359776093749997 0.6467614765625 0.3315786671875 0.6445536984375 0.35182385312500003 0.631056865625