3 1 0.4548721828125 0.9723775 0.5277901765624999 0.9612646687499999 0.5979538296875 0.9345861078125001 0.6269239375 0.8897773125 0.630892115625 0.8827663859375001 0.6519120796875 0.8778096484375 0.7064529734375 0.8649871515625 0.7874110328125 0.8716600296875001 0.8382612796875 0.872859384375 0.8771794125 0.8721768125 0.9047342859375 0.8718387640625 0.9766044968750001 0.8693510375000001 1 0.9233586515625 1 1 0.51610556875 1 0.4548721828125
3 0.21594221249999998 0.817394725 0.2111577359375 0.8940932875 0.22210477968750003 0.9179575140624999 0.26075747968749996 0.9296120968749999 0.30727594062499997 0.9148495109375 0.3233519828125 0.9063305125 0.30932365625 0.8321848921875 0.30436044375 0.7705402375 0.308972659375 0.67168400625 0.3103378015625 0.6165742625 0.3197409671875 0.557205015625 0.2819430984375 0.5401532296875 0.2687760796875 0.576795953125 0.259200653125 0.6140075281249999 0.24432396875 0.6614446593750001 0.22944728125 0.708881790625 0.21645252187500003 0.7676821828125 0.21594221249999998 0.817394725
3 0.4083444078125 0.76487929375 0.3905522265625 0.6680071515625 0.3908902734375 0.5961369421875 0.39430960625 0.574548125 0.3233325609375 0.55777386875 0.3067462078125 0.616005409375 0.30281656562500003 0.6873067671875 0.3047049671875 0.8148555749999999 0.32608874375 0.9122965703125001 0.3406273796875 0.93672965 0.3657685375 0.9407116171875 0.39073743437499997 0.9225359171875 0.4056141203125 0.8750987859375 0.409033453125 0.8535099687500001 0.4083444078125 0.76487929375
3 0.6340022609375 1 0.6638708375 0.9879263828125 0.686102971875 0.9637846250000001 0.6958506609375 0.94873071875 0.6881506875000001 0.8811200078124999 0.6795958828125 0.8189065 0.6797616718749999 0.7248786203125 0.6985680000000001 0.6061401328125 0.6152787671875 0.6206113953125 0.5362637 0.6080966390625 0.5336992 0.62428825 0.5236134625 0.7112123671874999 0.524302509375 0.7998430421875 0.5258463875 0.8830765140624999 0.543294046875 0.9356333171875001 0.5670700625 0.99472503125 0.5787628296875 1 0.6340022609375 1
3 0.24584195156250002 0.27993593906249997 0.23643878593749998 0.339305184375 0.235418165625 0.4387302671875 0.24226330312500002 0.5117381828124999 0.26569479687499997 0.526514559375 0.280061171875 0.5287899687500001 0.29493785781250004 0.48135283749999996 0.3192177078125 0.3745464625 0.3323847296875 0.33790373906250004 0.34178789374999996 0.2785344953125 0.368121934375 0.20524904843749997 0.390009546875 0.136791953125 0.371707053125 0.089632353125 0.3472484671875 0.0580955125 0.3248440703125 0.060079601562499994 0.31167705 0.09672232343750001 0.30295645625 0.1285366953125 0.27901465625 0.1634728609375 0.266019896875 0.22227325156250002 0.24584195156250002 0.27993593906249997
3 0.28998804375 0 0.27267982812499997 0.040752403124999996 0.233689078125 0.1009680328125 0.2259955796875 0.1495428671875 0.2130008203125 0.208343259375 0.1940222296875 0.3049240796875 0.1803449 0.39127934531249997 0.1827436109375 0.4691156109375 0.1866797296875 0.5139998015625 0.218149240625 0.5245166796875 0.237816878125 0.5165665328125 0.23952654375 0.5057721265625 0.2345633328125 0.444127471875 0.2376381421875 0.3782233171875 0.244132284375 0.290730346875 0.26772956406250004 0.2114788453125 0.283461084375 0.15864450937500002 0.30996738437500004 0.1075167328125 0.3248440703125 0.060079601562499994 0.31646152656250004 0.0200237625 0.3072761890625 0 0.28998804375 0
3 1 0.078492253125 0.93113440625 0.067585015625 0.91864995625 0.0766728640625 0.8673470203125 0.16813401249999999 0.83382979375 0.24028175312500002 0.8223724390625 0.2661300671875 0.79244680625 0.3388466625 0.7462793421875 0.5141101328125 0.7368761765625 0.5734793765624999 0.742521959375 0.607569159375 0.798277796875 0.627465209375 0.8665180828124999 0.638273409375 0.9085901156249999 0.6283391734375 0.957673075 0.597384978125 0.9706678343749999 0.5385845859375 1 0.45064170781249996 1 0.078492253125
3 0.5188030921875 0.32316873749999997 0.5680518390625 0.19818666093749998 0.5793369312500001 0.1501806765625 0.5329842593749999 0.07091538281250001 0.49244962968749995 0.0478975390625 0.45294209687500003 0.0416401609375 0.4182255140625 0.07486976875 0.3925740453125 0.1206003421875 0.37513285937499996 0.18422908437500002 0.3426427265625 0.273137290625 0.3323847296875 0.33790373906250004 0.3147712828125 0.3793748140625 0.2783515046875 0.539584378125 0.333252509375 0.56487763125 0.3979012 0.575116978125 0.4517751109375 0.5836497671875 0.4705879140625 0.581096825 0.49384066875 0.4575299859375 0.5188030921875 0.32316873749999997
3 0.7926775515625 1 0.8304493046875001 0.95898385625 0.8721768125 0.9047342859375 0.8699503625 0.8490556874999999 0.8666968171875 0.7766166250000001 0.8735354828125 0.7334389921875 0.8759277203125 0.6950897109375 0.881911553125 0.6573092828125 0.888067646875 0.641686525 0.8548884687499999 0.6419640546875 0.7767282343749999 0.62405209375 0.742521959375 0.607569159375 0.7349942484375 0.5621161156250001 0.7013047593749999 0.6121061890624999 0.6789068375 0.730275825 0.6985874203125 0.9546967765625001 0.7060903187500001 1 0.7926775515625 1
3 0.46973308124999996 0.5864940296875 0.49128264374999997 0.5899071453125 0.52377925 0.6171844875 0.5362637 0.6080966390625 0.61972519375 0.61578304375 0.7013047593749999 0.6121061890624999 0.7385858437499999 0.56268496875 0.795183565625 0.34481271874999997 0.8215176062499999 0.27152727187500003 0.8211730828125001 0.227211934375 0.783885525 0.16044760625 0.75121665625 0.1110125953125 0.7106820296875 0.0879947515625 0.6703196640625 0.0871345765625 0.6193547749999999 0.1067255140625 0.582928525 0.1507495296875 0.517948259375 0.3285659421875 0.5102547609375 0.3771407765625 0.48785683750000003 0.49531041406250004 0.47486207968749994 0.5541108046875001 0.46973308124999996 0.5864940296875
3 0.5237922 0.8495555843749999 0.523103153125 0.760924909375 0.5217315375 0.6998491062500001 0.53010760625 0.623719396875 0.4948742390625 0.5904759984375 0.45981313281249997 0.5793902671875 0.43740873437500005 0.58137435625 0.3979012 0.575116978125 0.3884980359375 0.634486221875 0.4016715296875 0.714029046875 0.40937150312500004 0.781639759375 0.40732378750000003 0.864304378125 0.41844309218750003 0.9103262734375 0.45025712812499996 0.9651584874999999 0.4942110875 0.9665875156249999 0.5181528890625 0.9316513484375 0.5376482640625 0.9015435359374999 0.5237922 0.8495555843749999