3 0.1718135828125 0.5657109375 0.19287084999999998 0.5489330234375001 0.2178864390625 0.5036484234375 0.21146571718749999 0.47496056875 0.2085046765625 0.446333103125 0.202183684375 0.4119318328125 0.1850847375 0.4002030578125 0.17164492656250002 0.3771078390625 0.15108629843750002 0.36531867500000004 0.1440672109375 0.3709113125 0.14010888906250002 0.3994180015625 0.13961025 0.42798507812500003 0.1392113375 0.45083874062499996 0.14207265 0.48517962031249995 0.151653865625 0.5310681109375001 0.1548143625 0.5482687453125 0.16153426875000002 0.5598163546875 0.1718135828125 0.5657109375
3 0.10271969843749999 0.5587897421875 0.109838515625 0.5474836890625 0.11033715625 0.5189166125 0.10747584375000001 0.48457573125 0.1079744828125 0.45600865312499994 0.101454034375 0.4330342140625 0.08465427187499999 0.40416519375000004 0.0739760453125 0.421124271875 0.07021717968749999 0.4382041296875 0.0688209875 0.5181919453125 0.06862153125 0.5296187765625 0.0820613421875 0.5527139937500001 0.0922409296875 0.564321990625 0.10271969843749999 0.5587897421875
3 0.1476955453125 0.5595747984375 0.154914090625 0.5425553296875 0.1484933703125 0.513867475 0.13861296875 0.4851192328125 0.14247156249999998 0.4623259578125 0.136050840625 0.4336381046875 0.1153924859375 0.4275623546875 0.11163362031249999 0.44464221249999997 0.1077750265625 0.467435484375 0.109838515625 0.5474836890625 0.11319846874999999 0.55325749375 0.12337805312500001 0.5648654921875 0.14057672968749998 0.5708808515625 0.1476955453125 0.5595747984375
3 0.0696188125 0.47248462187499995 0.07021717968749999 0.4382041296875 0.0534174171875 0.4093351078125 0.039678425 0.4033801375 0.02929938125 0.4031989703125 0.0288007421875 0.431766046875 0.0281026453125 0.47175995468750004 0.0308642296875 0.5118142515625 0.0445034953125 0.5234826375 0.0653613078125 0.51813155625 0.0696188125 0.47248462187499995
3 0.9176394734375 0.46442625312499997 0.88640261875 0.46959616718749997 0.8827434828125 0.480962609375 0.8786854328124999 0.5151827124999999 0.87818679375 0.543749790625 0.8668104718749999 0.6007027765624999 0.8909285078125 0.606838915625 0.911985775 0.5900610015625001 0.913082784375 0.5272134328125 0.9203013296875 0.5101939640625 0.9173402890625001 0.4815664984375 0.9176394734375 0.46442625312499997
3 0.883610234375 0.6295717984375 0.8839094187500001 0.612431553125 0.8632510640625 0.606355803125 0.8526725640624999 0.61760146875 0.83883384375 0.6173599125 0.8251945765625001 0.605691525 0.8234992 0.7028195875 0.847318053125 0.726095971875 0.8712366328125001 0.743658940625 0.8817154015625001 0.7381266921875 0.8825132265625 0.69241936875 0.8832113218750001 0.6524254609375 0.883610234375 0.6295717984375
3 0.488009909375 0.6912484437499999 0.49196823125 0.6627417546875 0.4960262796875 0.6285216515625 0.49672437656249996 0.58852774375 0.5010816078125 0.5371673953125 0.48694370156250005 0.5540660843749999 0.45926625625 0.5535829734375 0.4315888125 0.5530998609375 0.42120976875 0.5529186953125 0.4210103140625 0.5643455265624999 0.42387162656250005 0.5986864078125 0.4267329390625 0.6330272875 0.436413884375 0.6732023625 0.4529144625 0.71921163125 0.4805919078125 0.7196947421875 0.488009909375 0.6912484437499999
3 0.4384084453125 0.5589340546875 0.49040338281249996 0.5541264734375 0.5010816078125 0.5371673953125 0.5053391125 0.4915204609375 0.5064361203125001 0.42867289062499997 0.511391721875 0.3430320484375 0.48777232656249997 0.3083288328125 0.4500150234375 0.29052430937499996 0.4119585375 0.28986003125000004 0.40128031093749994 0.306819109375 0.382984628125 0.36365132031249997 0.3752674421875 0.40923786562500003 0.37110966562500003 0.44917138437500004 0.36971347187500003 0.5291591999999999 0.38345246718750003 0.5351141703125 0.39373178124999997 0.5410087515625001 0.410830728125 0.552737528125 0.4384084453125 0.5589340546875
3 0.8790843453124999 0.4923290515625 0.876023578125 0.46941499999999997 0.8623843109375 0.4577466140625 0.8415265 0.46309769687499996 0.8412273156250001 0.4802379421875 0.8338093140625 0.508684240625 0.829950721875 0.5314775140625 0.82203408125 0.5884908890625 0.8251945765625001 0.605691525 0.8458529328125 0.6117672749999999 0.8632510640625 0.606355803125 0.867009928125 0.5892759453124999 0.8783862499999999 0.532322959375 0.8790843453124999 0.4923290515625
3 0.36259465625 0.5404652515625 0.3665529765625 0.5119585640625 0.367251071875 0.47196465625000006 0.36794916875 0.4319707484375 0.35846767968750004 0.3803688421875 0.34522732500000003 0.34584679375 0.3316877875 0.32846499375 0.31092970468750003 0.328102659375 0.296592340625 0.3564281796875 0.285714659375 0.384814090625 0.2781969296875 0.4189738046875 0.277299378125 0.47039454375 0.279961234375 0.51616225625 0.29014081875 0.527770253125 0.3106994453125 0.5395594171875 0.3349172109375 0.5399821390625 0.36259465625 0.5404652515625
3 0.9723959953125 0.49967296875 0.9624158640625 0.47663813906249997 0.9489760546875001 0.4535429234375 0.93839755625 0.4647885875 0.9312787406249999 0.47609463906249994 0.9239604671875 0.49882752343750003 0.9131825125 0.5215000171875 0.912883328125 0.5386402640625 0.912085503125 0.5843475875 0.9363032671875 0.5847703109375 0.9469814937500001 0.56781123125 0.9570613531250001 0.58513264375 0.9746589390624999 0.5682943421875 0.9755564921875 0.516873603125 0.9723959953125 0.49967296875
3 0.61119301875 0.573380334375 0.6359094234375 0.545235978125 0.63700643125 0.48238840937500005 0.6314832640625 0.40227981562500004 0.6221015015625 0.3449644953125 0.5986815625 0.29883445000000003 0.5711038453125 0.2926379234375 0.550046578125 0.30941583437500003 0.5253301734375 0.337560190625 0.5071342171875 0.3886789828125 0.503175896875 0.417185671875 0.506037209375 0.451526553125 0.5043418328125 0.5486546140625 0.51126119375 0.5487753921875 0.5317200921875 0.5662779718750001 0.5801556203125 0.5671234171874999 0.61119301875 0.573380334375
3 0.7220333265625001 0.3695694359375 0.7020730671875001 0.3234997796875 0.6814147125 0.3174240296875 0.6671770765625 0.3400361375 0.649180578125 0.3797281 0.6348432171875 0.4080536203125 0.640865025 0.45959513750000003 0.636806975 0.49381524062500004 0.6393691031250001 0.5452963671875 0.6634871390625 0.5514325062500001 0.694624265625 0.55197600625 0.7054022203125 0.5293035125000001 0.70946026875 0.495083409375 0.717775821875 0.41521637031249997 0.7220333265625001 0.3695694359375
3 0.1847547515625 0.61737323125 0.1888128015625 0.5831531265625001 0.1893114421875 0.5545860499999999 0.1719133109375 0.559997521875 0.1580745875 0.559755965625 0.1548143625 0.5482687453125 0.1510554984375 0.565348603125 0.1506565859375 0.5882022640625 0.1425404890625 0.6566424703125 0.1490609375 0.6796169109375 0.1592405234375 0.691224909375 0.169819021875 0.6799792453125 0.1769378390625 0.6686731921875 0.1842561125 0.645940309375 0.1847547515625 0.61737323125
3 0.8376679078124999 0.48589096875 0.8418256843749999 0.44595745000000003 0.8387649156249999 0.42304339999999996 0.82166596875 0.41131462343749997 0.804168109375 0.4224395109375 0.796750109375 0.450885809375 0.7707372390625 0.5533045624999999 0.784077321875 0.582113196875 0.8044364921874999 0.6053291921875 0.8149152624999999 0.5997969421875 0.825892671875 0.5656976171875 0.8263913125 0.537130540625 0.8376679078124999 0.48589096875
3 0.41635389843750004 0.632846121875 0.41685253749999995 0.6042790453125 0.41755063437500006 0.5642851375 0.41775009062499996 0.55285830625 0.4039113671875 0.55261675 0.3869121484375 0.5351745593749999 0.376632834375 0.529279978125 0.3662537921875 0.5290988109375 0.362694384375 0.5347518375 0.3555755671875 0.5460578890625001 0.3382771625 0.5457559437499999 0.334019659375 0.591402878125 0.3367812421875 0.631457175 0.3398420109375 0.6543712265625 0.3424041390625 0.7058523531249999 0.355744221875 0.7346609875000001 0.3800617140625 0.72937029375 0.401418165625 0.6954521359375 0.4122958484375 0.667066225 0.41635389843750004 0.632846121875
3 0.777924984375 0.7363150234375 0.7886032109375 0.71935594375 0.7890021218750001 0.6965022828125 0.7895007625 0.6679352046875 0.789999403125 0.639368128125 0.7905977703125 0.6050876359374999 0.7907972265625001 0.5936608046875 0.7772576875 0.576279003125 0.7708369671875 0.547591146875 0.7497796984375 0.5643690609375 0.732481296875 0.564067115625 0.7222019828125 0.5581725328125 0.7252627515625 0.581086584375 0.7244649265625001 0.62679390625 0.7307859203125 0.6611951781250001 0.7338466890625 0.684109228125 0.75410613125 0.7130386390625 0.76764566875 0.730420440625 0.777924984375 0.7363150234375
3 0.8245962078125 0.6399720171875 0.8248953921875 0.6228317718749999 0.8218346249999999 0.5999177203125 0.81837494375 0.59985733125 0.8044364921874999 0.6053291921875 0.7907972265625001 0.5936608046875 0.78910185 0.6907888671875 0.8026413874999999 0.70817066875 0.8092615656250001 0.7254316921874999 0.8197403359375001 0.7198994437499999 0.8235989281249999 0.697106171875 0.8239978390625 0.674252509375 0.8245962078125 0.6399720171875
3 0.264427134375 0.6130487625 0.26532468593749997 0.5616280234375 0.25880423750000003 0.5386535828125 0.24842519687500003 0.538472415625 0.23112679218749999 0.538170471875 0.22084747968750001 0.532275890625 0.21778671093750002 0.5093618390625 0.19287084999999998 0.5489330234375001 0.1924719375 0.5717866859375 0.1851536640625 0.5945195703125 0.1848544796875 0.6116598171875001 0.18079643125 0.6458799203125001 0.18039751875 0.6687335812499999 0.200158321875 0.72623006875 0.22111586249999998 0.715165571875 0.23525376874999998 0.6982668796875 0.2495911328125 0.669941359375 0.264427134375 0.6130487625
3 0.276900465625 0.49324820625 0.27413888124999997 0.45319390937500004 0.2748369765625 0.4132000015625 0.26515603125 0.37302492656249997 0.2413371796875 0.349748540625 0.22097800781250002 0.326532546875 0.207139284375 0.326290990625 0.2063414609375 0.3719983140625 0.20544390781250002 0.42341905156250004 0.21778671093750002 0.5093618390625 0.22420743281250002 0.53804969375 0.24832546875 0.54418583125 0.27274268749999997 0.533181725 0.276900465625 0.49324820625
3 0.6363772625 0.7166988296875 0.6474544015625 0.6768860890624999 0.65151245 0.6426659859375 0.6593293640625 0.591366025 0.6633874125 0.557145921875 0.6393691031250001 0.5452963671875 0.6253309265625 0.5564816421875001 0.61119301875 0.573380334375 0.59399434375 0.5673649734375 0.5835155734375 0.572897221875 0.5760975734375 0.6013435203124999 0.5754992046875 0.6356240125 0.5778618765625 0.6985319718749999 0.6014812734375 0.7332351874999999 0.6187796765625 0.7335371312500001 0.6363772625 0.7166988296875
3 0.7229690062499999 0.7124951375 0.7304867359375 0.6783354234375001 0.7244649265625001 0.62679390625 0.7253624796875 0.57537316875 0.7220025265625 0.5695993640625 0.7054022203125 0.5293035125000001 0.694624265625 0.55197600625 0.6633874125 0.557145921875 0.6590301796875 0.608506271875 0.651412721875 0.6483794015625 0.6610936671875 0.6885544765625 0.6844138796875 0.7403979374999999 0.7080332765625 0.7751011531249999 0.7219717265625001 0.7696292921875 0.72909054375 0.7583232390625 0.7229690062499999 0.7124951375
3 0.7949858046875 0.3536973578125 0.76760754375 0.336074 0.74635081875 0.36427874375 0.7216344140625 0.392423096875 0.717376909375 0.43807003125 0.7056016765625001 0.51787668125 0.7256616625000001 0.558232921875 0.7394006578125001 0.56418789375 0.7707372390625 0.5533045624999999 0.77825496875 0.5191448484375 0.804168109375 0.4224395109375 0.7949858046875 0.3536973578125
3 0.07730519687500001 0.6269280046875 0.08818287968750001 0.5985420953125 0.0921412015625 0.5700354062499999 0.0786016625 0.5526536046875 0.0753414375 0.5411663843750001 0.06862153125 0.5296187765625 0.064962396875 0.5409852171875 0.057644121874999996 0.5637181015625 0.0504255765625 0.58073756875 0.050026664062500004 0.60359123125 0.0530874328125 0.6265052812499999 0.0668264265625 0.632460253125 0.07730519687500001 0.6269280046875
3 0.3333215625 0.6313967859375 0.33431884375 0.5742626328125 0.3348174828125 0.5456955546875 0.3106994453125 0.5395594171875 0.2833211875 0.5219360609375 0.27630209687499996 0.5275286984374999 0.26908355156249997 0.544548165625 0.26532468593749997 0.5616280234375 0.2681859984375 0.5959689046875 0.26422767812500003 0.6244755921875 0.260568540625 0.635842034375 0.2495911328125 0.669941359375 0.25255217343749997 0.698568825 0.25561293906250004 0.7214828765625 0.27973097812500003 0.727619015625 0.3146269671875 0.7110826578125 0.33282292343750003 0.6599638624999999 0.3333215625 0.6313967859375
3 0.1213834921875 0.6791338 0.13532194375 0.673661940625 0.1426402171875 0.6509290562500001 0.14659853750000001 0.6224223671875 0.14689772031249998 0.605282121875 0.15085604218749998 0.5767754328125 0.1511552265625 0.5596351875 0.14057672968749998 0.5708808515625 0.1301976875 0.5706996859375 0.1199183734375 0.564805103125 0.11655842187500001 0.5590312984375 0.106378834375 0.5474233 0.0957006078125 0.5643823796875 0.0920414734375 0.5757488203125 0.08818287968750001 0.5985420953125 0.080764878125 0.62698839375 0.080166509375 0.6612688859375 0.086686959375 0.6842433265625 0.10744504218749999 0.6846056593750001 0.1213834921875 0.6791338
3 0.8943881890625001 0.6068993046875 0.8805494656249999 0.6066577484375 0.8837099625 0.623858384375 0.8832113218750001 0.6524254609375 0.8827126828124999 0.6809925375 0.8859729062499999 0.6924797578125 0.9032713093750001 0.6927817015625 0.9101906703125 0.6929024796875 0.9173094890625 0.6815964265625001 0.91790785625 0.647315934375 0.911985775 0.5900610015625001 0.8943881890625001 0.6068993046875
3 0.5499849765625 0.7094756906249999 0.5574029765625 0.6810293921875 0.5682806593749999 0.6526434828125 0.5726378921874999 0.60128313125 0.5801556203125 0.5671234171874999 0.549018496875 0.5665799171875 0.528360140625 0.5605041671875 0.5078015125 0.548715003125 0.5042421046875 0.5543680296875 0.5033445515625 0.60578876875 0.502546728125 0.6514960921874999 0.5053083125 0.6915503890625 0.5221080765624999 0.720419409375 0.53930675 0.7264347703125 0.5499849765625 0.7094756906249999