3 0.156615584375 0.786658159375 0.16543729375 0.791216615625 0.182160509375 0.7945235953124999 0.198883725 0.797830575 0.21192613124999998 0.7778978296875 0.2200975796875 0.752780890625 0.2215576671875 0.7108598953125 0.20905514687500001 0.6830617125 0.19536248125 0.673319065625 0.1807496140625 0.657766484375 0.160995846875 0.6608951734375 0.1324203703125 0.65946540625 0.11477695156250001 0.6503484953124999 0.0962133296875 0.635421653125 0.0736989546875 0.6211205468750001 0.0636871 0.634617625 0.0585462015625 0.6532988937499999 0.06406741875000001 0.6881584828125 0.071429040625 0.734637934375 0.080901009375 0.768871784375 0.0934035296875 0.796669965625 0.1061759921875 0.8006026828125 0.12500955625000001 0.7916640625 0.1329110640625 0.7904125859375 0.156615584375 0.786658159375
3 0.3510003328125 0.2496380765625 0.36588314375 0.24132519531250002 0.38379650625 0.2265766421875 0.395648765625 0.2246994296875 0.4144823296875 0.2157608078125 0.4214636328125 0.20869939999999998 0.42752473437500005 0.1958280625 0.43174543125 0.1713368609375 0.42898482187500003 0.1539070671875 0.43017496718750003 0.135851534375 0.4207029984375 0.101617684375 0.41399163593750005 0.0848136265625 0.38963685625 0.058892659375 0.3650121328125 0.0568371546875 0.3282652078125 0.080524328125 0.31338239687499997 0.0888372109375 0.297309440625 0.115205625 0.2930887453125 0.139696828125 0.28675770156249997 0.1764336296875 0.28648775937500004 0.20029909375 0.30386123593750003 0.23328146875 0.30965239375000003 0.24427559375 0.318474103125 0.24883405 0.3312465671875 0.252766765625 0.3510003328125 0.2496380765625
3 0.2423300203125 0.356184921875 0.269065090625 0.3459948265625 0.3006711171875 0.3409889234375 0.3127933203125 0.3152462453125 0.3130632625 0.2913807828125 0.30359129218750003 0.25714693125 0.2999104828125 0.23390720625 0.2892483671875 0.2177288875 0.2785862515625 0.20155056875000002 0.259102428125 0.18081379375 0.2353979078125 0.184568221875 0.20655248906249998 0.20700391875 0.19047953281250002 0.2333723328125 0.18441843125 0.246243671875 0.18690909687499999 0.2875389296875 0.1875593578125 0.317214325 0.19638106718749998 0.3217727796875 0.2012520234375 0.3269569734375 0.2030924296875 0.3385768375 0.2304777609375 0.35806213593749997 0.2423300203125 0.356184921875
3 0.18046030625 1 0.181841375 0.997067165625 0.190933028125 0.9777601593749999 0.2097665921875 0.9688215390625 0.21885824375000001 0.9495145296875 0.2191281859375 0.9256490656249999 0.2224286796875 0.895347934375 0.21874786875000002 0.8721082093750001 0.2053251453125 0.8385000953124999 0.1858413203125 0.817763321875 0.1642471484375 0.8092721484375 0.12777016562500002 0.80909385625 0.11012674687499999 0.7999769453125001 0.0934035296875 0.796669965625 0.0708891546875 0.7823688609375 0.052055590625 0.7913074812499999 0.0508654453125 0.8093630125000001 0.057306865625 0.8500325328124999 0.06282808125 0.884892121875 0.06466848750000001 0.8965119859374999 0.06558868906250001 0.9023219156250001 0.070189703125 0.9313715734375 0.0738705140625 0.9546112984375 0.070570021875 0.98491243125 0.0803119328125 0.9952808187500001 0.084745975 1 0.18046030625 1
3 0.6063392140625 0.25088611250000004 0.6160811265625 0.2612544984375 0.6337245453125 0.2703714109375 0.6562389203125 0.284672515625 0.66809118125 0.2827953015625 0.6878449468750001 0.27966661249999997 0.6969366 0.26035960468749997 0.703917903125 0.253298196875 0.7090588015625 0.23461692812499998 0.71116915 0.22237132656249997 0.7065681359375 0.19332166875 0.7007769765625 0.1823275453125 0.689194659375 0.1603392953125 0.67853254375 0.144160975 0.6599689234375 0.129234134375 0.6344239968750001 0.1213686984375 0.6225717375 0.1232459109375 0.6116396796875 0.13093305625 0.605578578125 0.1438043953125 0.5995174765625 0.1566757328125 0.5934563765624999 0.169547071875 0.587395275 0.1824184109375 0.5871253328125 0.206283875 0.5889657374999999 0.2179037359375 0.5938366937499999 0.2230879296875 0.60054805625 0.2398919875 0.6063392140625 0.25088611250000004
3 0.84101611875 0.684215440625 0.8647206390625 0.6804610140625 0.8884251593749999 0.6767065859375 0.904228171875 0.6742036359375 0.9279326921875001 0.6704492078125 0.947686459375 0.66732051875 0.9546677625 0.6602591109375 0.95493770625 0.6363936484375 0.9552076484375001 0.612528184375 0.9515268375 0.589288459375 0.9469258234375 0.5602388015625 0.9404844046875 0.51956928125 0.9316626953125 0.5150108265625 0.9267917390625 0.5098266328125 0.9149394781250001 0.5117038453125 0.8951857109375 0.5148325359375 0.8912349578125 0.5154582734375001 0.8842536546875 0.5225196796875 0.8812231031250001 0.52895535 0.8742418000000001 0.5360167578125 0.8584387859374999 0.538519709375 0.8505372796874999 0.5397711843749999 0.834734265625 0.5422741359375001 0.823802209375 0.54996128125 0.810759803125 0.5698940265625 0.8037785 0.5769554343750001 0.8016681515625 0.589201034375 0.8041588171875 0.6304962921875 0.8273234531250001 0.6744727921875 0.84101611875 0.684215440625
3 0.164026396875 0.654459503125 0.1758786578125 0.6525822906250001 0.2114354375 0.64695065 0.2244778421875 0.6270179031249999 0.23567984218750002 0.5954652953124999 0.25781390000000004 0.5562255421875 0.2550532921875 0.538795746875 0.24439117656249998 0.522617428125 0.22398715 0.49607072343749997 0.19541167343750002 0.49464095625000004 0.17868845625000002 0.49133397656250005 0.154063734375 0.48927847187499995 0.136420315625 0.4801615625 0.118776896875 0.47104464999999995 0.0911216234375 0.475424815625 0.0829501734375 0.500541753125 0.083600434375 0.53021715 0.0860911 0.57151240625 0.093452721875 0.6179918578125 0.0952931265625 0.629611721875 0.1089857921875 0.6393543687500001 0.12359866093750001 0.65490695 0.1412420796875 0.6640238625 0.164026396875 0.654459503125
3 0.47439389062500004 0.23605013437500003 0.48808655625 0.245792784375 0.5175822343750001 0.2530324828125 0.5333852484375 0.25052953125 0.5592001171875001 0.234529503125 0.573162725 0.2204066875 0.5804139703125 0.1894798171875 0.5925361734375 0.163737140625 0.5906957671875 0.152117278125 0.582144 0.12369335781249999 0.56293011875 0.0790911203125 0.54041574375 0.064790015625 0.523692528125 0.0614830359375 0.5099998625 0.0517403875 0.483264790625 0.0619304828125 0.463511025 0.06505917343749999 0.45165876406249994 0.0669363859375 0.4425671125 0.08624339375 0.43742621406250004 0.1049246640625 0.442027228125 0.1339743203125 0.44478783593750004 0.151404115625 0.44635829843749997 0.186889440625 0.4491189078125 0.20431923593749998 0.454910065625 0.21531336093750003 0.46952293437500003 0.230865940625 0.47439389062500004 0.23605013437500003
3 1 0.6583326734375 0.9972058468749999 0.647566065625 0.9914146890625 0.6365719390625 0.974691471875 0.633264959375 0.958888459375 0.6357679109375 0.95493770625 0.6363936484375 0.9528273578125 0.64863925 0.950717009375 0.66088485 0.94373570625 0.66794625625 0.9279326921875001 0.6704492078125 0.908178925 0.673577896875 0.8884251593749999 0.6767065859375 0.8686713921875 0.6798352765625 0.852868378125 0.682338228125 0.8340348140625 0.6912768484375 0.8358752203125001 0.7028967109375001 0.838635828125 0.7203265062499999 0.8432368421875 0.7493761625 0.8478378546875 0.7784258187499999 0.861260578125 0.8120339328125 0.87192269375 0.82821225 0.8835050109375 0.8502005015625 0.8960075312500001 0.87799868125 0.8969277343750001 0.8838086140625 0.90877999375 0.8819314 0.9166815015625 0.8806799234374999 0.9461771796875 0.887919621875 0.9659309468749999 0.8847909328125001 0.968961496875 0.8783552640625001 0.9759428015625 0.87129385625 0.9838443078125 0.87004238125 0.9877950609375 0.8694166421875 1 0.8674835703125 1 0.6583326734375
3 0.7943065296875 0.5427215828125 0.81801105 0.53896715625 0.8544880328125 0.539145446875 0.86937084375 0.5308325640625 0.8851738578124999 0.5283296125 0.89334530625 0.5032126734375 0.8926950453125 0.47353727812499996 0.8902043796875001 0.4322420203125 0.8856033671875 0.40319236406250003 0.8721806437499999 0.36958425 0.843875109375 0.3442890203125 0.8350534 0.3397305640625 0.8162198359374999 0.3486691859375 0.8180602421875 0.3602890484375 0.81594989375 0.37253465 0.8098887921875001 0.3854059875 0.8059380390625 0.386031725 0.7910552281250001 0.3943446078125 0.783153721875 0.395596084375 0.7752522140625 0.396847559375 0.7633999546875 0.3987247734375 0.7466767390625 0.39541779374999997 0.73877523125 0.39666926875 0.7385052890625 0.4205347328125 0.733364390625 0.43921600156249996 0.7388856078125 0.47407559218750006 0.7492777796875 0.5141193734375 0.7745527625 0.545850271875 0.7943065296875 0.5427215828125
3 0.1865899640625 0.4900825015625 0.2112146859375 0.4921380046875 0.223066946875 0.4902607921875 0.2428207140625 0.487132103125 0.2509921625 0.4620151640625 0.2473113515625 0.43877543750000003 0.2494217 0.42652983593749993 0.2585133515625 0.4072228296875 0.24390048281249999 0.3916702484375 0.23231816562500002 0.3696819984375 0.2088835875 0.34957096249999997 0.19822147343750002 0.33339264375 0.180847996875 0.30041026875 0.16715533124999998 0.29066761875 0.1395000578125 0.295047784375 0.12066649375 0.3039864046875 0.11460539218750002 0.31685774375000003 0.1113048984375 0.3471588765625 0.114985709375 0.370398603125 0.1260281421875 0.440117778125 0.1287887515625 0.45754757343749997 0.12759860625 0.47560310625 0.1324695625 0.4807873 0.154063734375 0.48927847187499995 0.1738175015625 0.4861497828125 0.1865899640625 0.4900825015625
3 0.7065189453125 0.371999778125 0.725082565625 0.3869266203125 0.7466767390625 0.39541779374999997 0.7752522140625 0.396847559375 0.8089685890625 0.37959605625 0.8141094875 0.3609147875 0.8162198359374999 0.3486691859375 0.81740998125 0.330613653125 0.8128089671875 0.301563996875 0.8109685624999999 0.2899441328125 0.808207953125 0.272514340625 0.8054473453125001 0.2550845453125 0.7996561859375 0.2440904203125 0.792944825 0.22728636249999998 0.77833195625 0.21173378281250002 0.7637190890625 0.19618120156250002 0.750946625 0.192248484375 0.739094365625 0.1941256984375 0.7321130609375001 0.2011871046875 0.7251317578124999 0.20824851249999998 0.7221012078125 0.21468418125 0.715119903125 0.22174558906250003 0.71116915 0.22237132656249997 0.7090588015625 0.23461692812499998 0.7060282515625 0.2410525953125 0.6960163968749999 0.2545496734375 0.6929858453125 0.2609853421875 0.6927159031250001 0.28485080625000003 0.69060555625 0.29709640625 0.6884952078125 0.3093420078125 0.6903356125 0.3209618703125 0.6900656703125 0.3448273328125 0.6919060765625 0.356447196875 0.7065189453125 0.371999778125