3 0.37368615156249996 0.4412523734375 0.3772111125 0.44100588281249997 0.3842610359375 0.44051290468750004 0.38778599687500004 0.440266415625 0.395227809375 0.445377728125 0.3987527703125 0.44513123906249996 0.4093276546875 0.4443917703125 0.4167694671875 0.44950308593750005 0.43439427343750003 0.44827063906250003 0.4414441953125 0.4477776609375 0.4484941203125 0.44728468125000004 0.45906900312500004 0.4465452140625 0.46611892499999996 0.4460522359375 0.47316884843749996 0.44555925625 0.48295995312500006 0.4336112046875 0.48922609375 0.4219096390625 0.48569702968749995 0.3207858875 0.47590387500000003 0.28204881875 0.4633695390625 0.25476682500000003 0.45866890624999995 0.23820043750000003 0.443393390625 0.2223735171875 0.4320347265625 0.21190440000000002 0.417542990625 0.2072860640625 0.4069681078125 0.20802553281249997 0.3928682625 0.20901148906250003 0.38621022968749996 0.21510876093750003 0.379552196875 0.22120603125 0.3768110171875 0.23266110625 0.3744617265625 0.24972047343749998 0.36584629375 0.27848140312499997 0.3568389703125 0.301638040625 0.3603659828125 0.352076671875 0.363109215625 0.39130671875 0.365852446875 0.430536765625 0.3701611890625 0.44149886250000003 0.37368615156249996 0.4412523734375
3 0.6333678734375 0.6596248921875 0.635325275 0.6369612328125001 0.6411995265625 0.6196553765624999 0.6502068484375 0.5964987390625 0.6560811 0.5791928828125 0.6537297578125 0.545567128125 0.6556871578125001 0.5229034703125001 0.6545114875 0.5060905921875001 0.6502027453125 0.49512849687499993 0.649418965625 0.48391991093750003 0.6349272296875 0.47930157656250005 0.6243523468750001 0.4800410453125 0.6102525 0.481027003125 0.6000695078125 0.4873707625 0.5894946234375 0.48811022968750006 0.5863615515625 0.49396101249999996 0.5793116296874999 0.494453990625 0.5765704484375 0.5059090640624999 0.5804872999999999 0.51126686875 0.5844041515625 0.5166246703125 0.585579821875 0.5334375484375 0.5867554937499999 0.550250425 0.591848015625 0.57242110625 0.589106834375 0.5838761796874999 0.590674396875 0.6062933484374999 0.59576691875 0.6284640296874999 0.6075174750000001 0.6445374390625 0.6122181062500001 0.661103828125 0.6231848796875 0.6659686515625001 0.6333678734375 0.6596248921875
3 0.1570939 0.3831859296875 0.1610107515625 0.38854373125 0.161402640625 0.394148025 0.16218642187500001 0.40535660937499995 0.16257831250000002 0.410960903125 0.1633620921875 0.4221694875 0.1708039046875 0.4272808 0.17472075625 0.432638603125 0.18529564062499998 0.43189913593749996 0.1923455640625 0.43140615625 0.20644540937500003 0.43042020000000003 0.20957847968749999 0.42456941718749996 0.21545273125 0.4072635625 0.215060840625 0.40165927031250004 0.214277059375 0.3904506859375 0.20918453750000002 0.3682800046875 0.20409201562499998 0.34610932499999997 0.1993913828125 0.3295429359375 0.187640828125 0.3134695265625 0.1762821625 0.3030004109375 0.16884035 0.2978890953125 0.1610066484375 0.28717349062499997 0.1500398734375 0.2823086640625 0.14377373124999998 0.2940102296875 0.1445575109375 0.3052188140625 0.14925814531249998 0.3217852015625 0.1539587765625 0.338351590625 0.15435066718749998 0.34395588125 0.1551344484375 0.35516446562500004 0.1527851578125 0.3722238328125 0.1570939 0.3831859296875
3 0.5589538468749999 0.7098819953125 0.5683530609375 0.6923296515625 0.5746192031249999 0.6806280859375 0.577360384375 0.6691730125 0.587541325 0.61214413125 0.5883230546875 0.5726675953125 0.5844041515625 0.5166246703125 0.5804872999999999 0.51126686875 0.5734373781250001 0.511759846875 0.5663874546875001 0.512252825 0.563254384375 0.51810360625 0.5597294234375 0.5183500953125 0.5562044625 0.518596584375 0.5483707578125 0.507880978125 0.5303540609375 0.503509134375 0.5268290999999999 0.5037556234375 0.5197791781250001 0.5042486015625001 0.51664610625 0.5100993828125 0.5135130343750001 0.515950165625 0.5103799640625 0.5218009453125 0.5174339890625 0.6226782109375 0.5225265125 0.644848890625 0.5237021828125 0.6616617671875 0.5287947046875 0.683832446875 0.5370203 0.700152346875 0.544854003125 0.7108679515625 0.5589538468749999 0.7098819953125
3 0.6850666234375 0.639114675 0.6893753640625 0.6500767703125 0.69368410625 0.6610388656249999 0.7124845843750001 0.676619296875 0.7265844296874999 0.6756333390625 0.739508603125 0.6578345046875 0.742247734375 0.595694309375 0.7410720625 0.5788814328125 0.7402882828124999 0.5676728468750001 0.737936940625 0.53404709375 0.7328444171874999 0.5118764125 0.7242269328125001 0.489952221875 0.7163932296875 0.4792366140625 0.705818346875 0.4799760828125 0.6850604687499999 0.4870593109375 0.6780105453124999 0.48755229062499994 0.66821944375 0.49950034218750006 0.6619533015625 0.5112019046875 0.6556871578125001 0.5229034703125001 0.6568628296875 0.5397163468749999 0.6552973203125 0.5679842984375 0.6560811 0.5791928828125 0.6643066937500001 0.5955127828125 0.668223546875 0.600870584375 0.6690073265625001 0.6120791703124999 0.6733160687499999 0.6230412656250001 0.6850666234375 0.639114675
3 0.6306164375 0.41765436093749997 0.637666359375 0.41716138125 0.64471628125 0.416668403125 0.6478493515625 0.41081762031249996 0.6548992765625 0.41032464218750003 0.6619491984375 0.4098316640625 0.665474159375 0.40958517499999997 0.6760490421875 0.40884570625 0.6827070749999999 0.40274843593750004 0.684664475 0.3800847765625 0.6874056562499999 0.368629703125 0.6862299843749999 0.351816825 0.6842705328124999 0.3237953640625 0.6823110812500001 0.2957739015625 0.67761045 0.27920751250000003 0.66938485625 0.2628876140625 0.661551153125 0.2521720078125 0.6501924890625 0.24170289218750002 0.635700753125 0.23708455625 0.6216009078125 0.2380705140625 0.6153347671875 0.2497720765625 0.6125935859375 0.2612271515625 0.6067193328125 0.2785330078125 0.6043700421875 0.2955923734375 0.6082889453125 0.3516352984375 0.610248396875 0.3796567609375 0.6086828875 0.4079247125 0.6161247000000001 0.413036025 0.6306164375 0.41765436093749997
3 0.332180653125 0.708844434375 0.34118797500000003 0.6856877953125 0.3533283703125 0.6566803765625 0.347450015625 0.572615990625 0.3396163109375 0.5619003859375 0.320815834375 0.5463199546874999 0.31533142187499996 0.51854498125 0.310630790625 0.50197859375 0.3027970875 0.4912629875 0.2953552734375 0.4861516734375 0.2851722796875 0.492495434375 0.28203920937500004 0.498346215625 0.27929802812500004 0.5098012890625 0.2804736984375 0.5266141656250001 0.278124409375 0.5436735328125 0.275383228125 0.55512860625 0.273425828125 0.5777922671875 0.274209609375 0.5890008515625 0.2722522078125 0.6116645109375 0.2753873296875 0.6564988484375001 0.27734678125 0.6845203125 0.28635615625 0.7120487953125 0.2981067109375 0.728122203125 0.31573151718750003 0.7268897562500001 0.332180653125 0.708844434375
3 0.7833674953124999 0.47455331718749993 0.79237686875 0.5020818015625 0.7970775015625 0.5186481890625 0.8006024625 0.5184017 0.811177346875 0.5176622328125 0.81822726875 0.517169253125 0.82096845 0.5057141796875 0.8197927796875 0.4889013015625 0.8182252171875 0.4664841328125 0.817049546875 0.44967125625 0.8072563921875 0.4109341875 0.7958977265625 0.4004650703125 0.7880640234375 0.3897494640625 0.780230321875 0.3790338578125 0.770047328125 0.38537761718749997 0.7602562234375 0.397325671875 0.7535981921875 0.40342294218749997 0.7547738625 0.42023581875 0.755165753125 0.4258401125 0.7590826046875 0.43119791406249997 0.7677000890625 0.45312210625000005 0.7755337921875001 0.4638377125 0.7833674953124999 0.47455331718749993
3 0.8405486062499999 0.431132953125 0.84799041875 0.4362442671875 0.8456390765625 0.40261851249999997 0.8393708828124999 0.36363495625 0.838587103125 0.35242636875 0.82448725625 0.3534123265625 0.8205704046875001 0.348054525 0.8060786703125 0.3434361890625 0.7990287484375 0.3439291671875 0.7951118968750001 0.338571365625 0.788061971875 0.33906434375 0.7853207921875 0.3505194171875 0.7857126828125 0.356123709375 0.7829715015625001 0.36757878437499997 0.77983843125 0.373429565625 0.780230321875 0.3790338578125 0.7880640234375 0.3897494640625 0.7994226890625 0.40021858125 0.8072563921875 0.4109341875 0.8115651343750001 0.4218962828125 0.8225319078125001 0.42676110625 0.8405486062499999 0.431132953125
3 0.330994725 0.4386059515625 0.33804464843750004 0.43811297343750005 0.3450945703125 0.43761999375 0.3556694546875 0.43688052656250004 0.3627193765625 0.436387546875 0.3662443375 0.43614105781249995 0.363109215625 0.39130671875 0.3599740921875 0.3464723796875 0.358014640625 0.31845091718749996 0.3564470796875 0.2960337484375 0.3517464484375 0.2794673609375 0.340387784375 0.2689982421875 0.3333378609375 0.2694912203125 0.32628793906250003 0.2699842 0.31962990625 0.276081471875 0.3059219515625 0.282671721875 0.3031807703125 0.2941267953125 0.30043959062500003 0.30558186875 0.2973065203125 0.3114326515625 0.2949572296875 0.32849201875 0.2926079390625 0.3455513828125 0.29456739062500004 0.37357284687500003 0.299268021875 0.3901392328125 0.305144325 0.42351849843749995 0.320419840625 0.43934541875 0.330994725 0.4386059515625
3 0.8479842640624999 0.2841889046875 0.8456329218749999 0.2505631484375 0.8440653609375 0.2281459796875 0.8432815796875 0.2169373953125 0.832706696875 0.21767686406250003 0.8264405546875 0.2293784265625 0.8197825218749999 0.23547569687499997 0.8131244890625 0.24157296874999998 0.8064664578125 0.24767024062499998 0.7998084249999999 0.253767509375 0.7962834640625001 0.254014 0.7896254328125 0.26011127031250003 0.790801103125 0.2769241484375 0.791584884375 0.28813273281249996 0.7927605546875001 0.3049456109375 0.7896274828125 0.31079639062500003 0.788061971875 0.33906434375 0.8025537093749999 0.34368267812500003 0.81704544375 0.34830101406249997 0.8280122171875 0.3531658375 0.838587103125 0.35242636875 0.8468106437499999 0.3180611484375 0.8479842640624999 0.2841889046875
3 0.1966584078125 0.54373849375 0.1993995890625 0.5322834203125 0.20566573125 0.5205818578125 0.21114809218750002 0.49767170937499994 0.21702234374999999 0.480365853125 0.21271360156250002 0.46940375625 0.20487989843749999 0.4586881515625 0.193521234375 0.448219034375 0.1860794203125 0.44310772031249995 0.175112646875 0.438242896875 0.166497215625 0.4670038265625 0.164539815625 0.48966748437499996 0.161798634375 0.5011225593749999 0.16297430468750002 0.5179354359375 0.1645418671875 0.54035260625 0.1657175375 0.557165484375 0.190392265625 0.555440059375 0.1966584078125 0.54373849375
3 0.2781182546875 0.39161816875 0.28790935625 0.3796701171875 0.29456739062500004 0.37357284687500003 0.2949572296875 0.32849201875 0.290256596875 0.31192562968750004 0.27419730000000003 0.284890125 0.25108808125 0.2583475984375 0.239729415625 0.24787848124999998 0.2318957125 0.23716287500000002 0.21387901718750002 0.232791028125 0.20330413125 0.233530496875 0.200954840625 0.2505898640625 0.202522403125 0.273007034375 0.200565003125 0.2956706921875 0.20213256406250002 0.3180878625 0.20291634374999998 0.32929644687500004 0.20370012499999998 0.34050503125 0.20879264687500002 0.3626757125 0.20996831875000002 0.379488590625 0.21466895 0.3960549765625 0.21897769218750002 0.4070170734375 0.2272032875 0.42333697031249995 0.2354288796875 0.4396568703125 0.246395653125 0.44452169531249996 0.256578646875 0.43817793437499997 0.2655859703125 0.415021296875 0.2781182546875 0.39161816875
3 0.488454621875 0.71481178125 0.500595015625 0.6858043609375 0.5064692671875 0.6684985078125 0.5119516281250001 0.6455883578125 0.5174339890625 0.6226782109375 0.512339415625 0.549822409375 0.5064631125 0.51644314375 0.4990213 0.5113318296875 0.4884464171875 0.5120712968750001 0.47434657031249994 0.5130572546875001 0.4637716875 0.513796721875 0.453196803125 0.514536190625 0.44262191875 0.5152756578125001 0.4359638859375 0.5213729296875 0.43283081562500003 0.5272237109375 0.4296977453125 0.5330744921874999 0.42617278281250004 0.5333209812499999 0.42774034531250005 0.555738153125 0.43361664843750003 0.5891174171875 0.4355761 0.617138878125 0.43949295 0.6224966828125 0.44850232500000003 0.650025165625 0.45711980781249995 0.6719493578125 0.46573729375 0.6938735484375 0.4669129640625 0.710686425 0.470829815625 0.716044228125 0.488454621875 0.71481178125
3 0.7857126828125 0.356123709375 0.7900193718749999 0.316400684375 0.790801103125 0.2769241484375 0.7888416515625 0.2489026859375 0.7853166890625001 0.24914917499999997 0.7782667671875 0.2496421546875 0.7684756640625 0.26159020625 0.7653425921875 0.26744098906249997 0.762209521875 0.2732917703125 0.7618196828125 0.3183725984375 0.7598622828125 0.3410362578125 0.76142984375 0.3634534265625 0.759080553125 0.38051279375 0.76299740625 0.38587059687499997 0.7669142578125 0.39122840000000003 0.770047328125 0.38537761718749997 0.7731803984375001 0.3795268375 0.7763134703125 0.3736760546875 0.7857126828125 0.356123709375
3 0.49118349375000003 0.39924598125 0.4931429453125 0.42726744375000003 0.5009766484375 0.43798304843749997 0.5088103515625 0.44869865468750003 0.526435159375 0.4474662078125 0.5753927265625001 0.4384110671875 0.5824426484375 0.43791808750000005 0.598891784375 0.4198727640625 0.6086828875 0.4079247125 0.6090727265625 0.3628438828125 0.606721384375 0.329218128125 0.6043700421875 0.2955923734375 0.6000613015625 0.28463027812499997 0.590268146875 0.245893209375 0.58243444375 0.23517760468749999 0.5710757796875 0.2247084859375 0.563242075 0.2139928796875 0.5452253796875 0.20962103437500001 0.5311255328125 0.21060699062500002 0.52055065 0.211346459375 0.5111514374999999 0.2288988046875 0.5017522249999999 0.24645115 0.495877971875 0.26375700625 0.49039561093749995 0.28666715468750004 0.48491324843749994 0.309577303125 0.48608892031249995 0.3263901796875 0.4868727 0.3375987640625 0.488048371875 0.3544116421875 0.4892240421875 0.37122451875 0.49118349375000003 0.39924598125
3 0.138299575 0.5196608609375 0.1516156390625 0.5074663187499999 0.163756034375 0.4784589 0.1692383953125 0.455548753125 0.175112646875 0.438242896875 0.17824571718749999 0.4323921140625 0.1633620921875 0.4221694875 0.1610107515625 0.38854373125 0.150435865625 0.3892832 0.13986098281249998 0.3900226671875 0.13281105937499998 0.390515646875 0.11910310625000001 0.397105896875 0.10892011093750001 0.40344965625 0.10657082031250001 0.42050902343749996 0.10461342031250001 0.4431726828125 0.1104897234375 0.476551946875 0.1116653953125 0.4933648234375 0.120282878125 0.515289015625 0.138299575 0.5196608609375
3 0.145735234375 0.3727168109375 0.1527851578125 0.3722238328125 0.151217596875 0.3498066640625 0.150041925 0.3329937859375 0.1457331828125 0.3220316921875 0.14142444062499998 0.311069596875 0.1300657765625 0.300600478125 0.1222320734375 0.289884871875 0.11087340937500001 0.27941575625000004 0.10382348593749999 0.279908734375 0.100298525 0.2801552234375 0.09638167343750001 0.2747974203125 0.09011553125 0.2864989828125 0.087766240625 0.30355835 0.0901175828125 0.33718410468750004 0.098735065625 0.3591082953125 0.1042194796875 0.38688326875 0.1222361765625 0.3912551140625 0.1386853109375 0.373209790625 0.145735234375 0.3727168109375
3 0.37291262812500003 0.6834693921875 0.37722136875 0.6944314874999999 0.3819220015625 0.710997875 0.3893638140625 0.716109190625 0.39719751875 0.7268247953125 0.4077724015625 0.726085328125 0.4183472859375 0.725345859375 0.420696575 0.70828649375 0.4222620859375 0.6800185421875 0.4242194875 0.657354884375 0.4300937375 0.640049028125 0.4359679890625 0.6227431718750001 0.4320490859375 0.5667002484375 0.42578089375 0.5277166890625 0.41128915624999995 0.5230983546875 0.4073723046875 0.5177405515625 0.4003223828125 0.5182335296875 0.390139390625 0.524577290625 0.3862225390625 0.5192194875 0.3826975765625 0.5194659765625 0.3725145828125 0.5258097375 0.368989621875 0.5260562265625001 0.36468087968749996 0.5150941312499999 0.3584147375 0.52679569375 0.349015525 0.5443480390625 0.3462743453125 0.5558031140625 0.347450015625 0.572615990625 0.35293647968749997 0.651076084375 0.3603782921875 0.6561873984375 0.3607701828125 0.661791690625 0.3686038859375 0.672507296875 0.37291262812500003 0.6834693921875
3 0.7242269328125001 0.489952221875 0.728927565625 0.506518609375 0.73676126875 0.517234215625 0.73832883125 0.539651384375 0.743421353125 0.561822065625 0.7473382046875 0.56717986875 0.7543881265625 0.5666868890625001 0.766530571875 0.5883645921875 0.7790649078125 0.6156465859375 0.78533105 0.6039450234375 0.79394648125 0.57518409375 0.7998207328125 0.5578782375 0.797469390625 0.5242524828125 0.7829756046874999 0.46894902656250004 0.7633913453125001 0.4421600109375 0.7516407921875 0.4260866015625 0.7441989796875 0.4209752875 0.7336240953125001 0.4217147546875 0.723832990625 0.4336628078125 0.7136499984375 0.44000656875 0.7109088171875 0.4514616421875 0.70738385625 0.45170813125000003 0.7038588953125 0.45195462031250005 0.6964170828125 0.4468433078125 0.6889752687499999 0.44173199375000005 0.678792275 0.4480757546875 0.67957605625 0.4592843390625 0.6768348750000001 0.47073941250000007 0.6780105453124999 0.48755229062499994 0.6917185 0.48096203906249996 0.7022933859375 0.480222571875 0.7093433078125 0.47972959375 0.72031008125 0.48459441875 0.7242269328125001 0.489952221875
3 0.242487009375 0.6419043765625 0.255803071875 0.6297098328125 0.268727246875 0.611911 0.270684646875 0.589247340625 0.27499133750000004 0.549524315625 0.27694873750000004 0.5268606546875 0.27890613750000004 0.504196996875 0.274597396875 0.49323490156250005 0.27068054531249996 0.48787709843749993 0.26637180312500003 0.47691500312499996 0.2593218796875 0.47740798125 0.255405028125 0.47205017812500005 0.247571325 0.461334571875 0.24052140312499998 0.4618275515625 0.22994651875 0.46256701875 0.2228965953125 0.46305999687500005 0.2197635234375 0.468910778125 0.216630453125 0.4747615609375 0.21388927343750003 0.486216634375 0.21114809218750002 0.49767170937499994 0.205273840625 0.5149775640625001 0.2025326609375 0.5264326390625 0.2001833703125 0.5434920046875 0.20253471250000002 0.577117759375 0.20410227343749998 0.5995349296875 0.20919479531250001 0.621705609375 0.2142873171875 0.643876290625 0.22877905312500002 0.648494625 0.242487009375 0.6419043765625
3 0.7069899140625 0.39541871875 0.719132359375 0.4170964203125 0.72970724375 0.41635695312500004 0.7441989796875 0.4209752875 0.7532063015625 0.39781865 0.7586886625 0.3749085015625 0.7598622828125 0.3410362578125 0.761035903125 0.3071640140625 0.7626014125 0.2788960625 0.7575088890624999 0.25672538125 0.755941328125 0.2343082125 0.7516325875 0.22334611718750003 0.7406658109375 0.21848129218749998 0.730090928125 0.2192207609375 0.723432896875 0.22531803125 0.7171667546875 0.2370195953125 0.707767540625 0.254571940625 0.7018932890625 0.271877796875 0.6924940765625001 0.289430140625 0.686619825 0.30673599687499997 0.6850543140625 0.3350039484375 0.6870137656249999 0.363025409375 0.6913225078125 0.37398750625 0.6987643218749999 0.37909881875 0.7069899140625 0.39541871875