3 0.384605715625 0.48201116875 0.40133956875 0.481719078125 0.4138899578125 0.48150000937500004 0.422169621875 0.4763547265625 0.42199509687500003 0.4663562484375 0.42591677343749995 0.45128551093749997 0.4172008 0.43143460312500004 0.391925496875 0.4218742609375 0.387742034375 0.421947284375 0.3837330953125 0.43201878281250006 0.3797241546875 0.44209028281249996 0.3756279546875 0.44716254375000003 0.3676100765625 0.46730554375000005 0.3676973390625 0.47230478124999997 0.3719680640625 0.47723099687500004 0.37623878906249997 0.4821572140625 0.384605715625 0.48201116875
3 0.34355644218750003 0.527734540625 0.3475653796875 0.517663040625 0.3514870578125 0.5025923031249999 0.3553214734375 0.48252232656249994 0.338500359375 0.477815178125 0.32586270625 0.4730350078125 0.3091288546875 0.47332709843750004 0.305032653125 0.478399359375 0.3052944390625 0.493397075 0.3054689640625 0.5033955515625 0.3140104140625 0.5132479828125 0.32255186406249997 0.523100415625 0.33518951406249997 0.5278805859375 0.34355644218750003 0.527734540625
3 0.5652799890625 0.5238643421875 0.5689398796875 0.49379588906249994 0.56449463125 0.47887119531250005 0.55604044375 0.47401800156249996 0.551856978125 0.474091025 0.5393065906250001 0.47431009218750003 0.5309396640624999 0.4744561375 0.5225727359375 0.47460218281250005 0.5142058109375001 0.474748228125 0.5101968718750001 0.484819728125 0.510284134375 0.48981896718750007 0.5106331828124999 0.5098159203125 0.506886028125 0.5348851359375 0.5155147421875 0.54973680625 0.53651931875 0.55437093125 0.5573493734375 0.5490065796875 0.5654545125 0.5338628187500001 0.5652799890625 0.5238643421875
3 0.6189669140625 0.48292114062499997 0.623063115625 0.477848878125 0.6268975296875 0.4577789015625 0.6264612203125 0.43278270937499996 0.626112171875 0.41278575625 0.61364904375 0.4180040625 0.6054566421875001 0.428148584375 0.597176978125 0.43329386875000003 0.5764341859375001 0.4436574578125 0.5766087109375 0.45365593593750003 0.576783234375 0.46365441250000006 0.5811412218750001 0.4735798671875 0.5895954109375 0.478433059375 0.5979623359375 0.47828701406249996 0.6021458 0.47821399218750005 0.6189669140625 0.48292114062499997
3 0.5980495984374999 0.483286253125 0.5813157453125 0.48357834375 0.5687653546875 0.48379741093749995 0.5688526171875 0.48879665 0.5690271421875 0.4987951265625 0.5693761890625 0.51879208125 0.5694634515625 0.5237913187500001 0.5573493734375 0.5490065796875 0.5699870234375 0.55378675 0.5825374140624999 0.5535676828125 0.5991840046875 0.548276353125 0.6073764078125 0.5381318312500001 0.6065037875 0.488139446875 0.5980495984374999 0.483286253125
3 0.44849206875 0.5459059296875 0.4567717328125 0.5407606453125 0.45215195937499997 0.515837475 0.4516283875 0.4858420453125 0.42225688281249996 0.4813539640625 0.40979375625000003 0.4865722703125 0.40160135468749997 0.49671679375 0.401688615625 0.50171603125 0.40613386562500003 0.516640725 0.40639565156249996 0.5316384390625 0.4149371015625 0.541490871875 0.4192078265625 0.5464170875 0.4234785515625 0.551343303125 0.440299665625 0.5560504515625 0.44849206875 0.5459059296875
3 0.6720430046875 0.40698326875 0.6553091515625 0.407275359375 0.6428460234375 0.412493665625 0.630295634375 0.4127127328125 0.6268975296875 0.4577789015625 0.6231503765624999 0.4828481171875 0.631517303125 0.482702071875 0.6439804312499999 0.477483765625 0.6643741750000001 0.447123221875 0.6682958515624999 0.43205248437500005 0.672392053125 0.42698022187499995 0.6720430046875 0.40698326875
3 0.6612378546875 0.50718710625 0.65670534375 0.487263175 0.6566180828125 0.48226393593749994 0.6481638953125 0.47741074375 0.6231503765624999 0.4828481171875 0.6189669140625 0.48292114062499997 0.606416525 0.48314020781250006 0.6065037875 0.488139446875 0.6069400968750001 0.5131356390625 0.6072018828125 0.5281333546875 0.61164713125 0.5430580468749999 0.624022996875 0.5328405015625 0.6446785265625 0.5174776734375001 0.6612378546875 0.50718710625
3 0.48927955624999997 0.485184840625 0.49337575781250004 0.4801125796875 0.4969483859375 0.44504488750000004 0.4926776609375 0.440118671875 0.4841362109375 0.43026624062499996 0.4714985578125 0.42548607031249996 0.45886090625 0.4207059 0.45049398125 0.42085194374999996 0.44221431562499997 0.42599722812499996 0.4340219140625 0.43614175 0.4300129765625 0.44621325 0.4218205734375 0.45635777187500004 0.42208235937499994 0.4713554875 0.42225688281249996 0.4813539640625 0.4306238109375 0.48120791875 0.447444925 0.4859150671875 0.47254570312500005 0.48547693125 0.48927955624999997 0.485184840625
3 0.5106331828124999 0.5098159203125 0.510284134375 0.48981896718750007 0.49328849531249996 0.4751133421875 0.48927955624999997 0.485184840625 0.4516283875 0.4858420453125 0.4524137453125 0.5308351906250001 0.45685899531249996 0.545759884375 0.473767371875 0.5554662703125001 0.49468468750000005 0.5551011578125 0.5030516140625 0.5549551125 0.507060553125 0.5448836125 0.5106331828124999 0.5098159203125
3 0.321155671875 0.44311259999999997 0.312526959375 0.4282609296875 0.303985509375 0.41840849843749994 0.29143511875 0.41862756562500003 0.2830681921875 0.4187736109375 0.2917841671875 0.4386245203125 0.29204595312500004 0.45362223437500004 0.300587403125 0.46347466718749997 0.3257754453125 0.46803576874999997 0.3213301953125 0.4531110765625 0.321155671875 0.44311259999999997
3 0.3594176734375 0.477450065625 0.3636011359375 0.4773770421875 0.3676973390625 0.47230478124999997 0.367522815625 0.4623063046875 0.367261028125 0.4473085890625 0.3670865046875 0.43731011249999996 0.354361590625 0.42753070312499997 0.3417239390625 0.42275053281249997 0.3333570125 0.42289657812500003 0.3249900859375 0.4230426234375 0.325426396875 0.44803881562500003 0.3256009203125 0.4580372921875 0.3341423703125 0.4678897234375 0.338500359375 0.477815178125 0.346867284375 0.47766913281249995 0.3594176734375 0.477450065625
3 0.40613386562500003 0.516640725 0.4058720796875 0.5016430093750001 0.4015140921875 0.4917175546875 0.4014268296875 0.486718315625 0.397156103125 0.4817921 0.388789178125 0.48193814531249995 0.3761515265625 0.477157975 0.3719680640625 0.47723099687500004 0.3676973390625 0.47230478124999997 0.3594176734375 0.477450065625 0.3553214734375 0.48252232656249994 0.3557577828125 0.50751851875 0.35601956874999996 0.522516234375 0.36046481875 0.5374409265625 0.3771986703125 0.5371488359375001 0.3982032484375 0.5417829625 0.4022121890625 0.5317114625 0.40613386562500003 0.516640725