3 0.2012888828125 0.7089261984374999 0.22330043281249998 0.706612690625 0.23006394062500002 0.693967 0.2388284953125 0.6811109921875 0.25497690781250004 0.6615115015625 0.2697446125 0.6480245359375 0.2777488140625 0.6471832609375 0.2871337171875 0.640229459375 0.2926565296875 0.6157793546875 0.28572285937499997 0.6075570015625 0.28372180937499997 0.6077673203125 0.2637113078125 0.609870509375 0.2537060578125 0.610922103125 0.233075209375 0.6071230843750001 0.215065759375 0.609015953125 0.20844226093749998 0.6037447031250001 0.20229910156250003 0.6222926 0.195535596875 0.6349382890624999 0.1923240078125 0.662129178125 0.1924941703125 0.682997221875 0.1940450375 0.6977527390625 0.2012888828125 0.7089261984374999
3 0.69987129375 0.87134976875 0.7052540984375 0.8648166046875 0.7135383171874999 0.8281414500000001 0.7212021890625 0.7855640875 0.719651321875 0.7708085703124999 0.71178713125 0.7537329046875 0.7002310125 0.7400289812499999 0.6946780453125 0.7256941015625 0.691746475 0.7170511078125 0.678049296875 0.72147444375 0.6723563203125 0.7250565046874999 0.6629714171875001 0.7320103062500001 0.650965115625 0.73327221875 0.6335760125000001 0.7410672953125 0.6278830359375001 0.7446493546874999 0.62881355625 0.753502665625 0.6303644234375 0.7682581828124999 0.6322254640625 0.7859648046875 0.6383987796875 0.8062018921874999 0.6462629703125 0.8232775562500001 0.6706159 0.86248981875 0.69987129375 0.87134976875
3 0.78813496875 0 0.759719725 0.035589706250000006 0.75864919375 0.0446533375 0.75495726875 0.048025078124999995 0.75992004375 0.095242734375 0.7834824609375 0.10768474531250001 0.79272735625 0.11864788281250001 0.8090459296875 0.11991643593750001 0.8190511812500001 0.1188648421875 0.8338188875 0.10537787812499999 0.8456550234375 0.0832479203125 0.84762591875 0.04425261875 0.8508375078125001 0.0170617296875 0.8540832281249999 0 0.78813496875 0
3 0.7225828921875 0.7794515609375 0.7376909265625 0.8077006828125001 0.751248096875 0.8211942875 0.7581817671875 0.8294166421875 0.7684971890625001 0.8313161515624999 0.77588104375 0.8245726687499999 0.776021053125 0.8066557296875001 0.7804733359375 0.7912692546875 0.782304221875 0.7701908921875 0.7807533546875 0.7554353734375 0.776410925 0.714119925 0.7759305875 0.690300778125 0.773139025 0.663740846875 0.76589518125 0.6525673875 0.7466450375 0.6426558421874999 0.730946809375 0.647289496875 0.7218720796875 0.6571944015625 0.7052734875 0.6917597296875 0.6961987578125 0.7016646359375 0.6908159546875 0.7081977984375001 0.6874342 0.71452064375 0.6943678703125 0.722742996875 0.6952983921875 0.7315963078125 0.7042331125 0.73960834375 0.7065443359375 0.742349128125 0.7137881796875 0.7535225859375 0.7187208015625 0.7619552578125 0.7225828921875 0.7794515609375
3 0.4421537171875 0.24798948593749998 0.45198880468749997 0.22606984687499998 0.4559607484375 0.186864225 0.4528590140625 0.157353190625 0.445585015625 0.10739475000000001 0.44062223906250003 0.0601770921875 0.4345889328125 0.022023065624999998 0.4025721328125 0.025388167187499998 0.38056058125000003 0.0277016734375 0.35809884687500004 0.0449810171875 0.3493342921875 0.057837026562500005 0.333806228125 0.0833387234375 0.3205893875 0.11158120625000001 0.329754584375 0.218031253125 0.3331664921875 0.2504933921875 0.367044334375 0.2648349109375 0.393057984375 0.262100765625 0.41506953593749996 0.259787259375 0.4421537171875 0.24798948593749998
3 0.8332502281249999 0.561944371875 0.847257578125 0.5604721406250001 0.8543312593750001 0.5507775546875 0.8624754687499999 0.5320193390625 0.8675179421875001 0.4837500875 0.865346728125 0.46309236406250004 0.8571723625000001 0.4430655953125 0.8383724015625 0.41818821406250006 0.8091170062499999 0.40932826406249995 0.7895566875 0.396465615625 0.7712370640625 0.39540738124999997 0.7675451375 0.398779121875 0.7567795296875001 0.41184545000000006 0.7520170734375 0.4242808203125 0.7438728640625001 0.4430390359375 0.738800234375 0.4525233046875 0.7369693484375001 0.47360166562500006 0.7382100421875 0.48540607968750005 0.750836690625 0.4900463734375 0.7600815843750001 0.5010095125 0.7905776734375001 0.5216738765625 0.8178320203125 0.5307441468749999 0.8207635890624999 0.5393871390625 0.82862778125 0.556462803125 0.8332502281249999 0.561944371875
3 0.630490253125 0 0.626999915625 0.0047835609375 0.6151637796875 0.026913517187500003 0.5880795984375 0.038711290625 0.5663782203125 0.0439759015625 0.5499196375000001 0.0606242890625 0.543016121875 0.09118691875 0.540564890625 0.1063630734375 0.5536718734375 0.134822515625 0.556773609375 0.1643335515625 0.5526315 0.1826711296875 0.5606357015625 0.181829853125 0.5646378000000001 0.181409215625 0.5766441015625 0.180147303125 0.592962675 0.18141585468750002 0.6125229937500001 0.194278503125 0.6305324453125001 0.1923856328125 0.6453001515625 0.17889866875 0.6586871546874999 0.17152423125 0.677006778125 0.1725824640625 0.6970172796874999 0.17047927499999999 0.7019499015624999 0.1789119484375 0.7075028671875 0.1932468296875 0.737378609375 0.20800898750000002 0.7527666640625 0.200424228125 0.7629119234374999 0.18145569374999998 0.7540870578125001 0.1167417359375 0.7560579515625 0.0777464328125 0.7538867375 0.05708870781249999 0.7467829015625 0.027998309375000002 0.735536959375 0.017245490625000002 0.70317968125 0 0.630490253125 0
3 0.384946075 0.9163845593750001 0.40019411875 0.9267167421875 0.42020462031249994 0.9246135531249999 0.44204600625 0.9014320015624999 0.44956986875 0.8767715796875001 0.4480190015625 0.8620160625000001 0.4401548109375 0.844940396875 0.4429162171875 0.8327153453125 0.4496797234375 0.82006965625 0.452751303125 0.8107957078125001 0.45120043593750003 0.7960401906250001 0.4505800890625 0.7901379828125 0.44133519374999997 0.77917484375 0.43702292187499997 0.776644378125 0.42101452031250003 0.778326928125 0.410699096875 0.77642741875 0.394380521875 0.7751588671875 0.386376321875 0.7760001421875 0.376371071875 0.7770517375 0.366055646875 0.7751522265624999 0.3556002140625 0.7911696578125 0.35608055312500003 0.8149888046875 0.356250715625 0.8358568484375001 0.3713587515625 0.864105971875 0.37415031249999997 0.8906659031249999 0.384946075 0.9163845593750001
3 0.26293156406249996 0.7949421171875 0.266313315625 0.7886192734375 0.27076559843750003 0.7732327984375 0.26797403750000004 0.7466728671875 0.276118246875 0.7279146515625 0.283191928125 0.7182200640625 0.2968891046875 0.7137967296875 0.30489330468750003 0.7129554546875 0.31427820781250004 0.706001653125 0.317970134375 0.7026299109374999 0.3173497875 0.6967277046875 0.31410804375 0.6851336078125 0.3131775234375 0.6762802984375 0.31224700312500003 0.6674269875000001 0.3053133328125 0.6592046328125 0.29730913124999997 0.6600459078124999 0.2923765109375 0.6516132359375 0.287443890625 0.6431805640625 0.277438640625 0.6442321578125 0.275437590625 0.6444424765625001 0.26743338906249997 0.6452837515625001 0.2620505859375 0.651816915625 0.25159515312499997 0.6678343453125 0.2388284953125 0.6811109921875 0.23006394062500002 0.693967 0.225301484375 0.706402371875 0.22547164843749998 0.7272704140624999 0.2276428625 0.747928140625 0.23043442343749998 0.774488071875 0.23567721874999997 0.7858718484375 0.2409200125 0.7972556234375 0.26293156406249996 0.7949421171875
3 0.77020745625 0.655097853125 0.77545025 0.6664816296875 0.7804130265625 0.7136992875 0.7847252984375 0.716229753125 0.79165896875 0.72445210625 0.8142908671875 0.7280408078125 0.8216747218749999 0.7212973234375 0.8261270046875 0.70591085 0.8242659640625 0.6882042296875001 0.8200936999999999 0.6677568234375 0.8179224843749999 0.647099096875 0.810368465625 0.6329745359375 0.8028144484374999 0.6188499765625 0.786635884375 0.5996644828125001 0.7813930890624999 0.5882807062500001 0.7661450453125 0.5779485249999999 0.7524478671875 0.582371859375 0.7453741890625001 0.5920664453125 0.73260753125 0.6053430921875 0.7215317515625 0.6154583140625001 0.7221520984375001 0.621360521875 0.7233927921875 0.6331649359375 0.7286355859375 0.6445487125 0.7366397859375 0.6437074375 0.748956259375 0.645396628125 0.7549594109375 0.644765671875 0.76389413125 0.65277770625 0.77020745625 0.655097853125
3 0.07401004375 0.152416259375 0.071948684375 0.0750566125 0.059772218749999995 0.05545048125 0.0408322484375 0.048490040625 0.030826996875000002 0.049541634375 0.0203715640625 0.065559065625 0.0188508515625 0.08958853125 0.022572932812499998 0.12500177343750002 0.021672568750000003 0.154933446875 0.024774303125 0.18444448125 0.038051453125 0.23377196718749998 0.039292146875 0.24557638124999998 0.0480868578125 0.27150535625 0.0547103546875 0.2767766078125 0.07503103125 0.2776245234375 0.08703733125 0.276362609375 0.0789728203125 0.1996339171875 0.07401004375 0.152416259375
3 0.48623927343749995 0.91767303125 0.504558896875 0.9187312656250001 0.5327136078125 0.8978698625 0.536685553125 0.858664240625 0.5425185390625 0.837165240625 0.5466606484375001 0.8188276625 0.5468006578125 0.8009107234374999 0.5449396171875 0.7832041015625 0.5416978718750001 0.77161000625 0.523688421875 0.7735028749999999 0.5196863203125 0.7739235125 0.5029175640625 0.787620796875 0.49322248750000003 0.7916234953125 0.4812161875 0.7928854078125 0.47321198750000004 0.7937266828125 0.4652077859375 0.7945679578125 0.46089551406249996 0.7920374921875 0.4538218328125 0.8017320781249999 0.4516807734375 0.8198593375 0.4570937328125 0.8521111578125 0.45833442656249995 0.863915571875 0.46481791406250006 0.8871037625 0.48623927343749995 0.91767303125
3 0.5791879421874999 0.8780666921875 0.597057384375 0.8940907625 0.59967878125 0.89978265 0.6161373640625001 0.8831342624999999 0.623351053125 0.8555227375 0.6308749171875 0.8308623140625 0.6347068515625 0.8095736328124999 0.633916340625 0.7828033828125001 0.632675646875 0.7709989687500001 0.629433903125 0.7594048734375 0.6225002328125 0.7511825203125 0.60449078125 0.7530753890625 0.5944855312499999 0.7541269828125 0.58247923125 0.755388896875 0.56215855625 0.75454098125 0.552463478125 0.7585436796875 0.544459278125 0.7593849546875 0.5420080453125 0.774561109375 0.5478711875 0.7918470921874999 0.5500424015625 0.8125048171874999 0.55959746875 0.8264190609375 0.5651504359375 0.8407539406250001 0.569632875 0.86415245 0.5791879421874999 0.8780666921875
3 0.47769228124999996 0.22038459999999999 0.506637503125 0.2262934453125 0.5491097375 0.2069109140625 0.556773609375 0.1643335515625 0.551670825 0.135032834375 0.5370129718750001 0.09181787500000001 0.53315088125 0.074321571875 0.5212845890625 0.057666546875 0.5074172484374999 0.041221837500000004 0.4918590296875 0.027938551562500004 0.48354465625 0.0258287234375 0.46553520625000006 0.027721592187499998 0.443833828125 0.032986203125 0.438000840625 0.054485203125000006 0.4514783109375 0.1634657171875 0.4559607484375 0.186864225 0.457511615625 0.20161974374999997 0.46075335937500006 0.21321383906250002 0.47769228124999996 0.22038459999999999
3 0.1214062765625 0.5263651359375 0.139415728125 0.5244722656249999 0.159426228125 0.522369078125 0.1814377796875 0.5200555703124999 0.1988268828125 0.51226049375 0.21528546718750002 0.49561210625 0.22204897343750002 0.482966415625 0.2248103796875 0.4707413640625 0.229883009375 0.4612570984375 0.23233424375 0.4460809421875 0.22940267187500002 0.43743794999999996 0.22616092812500002 0.4258438546875 0.2169160328125 0.414880715625 0.2099823625 0.4066583625 0.2010476421875 0.3986463265625 0.1907322171875 0.3967468171875 0.18641994374999998 0.3942163515625 0.1699613609375 0.41086473906250004 0.15688453125 0.42119028125 0.14256700625000002 0.41971140937499996 0.1385649078125 0.42013204687499994 0.133182103125 0.42666521093750004 0.12210632343750001 0.43678043437499997 0.11703369374999999 0.44626470312500005 0.1132017578125 0.46755338281250003 0.115372971875 0.488211109375 0.11723401250000001 0.505917728125 0.1214062765625 0.5263651359375
3 0.7883267593750001 0.596503059375 0.7995727046875001 0.6072558796874999 0.8048154999999999 0.6186396578125 0.8080572421875001 0.630233753125 0.8223747671874999 0.6317126234375 0.8283779171875001 0.6310816671875 0.83607194375 0.6272892890625 0.83483125 0.615484875 0.831729515625 0.5859738390625 0.827247078125 0.562575328125 0.8210737625 0.5423382421875 0.8141400921875 0.5341158874999999 0.7948899484374999 0.5242043437499999 0.779641903125 0.5138721609375 0.7670152546875 0.509231865625 0.75901105625 0.5100731421875 0.750556671875 0.525880253125 0.7408615953125001 0.5298829515625 0.733787915625 0.5395775390625001 0.7347184359375001 0.5484308484375 0.736269303125 0.5631863671875 0.737509996875 0.5749907796875 0.7464447171875 0.583002815625 0.7601418953125 0.57857948125 0.7641439953125 0.57815884375 0.7721481953125 0.5773175671875 0.7813930890624999 0.5882807062500001 0.7883267593750001 0.596503059375
3 0.1632969421875 0.15496664531249998 0.15726363593749998 0.1168126171875 0.14877909843749998 0.093834746875 0.13305071562499998 0.059683415625 0.12318547656250001 0.042818071875 0.061463096875 0.0522890578125 0.06963746093749999 0.07231582656249999 0.06997778906249999 0.1140519140625 0.0726293421875 0.1585287859375 0.0867271578125 0.27341150625 0.0979731015625 0.284164325 0.11090992343749999 0.2917557234375 0.13568288125 0.27721716406249997 0.1501404140625 0.2607790953125 0.17291232031249998 0.2464508546875 0.1632969421875 0.15496664531249998
3 0.3034932125 0.8921248546875 0.3161198609375 0.89676515 0.3255047640625 0.8898113484374999 0.342723703125 0.861148228125 0.3497973828125 0.8514536421875001 0.3565608890625 0.8388079515625 0.3576314203125 0.829744321875 0.357771428125 0.8118273828125 0.36329424062500004 0.7873772796875 0.3680566984375 0.7749419078125 0.36343424999999996 0.7694603390625 0.3504974296875 0.761868940625 0.3389413109375 0.7481650171875 0.3296964171875 0.7372018796875001 0.31952100156249996 0.7173854296875 0.3128975046875 0.7121141796875 0.30489330468750003 0.7129554546875 0.2908859546875 0.7144276859375001 0.2835021015625 0.72117116875 0.27473754375000004 0.7340271765625 0.27028526249999996 0.7494136499999999 0.267383846875 0.7795556421875001 0.2701754078125 0.806115575 0.27234662187500003 0.8267732999999999 0.27883010937499997 0.849961490625 0.281311496875 0.87357031875 0.2948686640625 0.887063925 0.3034932125 0.8921248546875
3 0.7895566875 0.396465615625 0.804494559375 0.40384669375 0.8174313812499999 0.4114380921875 0.828056978125 0.4162887046875 0.836061178125 0.41544742812499996 0.8454460812500001 0.408493628125 0.857592390625 0.389314775 0.8475569859375 0.3515813859375 0.8356906937499999 0.3349263578125 0.8238244031249999 0.31827133124999996 0.8099570625 0.3018266234375 0.8010223406250001 0.2938145875 0.7859444609375 0.30435045 0.77887078125 0.314045034375 0.7628623796875 0.3157275859375 0.7468539796875 0.3174101359375 0.7431620515625 0.320781878125 0.7353280171875001 0.342491196875 0.7396704453125 0.3838066453125 0.7460139234375001 0.4249117765625 0.749395678125 0.4185889328125 0.7598511109375 0.4025715015625 0.7735482874999999 0.398148165625 0.7855545875 0.39688625312500003 0.7895566875 0.396465615625
3 0.310704759375 0.2677727359375 0.3174682640625 0.25512704531249997 0.329754584375 0.218031253125 0.325722328125 0.1796669078125 0.3196588671875 0.1027278953125 0.2595670546875 0.0314674921875 0.23524428125000002 0.031040217187500004 0.21723482968750002 0.0329330859375 0.1892201296875 0.03587755 0.1712106765625 0.03777041875 0.167208578125 0.03819105625 0.1538215734375 0.045565495312499996 0.146607884375 0.0731770203125 0.150159803125 0.0877222203125 0.15402189375 0.1052185234375 0.1614359015625 0.137260025 0.1690200734375 0.19016956875 0.16953056718749998 0.2527737 0.17770493125 0.27280046874999997 0.19095192656249999 0.28334296875 0.2185164453125 0.29536434218749996 0.2582272734375 0.2882068625 0.2959370515625 0.2812597015625 0.310704759375 0.2677727359375
0 0.649754578125 0.7602527890624999 0.6560679015625 0.7625729359375 0.6680742015625001 0.7613110234375 0.678079453125 0.760259428125 0.6880847015625 0.759207834375 0.6917766296875001 0.7558360937499999 0.6868440078125 0.74740341875 0.676838759375 0.7484550125 0.6688345578125 0.7492962890625 0.6585191328125 0.74739678125 0.6465128328125 0.74865869375 0.6428209078125 0.7520304328125 0.649754578125 0.7602527890624999
0 0.20130827031249998 0.535869321875 0.209312471875 0.535028046875 0.190682675 0.531018709375 0.1686711234375 0.533332215625 0.1737739078125 0.5626329328125 0.1803974046875 0.567904184375 0.1840893328125 0.5645324421875 0.188541615625 0.54914596875 0.20130827031249998 0.535869321875
0 0.5573961 0.7669763515625 0.556015396875 0.773088878125 0.5629490671874999 0.78131123125 0.5715736140625001 0.7863721640625 0.5835799140625 0.7851102515624999 0.5978974390625 0.786589121875 0.6039005890625 0.7859581640625 0.61128444375 0.7792146828125001 0.6146661953125 0.7728918375 0.6080426984375 0.7676205875 0.5963465718750001 0.7718336031249999 0.5883423718749999 0.772674878125 0.578337121875 0.7737264734375 0.571713625 0.7684552234375001 0.56339925 0.7663453953125 0.5573961 0.7669763515625
0 0.167540284375 0.464825878125 0.1586055625 0.45681384375 0.15660451250000001 0.45702416250000005 0.15322275937500002 0.46334700624999997 0.1667799265625 0.4768406109375 0.1770953515625 0.4787401203125 0.1864802546875 0.47178631875 0.1878609578125 0.46567379375 0.1738536078125 0.467146025 0.167540284375 0.464825878125
0 0.42687766250000003 0.7956129125 0.43257063906250004 0.7920308515625 0.43164011875 0.7831775421875 0.42132469375000003 0.7812780328125 0.4110092703125 0.7793785234375 0.40162436562500003 0.7863323249999999 0.4085580359375 0.794554678125 0.41887346093750005 0.7964541875 0.42687766250000003 0.7956129125