3 0.53198310625 0.565991540625 0.536015965625 0.5781734453125 0.5412781859375 0.5923970171875 0.5467681453125001 0.5983183453125 0.5523825625 0.59852621875 0.560251734375 0.594960465625 0.5668751953125 0.585439659375 0.5713167171875 0.5752734187499999 0.578174975 0.5564088125 0.58211456875 0.5380723671875 0.5820818703125 0.5302456 0.581983415625 0.5257963390625 0.5797851281249999 0.521237521875 0.5739619171875 0.5202107328125 0.56659726875 0.518912146875 0.5616679359375001 0.518825071875 0.5598590031249999 0.520070309375 0.5555326468749999 0.5195681546875 0.5496202718750001 0.51904704375 0.5464928125 0.5187562875 0.544423446875 0.520477003125 0.5410143749999999 0.52378639375 0.5361530328125 0.52631830625 0.5363406515625 0.5302618906250001 0.5331894234375001 0.5461303453124999 0.5305003671875 0.56338379375 0.53198310625 0.565991540625
3 0.4006327953125 0.5217142359375 0.39852330937499997 0.5356807765625 0.39785680625 0.54546985625 0.3973615734375 0.5552891343749999 0.3991983765625 0.5689087125000001 0.40312572187500006 0.5776829109375 0.407311271875 0.5799851375 0.4128576984375 0.5775740218750001 0.419459984375 0.57117788125 0.4290678671875 0.5577514078125 0.4392928453125 0.5418267453125 0.4430585734375 0.5364946453125 0.4447482375 0.514893775 0.44664410156249995 0.50714636875 0.44477423906249997 0.5047310609375 0.4426792328125 0.497583453125 0.43931957187500004 0.49360195312500005 0.4346789078125 0.4888731796875 0.4310446953125 0.48745026874999997 0.42432054687500004 0.48652532031250006 0.415451984375 0.485743653125 0.41056723437500003 0.4854037390625 0.4083711765625 0.4868414171875 0.40495505 0.4911923609375 0.40310376718749996 0.49868693124999997 0.40233880781250003 0.50402675 0.4006327953125 0.5217142359375
3 0.62379360625 0.587133509375 0.6279156296874999 0.598809734375 0.6333420640625 0.6141050640625 0.63520486875 0.6175619265625001 0.6401342015625 0.6176490015625 0.6459035390625 0.613973690625 0.6512742328125001 0.5995393875 0.65711898125 0.578410471875 0.6612885453125 0.557768275 0.6661736578124999 0.53907715 0.6652002671874999 0.5245670140625001 0.6598745218750001 0.519717440625 0.65631535625 0.5198719640625 0.6533075265625 0.5209058015625 0.645206153125 0.5207808109375 0.6378437359375 0.52547871875 0.630286640625 0.5272745999999999 0.6267954640625 0.5300481125000001 0.627884021875 0.5338898546874999 0.6268842671875 0.5485734734375 0.623972296875 0.567091115625 0.621407696875 0.5786311093750001 0.62379360625 0.587133509375
3 0.340633321875 0.4243216 0.34165612031250003 0.43154084687500005 0.34662038281249996 0.44545118281249996 0.35119528906249997 0.45355746249999995 0.35568585625 0.45513137031250006 0.36870021406250003 0.451430053125 0.380574375 0.4451813859375 0.3811751203125 0.4387698125 0.38458455156250004 0.4164293859375 0.38871659062499997 0.3949984734375 0.385387396875 0.3928472453125 0.3800991734375 0.38878638906249996 0.37757951875 0.38104250624999997 0.3781126375 0.35298090625 0.3778900890625 0.3352140609375 0.3702159578125 0.32265080468749996 0.363409703125 0.321189978125 0.35747615312500003 0.32379353437499997 0.3527741953125 0.334435253125 0.3475770046875 0.3548962515625 0.34488795 0.37214969999999997 0.340335725 0.40497732343750004 0.340633321875 0.4243216
3 0.5128289421875001 0.43826023125 0.5102104703125 0.445098125 0.50601973125 0.46886498750000005 0.5022748140625 0.4901034609375 0.5006416171875 0.503371884375 0.502832846875 0.508972259375 0.5237208390625 0.513698175 0.539954053125 0.515778428125 0.5567527203125 0.5166548859375 0.56535155625 0.51295709375 0.572026659375 0.50214189375 0.5757879234375001 0.4848168015625 0.5808751359375 0.4489551109375 0.5800213750000001 0.43576956874999995 0.57788438125 0.41584025625 0.5720121234375 0.40307331875 0.56390851875 0.3969518328125 0.5547349374999999 0.3968984828125 0.5434637546875 0.40273207031249997 0.535625046875 0.40812809687499996 0.527884796875 0.41797338125000005 0.5234128109375 0.4263093515625 0.5176011218750001 0.43623399531249996 0.5151071046875 0.43735843281250003 0.5128289421875001 0.43826023125
3 0.62643953125 0.49400874687499996 0.633733596875 0.5057228890625 0.6416001734375001 0.5151916796875 0.648190575 0.516875146875 0.6625119359375 0.5037583859375 0.6724601296875 0.48439581875000004 0.685524621875 0.4353415359375 0.6928127171875 0.39100411875 0.692317846875 0.381792359375 0.6847444031250001 0.37967485624999997 0.6756176359375 0.3853651609375 0.6662021984375001 0.3956971671875 0.651378546875 0.419674759375 0.6420240421875001 0.4336673109375 0.6367989796875 0.43926349218749994 0.6303791249999999 0.4756723015625 0.62643953125 0.49400874687499996
3 0.4377769890625 0.430240546875 0.4345741203125 0.4474033984375 0.4311999796875 0.46453604843749996 0.4317862453125 0.4792386234375 0.43489476250000003 0.488650540625 0.43897703125 0.49354155468750005 0.44856114218750004 0.49627429218749997 0.45449692500000005 0.49966723125 0.46219 0.5031093281250001 0.48361297968750006 0.5048011765625 0.49616739687500006 0.505711359375 0.49793880625 0.50367740625 0.500698084375 0.495039440625 0.50876971875 0.4552720828125 0.5111466984375 0.4397885078125 0.5089413515625 0.43627124375 0.5065766203125001 0.4246441765625 0.5052911531250001 0.41190391406250004 0.502501771875 0.39968056875 0.4959514890625 0.3857512765625 0.48136782343749995 0.37431598125 0.4723209296875 0.37454567031249997 0.46488346406250003 0.3776661453125 0.45935338750000004 0.38399064374999997 0.45194861875000003 0.394937884375 0.44462595625 0.406421003125 0.442453309375 0.41073050625 0.4377769890625 0.430240546875
3 0.356313021875 0.539708765625 0.3538164109375 0.5538677468750001 0.3532554203125 0.5670645328125 0.3534593890625 0.5749214968749999 0.3575557734375 0.5777294015625001 0.3654858765625 0.5778241921875 0.37363666093750003 0.5706582953125 0.3844739046875 0.559273490625 0.3925708140625 0.54740549375 0.3982933390625 0.537986528125 0.40075948281249996 0.5219972734375 0.402627478125 0.49938505 0.4047391953125 0.49141500000000005 0.410180109375 0.4855961796875 0.4089648640625 0.48147139843750003 0.400370853125 0.47813114375000004 0.3916947359375 0.47425500937500004 0.3865777828125 0.4702243515625 0.38092584375 0.4692277625 0.3779180140625 0.47026160156249996 0.37473891406250004 0.471265240625 0.3702505796875 0.47568782656249997 0.3653844109375 0.48525779062499996 0.3630144875 0.49969981093750004 0.359271803125 0.526934778125 0.356313021875 0.539708765625
3 0.44248123437500003 0.5457780453125001 0.4425373375 0.5564766390625 0.4438580984375 0.564009125 0.4464762078125 0.5762022703125 0.45190746718749997 0.5844595499999999 0.45683680000000004 0.5845466234375001 0.4626741265625 0.5834903015624999 0.4736614671875 0.5752603656249999 0.48137831249999996 0.5625432515625 0.48396631875 0.5538750859375 0.4889101328125 0.5328480109375 0.4906911921875 0.5167379578125 0.49048722343750006 0.508880990625 0.48463354843750006 0.50602393125 0.47872823125 0.5044612640625 0.46553331093750006 0.5031774437500001 0.462018728125 0.503079128125 0.4565826421875 0.5018599 0.45178705625 0.501014309375 0.4486830046875 0.5035953796875 0.4466816265625 0.507935084375 0.444525325 0.516157971875 0.4435630953125 0.5316303062500001 0.44248123437500003 0.5457780453125001
3 0.3188537375 0.544835184375 0.3183492140625 0.5496995250000001 0.318023021875 0.5535525078125 0.3196112734375 0.559567959375 0.321265284375 0.5622059078125 0.3259482984375 0.5606853484375 0.33128593125 0.5574553171875001 0.338275340625 0.5508667375 0.34490586093750003 0.5403043765625 0.352371559375 0.5330176796874999 0.355564775 0.5299309296875 0.3591217078125 0.5237799109375 0.360273790625 0.5182476546875 0.3626061875 0.5030169171875001 0.36494564375 0.48674462343749997 0.368174153125 0.47845009687499995 0.3715011171875 0.4746048296875 0.3670387828125 0.46886469843749995 0.3628532328125 0.4665624734375 0.35681416875 0.4657583234375 0.3513335 0.464791934375 0.344126003125 0.465606659375 0.34132697031250003 0.46745941406249997 0.33552234062499997 0.47634250156249996 0.331045525 0.4917165203125 0.324649440625 0.5119661203125 0.320813128125 0.5277137765625 0.3188537375 0.544835184375
3 0.583337234375 0.5221245546875 0.5821922109375001 0.52661525625 0.5820324625 0.5375364890625 0.5788366515625001 0.5536577828125 0.5757277734375 0.5632769046874999 0.56930828125 0.5806546781249999 0.570553990625 0.58660973125 0.5733808953125 0.599621790625 0.5790818828125001 0.6123585296875 0.586108453125 0.62558970625 0.5935927328124999 0.6282128874999999 0.5996459125 0.626933925 0.6065907421875 0.620598184375 0.612543234375 0.6088734687499999 0.615905490625 0.5998204234375 0.618425509375 0.5885332703125 0.6221210140625 0.5745856859375 0.6264455015625 0.55006030625 0.6282499687499999 0.5368220828125 0.6264458640624999 0.53102926875 0.6232645328124999 0.5260364125 0.619421525 0.5237945875000001 0.616561559375 0.5219867984375 0.6102315953125 0.5198278546874999 0.6053539031249999 0.518446384375 0.598451425 0.5185327921875 0.5908638640625 0.5184984015625 0.5873117578125 0.51761136875 0.5859345328125001 0.5184113265625 0.583337234375 0.5221245546875
3 0.4901458265625 0.5719102015625 0.493887784375 0.5827373109375 0.49954195625000003 0.58973039375 0.5061394156250001 0.5903723046875 0.5165096625000001 0.5846405578125 0.52480125 0.5756745875 0.5279992921875001 0.5655497875 0.5341561171875 0.542651 0.5361177406250001 0.531526084375 0.5354140765625 0.5214954078125 0.5341917734375 0.5184121828125 0.529201509375 0.514664565625 0.5206379625 0.51315458125 0.5152394 0.51272406875 0.5044493343750001 0.5108214890625 0.49844779375000003 0.5108060546875001 0.49557371093749997 0.511081378125 0.49192761249999994 0.5177380734375 0.4896750890625 0.5275081921875 0.48757489375 0.5464296734375 0.48657290781249996 0.5551167968749999 0.48898704843749996 0.5594529765625 0.4901458265625 0.5719102015625
3 0.382496240625 0.42727126093749995 0.380440628125 0.44593990312500004 0.3827841828125 0.4606916375 0.3847970859375 0.46730336718750004 0.3893040015625 0.4727906578125 0.400155 0.47835378281249996 0.417997640625 0.483324821875 0.425897278125 0.481589340625 0.43138983125 0.47447612499999997 0.4316153375 0.4601773859375 0.43653574375000004 0.436278484375 0.4413811015625 0.41080214687499994 0.43627120625 0.40572993593750006 0.4341810265625 0.391544278125 0.43026556562499996 0.374690475 0.41898768750000004 0.36253458125 0.410959128125 0.357990528125 0.40496687812500004 0.36293003281249997 0.398990978125 0.371782921875 0.389615296875 0.38890013749999996 0.387541103125 0.397658903125 0.382496240625 0.42727126093749995
3 0.5707854109375 0.5081798281250001 0.571435203125 0.513508403125 0.5781522921875 0.5154749078124999 0.5906925937499999 0.5184682015625001 0.6043262781250001 0.5182651875000001 0.611407084375 0.5171674234375 0.6182627468749999 0.5113373609375 0.6224813578124999 0.502435315625 0.6274062265625 0.49052940156249997 0.6350086296875 0.45041860624999996 0.636759225 0.43247828125 0.6372147015625 0.4158737921875 0.6310890671875 0.40254077656250004 0.6260166968750001 0.3982572796875 0.617542315625 0.3962416171875 0.6116533484375 0.398592334375 0.6030801484375 0.41115844843750005 0.5953116640625 0.4251699578125 0.5820201593750001 0.444464409375 0.5790706671875 0.4621933359375 0.575126246875 0.4875678328125 0.5707854109375 0.5081798281250001