3 0.41890535624999997 0.5115867749999999 0.415246859375 0.546395040625 0.4198753296875 0.5619641375 0.427602 0.5778588671875 0.4353286703125 0.593753596875 0.453395221875 0.600680009375 0.49471709375 0.59496803125 0.5128213015624999 0.5717331531250001 0.5200629828125 0.5624392015625 0.5293952359375 0.5332548125 0.5289102484375 0.50806613125 0.532046103125 0.47823047343749997 0.5315611140625001 0.4530417921875 0.5305534859375001 0.432825721875 0.5295458562500001 0.41260965 0.5228644703125 0.3867697 0.51771335625 0.3761732140625 0.5099866859375 0.360278484375 0.5068884875 0.35995285 0.5037902890625 0.359627215625 0.494495690625 0.35865031406250003 0.48520109375000003 0.3576734125 0.47848205312500003 0.36199475468750003 0.4717630125 0.366316096875 0.457279646875 0.384904 0.4489926796875 0.40414316875 0.43813015625 0.41808409687500003 0.43036583124999994 0.43235065781250004 0.42308649374999996 0.47180589843750004 0.420995925 0.49169633749999997 0.41890535624999997 0.5115867749999999
3 0.0501443578125 0.5331589296875 0.054212532812500006 0.583861925 0.055742803125 0.5991053875000001 0.082618965625 0.5818200203125 0.09814761562499999 0.5532868984375 0.1002381859375 0.5333964609375 0.10027584062499999 0.5032351703125 0.099790853125 0.47804648906249997 0.1024040640625 0.45318344218749995 0.10863811718750001 0.42367341875 0.11330424375 0.409081225 0.0782917328125 0.3249605984375 0.0694821234375 0.349172378125 0.060149871875000004 0.3783567671875 0.0513402625 0.402568546875 0.051264953125 0.462891128125 0.051749940625000004 0.488079809375 0.0501443578125 0.5331589296875
3 0.098222925 0.4929643171875 0.0997531984375 0.5082077796875 0.10076082812500001 0.5284238515624999 0.0991929 0.5433416796875 0.10691957031249999 0.559236409375 0.124986121875 0.566162821875 0.14824144374999998 0.55352443125 0.159626609375 0.5346108953125001 0.1627624640625 0.5047752375 0.1757532125 0.44078258281249993 0.1830325484375 0.401327340625 0.181502278125 0.386083878125 0.17377560625 0.3701891484375 0.170192421875 0.3446748328125 0.16246575000000002 0.328780103125 0.13820280000000001 0.3212024234375 0.12782526249999998 0.36033203125 0.12368177968750001 0.369951615625 0.1159174546875 0.3842181765625 0.11330424375 0.409081225 0.101881421875 0.4581560515625 0.098222925 0.4929643171875
3 0.8520552703125001 0.6224707031250001 0.870121821875 0.629397115625 0.8856128171875 0.6310252859375 0.9119663359375 0.618712528125 0.9161098203125 0.6090929421875 0.9223438734375 0.5795829203125 0.9327214093749999 0.5404533109375 0.9348119796875001 0.5205628734375 0.9369025484375 0.5006724359375 0.93279671875 0.4801307296875 0.9312664484375001 0.4648872671875 0.9178283671875 0.4735299515625 0.9012920859375001 0.48184700156250004 0.891474846875 0.48584270937499996 0.8749385671875001 0.494159759375 0.8584022875 0.5024768078124999 0.8485850484374999 0.5064725171875 0.8439189218750001 0.5210647109375001 0.8485473921875 0.5366338078124999 0.84544919375 0.5363081734375 0.8402227718749999 0.58603426875 0.8314131609375 0.6102460484375001 0.8339887171875 0.615544290625 0.8520552703125001 0.6224707031250001
3 0.2725790828125 0.652061046875 0.2788131359375 0.622551025 0.2809037046875 0.6026605859374999 0.2819489890625 0.5927153671875 0.27937343281250004 0.5874171234375 0.2721694046875 0.566549784375 0.2685485640625 0.5711967609374999 0.22565876562499998 0.5918265671875 0.1977749734375 0.5888958640624999 0.19415413125 0.5935428390624999 0.18993533906249999 0.6634850046875 0.19706405625 0.7446749265625 0.20841156875000003 0.7559226812500001 0.23943121406249998 0.729017728125 0.26324683125 0.6812454359375 0.2725790828125 0.652061046875
3 0.7554884578125 0.6173486640625 0.768403896875 0.613678590625 0.780796690625 0.614981125 0.7890460046875 0.6259032453125 0.797817959375 0.63185275625 0.810733396875 0.6281826828125 0.824171478125 0.6195399984375001 0.8350340015625 0.6055990718750001 0.8402227718749999 0.58603426875 0.84544919375 0.5363081734375 0.8439189218750001 0.5210647109375001 0.8403357359375001 0.495550396875 0.83932810625 0.47533432500000006 0.8207389109375001 0.47338052187499996 0.8140198703125 0.4777018625 0.8073008296875 0.4820232046875 0.79128719375 0.4853676453125 0.7752735562499999 0.4887120859375 0.7680318734375 0.4980060359375 0.7576919906249999 0.5069743546875001 0.7504503078125 0.5162683046875001 0.7457841828125 0.5308605 0.7400727703125 0.5553979140624999 0.7338387187500001 0.5849079359375 0.732793434375 0.5948531546875 0.73174815 0.604798375 0.7363766203125001 0.6203674703125001 0.7554884578125 0.6173486640625
3 0.1206920203125 0.6964275703125 0.12169965 0.7166436421875 0.12476019375 0.7471305671875 0.15111371406250002 0.734817809375 0.1717934765625 0.7168811749999999 0.184223928125 0.6880224187499999 0.18631449687499999 0.66813198125 0.1946767734375 0.5885702296875001 0.167315625 0.580666915625 0.15753604062499998 0.5545013328125 0.159626609375 0.5346108953125001 0.151862284375 0.5488774546874999 0.13842420312499998 0.5575201390625 0.1379015609375 0.5624927484375 0.131667509375 0.5920027718750001 0.1300995828125 0.6069206 0.1243881703125 0.6314580140625 0.1222976015625 0.6513484515625 0.12278258906249999 0.6765371328125 0.1206920203125 0.6964275703125
3 0.5309255078125 0.548498275 0.5412277359375001 0.5696912484375 0.5515299625 0.5908842203125 0.5623548328125 0.607104584375 0.5680285859375 0.6127284625 0.598487934375 0.620957409375 0.6088278171875 0.6119890921875 0.6191676984375001 0.603020775 0.6362266203125 0.589731115625 0.64193803125 0.5651937015625 0.650225 0.5459545328125001 0.6538834953125 0.511146265625 0.6575419921875 0.476338 0.6539588046875 0.450823684375 0.6534738171875001 0.425635003125 0.645262159375 0.3845515921875 0.640111046875 0.3739551046875 0.62771825 0.3726525703125 0.618423653125 0.37167566875 0.6034553 0.3650748890625 0.592592775 0.3790158171875 0.58225289375 0.387984134375 0.57448856875 0.4022506953125 0.56982244375 0.4168428890625 0.5517182359375 0.44007776718749997 0.5439539109375 0.45434432812500003 0.532008446875 0.5083917640625 0.5309631625 0.5183369843750001 0.5309255078125 0.548498275
3 0.2869118296875 0.7541183078125 0.3070312953125 0.7713155734375 0.326665775 0.7633241578125001 0.3406264984375 0.7497088640625 0.348390821875 0.7354423031249999 0.3541022328125 0.7109048890625 0.366532684375 0.682046134375 0.371721453125 0.6624813296875 0.3727667375 0.6525361109375 0.3723194046875 0.5971861390625001 0.359403965625 0.6008562140625 0.2912435875 0.59369226875 0.2819489890625 0.5927153671875 0.2829566203125 0.6129314390625 0.28239632187499997 0.6480653390625 0.28131338281249996 0.6881718484375 0.2823210125 0.7083879203125 0.28538155625 0.7388748453125 0.2869118296875 0.7541183078125
3 0.2810166703125 0.5121767140625 0.27944874375 0.5270945421875 0.2732146890625 0.556604565625 0.27164676249999997 0.57152239375 0.27937343281250004 0.5874171234375 0.30363638437499996 0.5949948046875 0.331520175 0.597925509375 0.3625021640625 0.601181846875 0.38213664375 0.59319043125 0.39505208281250004 0.5895203578125 0.40333905000000003 0.5702811875 0.407482534375 0.5606616015625 0.4106183875 0.5308259453125 0.4127089578125 0.5109355078125 0.41532216875000005 0.486072459375 0.41793538124999996 0.46120941249999997 0.41640510781250006 0.44596595 0.4159201203125 0.42077726875000004 0.41285957656249994 0.39029034375 0.4087537484375 0.3697486390625 0.40464791875 0.3492069328125 0.39330040781250003 0.3379591796875 0.3876266515625 0.3323353015625 0.384528453125 0.33200966875 0.378854696875 0.326385790625 0.3695600984375 0.3254088890625 0.3535464625 0.3287533296875 0.34425186406249997 0.327776428125 0.32771558437500004 0.336093478125 0.319951259375 0.3503600390625 0.312186934375 0.3646265984375 0.301809396875 0.4037562078125 0.2935224296875 0.422995378125 0.2857581046875 0.43726193750000003 0.2810919796875 0.4518541328125 0.279524053125 0.4667719609375 0.2810166703125 0.5121767140625
3 0.74499795625 0.74696214375 0.76358715 0.748915946875 0.7775478734375 0.7353006546875 0.7811687140625 0.730653678125 0.7853121984375 0.7210340937499999 0.7941218078125 0.6968223140625 0.79516709375 0.6868770953125 0.790053634375 0.6461193171875 0.79419711875 0.6364997328124999 0.783894890625 0.615306759375 0.73947481875 0.6206931046874999 0.7363766203125001 0.6203674703125001 0.7312255078125001 0.609770984375 0.7265593796875 0.6243631781250001 0.7131213015625 0.6330058625 0.6924791906250001 0.62078120625 0.6826619515625 0.6247769140625 0.682139309375 0.6297495234375 0.674859971875 0.669204765625 0.675344959375 0.694393446875 0.6794507890625 0.714935153125 0.7016231703125 0.7424032703125001 0.7227879203125 0.7496553171875 0.74499795625 0.74696214375
3 0.850859365625 0.7530610859375 0.8870301250000001 0.7367526203125 0.8999455624999999 0.7330825453125 0.9020361328125001 0.7131921078125 0.9046493437500001 0.6883290609375 0.900543515625 0.6677873546875001 0.8964376859375 0.6472456484375 0.8923318578125 0.62670394375 0.8887110171874999 0.63135091875 0.873220021875 0.62972275 0.8339887171875 0.615544290625 0.8314131609375 0.6102460484375001 0.8174524375000001 0.623861340625 0.8040143562500001 0.632504025 0.7947197609375001 0.6315271234375001 0.789530990625 0.6510919265624999 0.7941594624999999 0.6666610234375 0.7977426484375 0.6921753374999999 0.8023711203125 0.707744434375 0.8395118546875 0.74181333125 0.850859365625 0.7530610859375
3 0.48990035 0.7302053890625 0.5038234171875 0.7467513859375 0.51722384375 0.7682699921875 0.5316695546875 0.77984338125 0.5440623515625 0.7811459171874999 0.5538795890625 0.7771502078125 0.5626892 0.752938428125 0.56477976875 0.733047990625 0.5710138203125 0.7035379671875 0.5725817484375 0.6886201390625 0.5783308140625001 0.6339214359375 0.577323184375 0.6137053640625 0.568551228125 0.607755853125 0.5381295359375 0.5693656140625001 0.5319331375 0.568714346875 0.5231611828125 0.5627648359374999 0.49523973593750004 0.589995421875 0.48180165625000004 0.5986381046875 0.47661288749999997 0.618202909375 0.4739996765625 0.64306595625 0.47190910781250006 0.66295639375 0.4698185375 0.6828468328125 0.47134880937499996 0.69809029375 0.48990035 0.7302053890625
3 0.17989669531250002 0.43116299687500004 0.1648153765625 0.5150460906250001 0.1627248078125 0.534936528125 0.15753604062499998 0.5545013328125 0.1704138234375 0.5809925484375 0.1946767734375 0.5885702296875001 0.2251361234375 0.5967991765625 0.2654503640625 0.5708711265625 0.2732146890625 0.556604565625 0.280494028125 0.5171493234375 0.277956125 0.48168978906250004 0.2810919796875 0.4518541328125 0.283705190625 0.4269910859375 0.28579576093750003 0.407100646875 0.28168993124999997 0.38655894218750003 0.2781067453125 0.36104462656249997 0.267281875 0.3448242625 0.26160812031249997 0.3392003859375 0.25645700625 0.3286039 0.25078325 0.32298002187499997 0.24510949375000002 0.3173561453125 0.2296185 0.31572797656249996 0.21618041875 0.324370659375 0.2022196953125 0.337985953125 0.1923648015625 0.3721429515625 0.184600475 0.3864095125 0.183555190625 0.39635473125 0.18250990625000002 0.40629995 0.17989669531250002 0.43116299687500004
3 0.10930685312499999 0.71534110625 0.1134503375 0.7057215218749999 0.11759382031250001 0.6961019359375 0.12121466249999999 0.6914549609375 0.12173730468749999 0.6864823515625 0.123865528125 0.6364306234375 0.13842420312499998 0.5575201390625 0.124986121875 0.566162821875 0.10691957031249999 0.559236409375 0.0991929 0.5433416796875 0.09814761562499999 0.5532868984375 0.0820963234375 0.5867926296875 0.07063584843750001 0.6660287484375 0.06175092812500001 0.750563109375 0.0638038421875 0.7608339609375 0.0839609640625 0.7478699359375 0.0984443296875 0.7292820343749999 0.10930685312499999 0.71534110625
3 0.611737740625 0.7631211796875 0.6360006921875 0.770698859375 0.6489161296875 0.7670287859375 0.6608239390625 0.743142640625 0.670156190625 0.7139582515625 0.6738146875 0.679149984375 0.6753826140625 0.66423215625 0.6795637515624999 0.6244512796875 0.6625424859375 0.6075796484375 0.64552121875 0.5907080171875 0.6372719046875 0.579785896875 0.635703978125 0.594703725 0.598487934375 0.620957409375 0.5922915375 0.6203061421875 0.5783308140625001 0.6339214359375 0.5767252328125 0.6790005546875 0.5766875765624999 0.7091618453125 0.5818386906249999 0.71975833125 0.5921409171875001 0.7409513046875 0.611737740625 0.7631211796875
3 0.37993311093750004 0.7035647421875 0.380418096875 0.7287534234375 0.3886674109375 0.73967554375 0.3932958828125 0.7552446390625 0.40412075 0.771465003125 0.42270994531249995 0.77341880625 0.44029151093749996 0.7551565375 0.44805583593750004 0.7408899765625 0.45219931874999997 0.7312703921875 0.46100892812499994 0.7070586125 0.4713864640625 0.667929003125 0.475567603125 0.628148128125 0.47765817187500004 0.608257690625 0.47560525781249996 0.5979868374999999 0.44772146562500004 0.5950561328124999 0.4353286703125 0.593753596875 0.4172997734375 0.55666589375 0.4080051765625 0.5556889921875 0.407482534375 0.5606616015625 0.40695989218750006 0.5656342109375 0.40229376562499997 0.58022640625 0.395574725 0.5845477484375 0.38213664375 0.59319043125 0.375417603125 0.5975117734375 0.37332703437500003 0.6174022109374999 0.37381202187499996 0.6425908921875 0.3727667375 0.6525361109375 0.3722440953125 0.6575087203125001 0.373251725 0.6777247921875 0.37993311093750004 0.7035647421875
3 0.6573913734375 0.5969831625 0.6682162421875 0.6132035265625 0.68318459375 0.6198043046875 0.698152946875 0.6264050828125 0.7131213015625 0.6330058625 0.72346118125 0.6240375453125 0.73174815 0.604798375 0.73850484375 0.5703157421875 0.74111805625 0.5454526937499999 0.7468294671875 0.52091528125 0.7463444781249999 0.49572659999999996 0.7458594921875 0.47053791875 0.7464197890625 0.43540401875 0.7355949203125001 0.41918365468749996 0.71958128125 0.4225280953125 0.7123395984374999 0.4318220453125 0.701477075 0.4457629734375 0.69371275 0.460029534375 0.67560854375 0.48326441249999996 0.6538834953125 0.511146265625 0.6507476421875 0.540981921875 0.650225 0.5459545328125001 0.6383171890625 0.569840678125 0.640892746875 0.575138921875 0.649142059375 0.5860610421875 0.6573913734375 0.5969831625