3 0.418204090625 0.5044748203125 0.41152577656249995 0.538831771875 0.414779696875 0.5547450203125 0.42109164843749997 0.5712526890625 0.4274036 0.587760359375 0.4447977265625 0.5962350171875 0.4864601875 0.5941462125 0.50652055625 0.5725776359375 0.514544703125 0.56395020625 0.5263850296875 0.53569023125 0.5280972265625 0.5105551312500001 0.533821496875 0.48110631562500006 0.5355336921875 0.455971215625 0.53629184375 0.4357442515625 0.537049996875 0.4155172875 0.532646134375 0.3891933453125 0.5284381671875 0.3781882328125 0.5221262171875 0.3616805640625 0.5190681875000001 0.3610861421875 0.516010159375 0.360491721875 0.5068360734375 0.35870846093750003 0.4976619875 0.35692519843750004 0.4905918859375 0.36064449375 0.48352178281249997 0.3643637890625 0.4674734890625 0.38161865 0.4575412515625 0.40006235312499994 0.44550503125 0.41300349843750006 0.4365268390625 0.426539065625 0.4258364515625 0.46520973281250005 0.422020271875 0.4848422765625 0.418204090625 0.5044748203125
3 0.048966203125 0.493825246875 0.048599840625 0.5446898671875 0.0487957328125 0.5600086953125001 0.0770761421875 0.5451315171875 0.0950325265625 0.5180603828125 0.09884870625 0.4984278390625 0.1015149484375 0.46838460312499997 0.10322714375 0.443249503125 0.10799736874999999 0.41870882343750004 0.11677966718749999 0.3898544296875 0.12269983124999999 0.3757244421875 0.09515215 0.2888723796875 0.0842658671875 0.3122242171875 0.07242554062499999 0.34048419218750003 0.061539259375 0.36383603125 0.056206776562500005 0.423922503125 0.0544945796875 0.449057603125 0.048966203125 0.493825246875
3 0.100365009375 0.45797391093749995 0.10056090312499999 0.4732927390625 0.0998027515625 0.49351970312500004 0.096940615625 0.5082441109375 0.1032525671875 0.52475178125 0.12064669374999999 0.533226440625 0.1449150296875 0.5226629765624999 0.1579052953125 0.50481369375 0.1636295640625 0.475364878125 0.18214820625 0.41274795312499996 0.1928385953125 0.3740772859375 0.19264270156250002 0.3587584578125 0.18633075 0.3422507875 0.18498491875 0.3165212671875 0.1786729671875 0.3000135984375 0.1551627828125 0.2903500984375 0.141414365625 0.32842634375 0.1364482484375 0.3376481953125 0.12747005625000002 0.3511837625 0.12269983124999999 0.3757244421875 0.1070433234375 0.423616959375 0.100365009375 0.45797391093749995
3 0.8400415671875001 0.6526883046874999 0.8574356953125 0.6611629640625 0.8727258375 0.664135065625 0.9000522015625 0.6541660234375 0.9050183203125 0.644944171875 0.9138006187500001 0.6160897765625 0.9275490359375 0.5780135296875 0.9313652156250001 0.5583809859375 0.9351813953124999 0.5387484421875001 0.93288151875 0.5179270578125 0.9326856250000001 0.5026082296875 0.9185454203125 0.5100468203124999 0.9013471859375001 0.5168909890625 0.89121905625 0.5200158625 0.8740208234375 0.5268600328125 0.856822590625 0.5337042015625 0.846694459375 0.536829075 0.8407742953125 0.5509590625 0.8440282171875 0.5668723109375 0.840970190625 0.566277890625 0.8314297406250001 0.61535925 0.8205434578125 0.6387110890625001 0.8226474406250001 0.6442136453125 0.8400415671875001 0.6526883046874999
3 0.2601914953125 0.6316613703125 0.2689737921875 0.602806975 0.2727899734375 0.58317443125 0.2746980625 0.573358159375 0.2725940796875 0.567855603125 0.2672361734375 0.5464397984375 0.2632241 0.5507535140625001 0.218699503125 0.5675667265625 0.19117724687499998 0.562216940625 0.18716517187499998 0.56653065625 0.176866571875 0.6358389796874999 0.1768919953125 0.7173412578125 0.18721601875 0.7295352109375 0.22046254687500003 0.70543618125 0.2483511671875 0.6599213453125 0.2601914953125 0.6316613703125
3 0.7442886375 0.639169403125 0.757474796875 0.63663895 0.769706909375 0.63901663125 0.7769729062499999 0.650616165625 0.785192946875 0.6573075625 0.79837910625 0.654777109375 0.8125193109375 0.64733851875 0.82455553125 0.6343973734375 0.8314297406250001 0.61535925 0.840970190625 0.566277890625 0.8407742953125 0.5509590625 0.8394284640624999 0.5252295421875 0.840186615625 0.5050025781249999 0.8218384437499999 0.5014360546875001 0.8147683406249999 0.5051553484375 0.8076982390625 0.50887464375 0.7914540515625 0.5108106765625 0.7752098640625 0.5127467109375 0.7671857156249999 0.521374140625 0.7561035390625 0.5294071515625001 0.7480793921875 0.5380345828124999 0.7421592296874999 0.5521645687500001 0.734330975 0.576110828125 0.725548678125 0.6049652234375 0.7236405875 0.6147814953124999 0.721732496875 0.6245977671875 0.7249864203125 0.640511015625 0.7442886375 0.639169403125
3 0.1050156109375 0.6626212359375 0.104257459375 0.6828482 0.10464924687499999 0.7134858562499999 0.13197561093750002 0.7035168125 0.1541399625 0.6874507921874999 0.1690383171875 0.6597852390625001 0.172854496875 0.6401526953125 0.1881192171875 0.5616225203125 0.1615510046875 0.5513646 0.154089115625 0.5244462375000001 0.1579052953125 0.50481369375 0.148927103125 0.5183492609375 0.1347868984375 0.5257878500000001 0.13383285312499998 0.5306959859375 0.12505055468749998 0.55955038125 0.12218842031249999 0.5742747890625 0.114360165625 0.5982210484375 0.11054398593749999 0.6178535921874999 0.108831790625 0.6429886921875 0.1050156109375 0.6626212359375
3 0.526580925 0.551009059375 0.534996859375 0.5730192859375001 0.54341279375 0.5950295109375 0.5527827734375 0.6121316015625 0.557944784375 0.618228578125 0.5875710265625 0.6290809187499999 0.598653203125 0.621047909375 0.609735378125 0.6130148984375 0.6278876546875 0.60126259375 0.635715909375 0.5773163359375 0.6456481468749999 0.5588726328125 0.6523264609375 0.52451568125 0.6590047765625 0.4901587296875 0.65765894375 0.464429209375 0.6593711390625 0.439294109375 0.654771384375 0.3976513390625 0.65056341875 0.38664622656250003 0.6383313046875 0.38426854375 0.6291572171875 0.3824852828125 0.6148211203125 0.37460504375000003 0.6027848984374999 0.387546190625 0.5917027234375001 0.3955792 0.58272453125 0.40911476718750006 0.5768043671875 0.4232447546875 0.5567439984375 0.44481333125000005 0.5477658062499999 0.458348896875 0.5311552546875 0.5111495515625 0.5292471640625 0.5209658234375001 0.526580925 0.551009059375
3 0.26557482499999996 0.7345794531250001 0.2841188890625 0.7534648046875 0.3043751515625 0.7472150562500001 0.31946940156250003 0.7348683312500001 0.32844759218749997 0.7213327640625 0.336275846875 0.6973865046875 0.3511742015625 0.66972095 0.3580484109375 0.650682828125 0.3599565 0.64086655625 0.3643349375 0.5856882203125 0.351148778125 0.5882186734375 0.28387215 0.575141421875 0.2746980625 0.573358159375 0.2739399125 0.5935851234375 0.270319625 0.6285364953125 0.2657452953125 0.6683960046874999 0.26498714218749997 0.6886229687500001 0.2653789296875 0.719260625 0.26557482499999996 0.7345794531250001
3 0.280788696875 0.49304472343750005 0.2779265625 0.50776913125 0.2691442625 0.5366235265625 0.26628212812499996 0.5513479343750001 0.2725940796875 0.567855603125 0.2961042640625 0.577519103125 0.32362652187499996 0.5828688890625 0.35420680625 0.58881309375 0.37446306875 0.5825633453125 0.387649228125 0.5800328921875 0.39758146562499996 0.5615891890625 0.402547584375 0.5523673375 0.40827185468750005 0.522918521875 0.41208803437499997 0.503285978125 0.416858259375 0.4787452984375 0.42162848437499995 0.45420462031250003 0.42143258906250003 0.438885790625 0.4231447859375 0.413750690625 0.42275299843749997 0.383113034375 0.42045312187499995 0.36229165 0.41815324374999996 0.341470265625 0.40782921875 0.3292763109375 0.40266720781250004 0.323179334375 0.3996091796875 0.3225849140625 0.3944471671875 0.3164879359375 0.3852730796875 0.314704675 0.3690288921875 0.31664070781250003 0.35985480625 0.314857446875 0.3426565734375 0.321701615625 0.33367838125 0.33523718125 0.3247001890625 0.3487727484375 0.310951771875 0.3868489953125 0.301019534375 0.40529269687499997 0.2920413421875 0.4188282640625 0.2861211796875 0.4329582515625 0.2832590453125 0.447682659375 0.280788696875 0.49304472343750005
3 0.7225414953125 0.7673753578125 0.7408896671874999 0.77094188125 0.7559839171875 0.7585951546875 0.7599959890625 0.754281440625 0.7649621093750001 0.7450595890625 0.775848390625 0.72170775 0.77775648125 0.711891478125 0.7762147546875 0.6708431296875 0.7811808734375 0.6616212781249999 0.7727649390625 0.6396110515625 0.7280444484374999 0.6411054359375 0.7249864203125 0.640511015625 0.720778453125 0.629505903125 0.7148582890624999 0.6436358906249999 0.7007180859375 0.6510744796875 0.6812199734375 0.6370972640625 0.67109184375 0.6402221390625 0.6701377984375 0.645130275 0.659447409375 0.6838009406250001 0.6577352140625 0.708936040625 0.6600350921875 0.7297574265625 0.6797290953124999 0.7590534703125 0.70018125 0.76812255 0.7225414953125 0.7673753578125
3 0.8274685125 0.7826775203125 0.8649230078125001 0.769583603125 0.8781091671875 0.7670531484375 0.881925346875 0.7474206046874999 0.886695571875 0.722879925 0.8843956937499999 0.7020585406250001 0.8820958171875001 0.68123715625 0.8797959390625 0.660415771875 0.8757838671875 0.6647294875 0.8604937250000001 0.661757384375 0.8226474406250001 0.6442136453125 0.8205434578125 0.6387110890625001 0.8054492078125 0.6510578140625001 0.7913090031250001 0.658496403125 0.78213491875 0.6567131421875 0.775260709375 0.675751265625 0.77851463125 0.6916645140625 0.7798604640625 0.717394034375 0.7831143859374999 0.733307284375 0.8171444890625 0.770483565625 0.8274685125 0.7826775203125
3 0.4698750609375 0.7284491453124999 0.48230306718750005 0.7461456546874999 0.49377703124999994 0.7687503015625 0.507159084375 0.7815386765625 0.5193912 0.7839163578125 0.5295193296875 0.780791484375 0.5404056109375001 0.7574396453125 0.5442217921875 0.7378071015625001 0.5530040890625 0.7089527062500001 0.5558662234375 0.6942282984375 0.56636071875 0.6402388046875 0.5671188703125 0.6200118406249999 0.5588988296874999 0.6133204421875 0.5319388296875001 0.5724248640625 0.5258227718749999 0.5712360234375 0.5176027328125 0.5645446265625 0.4874142328125 0.5892380765625 0.47327402812499997 0.5966766671875 0.4663998203125 0.615714790625 0.46162959531250003 0.6402554703125001 0.457813415625 0.6598880140625 0.45399723593749997 0.6795205578125 0.454193128125 0.6948393859374999 0.4698750609375 0.7284491453124999
3 0.187114325 0.4035261015625 0.164779503125 0.4857755703125 0.1609633234375 0.5054081140625 0.154089115625 0.5244462375000001 0.1646090328125 0.5519590203125 0.1881192171875 0.5616225203125 0.2177454578125 0.5724748625 0.2601660703125 0.5501590921874999 0.2691442625 0.5366235265625 0.2798346515625 0.49795285937499995 0.280396909375 0.46240706718749996 0.2861211796875 0.4329582515625 0.2908914046875 0.408417571875 0.294707584375 0.388785028125 0.29240770625 0.36796364375 0.29106187499999997 0.34223412343750004 0.2816918953125 0.32513203281249997 0.2765298828125 0.31903505625 0.27232191562499997 0.3080299421875 0.267159903125 0.301932965625 0.261997890625 0.2958359890625 0.24670774843749999 0.2928638859375 0.23256754375000002 0.30030247499999996 0.21747329375 0.3126492015625 0.20467892187499998 0.3458173109375 0.19570072968750002 0.359352878125 0.1937926390625 0.36916915 0.19188455 0.378985421875 0.187114325 0.4035261015625
3 0.09202534375 0.6804705171875 0.0969914640625 0.6712486656250001 0.10195758125000001 0.662026815625 0.10596965625000002 0.6577130999999999 0.1069237015625 0.6528049640625 0.11340612187500002 0.603129184375 0.1347868984375 0.5257878500000001 0.12064669374999999 0.533226440625 0.1032525671875 0.52475178125 0.096940615625 0.5082441109375 0.0950325265625 0.5180603828125 0.076122096875 0.550039653125 0.057799350000000006 0.62797540625 0.041580584375 0.7114137171875 0.0427305234375 0.721824409375 0.0639408296875 0.7106665249999999 0.0799891234375 0.6934116640625 0.09202534375 0.6804705171875
3 0.5883800234375001 0.771858509375 0.6118902078125 0.7815220109375 0.6250763671875 0.77899155625 0.639020678125 0.7562341390625 0.6508610046875 0.7279741640624999 0.6575393187499999 0.6936172125 0.6604014546875 0.6788928046875 0.6680338140625001 0.6396277171875 0.652547778125 0.6213367875 0.6370617421875 0.60304585625 0.6297957453125 0.591446321875 0.626933609375 0.6061707296875001 0.5875710265625 0.6290809187499999 0.5814549687499999 0.627892078125 0.56636071875 0.6402388046875 0.56083234375 0.6850064484375 0.5581661015625 0.715049684375 0.56237406875 0.726054796875 0.5707900031250001 0.748065021875 0.5883800234375001 0.771858509375
3 0.362648165625 0.6923255968750001 0.36093596875 0.717460696875 0.368201965625 0.72906023125 0.37145588749999997 0.7449734796875 0.380825865625 0.76207556875 0.3991740375 0.7656420921875 0.4182803609375 0.7489816515625 0.427258553125 0.7354460859375 0.43222467187499997 0.7262242343749999 0.443110953125 0.7028723953125 0.4568593703125 0.66479615 0.46449173125 0.6255310625 0.4683079109375 0.60589851875 0.467157971875 0.595487825 0.43963571406249996 0.5901380406250001 0.4274036 0.587760359375 0.41267571406250003 0.5492424640625 0.4035016296875 0.5474592015625 0.402547584375 0.5523673375 0.40159353906249995 0.5572754734375 0.395673375 0.5714054609375 0.388603271875 0.5751247562499999 0.37446306875 0.5825633453125 0.367392965625 0.586282640625 0.3635767859375 0.6059151843749999 0.361864590625 0.631050284375 0.3599565 0.64086655625 0.35900245625 0.6457746921874999 0.358244303125 0.66600165625 0.362648165625 0.6923255968750001
3 0.6483398109375 0.6103316734375 0.657709790625 0.6274337640625001 0.6720458890625001 0.635314003125 0.6863819859375 0.643194240625 0.7007180859375 0.6510744796875 0.7118002609375 0.6430414703125 0.721732496875 0.6245977671875 0.7314688406250001 0.5908352359375 0.736239065625 0.56629455625 0.7440673203125 0.542348296875 0.745779515625 0.517213196875 0.7474917125 0.492078096875 0.751111996875 0.457126725 0.74174201875 0.4400246359375 0.7254978296875 0.44196066875 0.7174736828125 0.4505880984375 0.7054374625000001 0.46352924531250006 0.6964592703125 0.4770648125 0.6763989031250001 0.4986333890625 0.6523264609375 0.52451568125 0.6466021921875 0.553964496875 0.6456481468749999 0.5588726328125 0.631703834375 0.58163005 0.63380781875 0.58713260625 0.6410738140625 0.598732140625 0.6483398109375 0.6103316734375