3 0.7708337421875 0.76174369375 0.7712038406249999 0.7919478421874999 0.779213015625 0.8169218390624999 0.7968661453125 0.8288323406250001 0.8318023046875 0.8224491953124999 0.8717454921875 0.8246363765625 0.8780068609375 0.821272440625 0.890529596875 0.8145445671875 0.8981686718749999 0.8093144156250001 0.9129053453125 0.792764153125 0.92467754375 0.7819353625 0.9299793187500001 0.7764595515625 0.94747140625 0.7561768625 0.958578759375 0.729190059375 0.9612965000000001 0.703332490625 0.9612211484375001 0.65908220625 0.9543429484375 0.6121058984375 0.9485477093749999 0.5773095125000001 0.9404528437499999 0.5643926078125 0.9283105453125 0.5450172531249999 0.9126622953125001 0.52527340625 0.886078071875 0.508402175 0.8690897906249999 0.512649684375 0.8544388078124999 0.5171428546875 0.8442533734375001 0.5241163875 0.83197736875 0.550980359375 0.825212196875 0.570379478125 0.813230940625 0.5831973125000001 0.7995772296875 0.6119274984375 0.7935625921875 0.6354275328125001 0.7857521359375 0.66477186875 0.7790246390625 0.706296128125 0.773969596875 0.7319080375 0.7708337421875 0.76174369375
0 0.74098364375 0.5735927984375 0.7479955484375 0.5743297796875 0.7509600203125 0.568608309375 0.7517962484375 0.5606521343749999 0.7498770609375 0.5564283859375 0.7489174671875001 0.5543165125 0.7442428624999999 0.553825190625 0.7381048609375 0.5672571765625001 0.7306748421875 0.5704982843749999 0.729088078125 0.574353540625 0.7300476703125 0.576465415625 0.7370595765625 0.5772023953125001 0.74098364375 0.5735927984375
3 0.9490204625 1 0.9680786687499999 0.8186732687499999 0.9651998859375001 0.8123376468749999 0.9505969203125 0.7826485828124999 0.9414567703125 0.7796768968750001 0.934444865625 0.778939915625 0.9221311859375 0.7836787453125 0.9048481546874999 0.8019723921875 0.8901114828125 0.8185226546875001 0.8817218703125 0.8196518875000001 0.8634792453125 0.835833659375 0.8249891187499999 0.8760305484375 0.8039053875000001 0.908001840625 0.7973492703125 0.9254119140625001 0.7899569265624999 0.9507781625 0.7882844718750001 0.9666905124999999 0.7882376843750001 1 0.9490204625 1
3 0 0.756125259375 0.0861343515625 0.89088054375 0.09389679375 0.8957184437500001 0.1060014171875 0.8929686562500001 0.1204433421875 0.8904645312499999 0.1347619 0.87789235625 0.1488714015625 0.867309225 0.15851535625 0.8542457296875 0.1684540578125 0.8271360984375 0.1721313921875 0.803390403125 0.1751062046875 0.7413615546875 0.1631352875 0.6978720125 0.155040421875 0.6849551093749999 0.152579753125 0.6746414 0.145653540625 0.661847325 0.13618096562499998 0.6507966359374999 0.1300052890625 0.6421034796875 0.1084280921875 0.633802575 0.107136075 0.6236116953125 0.09816730625 0.596525825 0.07964027500000001 0.57044635625 0.059355095312499995 0.57233633125 0.05054736875 0.5774436515625 0.0327228578125 0.5896473359375001 0.014147809375 0.597750103125 0.00024736562500000004 0.6063441890625 0 0.6066534140625001 0 0.756125259375
3 0.38795873125 0.35750791249999997 0.38883263437500004 0.371676878125 0.3927086859375 0.40224951718749996 0.3962523140625 0.42474314843750005 0.4009645921875 0.44735961093750004 0.407805115625 0.472210778125 0.41815159375000005 0.4974304359375 0.43379984374999997 0.51717428125 0.465857221875 0.504455515625 0.48259877187500005 0.4800719078125 0.49687965624999997 0.4453745921875 0.5093647156250001 0.4165215765625 0.5233508515625 0.3958703953125 0.5320352125000001 0.3806950265625 0.539341865625 0.36738587031250003 0.5472756890625 0.3481095828125 0.5529955765625 0.33865568437500004 0.5651585531250001 0.24541628750000002 0.5638288625000001 0.213100265625 0.5524371 0.197825828125 0.5119524328125 0.189548684375 0.50122551875 0.19043225625 0.491125775 0.1853486984375 0.484322925 0.1826226734375 0.4782706140625 0.183997565625 0.464246803125 0.1825236046875 0.4595722015625 0.18203228437500002 0.43544864531250005 0.1754747625 0.43311134375 0.175229103125 0.4233440234375 0.1782245484375 0.41570494843750005 0.1834547 0.4092345234375 0.1888076796875 0.403723690625 0.196272534375 0.396084615625 0.201502684375 0.3929110859375 0.2092132 0.3849772625 0.2284894875 0.3831814390625 0.2343337875 0.381299928125 0.2522351828125 0.3816323515625 0.2603141875 0.38221150625 0.288529290625 0.38392163749999997 0.2947420828125 0.3847955421875 0.30891104999999996 0.386543346875 0.3372489828125 0.38795873125 0.35750791249999997
0 0.380871475 0.31252064687500003 0.379075653125 0.3183649484375 0.379617134375 0.324454909375 0.3831230859375 0.3248234 0.3866290390625 0.325191890625 0.38704715312500004 0.321213803125 0.3867147296875 0.31313479843750003 0.3859641921875 0.30903387968749996 0.3850045984375 0.30692200625 0.3858408265625 0.29896583125 0.38488123125 0.29685395625 0.38275298750000003 0.294619253125 0.379788515625 0.3003407234375 0.37916134375 0.3063078546875 0.38032999375 0.3064306859375 0.380871475 0.31252064687500003
0 0.090596925 0.45495898593749995 0.0929342265625 0.45520464687500006 0.0954805859375 0.4534612625 0.0991955953125 0.451840709375 0.102701546875 0.4522092 0.10407925625 0.4503429859375 0.10566602031250001 0.44648772968749995 0.10587507656249999 0.44449868593749997 0.106084134375 0.4425096421875 0.1039558890625 0.4402749375 0.09865411562500001 0.4457507484375 0.09610775625 0.44749413125000004 0.0926018046875 0.44712564062500004 0.0912240953125 0.44899185468749997 0.0898463875 0.45085806875 0.090596925 0.45495898593749995
3 0.279328871875 0.5029497453125 0.29147116875 0.5223251015625 0.3080790140625 0.544180821875 0.3216847109375 0.5496328703125 0.330578128125 0.5324684578125 0.3433956125 0.511694446875 0.3524980875 0.49254099062499995 0.36126813750000003 0.465308528125 0.3735064671875 0.41631941406250006 0.37730716875 0.40264176875 0.3811078671875 0.388964121875 0.3818687453125 0.3367576625 0.38032999375 0.3064306859375 0.3795417828125 0.280204625 0.37737586093750003 0.25584477968749997 0.3701172234375 0.2349717 0.36531925468750004 0.22441233125 0.3629819515625 0.22416667031249998 0.3526731515625 0.2210721546875 0.33568486875 0.2253196640625 0.326877140625 0.23042698437500003 0.312017103125 0.23690919843749997 0.3027912625 0.24599460624999997 0.2780782125 0.2675293578125 0.2560348875 0.29738877656249996 0.24121252499999998 0.32599613125000004 0.2334397421875 0.377465609375 0.24073605625 0.42046383125000003 0.242360496875 0.438733715625 0.25141495625 0.45376249375000005 0.2583411703125 0.4665565671875 0.2695238765625 0.48382005 0.279328871875 0.5029497453125
3 0.7060371421875 0.6362833203125 0.721771084375 0.6439700734375 0.7440611421875001 0.634246753125 0.7597574078125 0.619808365625 0.7868077609374999 0.5985192734375 0.7967841375 0.5935347828124999 0.813230940625 0.5831973125000001 0.8240435453125 0.570256646875 0.8323954828125 0.5470022718750001 0.8399111921875001 0.5317040734375 0.8430847218749999 0.5239935578125 0.8488903015625 0.5024825671875 0.851608040625 0.47662499687500004 0.8536986109375 0.45673455937499996 0.8528247078125 0.4425655921875 0.8499082515625 0.41410482968749995 0.8416900187499999 0.3911198765625 0.831885021875 0.3719901796875 0.8266689390625 0.3654088984375 0.8216619125 0.356838571875 0.814526640625 0.3460335421875 0.804845009375 0.3369718953125 0.791115946875 0.32145179687500003 0.78644134375 0.3209604765625 0.7702892890624999 0.3172518109375 0.7675338734375 0.3209842375 0.7642369765625 0.31862670312499997 0.7593533156250001 0.3201244265625 0.7530919484374999 0.3234883625 0.751505184375 0.3273436203125 0.74419853125 0.3406527765625 0.7263636796874999 0.40916383749999996 0.7047761453125 0.4571703109375 0.6981239984375 0.5429448531250001 0.6989498859375 0.5912960546875 0.7014482296875 0.6237349062499999 0.7060371421875 0.6362833203125
3 0.5601685234375 0.37158585781250003 0.561460540625 0.3817767359375 0.5673414718750001 0.4045160296875 0.5696307578125 0.43894392499999996 0.5715876203125 0.4652928140625 0.57996689375 0.520470959375 0.5883941828125 0.5414668687499999 0.595861878125 0.560350903125 0.6205269125 0.5729983859375001 0.6411068375 0.5570622734375 0.6535062093749999 0.5402663515625 0.6657822125 0.5134023796875 0.6839014703124999 0.48715255781250005 0.7033984375 0.45903652343749995 0.7182208 0.43042916875000004 0.7269908515625 0.40319670625 0.7398563515625 0.3482404609375 0.7413197499999999 0.3343171546875 0.7419092453125 0.30622488125 0.73995238125 0.279875990625 0.73611400625 0.2714284953125 0.7291877906249999 0.25863442187499996 0.7140810203125 0.2449805359375 0.7131214265625 0.2428686625 0.6997247859375 0.23542756874999998 0.6887888140625 0.23830018593750002 0.6779385328124999 0.22911570937499998 0.667420675 0.2280102375 0.6522282140625 0.22641344531250002 0.6475536109375 0.225922125 0.6346984499999999 0.22457099375 0.6222614046875 0.2192417734375 0.61428990625 0.21639291875 0.6039811046875 0.21329840312499998 0.6028124546875 0.2131755734375 0.5909168890625 0.21393631562499998 0.5836102359375 0.22724547187500002 0.5790589984375 0.23682219999999998 0.5713342328125 0.25410944375 0.5688255484375 0.27797796875 0.5646067343750001 0.295633703125 0.5617656281250001 0.3114232234375 0.5594660015625 0.3333027046875 0.5583350265625 0.35530501718749996 0.5601685234375 0.37158585781250003
3 0.2300638125 0.578212440625 0.23340872343750002 0.546387740625 0.23696269218750002 0.5125739953124999 0.23997517968749998 0.472670290625 0.2391869671875 0.4464442296875 0.23881686875 0.41624008281249997 0.23410458906249998 0.3936236203125 0.22918325468749998 0.3729962015625 0.21587230468750002 0.353498015625 0.210114740625 0.340826771875 0.1959675640625 0.3292847609375 0.1838629421875 0.332034546875 0.16507883750000002 0.3421263578125 0.1506369125 0.3446304828125 0.1394918828125 0.3494921421875 0.1259238625 0.3661652359375 0.11373355 0.3809721140625 0.10229377343749999 0.3998799109375 0.092773184375 0.42301145625 0.08145677500000001 0.45198730156250005 0.0736463171875 0.4813316375 0.0669188203125 0.522855896875 0.065455421875 0.5367792031249999 0.0751747265625 0.5679659921875 0.09795825 0.5985148687499999 0.1067179609375 0.6275897828125 0.214024784375 0.6408792015625 0.22671890156250002 0.6100371421874999 0.2300638125 0.578212440625