3 0.775064725 0.6625167937499999 0.7769336390625 0.6738779921875 0.7796573875 0.6798419890625 0.7914072125 0.698300765625 0.8031570359375 0.7167595453125 0.80860453125 0.7286875359375 0.8176306078125 0.74118231875 0.8230781031250001 0.753110309375 0.8266566843750001 0.7536771015625 0.83707393125 0.7110662609375 0.844926678125 0.68464703125 0.854489090625 0.6474333953125 0.8531565125 0.5863637765624999 0.8547069296875 0.5534137593749999 0.8308301921875 0.5883602296875 0.818384784375 0.5974542640625 0.8004918796875 0.5946203062500001 0.784308640625 0.5809919406249999 0.7815848921875 0.5750279453125 0.7814256453125 0.5528723390625 0.7780063125 0.5744611546875 0.77186323125 0.590085975 0.770153565625 0.60088038125 0.7711676468750001 0.6176387875 0.7713268953125 0.63979439375 0.769617228125 0.6505888015625 0.775064725 0.6625167937499999
3 0.32213536249999997 0.5575842515625 0.3355948546875 0.565248621875 0.3642235 0.5697829546875 0.3991544765625 0.5808480734375 0.42863795781249997 0.5799852015625 0.443807115625 0.5768551640624999 0.4606859375 0.56293071875 0.4712624328125 0.5424754859375 0.48354859375 0.51122584375 0.4929517578125 0.4518566 0.49177842812500006 0.4129425890625 0.49145993125 0.3686313734375 0.49487926250000003 0.34704255625 0.49557484843750005 0.31948974531249996 0.4874036046875 0.3015977578125 0.46304912343750004 0.27007740625 0.45044446562499996 0.25701583125 0.4468658859375 0.2564490390625 0.4110800765625 0.25078112343750003 0.390622671875 0.26413877812500003 0.3809010109375 0.2791968078125 0.37288901406249997 0.28346042968749996 0.36487702031249997 0.2877240484375 0.3551553578125 0.3027820796875 0.3498671125 0.3130096953125 0.32700445624999996 0.3647145703125 0.323744371875 0.40845899374999994 0.31776054062500003 0.446239421875 0.31434120781249997 0.4678282375 0.3127907890625 0.5007782546875 0.3129500375 0.5229338625 0.32213536249999997 0.5575842515625
3 0.9039522312500001 0.566746046875 0.91297830625 0.579240828125 0.9300163781249999 0.587471990625 0.944171453125 0.5675835484375 0.95560278125 0.5417311109375 0.9573124468750001 0.5309367046875 0.96772969375 0.4883258640625 0.9747276062499999 0.4673038390625 0.9737135265625 0.45054543437500005 0.977132859375 0.4289566171875 0.9655422828125 0.432653446875 0.9558206218749999 0.4477114765625 0.942520378125 0.46220271406249996 0.936377296875 0.477827534375 0.92766971875 0.5096439687500001 0.9206718046875 0.5306659921875 0.9039522312500001 0.566746046875
3 0.06523171093749999 0.3730472078125 0.06811470625 0.401166809375 0.06555020781250001 0.41735842187500005 0.0629857078125 0.43355003437499995 0.0755903671875 0.44661160781250003 0.0863261078125 0.4483119828125 0.0951929359375 0.43865115781249997 0.1112169265625 0.430123915625 0.1209385875 0.41506588750000006 0.12708166875 0.3994410671875 0.1276180046875 0.349732646875 0.1266039234375 0.33297424375 0.1192875125 0.309685053125 0.11827343125 0.2929266484375 0.11725935000000001 0.2761682453125 0.10908810625000001 0.2582762578125 0.106364359375 0.2523122625 0.1000620296875 0.24578147499999997 0.09648345 0.245214684375 0.09290486718749999 0.2446478921875 0.08131429375 0.24834472187499998 0.07874979374999999 0.264536334375 0.074475628125 0.2915223546875 0.07105629531249999 0.3131111703125 0.0684917953125 0.32930278281250003 0.0695058765625 0.3460611859375 0.0669413765625 0.3622527984375 0.06523171093749999 0.3730472078125
3 0.1588532171875 0.5925814609375 0.1518553046875 0.6136034859375 0.148435971875 0.6351923015625001 0.14945005312499998 0.6519507046874999 0.16290954375 0.6596150749999999 0.1833669484375 0.6462574203125 0.20724368593750003 0.61131095 0.22225359218750002 0.586025303125 0.23726350156249998 0.560739659375 0.2434065828125 0.5451148375 0.2521141609375 0.51329840625 0.2529689953125 0.5079012015625 0.2188928515625 0.49143887656249996 0.1883952890625 0.4755433453125 0.1909597890625 0.45935173437500004 0.18567154218749998 0.46957934999999995 0.175095046875 0.4900345828125 0.17082088125 0.517020603125 0.1674015484375 0.5386094203125 0.16227255000000002 0.57099264375 0.1588532171875 0.5925814609375
3 0.3696124046875 0.6978861890625 0.394662471875 0.7018537296875 0.40710788124999997 0.6927596953124999 0.4309846171875 0.6578132250000001 0.436272865625 0.6475856078125 0.44770419375000003 0.6217331703125 0.451123525 0.6001443546874999 0.456252525 0.5677611312499999 0.443807115625 0.5768551640624999 0.395575896875 0.5802812828125 0.353487759375 0.5680825796875 0.352632925 0.573479784375 0.35193734062500004 0.601032596875 0.35124175625 0.62858540625 0.351401003125 0.6507410140625 0.354284 0.67886061875 0.36603382500000003 0.697319396875 0.3696124046875 0.6978861890625
3 0.818384784375 0.5974542640625 0.8308301921875 0.5883602296875 0.85914034375 0.548583346875 0.8669930906250001 0.5221641203125 0.8791200031249999 0.46875887031249996 0.8859586687500001 0.4255812375 0.8927973328125001 0.38240360624999997 0.888045421875 0.3429228015625 0.8853216749999999 0.3369588078125 0.8665739374999999 0.339522053125 0.8416831171875 0.3577101203125 0.8275280437499999 0.3775985625 0.8125181343750001 0.40288420625 0.7905103140625 0.449191878125 0.7839901453125 0.536680725 0.7805708124999999 0.558269540625 0.7815848921875 0.5750279453125 0.7870323890625001 0.5869559359375 0.8004918796875 0.5946203062500001 0.818384784375 0.5974542640625
3 0.1269224203125 0.377285459375 0.12350308750000001 0.398874275 0.1209385875 0.41506588750000006 0.11751925625 0.436654703125 0.1193881703125 0.44801590312500006 0.128414246875 0.4605106859375 0.151754646875 0.475272634375 0.17135721718750002 0.467312184375 0.176645465625 0.45708456875000003 0.181078878125 0.45225415468749997 0.197798453125 0.4161741015625 0.20634678593750003 0.36220206093749996 0.20976611875 0.34061324531250003 0.2087520375 0.3238548421875 0.20688312187500002 0.31249364062499996 0.2004215453125 0.2838072453125 0.1958288828125 0.26648205156250004 0.19395996875 0.255120853125 0.1840790578125 0.2480232734375 0.1741981484375 0.24092569375 0.1714744 0.23496169843749998 0.1554504109375 0.24348894062499998 0.1421501671875 0.257980178125 0.1351522546875 0.279002203125 0.12916842343749999 0.31678263125 0.12745875625 0.3275770390625 0.1276180046875 0.349732646875 0.1286320859375 0.36649105 0.1269224203125 0.377285459375
3 0.9970539265625 0.46530738281249995 0.9977495109375001 0.43775457187500005 0.995880596875 0.42639337343749995 0.9914471828125 0.43122378437500003 0.9817255203125 0.4462818140625 0.975582440625 0.461906634375 0.9713082734375 0.4888926546875 0.9583265296875 0.5476951078125001 0.9654836906250001 0.548828690625 0.9885055953125 0.519279425 0.991924928125 0.49769060625000006 0.9970539265625 0.46530738281249995
3 0.85940025 0.7090698046874999 0.8674122437499999 0.7048061859375 0.8744101578125001 0.6837841609375 0.8742509093749999 0.661628553125 0.876815409375 0.645436940625 0.8776702421874999 0.6400397375 0.8710494171875001 0.589197734375 0.8683256687500001 0.5832337390625 0.8601544265625 0.5653417515625 0.8540113453125 0.580966571875 0.8516060953125001 0.6193137921874999 0.8553439234375 0.6420361906250001 0.8519245921874999 0.6636250078125 0.8520838390625001 0.6857806140625 0.8566765015625 0.7031058109375 0.85940025 0.7090698046874999
3 0.2561118953125 0.6965072625000001 0.2731499671875 0.7047384250000001 0.2900287921875 0.690813978125 0.30146012031249997 0.664961540625 0.3200486078125 0.6402426875 0.3464898453125 0.5891046046875 0.34905434375 0.5729129921875 0.32571394374999996 0.55815104375 0.31209520468749996 0.5283310640625001 0.3100670421875 0.4948142578125 0.3064884609375 0.4942474671875 0.28517622343750004 0.513002325 0.2637047375 0.5096015765625 0.26012615625 0.509034784375 0.251577825 0.563006825 0.24815849218750002 0.5845956421875 0.244739159375 0.6061844578125 0.2431887421875 0.6391344734375 0.247940653125 0.6786152765625 0.2561118953125 0.6965072625000001
3 0.0261858171875 0.41112371562499994 0.027199898437499998 0.42788211875000004 0.0442379703125 0.43611328125000004 0.0513951328125 0.43724686406249996 0.06197162656250001 0.41679163125 0.06453612656249999 0.4006000171875 0.0625079640625 0.3670832109375 0.0667821296875 0.340097190625 0.069346628125 0.3239055796875 0.0674777140625 0.312544378125 0.06203021875 0.3006163890625 0.0565827234375 0.288688396875 0.053004140624999994 0.28812160468750003 0.0422683984375 0.2864212296875 0.0351112359375 0.28528764687499997 0.0325467375 0.30147925937500003 0.029982237499999998 0.317670871875 0.024853239062499997 0.3500540953125 0.025012487500000003 0.372209703125 0.025171735937500002 0.3943653109375 0.0261858171875 0.41112371562499994
3 0.0644775359375 0.5167752609375 0.058493703125 0.554555690625 0.062231532812500004 0.5772780890625 0.0685338609375 0.583808875 0.07280802656249999 0.5568228562499999 0.086803853125 0.51477880625 0.10165451406249999 0.46733755312499997 0.1202430046875 0.44261869843749996 0.1183740890625 0.4312574984375 0.0934832703125 0.44944556562500004 0.091773603125 0.4602399734375 0.08119710937499999 0.48069520781249997 0.0759088625 0.4909228234375 0.07062061562500001 0.501150440625 0.0644775359375 0.5167752609375
3 0.580430184375 0.6870156734374999 0.58774659375 0.7103048640625 0.61381074375 0.731030809375 0.6397156421875 0.7296011453125 0.649437303125 0.7145431171875 0.6554211359375001 0.6767626875 0.6614049671875 0.638982259375 0.6771104609374999 0.5861438015625 0.660927221875 0.5725154375 0.6554797265625 0.5605874453124999 0.650350728125 0.5929706703125001 0.63790531875 0.6020647046875001 0.5619002859375 0.5955592843749999 0.5593357859375 0.6117508984375 0.56034986875 0.6285093015625 0.5622187828125 0.6398705 0.5632328640625001 0.6566289046875 0.5714041078125 0.674520890625 0.580430184375 0.6870156734374999
3 0.9840721796875 0.5241098359375 0.9654836906250001 0.548828690625 0.9547479484375 0.547128315625 0.9494597 0.5573559328125001 0.944171453125 0.5675835484375 0.9300163781249999 0.587471990625 0.9409113687499999 0.611327971875 0.9570946078125001 0.6249563390625 0.9705540984375001 0.6326207078125 0.98097134375 0.5900098671875 0.9852455093750001 0.5630238484375 0.9840721796875 0.5241098359375
3 0.49279250937499997 0.4297009921875 0.49108284375 0.4404954 0.48953242656249996 0.473445415625 0.48098409374999995 0.52741745625 0.483867090625 0.555537059375 0.4821574234375 0.5663314671874999 0.522535896875 0.589324578125 0.586950353125 0.599526825 0.6343267390625 0.6014979125 0.6512055609375 0.587573465625 0.65718939375 0.5497930375 0.6613043109375 0.500651409375 0.6662740609375 0.4461125765625 0.6695341453125 0.402368153125 0.66563706875 0.35749014687499997 0.6646229859375 0.3407317421875 0.6562924953125 0.3006841484375 0.6527139125 0.3001173578125 0.6401092562499999 0.2870557828125 0.6310831796875 0.274561 0.60961169375 0.2711602515625 0.5988759515625001 0.2694598765625 0.580983046875 0.26662591875 0.561380475 0.27458636875 0.5455157328125 0.30526921875 0.533070325 0.3143632515625 0.5224938296875 0.334818484375 0.511917334375 0.3552737171875 0.504919421875 0.3762957421875 0.4997904234375 0.40867896718749996 0.49279250937499997 0.4297009921875
3 0.1919738703125 0.4761101375 0.2117356890625 0.49030529375 0.2359309234375 0.49967003906249996 0.2815976421875 0.512435534375 0.2976216328125 0.503908290625 0.3064884609375 0.4942474671875 0.31418195937500004 0.4456726296875 0.3252947890625 0.37550897656250004 0.31338571718749997 0.3348945921875 0.3077789734375 0.3008109921875 0.3030270625 0.2613301890625 0.2984344 0.2440049953125 0.29485581875 0.24343820312500003 0.284120075 0.241737828125 0.2769629140625 0.2406042453125 0.26008409062500004 0.254528690625 0.25479584375000003 0.26475630781250004 0.2442193484375 0.2852115421875 0.23893110312500002 0.2954391578125 0.2247760265625 0.3153275984375 0.2177781125 0.33634962343749997 0.2054919515625 0.367599265625 0.1950747078125 0.41021010625 0.19080054062500001 0.4371961265625 0.1909597890625 0.45935173437500004 0.1919738703125 0.4761101375
3 0.6573486421875 0.5719486453125 0.6762556281250001 0.5915410062500001 0.733512921875 0.6006096703125 0.756694075 0.5932160125 0.7780063125 0.5744611546875 0.7831353109375 0.5420779296875 0.787786565625 0.44322788125 0.7866132359375 0.4043138703125 0.7801516578125 0.37562747500000004 0.77828274375 0.3642662765625 0.7656780859375 0.3512047015625 0.75937575625 0.344673915625 0.7486400140625 0.34297354062499996 0.734325690625 0.340706375 0.7174468671875001 0.35463082031250004 0.710448953125 0.3756528453125 0.682138803125 0.415429728125 0.6751408890625 0.43645175312499995 0.670011890625 0.468834978125 0.665737725 0.49582099687500003 0.6554797265625 0.5605874453124999 0.6573486421875 0.5719486453125
3 0.8635737593749999 0.5437529359375 0.85929959375 0.5707389546875 0.8647470890625 0.582666946875 0.8782065781249999 0.5903313171875 0.8933757343750001 0.5872012796875 0.903097396875 0.57214325 0.9153835578124999 0.5408936093750001 0.9268148859374999 0.515041171875 0.9310890515624999 0.4880551515625 0.9397966296875 0.45623871875 0.9432159625000001 0.43464990312499996 0.9439115484375 0.40709709062500005 0.9464760484375001 0.3909054796875 0.9038515734375 0.4284151953125 0.8941299125000001 0.44347322499999997 0.8835534171875 0.46392845781250003 0.8774103375 0.47955327812500004 0.8739910046875 0.5011420953125 0.865283425 0.5329585265625 0.8635737593749999 0.5437529359375
3 0.7094183468749999 0.7295757765625 0.732758746875 0.7443377250000001 0.7578088140625 0.7483052671875 0.7658208078125 0.7440416453124999 0.76651639375 0.7164888328125001 0.767211978125 0.688936021875 0.769776478125 0.672744409375 0.77148614375 0.6619500015625001 0.7692987328124999 0.6062775859375 0.7674298187499999 0.5949163875 0.7744277312500001 0.5738943625 0.756694075 0.5932160125 0.733512921875 0.6006096703125 0.6762556281250001 0.5915410062500001 0.6622598015625 0.6335850546875 0.680311953125 0.6585746203125 0.6929166125 0.6716361953125001 0.70108785625 0.6895281828125001 0.704825684375 0.71225058125 0.7094183468749999 0.7295757765625
3 0.46607484218749995 0.6910339515625 0.487705575 0.716590309375 0.5020199 0.7188574765625 0.5277655515624999 0.6952722046875001 0.5427754609375001 0.6699865593750001 0.5533519546875 0.649531325 0.558640203125 0.6393037078125 0.5594950359374999 0.63390650625 0.5593357859375 0.6117508984375 0.5619002859375 0.5955592843749999 0.5189573140625 0.5887577859375 0.4821574234375 0.5663314671874999 0.4801292609375 0.5328146593749999 0.4774055125 0.5268506656249999 0.475695846875 0.537645071875 0.4598311046875 0.568327921875 0.45726660468749997 0.584519534375 0.45742585468749997 0.6066751421875 0.46233701250000003 0.6683115515625 0.46607484218749995 0.6910339515625
3 0.019129312500000002 0.5483209828125 0.029865054687499996 0.5500213578125 0.03787705 0.5457577359375 0.0475987109375 0.5306997078125 0.0564655390625 0.52103888125 0.06618720156249999 0.505980853125 0.0759088625 0.4909228234375 0.08119710937499999 0.48069520781249997 0.08734019062500001 0.46507038749999996 0.08904985625 0.454275978125 0.0863261078125 0.4483119828125 0.0747355328125 0.4520088125 0.0665642890625 0.4341168265625 0.06197162656250001 0.41679163125 0.055828546874999996 0.4324164515625 0.0513951328125 0.43724686406249996 0.0406593890625 0.4355464890625 0.035371142187499996 0.4457741046875 0.0247946484375 0.46622933906249997 0.0195064 0.47645695625 0.0169419 0.49264856718749994 0.012667734375 0.5196345874999999 0.0136818171875 0.536392990625 0.019129312500000002 0.5483209828125
3 0.0685338609375 0.583808875 0.067838275 0.6113616875 0.0751546859375 0.634650878125 0.08946901093750001 0.6369180437499999 0.11606949531249999 0.6079355703125 0.1426699796875 0.57895309375 0.153246475 0.5584978609375 0.1585347203125 0.5482702453125 0.16382296875 0.538042628125 0.16996604843750002 0.5224178078125 0.172530546875 0.5062261953125 0.1820929609375 0.46901255781250006 0.17579063281250001 0.46248177031250004 0.1677786375 0.46674539218750005 0.1526094796875 0.4698754296875 0.124835665625 0.45994389375000005 0.1193881703125 0.44801590312500006 0.10608792812500001 0.462507140625 0.1007996796875 0.47273475625000005 0.0946566015625 0.488359578125 0.0859490203125 0.520176009375 0.07280802656249999 0.5568228562499999 0.0685338609375 0.583808875
3 0.9253651250000001 0.6863220375 0.9289437046875 0.6868888296875 0.9367964515624999 0.6604696 0.9402157843750001 0.6388807843750001 0.9419254515625 0.6280863765625 0.9436351171874999 0.61729196875 0.9409113687499999 0.611327971875 0.9300163781249999 0.587471990625 0.91297830625 0.579240828125 0.9039522312500001 0.566746046875 0.8933757343750001 0.5872012796875 0.8710494171875001 0.589197734375 0.8737731640625 0.595161728125 0.8766561609375 0.6232813328125 0.8812488234375 0.640606528125 0.8894200671875 0.6584985156250001 0.9020247250000001 0.6715600890625 0.9154842140625 0.679224459375 0.9253651250000001 0.6863220375