3 0.37592695625 0.7139814906249999 0.385012003125 0.725777346875 0.4067822671875 0.742862340625 0.41828351406250003 0.7374660453125 0.4322009609375 0.71487759375 0.4377340921875 0.69461715 0.4473506359375 0.6644115562499999 0.458634390625 0.6414529625000001 0.4672844515625 0.61812423125 0.46825093281249996 0.61124736875 0.46970065156249996 0.6009320765624999 0.46899991874999997 0.5868082125 0.4697489078125 0.5623690546875 0.47001465624999994 0.5413683296875 0.4709811359375 0.5344914671875001 0.473880575 0.5138608828125 0.46237932812500004 0.5192571796875 0.4530285328125 0.5284620484375 0.3598828453125 0.5223839671875 0.35311748593750003 0.5705219984375 0.3518852578125 0.5983995859375 0.35688689375 0.62014059375 0.358771596875 0.644949890625 0.36399072499999996 0.6842531953125001 0.37592695625 0.7139814906249999
3 0.8979049343750001 0.5734536203125 0.9249908390625 0.5527158765625 0.942025215625 0.5270591359375 0.9537922109375 0.5006621124999999 0.95910785 0.462839375 0.9639402499999999 0.428455065625 0.9707056078124999 0.38031703437500003 0.976021246875 0.342494296875 0.9808536468750001 0.3081099890625 0.9658004859375 0.281449984375 0.9490318562500001 0.2861059984375 0.93704736875 0.294940725 0.9236131640625 0.31409074531250003 0.9132958890625 0.3301724765625 0.8962615093749999 0.355829215625 0.8729932703125 0.38762253593749996 0.8533251999999999 0.412909134375 0.8456416156250001 0.4293610046875 0.8403259765625 0.46718374531249995 0.834792846875 0.48744418749999996 0.8335606171875 0.5153217765625 0.8416791859374999 0.5339944953125 0.8524314437499999 0.5530373546875 0.8979049343750001 0.5734536203125
3 0.0420761203125 0.5478460593750001 0.03702623125 0.564668071875 0.0355765109375 0.574983365625 0.0331603109375 0.59217551875 0.0292943921875 0.619682965625 0.0268781921875 0.63687511875 0.0477302328125 0.622273953125 0.063314890625 0.60693250625 0.0719649546875 0.583603771875 0.0760483640625 0.5736586203125 0.0868488796875 0.5541384593750001 0.10028308593749999 0.5349884406250001 0.1228023390625 0.5276342781250001 0.1283354703125 0.5073738343749999 0.1324188828125 0.49742868281249997 0.1412864375 0.4916622453125 0.1448866078125 0.485155525 0.140102465625 0.4809768109375 0.13435184218750001 0.48367495937499994 0.131234909375 0.48674324843749994 0.1223673546875 0.4925096875 0.1166167328125 0.4952078359375 0.10823241718750001 0.49753584218749997 0.087911871875 0.47013555625 0.07931006406249999 0.45490126875000003 0.078343584375 0.4617781296875 0.0747434125 0.46828485000000003 0.0665765890625 0.4881751515625 0.055776075 0.5076953125 0.0521759046875 0.514202034375 0.047126012499999995 0.531024046875 0.0420761203125 0.5478460593750001
3 0.841074965625 0.4427445875 0.8507397640625 0.373975971875 0.8539049515625001 0.3323446609375 0.8527692359374999 0.28309620625 0.8372328343750001 0.25987463437499997 0.83196545 0.25913435156250003 0.809446196875 0.2664885125 0.7907446078125 0.2848982515625 0.7782768796874999 0.29717140937500003 0.7552261312499999 0.3465270234375 0.731957890625 0.3783203421875 0.719006925 0.39403193124999997 0.7132080453125 0.4352931015625 0.7164942140624999 0.488350128125 0.738965209375 0.5195589875 0.7890053515625 0.5265916703125 0.8297429546874999 0.5042662 0.841074965625 0.4427445875
3 0.10774917656250001 0.500974275 0.1223673546875 0.4925096875 0.131234909375 0.48674324843749994 0.1437026375 0.4744700921875 0.1545031515625 0.45494992968750003 0.18207229687499998 0.4307737546875 0.178737871875 0.41627975 0.1780853953125 0.3635928625 0.1673331375 0.344550003125 0.1580305984375 0.31519185 0.14824481875 0.2892721296875 0.1410927328125 0.2637225484375 0.12103793437499999 0.21532153593749997 0.10475254375000001 0.2165391203125 0.0914875734375 0.2918144546875 0.0765553921875 0.3598427890625 0.0765071359375 0.398405809375 0.068074565625 0.43929683906249994 0.0797933046875 0.4514628375 0.087911871875 0.47013555625 0.10774917656250001 0.500974275
3 0.4955060734375 0.646634940625 0.492824125 0.684827821875 0.4947088296875 0.70963711875 0.499227225 0.7348165578125 0.5099794828124999 0.7538594187500001 0.5353499203125 0.764437690625 0.550185590625 0.7735354015625 0.5636197953125001 0.75438538125 0.5715691281249999 0.7169327828125 0.5854865734375 0.6943443328125001 0.59317015625 0.6778924609375 0.5960695968749999 0.6572618765625 0.6084163421875 0.5503003796875 0.5758455625 0.5527355484375 0.5445070109375 0.5272931265625 0.5385388953125 0.5124289796875 0.509085046875 0.5117958578125 0.49995174374999996 0.5385630203125 0.4960858234375 0.5660704671875 0.49437035625 0.5973864859375 0.49625506093749994 0.622195784375 0.4955060734375 0.646634940625
3 0.1386044890625 0.529855125 0.13667152968750002 0.5436088484375 0.132104878125 0.5569924312500001 0.1234548140625 0.5803211625 0.1193714046875 0.5902663140625 0.1148047515625 0.603649896875 0.1171726953125 0.6250207624999999 0.13415881875 0.6379270453125 0.155711590625 0.63744974375 0.18999783750000002 0.6036985578125 0.201982325 0.59486383125 0.21708374218749998 0.5829608140625 0.2247673265625 0.5665089437499999 0.22336586249999998 0.5382612140624999 0.23491536562499998 0.49430189531249996 0.2363650859375 0.48398660312499997 0.23206418125 0.476369459375 0.20454329218749998 0.46198261250000006 0.19164058281250002 0.43913118124999995 0.18373950625 0.4380207578125 0.177988884375 0.44071890625 0.15928729531250002 0.4591286421875 0.1470370609375 0.48896409687500003 0.1424704078125 0.502347678125 0.1386044890625 0.529855125
3 0.654638821875 0.546277490625 0.6908097718749999 0.5373356031250001 0.7143437609375 0.48454155625000006 0.7162767203125 0.47078783281250003 0.7107918453125001 0.45248525624999997 0.7151410046875 0.42153937812500003 0.7183061921875 0.37990806718750003 0.7214713796875001 0.3382767578125 0.7195866750000001 0.31346745781249996 0.7095834062499999 0.2699854421875 0.6933462718750001 0.232640003125 0.6773266296875 0.21285686093749998 0.655073125 0.1992102984375 0.6215358640625 0.20852232656249997 0.580266765625 0.27284924843749997 0.56801653125 0.3026847015625 0.5511996453125 0.3459037375 0.53798293125 0.3826160515625 0.53621920625 0.4524950921875 0.541655828125 0.509360690625 0.5445070109375 0.5272931265625 0.5736951109375 0.548926975 0.611050034375 0.550670521875 0.654638821875 0.546277490625
3 0.88169226875 0.7079225625000001 0.88550993125 0.7189781359375 0.8993791218749999 0.7349527078125 0.9127650734375001 0.7543657078125 0.9240005703125 0.7699701375 0.9441518796875 0.7412451078125 0.9466163359375 0.6854899343749999 0.9459156046875 0.67136606875 0.944514140625 0.643118340625 0.9464471 0.6293646171875 0.9455288765625 0.5976784578125 0.9443449046874999 0.5869930250000001 0.9367095765625001 0.5648818734375001 0.9307414625 0.5500177265625 0.8983881734375 0.5700151890625 0.86366694375 0.568641784375 0.8624347140624999 0.596519371875 0.8621689671875 0.617520096875 0.8587862875000001 0.6415891140625 0.8637879234374999 0.663330121875 0.87142325 0.6854412703125 0.88169226875 0.7079225625000001
3 0.62402546875 0.7067733125 0.632627275 0.7220076015625 0.638595390625 0.7368717484375 0.6471971984375 0.7521060359375 0.6526820734375 0.7704086140624999 0.6591334296875 0.781834328125 0.6739690984375 0.7909320390625 0.6943379000000001 0.7797693031249999 0.7082553468749999 0.757180853125 0.7209888203125 0.7239069687499999 0.7258212203125 0.6895226609375 0.7308711125 0.6727006484375 0.7359210015625 0.6558786359375001 0.742903853125 0.6253029 0.7443535734375 0.6149876062499999 0.754235865625 0.5637812875 0.7549848531250001 0.5393421296875001 0.7494999765625 0.5210395515624999 0.738965209375 0.5195589875 0.72509601875 0.503584415625 0.7140780140625 0.50554228125 0.7088106296875 0.504802 0.7025767671875001 0.5109385796875 0.69440994375 0.5308288812499999 0.684575909375 0.5434721812500001 0.6409871218750001 0.5478652140625 0.6321195671875001 0.5536316515624999 0.6251367171875 0.5842073875 0.618153865625 0.6147831234375001 0.6142879453125001 0.6422905703125 0.6135389578125 0.666729728125 0.61687338125 0.68122373125 0.62402546875 0.7067733125
3 0.7531246171875 0.6863472125000001 0.7650608484375 0.7160755046875 0.7738801468750001 0.7488720875 0.787266096875 0.7682850890624999 0.8001688078125 0.791136521875 0.817154928125 0.8040428015625001 0.8423078734375 0.79705878125 0.849290725 0.766483046875 0.8431051171874999 0.7340566046875 0.8493872359375001 0.689357003125 0.8554036078125 0.665658128125 0.8604535 0.648836115625 0.8621689671875 0.617520096875 0.8622172234375001 0.5789570765625001 0.8610332515625 0.5682716437499999 0.8524314437499999 0.5530373546875 0.840229465625 0.5443097875 0.834744590625 0.5260072109375 0.8299604468749999 0.5218284953125 0.8256595421874999 0.5142113515625 0.8208754 0.5100326390625 0.8093741546875 0.5154289359375 0.7854051796875 0.5330983921875 0.7592857546875 0.5469592734375001 0.7511189328125 0.5668495765625 0.745320053125 0.608110746875 0.7419373734375 0.6321797609375001 0.7476397421875001 0.6680446328125 0.7531246171875 0.6863472125000001
3 0.38143561875 0.521906665625 0.40298839218750004 0.5214293640625 0.41615684999999997 0.5232800703125 0.4530285328125 0.5284620484375 0.46861319218749997 0.5131205999999999 0.49746282031250005 0.422503815625 0.5047114203125 0.3709273546875 0.5064268875 0.33961133593750004 0.49690685625000003 0.2926908890625 0.4887882875 0.27401817031250003 0.4754023375 0.25460516875 0.4627171203125 0.24931603125000001 0.4469149703125 0.2470951828125 0.4416475875 0.2463549015625 0.4284791296875 0.2445041953125 0.40907680625 0.24879006874999998 0.38080692968749996 0.2588423796875 0.3709728953125 0.2714856796875 0.36113886093750003 0.284128978125 0.35393851718749997 0.29714241874999997 0.3405043109375 0.31629243906250004 0.325837878125 0.363320046875 0.32600711250000003 0.41944536250000003 0.3264420984375 0.45456995312500004 0.32736032187499997 0.4862561125 0.3381125796875 0.5052989734375 0.3555819421875 0.514766821875 0.38143561875 0.521906665625
3 0.195941484375 0.446748325 0.20239284062500001 0.458174040625 0.23254742031250003 0.4729310296875 0.2505000234375 0.4789604484375 0.26775189374999997 0.470866003125 0.2797363796875 0.4620312765625 0.288603934375 0.4562648375 0.2922041046875 0.4497581171875 0.3039711 0.4233610953125 0.304454340625 0.41992266406249995 0.30950423125 0.4031006515625 0.3109539515625 0.39278535937500003 0.31600384375 0.375963346875 0.31842004375 0.3587711921875 0.3119686875 0.34734547656250003 0.29664977812500004 0.34168619843750003 0.2940160859375 0.34131605625 0.2753627515625 0.3211627734375 0.27417877968750004 0.3104773390625 0.2675099328125 0.2814893265625 0.2627740453125 0.23874759375000001 0.248421615625 0.226211453125 0.2362196359375 0.217483884375 0.2196684984375 0.23970219531249998 0.21150167656250002 0.25959249687499997 0.20021792187499998 0.2825510890625 0.1785686359375 0.36015443281250004 0.178737871875 0.41627975 0.1851892265625 0.427705465625 0.1873396796875 0.43151403593750004 0.1890068921875 0.43876104062500004 0.195941484375 0.446748325
3 0.24810829218750002 0.6679669828125 0.2677281046875 0.6812434046875 0.283047015625 0.6869026828125 0.29288105 0.6742593828125 0.3058320171875 0.65854779375 0.3281337765625 0.6336313359375 0.34086725156250003 0.6003574515625 0.3428002109375 0.586603728125 0.344032440625 0.5587261406249999 0.34381494687499997 0.5411638453125 0.340480525 0.526669840625 0.3397797921875 0.512545975 0.32736032187499997 0.4862561125 0.32499237812500004 0.46488524531250003 0.31757454375 0.46033639062500004 0.30559005625 0.46917111875 0.293388078125 0.46044355000000003 0.291237625 0.456634978125 0.28500376250000004 0.46277155781249996 0.25576740625 0.47970073125 0.23996525625 0.47747988281250003 0.22648279375000002 0.535192925 0.22525056718749997 0.5630705109374999 0.22568554999999998 0.598195103125 0.2270870140625 0.6264428296875 0.2320886484375 0.6481838390625 0.24810829218750002 0.6679669828125