3 0.8164506859375 0.683076021875 0.8084424562500001 0.6870812546875 0.80329959375 0.695659275 0.7984681390625 0.7214632515625 0.7893846671875 0.7659276421875 0.784779903125 0.7892158921875 0.79019603125 0.8004265640625 0.805036621875 0.833278871875 0.8147629828125 0.853709653125 0.8309637249999999 0.871467603125 0.85189421875 0.8702555453124999 0.8653588546875 0.86203754375 0.8771032218749999 0.842244228125 0.8881452968750001 0.8124155312499999 0.896801878125 0.76484375 0.9037530437499999 0.6919817078125 0.894215234375 0.6715979359375 0.8879696859375 0.6588943421875 0.880919071875 0.6494196859375 0.8744711875 0.6439536765625 0.8679088875 0.6461758828125 0.861170746875 0.64749683125 0.8545575984375 0.6531360203125 0.8465991484375 0.6601546203125 0.8393197046875001 0.6660563921875 0.8230511249999999 0.6782910765625 0.8164506859375 0.683076021875
3 0.67432075625 0.562326190625 0.6642193109375001 0.605250646875 0.6700231203125 0.6285617984375 0.683756746875 0.6658538953125 0.6951684453125 0.6811316781250001 0.716097871875 0.6863499703125 0.7454423359375 0.6602271562500001 0.767319875 0.6335287515625 0.7858045203125 0.5995537859375 0.7992014296875001 0.5450184546875 0.811153478125 0.4858357984375 0.8133324734375 0.46022790625 0.8147604625 0.4151409140625 0.8090699984375 0.3905718984375 0.801241884375 0.3697569859375 0.79029414375 0.36145420625 0.7785402703125001 0.3628107140625 0.7591171328125 0.3708292171875 0.7370764671875001 0.39577211874999996 0.7155251859375 0.42598152968749997 0.706045596875 0.433478284375 0.6952397203125 0.47922806093750003 0.67432075625 0.562326190625
3 0.4774727 0.8056252 0.48303924374999996 0.819445621875 0.48912166562500003 0.8303937124999999 0.49284188125000006 0.8347509296875 0.49928976562500005 0.8402169374999999 0.5050470015624999 0.8412236703125 0.5150159734375 0.838993428125 0.52200623125 0.8334482624999999 0.5295632171875 0.8216137796874999 0.5375100234375 0.8090190734375 0.5454070453125001 0.7934110015625 0.5550773265625 0.773100559375 0.5612265187500001 0.760486365625 0.567287790625 0.74742154375 0.57687015 0.726660471875 0.5797133015625 0.7136506984375 0.58722585 0.66665109375 0.5902088421875 0.6442446140625 0.5716172640625 0.6408953375 0.55898525625 0.6313152078125001 0.5537831078125001 0.6184430546875 0.5473966484375 0.6215665171875 0.5295285140625 0.6522655328125 0.5052029890624999 0.6590617328125 0.49393956875 0.659254403125 0.48991317656250005 0.681829440625 0.48290486093749996 0.7203806078125 0.4807523609375 0.7378496578125 0.4773382046875 0.7828701515625001 0.4770468796875 0.7960874578125 0.4774727 0.8056252
3 0.4437485953125 0.48383141093750004 0.42418764218750005 0.5646958843750001 0.41510417187500004 0.6091602734375 0.417011925 0.6272129515625 0.4254586890625 0.6318912140624999 0.44998227343749997 0.6435788312499999 0.4791444828125 0.6551368656250001 0.5060578359375 0.6588461624999999 0.5295412265625 0.6514112859375001 0.5385568578125 0.63693953125 0.553231228125 0.611017421875 0.561421715625 0.569331340625 0.572590915625 0.5309601828125 0.5903648296874999 0.462082678125 0.58897295625 0.44115766875 0.5850059671875 0.40887291562500006 0.5838302093750001 0.37342572343749997 0.581069746875 0.342727915625 0.572274509375 0.3169560859375 0.5591149796875 0.30467218281249997 0.537555259375 0.3100144359375 0.517779375 0.322660775 0.5029440125 0.333966678125 0.48595722031250005 0.35631128125 0.474627028125 0.38006623125 0.4665774515625 0.40592525625000003 0.45950878125 0.42945659999999997 0.4437485953125 0.48383141093750004
3 0.6896802015625 0.72563504375 0.681666625 0.7617920328125 0.6880096015625 0.7933830625 0.6945135671875 0.8395902968750001 0.7006447015624999 0.8599821046875 0.7294287374999999 0.8778764671875001 0.7420755953125 0.87374165 0.7568113921874999 0.8564090140625 0.7702029578125 0.8340254359375001 0.78494303125 0.79097139375 0.792957675 0.7483840546875 0.8032868828125 0.6965135203124999 0.8036566203125 0.6653100359375 0.79726065625 0.6499966921875 0.7892694125 0.627426275 0.7790991734375 0.630463753125 0.7673188046874999 0.639959103125 0.754004584375 0.650786853125 0.7366915359374999 0.6696204484375 0.7055865265625 0.6995913890625001 0.6962075703124999 0.7066845234375 0.6896802015625 0.72563504375
3 0.582697134375 0.8374338 0.5926639687499999 0.848064259375 0.60659149375 0.8532516125 0.6182945156249999 0.8553120890624999 0.6344116125 0.8468980046875 0.6435140953125 0.8393072281249999 0.651925928125 0.827257175 0.66455056875 0.805539796875 0.672736778125 0.78957511875 0.678634921875 0.77475479375 0.6846856171875 0.7496835171875 0.689378303125 0.7268458953125 0.6921970984375 0.7091142640625 0.6931155078125 0.7046274625 0.6933189125 0.6909595265624999 0.6905668875 0.6851288765625 0.6860797453124999 0.6814378578125 0.678513253125 0.6748355328125 0.6685093484375 0.6603374609375 0.6665369625 0.6529863640625 0.6652054453125 0.6470811796875 0.6611960421874999 0.6430805671875001 0.6549737796875 0.6415291828125 0.6474316453125 0.6396487171875 0.63967553125 0.6394297328125 0.6367338828125 0.639982421875 0.6287881468750001 0.646146775 0.6138161531249999 0.6475583312500001 0.5921950093749999 0.6443111140625 0.5905859484375 0.6443386375 0.58616866875 0.67410425 0.5800384875 0.7235920578124999 0.5772673390625 0.7571977578125 0.5772111421874999 0.792766496875 0.5791411140625 0.828401734375 0.582697134375 0.8374338
3 1 0.4510202203125 0.9970323000000001 0.43915099375000005 0.983570871875 0.42807794218749995 0.9666741359375 0.43801247187500003 0.9534478359375 0.44929085156250004 0.9419174453125001 0.46742268593749997 0.92786065625 0.4836384953125 0.9190854984374999 0.4883099265625 0.9126121875000001 0.4845524125 0.9032766000000001 0.5332410203125 0.8946835828124999 0.5765415703125 0.8845090687500001 0.60530045 0.8798683015625001 0.6182907359375001 0.886465534375 0.6327968453125 0.8969450406249999 0.6598460265625 0.9068345296875 0.6820323140625 0.9224092531249999 0.6846294046875 0.9409288296874999 0.6673827546875 0.9593361296875 0.644963615625 0.977267828125 0.6099933703125 0.9882611890625 0.57072095625 1 0.518045584375 1 0.4510202203125
3 0.5547661500000001 0.603254671875 0.5548265078125 0.6182744953125 0.55972675625 0.6323575 0.5719064515625 0.64053873125 0.5923083546875 0.64305325 0.6125969125 0.6468256328125 0.6299321796874999 0.6455745984375 0.6385442109375 0.6391476625 0.6505142015625001 0.623268971875 0.6682700578125 0.5873974671875 0.675616271875 0.5579334140625 0.6940702625 0.4815087296875 0.7042469140625001 0.43988914687499997 0.702503359375 0.41716162187499994 0.7007862968749999 0.3862952546875 0.6964040640625 0.35647921562499996 0.688839709375 0.337016190625 0.679614375 0.327428021875 0.6663266484375 0.3301169296875 0.6510760421875 0.343891546875 0.626658321875 0.37595852343749997 0.6003889296875 0.43071404687500003 0.5882642484375 0.46970439375 0.572213809375 0.530866159375 0.5547661500000001 0.603254671875
3 0.8062849515625 0.5077721625 0.7859549359375 0.6021635359374999 0.7888425234375 0.6243188843749999 0.80219904375 0.6615169578125 0.815985659375 0.68253136875 0.8294502953125 0.67431336875 0.85196763125 0.655491225 0.8735686953125 0.6282951796875 0.8827855937500001 0.6130161875 0.895790546875 0.5721017796875 0.9038931124999999 0.5299650703125 0.911203325 0.49020305156250005 0.9164140250000001 0.451632396875 0.9194743624999999 0.417670090625 0.9122129781250001 0.3905658609375 0.90202051875 0.3760207765625 0.8908958703125001 0.373247090625 0.8825221750000001 0.3827344046875 0.863222959375 0.4015015015625 0.8426515140624999 0.43581358281250004 0.8292472343749999 0.4590514078125 0.8174795796875 0.46769251250000005 0.8125634109375 0.4737548078125 0.8062849515625 0.5077721625
3 0.407569175 0.7911972484375001 0.410873078125 0.8044535312500001 0.41420347656249995 0.8095709703124999 0.42043844999999996 0.810268109375 0.4267115625 0.808402509375 0.435185890625 0.7985115765625 0.44188803125 0.786892665625 0.44859017031250004 0.775273753125 0.456071946875 0.762134396875 0.46297535468750006 0.7497082500000001 0.468130928125 0.7402759828125001 0.4722176765625 0.7327207671875 0.47673238281249997 0.721842590625 0.48180110625 0.70552934375 0.48598955625 0.6911401609375 0.49060596562500003 0.673428015625 0.49319806718750003 0.658212109375 0.4806529109375 0.655512959375 0.4562924546875 0.64558084375 0.4277965359375 0.6337602265625 0.42009127343749997 0.6301242593749999 0.4143403390625 0.6668453859375 0.405820390625 0.7243115140625 0.403780165625 0.7469530515625 0.4049834859375 0.7678310484375 0.4059993234375 0.782231684375 0.407569175 0.7911972484375001
3 0.289669365625 0.7082130453125 0.28844691875 0.7267714 0.2884066421875 0.7421948406250001 0.292453115625 0.7500630640625 0.297040890625 0.7533504640625 0.30531288437500004 0.7506971171875 0.3156854578125 0.7404220546875 0.32607181406249997 0.722862396875 0.334697625 0.7091508640625 0.33971549687499997 0.6962546015625 0.347830775 0.65326364375 0.356310446875 0.6112209578125001 0.3374063953125 0.5970760765625001 0.320790409375 0.5817868421875 0.3185023421875 0.58293119375 0.3125162796875 0.5973008890625 0.306592709375 0.6138297078125 0.2999000765625 0.6438854265625 0.295483865625 0.6672206875 0.2926269328125 0.6875150578125 0.289669365625 0.7082130453125
3 0.3232152234375 0.5142268703124999 0.3159558609375 0.5505719046875 0.31769941562500004 0.573299428125 0.32730078749999997 0.5894119703125 0.344809759375 0.6019228953125 0.36553684999999997 0.6143787734374999 0.396635446875 0.622989940625 0.405396821875 0.6256031046875 0.41495268906250005 0.612980875 0.41492833124999995 0.6082590156250001 0.42279149218749995 0.569492278125 0.4429053921875 0.4896230859375 0.45638915625000004 0.4419687328125 0.45578963281249996 0.41866903281249995 0.44848167187500004 0.36926038437500003 0.431418715625 0.320420496875 0.41398709062499994 0.29635374375 0.4044333625 0.29611527187500003 0.395896540625 0.3038470828125 0.377474390625 0.3399811703125 0.3634143921875 0.3754880296875 0.35087446718750004 0.416947090625 0.3380326421875 0.45961700156249996 0.3232152234375 0.5142268703124999
3 0.341726975 0.7709225734375 0.3463391078125 0.7789318328125 0.351970284375 0.782050675 0.3575389640625 0.7830103953124999 0.3650821703125 0.778460509375 0.37038815937499997 0.7716379921875001 0.3786495765625 0.7569781890625 0.38598093906250003 0.74122908125 0.3933250140625 0.7246257296875 0.401651065625 0.6992643453125 0.407864890625 0.675948571875 0.4133615703125 0.6563123640625 0.41658289687499994 0.6369662625 0.41795469062499996 0.627448009375 0.41666024375 0.6254104359375 0.4157566828125 0.6161822890625 0.41457558125 0.6128868515625 0.408867059375 0.6213238375000001 0.406075828125 0.6244862765625 0.38919394375 0.6207058578125 0.3680886765625 0.6145863078125 0.3565869203125 0.6117185984375 0.3504726609375 0.6410611046875 0.343903946875 0.681865415625 0.3405427796875 0.710608225 0.3392186296875 0.7360005453125 0.3393531265625 0.75875559375 0.341726975 0.7709225734375