3 0.5680894453125 0.558128321875 0.5925875640625 0.5515640703125 0.619171103125 0.5387837859375 0.631755715625 0.5297545015625 0.6373408656249999 0.5226007171875 0.643597125 0.5039526171875 0.637939878125 0.482839484375 0.63369694375 0.4670046359375 0.6301251171875 0.43967546874999996 0.60406849375 0.38442760468750004 0.5885831609375 0.35463340468750004 0.5836691171874999 0.35029287187499997 0.5689269875 0.33727127343749996 0.545099978125 0.3323412078125 0.5129312890625 0.3522752765625 0.5045896109375 0.377139409375 0.5046617078125 0.40540632499999996 0.5026483828125 0.4398892765625 0.507634521875 0.47249672499999995 0.533763240625 0.5560115062500001 0.5372629718749999 0.55507375625 0.547091059375 0.563754821875 0.5610899828125 0.560003821875 0.5680894453125 0.558128321875
3 0.153562653125 0.6069707234374999 0.157661396875 0.566271740625 0.14850441875 0.5460963578125 0.1386042375 0.5091483765625 0.13361809687499998 0.4765409265625 0.1265465375 0.4501495109375 0.120889290625 0.429036378125 0.1089757875 0.42657134531249996 0.0991477 0.4178902796875 0.0886485078125 0.4207035296875 0.0809779375 0.434073346875 0.08105003281249999 0.4623402625 0.0797078171875 0.4853288953125 0.1085930625 0.5511333265625 0.12199297656250001 0.5871435593750001 0.143063459375 0.609783975 0.153562653125 0.6069707234374999
3 0.5417942921875001 0.683976271875 0.55296459375 0.6696687031249999 0.556392228125 0.6404640359375 0.55914875625 0.6227536875 0.556991240625 0.6007028046875 0.547091059375 0.563754821875 0.533763240625 0.5560115062500001 0.530263509375 0.55694925625 0.5155934765625 0.5721945734375 0.476425325 0.5940041421875 0.4849111953125 0.6256738421875 0.4940681734375 0.6458492234375 0.5053105718750001 0.6598085734375 0.5200527 0.672830171875 0.5298807859375 0.6815112375 0.5417942921875001 0.683976271875
3 0.35213769687499996 0.7461090953125 0.34923697656249997 0.7072856140625 0.3449940421875 0.6914507640625 0.3379224828125 0.6650593484375 0.3322652359375 0.643946215625 0.3294366125 0.6333896484375 0.3076950203125 0.62224355 0.3013666671875 0.6126247328125001 0.2971958265625 0.6250568000000001 0.28811094531250003 0.6331483343750001 0.2860255265625 0.63936436875 0.2966689125 0.69308495 0.302326159375 0.71419808125 0.30656909374999997 0.73003293125 0.31781149218750004 0.7439922812499999 0.3311393078125 0.7517355968749999 0.35213769687499996 0.7461090953125
3 0.856553815625 0.51477800625 0.8677962156250001 0.52873735625 0.8776242999999999 0.537418421875 0.8930375375 0.5389457046875 0.8986226875 0.531791921875 0.897879484375 0.515019321875 0.89430765625 0.48769015624999995 0.8900647203125001 0.47185530625 0.8823220546874999 0.45695820625000005 0.8717507640625 0.43150454062500004 0.8625937875 0.41132915781249996 0.8597651640624999 0.40077259062500004 0.8421944109374999 0.377194425 0.8351949484375 0.3790699265625 0.8310241093749999 0.39150199375 0.8184394953125 0.400531278125 0.8114400328125001 0.40240677812500003 0.8093546140625 0.408622809375 0.824839946875 0.438417009375 0.8360823453125 0.4523763578125 0.8438250093749999 0.46727345781249996 0.8466536343750001 0.477830025 0.85231088125 0.4989431578125 0.856553815625 0.51477800625
3 0.7923828734375 0.3452834109375 0.780397271875 0.3145514640625 0.7656551421875 0.30152986406250004 0.7614122078125 0.2856950140625 0.755083853125 0.27607619843750003 0.7452557671875 0.26739513125 0.760813196875 0.325456246875 0.765943528125 0.4145975296875 0.796026796875 0.4008794953125 0.801611946875 0.3937257109375 0.7966258093749999 0.3611182625 0.7923828734375 0.3452834109375
3 0.688949440625 0.43522803281250005 0.701534053125 0.42619875 0.7092046234375 0.41282893125 0.704218484375 0.3802214828125 0.6893321625 0.3106660515625 0.681589496875 0.2957689515625 0.67243251875 0.2755935703125 0.6661041640625001 0.26597475312499996 0.6485334125 0.2423965859375 0.6352055953125 0.23465327187499999 0.6247064 0.237466521875 0.614279303125 0.2685466890625 0.6038522046875 0.2996268546875 0.5955105265625 0.32449098906249996 0.58925426875 0.3431390890625 0.5885831609375 0.35463340468750004 0.6287108046875 0.43439718593750004 0.649038084375 0.44026500156250004 0.656037546875 0.4383895015625 0.6679510515625 0.440854534375 0.6784502453125001 0.438041284375 0.688949440625 0.43522803281250005
3 0.17880397812499998 0.6171790734375 0.19071748125000001 0.6196441046875 0.19980236406250002 0.611552571875 0.208887246875 0.6034610390624999 0.2123869765625 0.6025232890625001 0.2081440421875 0.5866884390625 0.197572753125 0.5612347734375 0.19191550625 0.540121640625 0.1890868828125 0.5295650734375 0.17151612968750002 0.5059869078125 0.1553596890625 0.48768702499999994 0.1357035171875 0.47032489218749995 0.1301183671875 0.4774786765625 0.14850441875 0.5460963578125 0.15624708437499998 0.5609934578125 0.16049002031249998 0.5768283078125 0.1682326875 0.5917254078124999 0.17880397812499998 0.6171790734375
3 0.803026259375 0.3990039953125 0.8114400328125001 0.40240677812500003 0.8184394953125 0.400531278125 0.8275243781249999 0.39243974375 0.8310241093749999 0.39150199375 0.8316952171875001 0.3800076765625 0.8288665937499999 0.3694511109375 0.830208809375 0.346462478125 0.822394046875 0.3032984609375 0.8167367999999999 0.282185328125 0.8082509296874999 0.2505156296875 0.8040079953125 0.23468077968749998 0.796265328125 0.21978368124999997 0.78219430625 0.19526776562499998 0.7723662203125 0.1865866984375 0.7653667578125 0.1884621984375 0.7605248109375 0.21238858125 0.7584393921875 0.21860461562500003 0.754268553125 0.23103668281249998 0.74942660625 0.25496306562500004 0.750169809375 0.27173566562499996 0.755083853125 0.27607619843750003 0.76424083125 0.29625158125 0.7818115828125001 0.31982974531249997 0.7923828734375 0.3452834109375 0.803026259375 0.3990039953125
3 0.7846179640625001 0.5962828765625 0.788117696875 0.5953451265624999 0.7718891593749999 0.5487783281249999 0.7697316437499999 0.5267274453125 0.7689884390625 0.5099548453125 0.766159815625 0.499398278125 0.75841715 0.4845011796875 0.7485169671875 0.44755319531250004 0.7407743 0.432656096875 0.7204470203125 0.4267882828125 0.713447559375 0.42866378281250006 0.706448096875 0.4305392828125 0.6903637515625001 0.440506315625 0.6728650953125 0.4451950671875 0.6756937187500001 0.455751634375 0.70532216875 0.5383286640625 0.7158934593749999 0.5637823296875 0.729221275 0.5715256453124999 0.7439634046875 0.5845472453125 0.7642906843749999 0.5904150609375 0.7846179640625001 0.5962828765625
3 0.633170028125 0.535032784375 0.6226708328125 0.5378460359375 0.6254994578125 0.548402603125 0.6311567046875 0.5695157359375 0.6353996390625001 0.585350584375 0.6396425734375 0.6011854328124999 0.6564701234375 0.607991 0.6747119828125 0.6200748484374999 0.6950392625 0.6259426625 0.7076238765625 0.6169133812500001 0.7216228015625 0.6131623796875 0.7243793296875001 0.595452028125 0.72713585625 0.5777416796875 0.7193931890624999 0.5628445796875 0.7067364796875 0.5436069484375 0.7039078562500001 0.53305038125 0.697579503125 0.5234315656249999 0.69192225625 0.5023184328125 0.682765278125 0.48214305 0.6785223421875 0.4663082 0.6693653625 0.44613281718750003 0.6623659015625 0.4480083171875 0.6483669765625 0.4517593171875 0.6308683203125 0.45644806875 0.6351112546875 0.47228291875000006 0.639354190625 0.48811776875 0.6450114375 0.5092309015625001 0.6373408656249999 0.5226007171875 0.633170028125 0.535032784375
3 0.2918990609375 0.7452782484375 0.296813103125 0.7496187828124999 0.30731229843749996 0.7468055328125 0.30798340625 0.7353112140625 0.30515478281249997 0.7247546484375 0.2966689125 0.69308495 0.2860255265625 0.63936436875 0.2825257953125 0.64030211875 0.262869621875 0.6229399843750001 0.2614553109375 0.617661703125 0.2579555796875 0.6185994531250001 0.2474563859375 0.6214127031250001 0.248870696875 0.6266909859375 0.2538568359375 0.6592984359375 0.2595140828125 0.6804115687500001 0.2602572875 0.6971841671875 0.269414265625 0.7173595500000001 0.27857124375 0.7375349328125 0.2918990609375 0.7452782484375
3 0.8441133953125 0.5803411234375 0.8637695671875001 0.59770325625 0.8658549875 0.591487221875 0.8616120515624999 0.5756523734375001 0.8573691171875 0.559817521875 0.8545404937500001 0.54926095625 0.8502975578124999 0.5334261078125 0.8481400421874999 0.511375225 0.8459825265625 0.4893243421875 0.844568215625 0.4840460578125 0.8403252796875 0.4682112078125 0.824839946875 0.438417009375 0.8128543453124999 0.407685059375 0.801611946875 0.3937257109375 0.799526528125 0.3999417453125 0.765943528125 0.4145975296875 0.764529215625 0.409319246875 0.7512734953125 0.429842846875 0.7442740328124999 0.431718346875 0.74568834375 0.43699662968749997 0.7570028375 0.4792228953125 0.766159815625 0.499398278125 0.778816525 0.5186359109375 0.796387278125 0.5422140765625 0.8209574921874999 0.5639167421875 0.8441133953125 0.5803411234375
3 0.8750342078125 0.345766040625 0.8890331328125001 0.342015040625 0.9092883171875 0.319615940625 0.9204586171875 0.305308371875 0.9225440390624999 0.299092340625 0.925971671875 0.26988767343750003 0.9238141578124999 0.247836790625 0.9083288250000001 0.218042590625 0.8921723828125 0.1997427078125 0.8816010921874999 0.17428904218750002 0.8668589656250001 0.16126744375 0.8598595031249999 0.16314294375 0.8472748890625 0.172172228125 0.8459326734375001 0.1951608609375 0.829848328125 0.20512789531250003 0.849576596875 0.25075694375 0.8503918968749999 0.2957964609375 0.8567923484375 0.3336821921875 0.8554501328124999 0.356670825 0.8750342078125 0.345766040625
3 0.759398884375 0.3201779640625 0.7509130140625 0.28850826406249996 0.7452557671875 0.26739513125 0.722770971875 0.239476434375 0.7164426171875 0.22985761718750003 0.709443153125 0.23173311718749998 0.7024436921875 0.23360861875 0.696858540625 0.2407624015625 0.676675453125 0.29142841875 0.6893321625 0.3106660515625 0.713447559375 0.42866378281250006 0.7253610640625 0.4311288140625 0.75268780625 0.43512112968750005 0.764529215625 0.409319246875 0.759398884375 0.3201779640625
3 0.281111484375 0.635023834375 0.29511040781250003 0.631272834375 0.30278097812500004 0.6179030156249999 0.2922096875 0.59244935 0.2886378625 0.5651201859375 0.282836421875 0.48747321875000005 0.277179175 0.4663600859375 0.2708508203125 0.4567412703125 0.2441951859375 0.4412546375 0.20562604687500002 0.423302975 0.19445574375000002 0.437610540625 0.2022705078125 0.48077455625 0.222669884375 0.5149092890625 0.23889841875 0.5614760875 0.2522983328125 0.5974863203125 0.262869621875 0.6229399843750001 0.281111484375 0.635023834375
3 0.2292145265625 0.609328853125 0.2425423421875 0.6170721703125001 0.2544558484375 0.6195372031249999 0.2614553109375 0.617661703125 0.2600409984375 0.61238341875 0.24946970937500001 0.586929753125 0.23889841875 0.5614760875 0.231155753125 0.5465789875 0.22549850624999998 0.5254658546875 0.21425610781249999 0.51150650625 0.20509913124999998 0.49133112343749996 0.198770775 0.48171230625000006 0.181200021875 0.458134140625 0.14687381875 0.4560173265625 0.1553596890625 0.48768702499999994 0.1890868828125 0.5295650734375 0.1940730203125 0.5621725234375 0.210972665625 0.5972450046875 0.2193864390625 0.6006477875 0.2292145265625 0.609328853125
3 0.2458035421875 0.797230234375 0.258460253125 0.8164678656250001 0.2689594453125 0.8136546156250001 0.2794586390625 0.8108413656250001 0.27938654375 0.78257445 0.28072875937499997 0.759585815625 0.27998555625 0.742813215625 0.27857124375 0.7375349328125 0.269414265625 0.7173595500000001 0.2595140828125 0.6804115687500001 0.25244252500000003 0.6540201515625 0.248870696875 0.6266909859375 0.2439566546875 0.6223504531249999 0.2123869765625 0.6025232890625001 0.1942172140625 0.6187063546875 0.1936182015625 0.6584675890625 0.20068976093750002 0.6848590046874999 0.20634700781249998 0.7059721375 0.2155039859375 0.7261475203125001 0.226075275 0.7516011859375 0.2458035421875 0.797230234375
3 0.6278732609375 0.655254234375 0.6341295203125 0.636606134375 0.6354717359375 0.6136175015625 0.6368139515625 0.5906288671875 0.6311567046875 0.5695157359375 0.6269137687499999 0.5536808843750001 0.6226708328125 0.5378460359375 0.589087834375 0.5525018203125 0.564589715625 0.559066071875 0.5505907890625 0.562817071875 0.5619052828125 0.6050433375 0.5710622625 0.6252187203124999 0.5851332828125 0.6497346359375 0.5984611 0.6574779515625 0.61737406875 0.658067484375 0.6278732609375 0.655254234375
3 0.476425325 0.5940041421875 0.4925096703125 0.584037109375 0.5155934765625 0.5721945734375 0.530263509375 0.55694925625 0.5161203921874999 0.504166425 0.507634521875 0.47249672499999995 0.467578975 0.42099986093749997 0.437423609375 0.4064509796875 0.42900983437500007 0.40304819687500004 0.394012521875 0.4124256984375 0.3863419515625 0.42579551406249994 0.38567084375 0.43728983125000004 0.380157790625 0.47271053125 0.3788155734375 0.49569916562499994 0.379558778125 0.5124717640625 0.40635860468749996 0.584492228125 0.4112726484375 0.5888327609374999 0.4246004640625 0.596576078125 0.4365139703125 0.5990411109375 0.476425325 0.5940041421875
3 0.90413574375 0.49637122187499993 0.9125495171875 0.4997740046875 0.926548440625 0.49602300312500003 0.9370476359375 0.49320975312500004 0.952388775 0.46647011875000005 0.955145303125 0.44875977031250003 0.9523166796875 0.43820320312499994 0.94807374375 0.422368353125 0.9431597015625 0.41802782031249996 0.9340027234375 0.3978524375 0.919931703125 0.3733365234375 0.894618284375 0.3348612578125 0.8659493265625 0.35385757500000004 0.8554501328124999 0.356670825 0.8393657875 0.36663785937500004 0.8485227671875 0.3868132421875 0.85626543125 0.4017103421875 0.8640080984375 0.416607440625 0.8731650765625 0.43678282343749997 0.8823220546874999 0.45695820625000005 0.90413574375 0.49637122187499993
3 0.3955487828125 0.7401343781249999 0.4038904609375 0.71527024375 0.40873240781250003 0.6913438609375 0.4100746234375 0.668355228125 0.4086603125 0.6630769437499999 0.40933142031249997 0.651582628125 0.3994312375 0.6146346453125 0.3623485046875 0.6302281796875 0.3434355375 0.6296386484375 0.33293634375000003 0.6324518984374999 0.349908084375 0.695791296875 0.3541510203125 0.711626146875 0.36822204062499997 0.7361420609375 0.376635815625 0.7395448453125 0.3885493203125 0.742009878125 0.3955487828125 0.7401343781249999
3 0.8463652500000001 0.364762359375 0.8519504 0.3576085765625 0.8554501328124999 0.356670825 0.8567923484375 0.3336821921875 0.8546348328125 0.311631309375 0.8496486921875 0.27902385937499996 0.8474911781250001 0.2569729765625 0.848162284375 0.2454786609375 0.8390053078124999 0.225303278125 0.8312626406250001 0.2104061796875 0.8186059312499999 0.1911685453125 0.8087778453125001 0.1824874796875 0.7996929625 0.1905790140625 0.7983507484375 0.213567646875 0.8181511109375 0.2874636109375 0.830208809375 0.346462478125 0.8309520140625001 0.3632350765625 0.8428655203125001 0.36570010937499997 0.8463652500000001 0.364762359375
3 0.47455619374999997 0.6850209234375 0.4814835609375 0.6548785078125 0.4828257765625 0.6318898749999999 0.4814114640625 0.6266115906249999 0.47292559375 0.5949418921875 0.42601477499999996 0.6018543625 0.40494429218750005 0.5792139453125 0.4056874953125 0.5959865453125001 0.40084555 0.619912928125 0.406502796875 0.6410260609375 0.4170740859375 0.666479728125 0.4297307953125 0.685717359375 0.44797265625 0.6978012078125 0.4752993984375 0.701793525 0.47455619374999997 0.6850209234375
3 0.29853804375 0.6020681671875 0.3076950203125 0.62224355 0.3161087953125 0.6256463328125 0.33152203281250003 0.6271736156250001 0.350435 0.627763146875 0.36093419375 0.624949896875 0.3994312375 0.6146346453125 0.40427318437500004 0.5907082625 0.40211566875000004 0.568657378125 0.38663033593749996 0.53886318125 0.37814446562500004 0.5071934812500001 0.361988025 0.4888935984375 0.3528310484375 0.46871821562499993 0.333174875 0.45135608437499997 0.325432209375 0.436458984375 0.31694633906249997 0.40478928437499995 0.3155320265625 0.39951100156249997 0.27353525156249997 0.410764003125 0.2736073484375 0.43903092031249996 0.2800077984375 0.47691665156249996 0.282836421875 0.48747321875000005 0.289381065625 0.581892784375 0.2907953765625 0.58717106875 0.29853804375 0.6020681671875
3 0.96408599375 0.38413440312499997 0.9668425203125001 0.366424053125 0.9611852734375 0.3453109203125 0.948528565625 0.3260732875 0.9407858984375 0.3111761890625 0.9358718546875 0.3068356546875 0.9267148765625001 0.286660271875 0.9218008328125 0.28231973906249996 0.9204586171875 0.305308371875 0.910702628125 0.32489422343749996 0.894618284375 0.3348612578125 0.8995323265625 0.339201790625 0.9234314343750001 0.37239877187500003 0.9340027234375 0.3978524375 0.9431597015625 0.41802782031249996 0.9515734765625 0.42143060312499997 0.969743240625 0.4052475359375 0.96408599375 0.38413440312499997