3 0.331139559375 0.8030346249999999 0.3466296921875 0.7762364953125 0.3699602453125 0.7333087218750001 0.38583179218749997 0.6955882859375 0.3900380625 0.6793317375 0.3978784828125 0.6632020953125 0.39118230781249996 0.6465648234375 0.3584749734375 0.645422659375 0.32614905156249996 0.633358190625 0.3181072203125 0.5510601859375 0.30606052968749997 0.583446378125 0.27966795312500004 0.6098637874999999 0.284075634375 0.6920348828125 0.28943685625 0.74690021875 0.2991950546875 0.7800478515625 0.3091439625 0.807734334375 0.316602965625 0.8025269953124999 0.331139559375 0.8030346249999999
3 0.2171460046875 0.8373285656249999 0.23952301875 0.8217065515625 0.2594101296875 0.7731907203125 0.2749002625 0.7463925890625001 0.2718382359375 0.7298822265625 0.2731731890625 0.6916541609375 0.274126728125 0.6643484 0.2821578546875 0.64275760625 0.28349280781249997 0.6045295421875 0.2649406515625 0.6148173109374999 0.23586746249999999 0.6138020531249999 0.2220937 0.591449815625 0.2123355 0.55830218125 0.15553478125 0.621932396875 0.15248345937500002 0.7093108296875 0.1620509515625 0.7479196171875 0.1714277359375 0.7919895546875 0.1781239109375 0.8086268249999999 0.1955318203125 0.83110596875 0.2171460046875 0.8373285656249999
3 0.95773875625 0.7811734578125 0.9688319109375 0.776093028125 0.97303818125 0.759836478125 0.97762586875 0.7326576265625 0.9858477046875 0.7056056796875 0.98699195 0.6728387671875 0.9919610499999999 0.6347376109375 0.9902339796874999 0.5799991828125 0.9760788015624999 0.56856925 0.972635359375 0.562981190625 0.965939184375 0.5463439203125 0.9554181546875 0.53504089375 0.951974715625 0.5294528328125 0.9447064171875 0.52919901875 0.940690853125 0.5399944171875 0.920422328125 0.599432553125 0.8802559875 0.603497725 0.8727969812499999 0.6087050625 0.878921034375 0.6417257890625 0.8773953734375001 0.6854150046874999 0.88371013125 0.7129745796875 0.9294283999999999 0.758313590625 0.9470270187500001 0.775331584375 0.95773875625 0.7811734578125
3 0.858641803125 0.5972751296875 0.8838901343750001 0.6036246328125 0.920422328125 0.599432553125 0.9405001453124999 0.54545556875 0.94048944375 0.441566771875 0.9448864218749999 0.41984907031249996 0.945839959375 0.3925433109375 0.9471749125000001 0.354315246875 0.9379888359375 0.30478415625 0.9024101828125 0.281670475 0.8874921734375001 0.29208515 0.8758268984375001 0.31354903749999996 0.864161621875 0.3350129234375 0.845037340625 0.3616841484375 0.8370062140625001 0.3832749421875 0.829547209375 0.388482278125 0.8178819328125 0.4099461640625 0.8186554671874999 0.491990353125 0.8177019296875001 0.5192961140625 0.824398103125 0.535933384375 0.8448680390625001 0.5749228921875 0.858641803125 0.5972751296875
3 0.23204260625 0.619136296875 0.2574816453125 0.6200246468749999 0.283683515625 0.5990683906250001 0.30242638125 0.5833194703125 0.3106482171875 0.556267525 0.316189440625 0.5017829125 0.3070033640625 0.452251821875 0.3008793140625 0.41923109375 0.29858011875 0.380876121875 0.2924560671875 0.3478553953125 0.2677798578125 0.3251224359375 0.23507252343750001 0.3239802703125 0.21212338437499997 0.355985740625 0.2060100390625 0.426853809375 0.2052472078125 0.44869841875 0.21328903906250002 0.5309964203125 0.21558823437500002 0.5693513921875 0.2257278484375 0.5915767234375 0.23204260625 0.619136296875
3 0.044423246875 0.7820866484375 0.0576248875 0.8208223406249999 0.0757956296875 0.8214568765625 0.10525023281250001 0.8115498328124999 0.12074036562499998 0.7847516999999999 0.132405640625 0.7632878140625 0.136993328125 0.7361089609375 0.14502445625 0.7145181671875 0.1492307265625 0.6982616187499999 0.15362770625 0.6765439171875001 0.1553440734375 0.6273935484375001 0.15553478125 0.621932396875 0.129905034375 0.6265051984375 0.1226367375 0.6262513828125 0.088774453125 0.553987334375 0.0750006890625 0.531635096875 0.0706037109375 0.5533527968749999 0.039623446875 0.6069490609375 0.0352264671875 0.6286667609375 0.034082221875 0.6614336734374999 0.036572125 0.69432749375 0.039252734375 0.7217601609375001 0.044423246875 0.7820866484375
3 0.7182663734375 0.761875275 0.7297409421875 0.745872540625 0.7373906546875 0.73520405 0.74140621875 0.7244086546874999 0.7498187609375 0.69189555625 0.7515351296875 0.6427451875 0.7524886671875 0.6154394265625001 0.7528700828125 0.6045171234375 0.7243690171875 0.587118409375 0.7006463468749999 0.5370796890625 0.6987392703124999 0.591691209375 0.6899453140625 0.6351266109375 0.664124859375 0.645160565625 0.6384951125 0.6497333671875001 0.63773228125 0.671577975 0.6476811890625 0.69926445625 0.6721666890625 0.7274585671875 0.6851776234375 0.7716554125 0.7027762421875 0.78867340625 0.7182663734375 0.761875275
3 0.48567016875 0.6498644125 0.50479445 0.623193190625 0.5059279921875001 0.48653748124999996 0.503819503125 0.44272135781250005 0.504582334375 0.42087674843749995 0.49615908906249995 0.3495010515625 0.44317252187499995 0.303908225 0.41830560625 0.2866364171875 0.374314409375 0.296035834375 0.3668554046875 0.30124317343749996 0.3477311234375 0.3279143953125 0.34352485312500003 0.34417094531250003 0.3318595765625 0.3656348328125 0.326318353125 0.4201194453125 0.3192514671875 0.518293275 0.321169246875 0.5675705515625 0.3269118828125 0.61151358125 0.3297832 0.633485096875 0.354840825 0.6452957515625 0.48567016875 0.6498644125
3 0.11574985625 0.6150752640625 0.1262708859375 0.6263782906250001 0.1593596390625 0.6165981515625 0.18594292343750002 0.584719590625 0.21616035625 0.5529679359374999 0.20659286406250002 0.51435915 0.20486579218749998 0.459620721875 0.1949168859375 0.43193424062499997 0.1511056921875 0.3319837078125 0.13369777968750002 0.3095045640625 0.112083596875 0.30328196875 0.08626314375000001 0.313315921875 0.074788575 0.32931865625 0.0646596625 0.41098212187499994 0.06657744374999999 0.46025939843749997 0.065433196875 0.4930263109375 0.07519139687500001 0.52617394375 0.0816968640625 0.5482723671875 0.0920271859375 0.5650365453124999 0.11574985625 0.6150752640625
3 0.8624880671874999 0.7997184765625 0.8703284859375 0.7835888359375 0.87510688125 0.75094883125 0.876441834375 0.7127207656250001 0.8777767875 0.6744927015625 0.8793024484374999 0.6308034859375 0.86954425 0.59765585 0.858641803125 0.5972751296875 0.8414246000000001 0.5693348328125001 0.824398103125 0.535933384375 0.8177019296875001 0.5192961140625 0.8169390984374999 0.541140721875 0.796670571875 0.6005788578125 0.752679375 0.609978275 0.7507722984375 0.6645897953125 0.7565149359375 0.7085328265624999 0.7666545499999999 0.7307581562500001 0.7800468984375 0.7640326984375 0.811991403125 0.787019471875 0.8624880671874999 0.7997184765625
3 0.51933104375 0.6237008187499999 0.5222023609375 0.645672334375 0.5331048078125 0.64605305625 0.551084840625 0.65214874375 0.5767145874999999 0.6475759437499999 0.5952667453125 0.637288175 0.6170716359374999 0.63804961875 0.6312268140625 0.649479553125 0.6677590078125 0.645287471875 0.6899453140625 0.6351266109375 0.6981671484375 0.6080746671874999 0.7017905921875001 0.5043127765625 0.6962386656249999 0.45490859375000003 0.68781541875 0.3835328953125 0.6679176046874999 0.32815993125 0.6436228109375 0.2945046671875 0.6111061828125 0.28790135 0.5671149859375 0.2973007671875 0.536134721875 0.35089703125 0.5124227546875 0.40474710625 0.507453653125 0.442848265625 0.5093714328125001 0.4921255390625 0.50957284375 0.590553184375 0.5088100140625 0.6123977921875 0.51933104375 0.6237008187499999
3 0.7492359359375 0.604390215625 0.796670571875 0.6005788578125 0.8089079703125 0.562731515625 0.8134956578124999 0.5355526625 0.8184647593750001 0.49745150625 0.820181128125 0.4483011375 0.8178819328125 0.4099461640625 0.8190261796874999 0.377179253125 0.8197890093750001 0.35533464531250003 0.816726984375 0.33882428125 0.8100308109375 0.322187009375 0.7710087156250001 0.29348526875 0.7165071921874999 0.3954704578125 0.7038883765625 0.4442401046875 0.7031255468750001 0.4660847125 0.7077239375000001 0.5427946546875 0.724559725 0.58165725625 0.7492359359375 0.604390215625
3 0.5826586359375 0.7899466171875 0.6008293765625 0.7905811546875 0.612494653125 0.7691172671875 0.62052578125 0.7475264734375 0.6289383234375 0.7150133765625 0.629701153125 0.69316876875 0.6302732765625 0.6767853109375 0.6348609640625 0.649606459375 0.620705784375 0.6381765265625 0.591632596875 0.6371612671875 0.5803487359374999 0.6477028515625001 0.551084840625 0.65214874375 0.525836509375 0.6457992421875 0.5220116531250001 0.6511334859375 0.5246922640625 0.678566153125 0.5306256078125 0.7170480328125 0.5401931 0.75565681875 0.550523421875 0.772420996875 0.5715654812500001 0.7950270484375 0.5826586359375 0.7899466171875
3 0.4803303546875 0.802776671875 0.491614215625 0.7922350890625001 0.49582048749999996 0.7759785406249999 0.5074857625 0.754514653125 0.5157075984375 0.7274627078125 0.5166611375 0.700156946875 0.517614675 0.6728511859374999 0.5181867984374999 0.65646773125 0.5187589203125 0.640084275 0.518949628125 0.634623121875 0.5051758656249999 0.6122708859375 0.50479445 0.623193190625 0.48567016875 0.6498644125 0.40189404531250006 0.6524066984375 0.4080180984375 0.6854274265625 0.41433285625 0.7129870015625001 0.42064761562499997 0.740546575 0.43059652187499997 0.7682330562499999 0.4621596140625 0.8021421359375 0.4803303546875 0.802776671875