3 0.6746700671875 0.9047840296875 0.6802135578125 0.8808234593750001 0.675018721875 0.8423314640624999 0.66756178125 0.8100319046875001 0.6558041718750001 0.8070761734375 0.6430272828125 0.8156961390624999 0.63726025 0.8226977515625 0.6022109671875 0.830789515625 0.589434078125 0.8394094828125 0.5814049390625 0.85260353125 0.5818520234375 0.8865214453125001 0.6080764296875001 0.9201583828125001 0.624581790625 0.927688196875 0.6388250453125 0.9414104484375001 0.6505826546875 0.944366178125 0.6713886812500001 0.9225521640625001 0.6746700671875 0.9047840296875
3 0.16210973281250002 0.6035239625 0.198178296875 0.5838565015625 0.2249749 0.5719998296875 0.2435188234375 0.5563782515625 0.24555738593749998 0.5332268578125 0.24036255 0.4947348625 0.22815785625 0.4578612171875 0.2314392421875 0.4400930859375 0.225225125 0.41317678593749996 0.2120011515625 0.3878788375 0.19301014375 0.369582503125 0.17650478281249998 0.3620526890625 0.16576645625 0.3475212609375 0.155251671875 0.349948790625 0.1399891359375 0.3478022375 0.13297927812500002 0.34942059062499997 0.102677746875 0.3620864375 0.08661947187499999 0.3884745375 0.0685226328125 0.438014028125 0.071231821875 0.4657395046875 0.081397953125 0.5257645421875 0.0981268546875 0.5502533125 0.1290990125 0.588464334375 0.16210973281250002 0.6035239625
3 0.2760557765625 0.71330196875 0.2875898421875 0.6992987421875 0.290871228125 0.6815306109375 0.2871427578125 0.6653808296875 0.280928640625 0.6384645296875 0.26770466718749997 0.6131665828124999 0.2592284453125 0.5924427171875 0.229722653125 0.5765739140624999 0.21920786718750002 0.5790014421875 0.1889063359375 0.5916672921874999 0.1798579171875 0.6164370375 0.1780428953125 0.6565473859375001 0.1974809875 0.7087616328124999 0.23523945937500002 0.7283953453125 0.25751185312499997 0.728923546875 0.2760557765625 0.71330196875
3 0 0.314099646875 0.014607456250000001 0.3483979359375 0.05383229375 0.390373865625 0.0981535375 0.3744713109375 0.125969421875 0.35103894375 0.13626066406249998 0.3316524578125 0.137056403125 0.3031178046875 0.1295994625 0.27081824375 0.12835663749999998 0.2654349828125 0.11717122656250001 0.21698564375 0.0967138546875 0.1763470921875 0.0859755265625 0.1618156640625 0.0659652390625 0.15509502656250002 0.05895538125000001 0.15671337968750002 0.0519455265625 0.1583317328125 0.02164399375 0.17099758125 0.004119353125 0.1750434640625 0 0.18632005625 0 0.314099646875
3 0.754192390625 0.6255961875 0.7844939203125 0.6129303390625 0.7908331515625 0.560435115625 0.7879004187499999 0.5157506828125 0.782929125 0.49421764375 0.7437042875000001 0.4522417140625 0.7144220375 0.45333186718749996 0.6903346234375001 0.4929140140625 0.68399539375 0.5454092375 0.6924716156249999 0.5661331 0.6974429109375 0.587666140625 0.69518080625 0.5938585765625 0.7164339171874999 0.605962475 0.7261529624999999 0.6320695984375 0.7366677484374999 0.6296420687500001 0.754192390625 0.6255961875
3 0.39711010468749997 0.9178321 0.40615852500000005 0.8930623546875 0.4214210609375 0.8952089093750001 0.42843091875 0.8935905562500001 0.427983834375 0.8596726421875 0.41928407031250003 0.8219898234375 0.4120506703125 0.80664921875 0.3943024859375 0.79373614375 0.3672823421875 0.788633859375 0.3545054515625 0.7972538265625 0.3264660265625 0.8037272375000001 0.32882656093749996 0.8939052796875 0.3515460390625 0.9283513937500001 0.37155632656250004 0.9350720328125 0.39507154375 0.9409834937499999 0.4020814 0.9393651406249999 0.39711010468749997 0.9178321
3 0.3298458421875 0.8823295828125 0.3281559328125 0.8430284109375 0.3264660265625 0.8037272375000001 0.3334758828125 0.802108884375 0.3462527734375 0.7934889187499999 0.342300759375 0.7603801812500001 0.3325817140625 0.7342730578125 0.31833845781250003 0.72055080625 0.289056209375 0.721640959375 0.2785414234375 0.7240684890625 0.2645217109375 0.72730519375 0.2529876453125 0.7413084203125 0.248463434375 0.7536932921874999 0.24766769531250002 0.7822279453125 0.25286253125 0.82071994375 0.25783382499999996 0.8422529828125 0.2782911984375 0.8828915343749999 0.2983014859375 0.8896121718750001 0.3298458421875 0.8823295828125
3 0.74793320625 0.150745403125 0.74522401875 0.1230199265625 0.7402527250000001 0.10148688749999998 0.721038175 0.06623159687499999 0.7078142 0.04093365 0.7018236250000001 0.030976306250000002 0.648802615625 0.0091960390625 0.613753334375 0.0172878046875 0.6057241953125 0.030481853125000003 0.6051519984375 0.07597546250000001 0.6188230578125 0.1351913234375 0.6202894234375 0.1575335390625 0.6312512921875 0.18902392343750002 0.6430089015625 0.191979653125 0.6642620124999999 0.2040835515625 0.6842723015625001 0.2108041890625 0.7088068 0.2051399546875 0.7285935453125 0.1949016359375 0.743632540625 0.1800892328125 0.74793320625 0.150745403125
3 0.5324075171875 1 0.551648921875 0.9955577718749999 0.5584352375 0.9769804640625 0.55222111875 0.9500641625 0.54023996875 0.930149475 0.5235110671875 0.9056607046874999 0.5140155625 0.8965125374999999 0.5057628828125 0.8927476296875 0.4897046078125 0.9191357296874999 0.481451928125 0.915370821875 0.4637037421875 0.9024577468749999 0.48483174218749997 0.99397316875 0.4954141953125 1 0.5324075171875 1
3 0.73020340625 0.7615488140625 0.7242128296875 0.7515914718750001 0.70895029375 0.7494449171875 0.691425653125 0.7534907984375 0.6844157953125001 0.7551091515625 0.6786487625000001 0.762110765625 0.6506093374999999 0.7685841765625 0.64732795 0.7863523109375 0.6475514921875 0.8033112656249999 0.6500371406250001 0.8140777859374999 0.6593091015625 0.806266996875 0.6723095328124999 0.8146059875 0.681009296875 0.8522888078124999 0.6777279109375 0.870056940625 0.6884662374999999 0.8845883671875001 0.7084765265625 0.8913090046875001 0.7292825546875 0.8694949890625001 0.7418359015625 0.8439160671874999 0.7424080984375 0.7984224578125 0.73020340625 0.7615488140625
3 0.7928983953125 0.36150172187499996 0.7849943703125 0.2952842484375 0.771770396875 0.26998630156250003 0.751536565625 0.2463067078125 0.7240693359375 0.20728650937499998 0.698292015625 0.20756748281249998 0.6842723015625001 0.2108041890625 0.6622234515625001 0.2272349453125 0.6461651749999999 0.25362304375 0.639378859375 0.2722003546875 0.6398259453125 0.306118265625 0.6425351328125 0.3338437421875 0.6477299703125 0.37233574062499997 0.6539440875 0.399252040625 0.65891538125 0.4207850796875 0.669653709375 0.43531650781250003 0.7131792140625001 0.44794860625000005 0.753199790625 0.46138988281250004 0.7729865375 0.45115156250000005 0.784520603125 0.43714833750000004 0.798316775 0.416952675 0.7928983953125 0.36150172187499996
3 0.7242128296875 0.7515914718750001 0.7337083343749999 0.7607396375000001 0.7394753671875 0.753738025 0.7532715390625 0.7335423640625 0.75429081875 0.721966665625 0.7515816296875 0.6942411890625 0.7416390421875 0.651175109375 0.7249101390625 0.6266863375 0.7129289890625 0.6067716515625 0.686928125 0.5900936703124999 0.6588886984375 0.5965670828125 0.6428304218750001 0.6229551812499999 0.6372869328124999 0.64691575 0.6484723453125001 0.695365090625 0.6652012453125 0.7198538609375 0.6809108671875 0.755918328125 0.69493058125 0.752681621875 0.7054453656249999 0.75025409375 0.7159601515625 0.7478265640624999 0.7242128296875 0.7515914718750001
3 0.6322622734375 0.9769467125 0.6390485875 0.9583694046875 0.6353201171875 0.9422196250000001 0.624581790625 0.927688196875 0.6128241812499999 0.9247324656250001 0.6080764296875001 0.9201583828125001 0.5950759984375 0.9118193921875 0.5878426 0.8964787890625001 0.583094846875 0.8919047046875 0.5515504921875001 0.8991872921875 0.55222111875 0.9500641625 0.5584352375 0.9769804640625 0.5761834203125 0.9898935359375001 0.6322622734375 0.9769467125
3 0.48256745468749995 1 0.4823460953125 0.9832066484374999 0.4748891546875 0.9509070890625001 0.46494656562500003 0.9078410078125 0.46121809531249996 0.8916912281249999 0.44923694531249997 0.8717765406250001 0.4314887625 0.858863465625 0.42843091875 0.8935905562500001 0.40615852500000005 0.8930623546875 0.39711010468749997 0.9178321 0.40580987031250004 0.955514921875 0.4165481984375 0.970046346875 0.4408272984375 1 0.48256745468749995 1