3 0.3392637125 0.6993322234375 0.35323935781250004 0.69152205 0.3578420703125 0.6753466234375 0.3624447796875 0.659171196875 0.3642691125 0.648629415625 0.3604529328125 0.628996871875 0.35290432968749996 0.6100898375 0.350996240625 0.600273565625 0.34908815 0.59045729375 0.3444016828125 0.5862746671875 0.3266936125 0.59481035 0.32009905625 0.580811453125 0.3163666328125 0.5815369625 0.30707745468750003 0.5935297625 0.30811525781250004 0.6187959515625 0.30542063750000004 0.6447876499999999 0.3167016625 0.662969175 0.3289367328125 0.686058834375 0.3392637125 0.6993322234375
3 0.6988143296875 0.47663515937499995 0.7007224187500001 0.48645143125 0.7185142453125 0.4982738015625 0.721292621875 0.49264015624999996 0.72962775625 0.47573921874999997 0.726765621875 0.46101481250000004 0.7229494421875 0.44138226875 0.7210413515625 0.431565996875 0.7162711265625 0.40702531718749996 0.706898190625 0.3986600640625 0.6976090125 0.4106528640625 0.6910982125 0.41701201875000005 0.6911819703125001 0.43737007187500004 0.6921360140624999 0.44227820781249993 0.69595219375 0.4619107515625 0.6988143296875 0.47663515937499995
3 0.54446320625 0.6390711484375 0.5443794484375 0.6187130953125 0.5452497359375 0.603263178125 0.5423876015625 0.5885387703125 0.5395254671874999 0.5738143625000001 0.5413498015625 0.56327258125 0.5384876656250001 0.5485481734375 0.47599052343750003 0.565789971875 0.48830935000000003 0.609237684375 0.5071389796875 0.64632624375 0.516511915625 0.6546914968750001 0.5333496953125 0.66160573125 0.5426388734375001 0.6496129296875 0.54446320625 0.6390711484375
3 0.381725909375 0.579019571875 0.3779097296875 0.559387028125 0.37218545937499997 0.5299382140625 0.35986663281250003 0.48649050000000005 0.32610731406250004 0.45230397812499995 0.315864090625 0.45938864218750003 0.30110191406250003 0.5030067875 0.31445854375 0.5717206906250001 0.3266936125 0.59481035 0.34813410624999996 0.5855491578125 0.37426106406250004 0.5804705921875 0.3779934859375 0.57974508125 0.381725909375 0.579019571875
3 0.3933419640625 0.678633309375 0.4101797453125 0.68554754375 0.4270175265625 0.692461778125 0.43344456875 0.66574456875 0.43153647968750003 0.655928296875 0.4296283890625 0.6461120265625 0.4248581640625 0.6215713468749999 0.42199602968749994 0.6068469390625 0.41817985 0.5872143953125 0.41349338125 0.58303176875 0.40880691406249997 0.5788491421875 0.38545833125 0.5782940625 0.37426106406250004 0.5804705921875 0.363063796875 0.5826471203125 0.35377461875 0.5946399203125 0.3519502859375 0.6051817015625 0.356636753125 0.6093643281250001 0.3594988875 0.6240887359375 0.3680015359375 0.64790390625 0.37459609375 0.6619028046875 0.3933419640625 0.678633309375
3 0.3035963046875 0.65532943125 0.3016882140625 0.645513159375 0.306290925 0.6293377328124999 0.3071612125 0.6138878156249999 0.30707745468750003 0.5935297625 0.30334503281249997 0.594255271875 0.2846829171875 0.5978828187499999 0.27530998281249996 0.589517565625 0.2593424890625 0.567153415625 0.26411271406250003 0.5916940953125 0.2576019140625 0.59805325 0.267226121875 0.6674926625000001 0.273820678125 0.6814915609375001 0.285017946875 0.67931503125 0.29152874687499997 0.6729558765625 0.294307125 0.66732223125 0.3035963046875 0.65532943125
3 0.7560059875 0.5317348125 0.7512357625 0.5071941328125 0.7446412046875001 0.493195234375 0.7390006921875 0.484104471875 0.7305818015625001 0.4806473546875 0.7175602 0.493365665625 0.7054088875 0.49063405781249997 0.7016764640625001 0.4913595671875 0.70549264375 0.5109921109375 0.7167736687499999 0.5291736359375 0.736473584375 0.550812278125 0.746716809375 0.5437276125 0.7541816546875 0.54227659375 0.7560059875 0.5317348125
3 0.4638392109375 0.5630583640625 0.4475366890625 0.459262 0.43252324062499997 0.441805984375 0.41846383749999994 0.42925810468750003 0.405358478125 0.4216183625 0.398847678125 0.42797751718750005 0.3886044546875 0.43506218125 0.3820936546875 0.4414213359375 0.36073692031250004 0.47104058281250005 0.361774721875 0.49630677187499994 0.38545833125 0.5782940625 0.40976095937499996 0.583757278125 0.44239871875 0.57231955625 0.4610608328125 0.5686920093750001 0.4638392109375 0.5630583640625
3 0.656519646875 0.6376639171875 0.663030446875 0.6313047625 0.6658088249999999 0.6256711171875 0.6610386 0.6011304375 0.656268375 0.5765897578125 0.6496738171875001 0.562590859375 0.643079259375 0.5485919609375001 0.637438746875 0.5395011984375 0.6317982328125 0.5304104374999999 0.61773883125 0.5178625578125 0.6112280296875 0.5242217124999999 0.6009848078125 0.5313063765625 0.5972523843750001 0.5320318859375 0.5954280515625 0.5425736671875 0.5982901875 0.5572980750000001 0.60401445625 0.586746890625 0.6068765921875 0.6014712984374999 0.617203571875 0.6147446875 0.6443683328125 0.634932309375 0.656519646875 0.6376639171875
3 0.6462253812500001 0.4053600796875 0.6386767796874999 0.3864530453125 0.62930384375 0.3780877921875 0.6246173765624999 0.373905165625 0.61628224375 0.39080610312499997 0.6107254875 0.40207339375 0.5996119765625 0.42460797499999997 0.6005660203125001 0.4295161109375 0.5940552203125 0.435875265625 0.5959633109375 0.4456915375 0.6130523625000001 0.51367993125 0.6280658109374999 0.531135946875 0.6541927703125 0.5260573796875 0.6662603265625 0.508430934375 0.6548117859375 0.44953330312500006 0.6528199390625 0.419358978125 0.6462253812500001 0.4053600796875
3 0.7120872015625 0.524991009375 0.70549264375 0.5109921109375 0.7035845546874999 0.5011758390625001 0.7026305093749999 0.496267703125 0.7016764640625001 0.4913595671875 0.6988143296875 0.47663515937499995 0.68683053125 0.5146196578125 0.679365684375 0.516070678125 0.6954169359375 0.55879288125 0.712254715625 0.565707115625 0.7197195609375 0.564256096875 0.7309168296874999 0.56207956875 0.724322271875 0.5480806703125001 0.7120872015625 0.524991009375
3 0.2275750171875 0.56314121875 0.22002641406249998 0.544234184375 0.21438590156249998 0.5351434234375 0.21152376718750002 0.520419015625 0.1946859859375 0.51350478125 0.1881751859375 0.5198639359375 0.1901670328125 0.5500382609375001 0.20248586093749998 0.593485975 0.2165452640625 0.6060338546875 0.22583444218749998 0.594041053125 0.23139119687499998 0.5827737625 0.2275750171875 0.56314121875
3 0.21766682343750002 0.651658096875 0.223223578125 0.6403908046875 0.22600195625000002 0.634757159375 0.22782628906250002 0.6242153781249999 0.232429 0.6080399515625 0.23052090937499997 0.5982236796875 0.2323452421875 0.5876818984375001 0.2165452640625 0.6060338546875 0.20812637343749998 0.6025767375 0.1997074828125 0.5991196203125 0.1931966828125 0.605478775 0.1913723484375 0.61602055625 0.194234484375 0.6307449640625 0.2008290421875 0.6447438625 0.21020197812500002 0.653109115625 0.21766682343750002 0.651658096875
3 0.3014369421875 0.5844389999999999 0.3088180296875 0.562629928125 0.30110191406250003 0.5030067875 0.2991938234375 0.493190515625 0.28886684375 0.47991712656249996 0.27012097343749997 0.4631866203125 0.2626561265625 0.464637640625 0.25519128125 0.466088659375 0.25241290312500003 0.4717223046875 0.2421696796875 0.47880696875 0.2460696171875 0.518797565625 0.2527479328125 0.5531545171875 0.2649830015625 0.576244178125 0.27530998281249996 0.589517565625 0.2921477640625 0.5964318 0.3014369421875 0.5844389999999999
3 0.693090059375 0.44718634375 0.6892738796875 0.4275538 0.6845036546875 0.40301312031250003 0.6788631421875 0.3939223578125 0.6704442515625 0.3904652421875 0.655682075 0.43408338593750007 0.66530628125 0.5035227984375 0.68683053125 0.5146196578125 0.6849224406250001 0.5048033859375 0.6904791968749999 0.4935360953125 0.6988143296875 0.47663515937499995 0.693090059375 0.44718634375
3 0.6074956078125 0.524947221875 0.6140064078125 0.5185880671875001 0.61392265 0.4982300140625 0.5931011749999999 0.4309671296875 0.565936415625 0.4107795078125 0.5482283453125001 0.419315190625 0.543625634375 0.43549061718750004 0.539022925 0.45166604374999997 0.532512125 0.4580251984375 0.5542876437500001 0.53019621875 0.5608822015625 0.5441951171875 0.5860551171874999 0.5342084140625001 0.5972523843750001 0.5320318859375 0.6074956078125 0.524947221875
3 0.5678117890625 0.639626228125 0.59029008125 0.6556312234375 0.6005333046875 0.6485465593749999 0.6033116828125 0.6429129140625001 0.6069603484375 0.6218293515625 0.6040982140625 0.60710494375 0.6030604125 0.5818387546875 0.5982901875 0.5572980750000001 0.5944740078125 0.5376655312499999 0.5608822015625 0.5441951171875 0.5552416890625 0.5351043546875001 0.5394417109375 0.553456309375 0.5395254671874999 0.5738143625000001 0.5423876015625 0.5885387703125 0.54620378125 0.6081713140625 0.552798340625 0.6221702125 0.5621712765625 0.630535465625 0.5678117890625 0.639626228125
3 0.5459525109375 0.5470971546875 0.5552416890625 0.5351043546875001 0.524963521875 0.4391181640625 0.503355515625 0.40766325156249994 0.48000693437499997 0.40710817187500004 0.46039077656250005 0.405827584375 0.450315065625 0.45362835468749996 0.44849073281249996 0.4641701359375 0.45612309375000004 0.5034352234374999 0.46852567812499996 0.567240990625 0.48718779218749997 0.5636134421875 0.5459525109375 0.5470971546875
3 0.2508398421875 0.5433382453125 0.2460696171875 0.518797565625 0.24416152812499997 0.50898129375 0.21421838750000002 0.49442731718750005 0.2134318578125 0.5302352875 0.234169575 0.5771401171874999 0.2482289796875 0.5896879968750001 0.2603802921875 0.5924196046875 0.2593424890625 0.567153415625 0.2508398421875 0.5433382453125
3 0.48752282031250005 0.6450456546875001 0.4874390625 0.6246876015625 0.484576928125 0.60996319375 0.48076074843749994 0.5903306515625 0.4788526578125 0.5805143796875 0.47599052343750003 0.565789971875 0.46479325468750005 0.5679665 0.4638392109375 0.5630583640625 0.45732840937499997 0.56941751875 0.41722580468750003 0.5823062593749999 0.4352689015625 0.6552027875 0.4465499265625 0.6733843125 0.47363093125000005 0.6732138828124999 0.47736335468749996 0.6724883734375 0.48665253281250004 0.6604955718750001 0.48752282031250005 0.6450456546875001
3 0.24665591718750002 0.6613039374999999 0.2578531859375 0.659127409375 0.26340994218749997 0.6478601187499999 0.2595937609375 0.628227575 0.25673162656250004 0.6135031671875 0.2576019140625 0.59805325 0.25664786875 0.5931451140624999 0.2491830234375 0.5945961328125 0.23043715156250003 0.5778656265625 0.23338304375000002 0.6129480875 0.2306046671875 0.6185817328125001 0.22782628906250002 0.6242153781249999 0.2297343796875 0.6340316500000001 0.23632893593749998 0.6480305484375 0.24665591718750002 0.6613039374999999
3 0.704003340625 0.6029661046875 0.7067817187500001 0.597332459375 0.7029655390625 0.577699915625 0.6954169359375 0.55879288125 0.6859602437500001 0.530069575 0.684052153125 0.520253303125 0.6830981078125 0.5153451671875 0.66530628125 0.5035227984375 0.6662603265625 0.508430934375 0.6541927703125 0.5260573796875 0.6355306578125 0.5296849265625 0.637438746875 0.5395011984375 0.6487197734375 0.5576827234375 0.6600007984375 0.5758642484375 0.67310615625 0.5835039921875 0.6871655578125 0.5960518718750001 0.704003340625 0.6029661046875