3 0.5756628109374999 0.85886110625 0.6018922734375 0.8813381703125 0.6568294765625 0.8684733453125 0.68303791875 0.827195871875 0.7179597375 0.703091825 0.7179492265625 0.67121455625 0.7054580046875001 0.6574752609375001 0.6917145078125 0.6327988578125 0.6792232859375 0.6190595625 0.6604864515625 0.598450621875 0.6529938203125 0.5965825 0.6267696125 0.5900440703125 0.608038034375 0.5853737625 0.578072765625 0.59383990625 0.571848175 0.650724796875 0.5468972625 0.718878015625 0.5381733765625001 0.7698273203125 0.5469235390625 0.7985711875 0.5481863265625 0.841385565625 0.5756628109374999 0.85886110625
3 0.360844271875 0.714989325 0.36833164687500003 0.7009188140625 0.3695734125 0.6799786546875 0.378297296875 0.6290293499999999 0.3882734578125 0.58901715625 0.4032429546875 0.544937496875 0.40947279999999997 0.503991240625 0.41071981874999997 0.49898971562499994 0.33954507968750003 0.49718118593750005 0.317082953125 0.5393927203125 0.29462608125 0.5975428890625001 0.279661840625 0.6575611828125 0.28591270625 0.6803694640625 0.3271274328125 0.7065827734375 0.360844271875 0.714989325
3 0.6692313578125 0.6112558546875 0.704205728125 0.6465381515625 0.71670220625 0.67621608125 0.7179597375 0.703091825 0.7279516640625 0.7108955328125 0.7404271203125 0.676818925 0.7479144953125 0.6627484124999999 0.7891187109375 0.657084453125 0.8278288874999999 0.6614235421875 0.8665232968750001 0.617946728125 0.8677598062499999 0.5810679359375001 0.8614931734375 0.5104437500000001 0.8352531984375 0.45608941718749996 0.8190156609375 0.4414160609375 0.8002840843750001 0.43674575468750004 0.7765591703125 0.4361429109375 0.771571090625 0.4561490078125 0.7366229953125 0.5005598828125 0.71165631875 0.5208972000000001 0.556810359375 0.48760220781249997 0.55431631875 0.49760525624999996 0.579293509375 0.509145209375 0.583050334375 0.5419565390625001 0.581813825 0.5788353328125 0.5843131203125 0.58477091875 0.608038034375 0.5853737625 0.6529938203125 0.5965825 0.6692313578125 0.6112558546875
3 0.71165631875 0.5208972000000001 0.7366229953125 0.5005598828125 0.771571090625 0.4561490078125 0.7790532109375 0.4261398625 0.7840360343749999 0.39019513125 0.7403062484375 0.3102303328125 0.687852575 0.2812148375 0.6553827562500001 0.2678067609375 0.5979410015625 0.2587973640625 0.58795433125 0.26693229218750003 0.5405097578125 0.2816652375 0.5192893953125 0.3029366140625 0.49807954531250004 0.356085259375 0.48436232500000004 0.411102028125 0.48688264062500003 0.4807921515625 0.6142521125 0.496611603125 0.71165631875 0.5208972000000001
3 0.84357933125 1 0.8765993078125 0.8807685890625001 0.8790880921875001 0.8548269062499999 0.8790828375 0.8388882703125 0.8728319703125 0.8160799890625 0.8503750999999999 0.8742301593749999 0.841640703125 0.89330219375 0.8154164953124999 0.886763765625 0.77419125625 0.8286731875 0.7804578890625 0.8992973703124999 0.7617525875 0.9743202375 0.755349903125 1 0.84357933125 1
3 0.0623650265625 0.571508353125 0.12103277812499999 0.5117616859375 0.1372650609375 0.5104964078124999 0.14850926250000002 0.529237228125 0.15226609062500002 0.5620485578125 0.15102432500000001 0.582988715625 0.1734917078125 0.5567158156249999 0.182226103125 0.5376437796875 0.19345979375 0.524507328125 0.1996948953125 0.4994997078125 0.20343070000000002 0.46855650000000004 0.1884401828125 0.44888161875000004 0.1834415921875 0.43701044843750003 0.10226966875000001 0.41145957343750006 0.0710731453125 0.4727431453125 0.037377328125 0.52809113125 0.0211608125 0.5771723140625 0.033652032812499996 0.5909116078125 0.049884315624999995 0.589646328125 0.0623650265625 0.571508353125
3 0 0.777753075 0.017477559375 0.7675018640625 0.1123561921875 0.7061587031250001 0.12484215937500001 0.7039593625 0.1323190234375 0.65801158125 0.1360548296875 0.627068375 0.14353695 0.597059228125 0.1485250296875 0.5770531296875 0.14600996875 0.5233016421875 0.142258396875 0.5064289453125 0.1197857578125 0.5167632125 0.0548776515625 0.585578865625 0 0.6579512140625 0 0.777753075
3 0.27965658437499996 0.6416225484375 0.29587835625 0.60848 0.304607496875 0.5734693296875 0.31334189375 0.5543972921875 0.317082953125 0.5393927203125 0.3095798109375 0.5056473296874999 0.300834903125 0.492842096875 0.2546320984375 0.486634884375 0.24214613125 0.4888342234375 0.209686821875 0.507303415625 0.182226103125 0.5376437796875 0.168498371875 0.560783278125 0.147278009375 0.5820546546875 0.13356604375 0.6530100562500001 0.12858321875 0.6889547890625 0.147314796875 0.693625096875 0.193517603125 0.699832309375 0.247197275 0.6600917390625 0.27965658437499996 0.6416225484375
3 0.8166635140625 0.8817622406250001 0.841640703125 0.89330219375 0.8503750999999999 0.8742301593749999 0.8815611109375 0.78106931875 0.8965253515624999 0.7210510265625001 0.8827660890625 0.64855871875 0.872758396875 0.59293910625 0.8690173375000001 0.6079436796875 0.8278288874999999 0.6614235421875 0.816589940625 0.6586213578125 0.7891187109375 0.657084453125 0.7479144953125 0.6627484124999999 0.7404271203125 0.676818925 0.7279516640625 0.7108955328125 0.7304562140625 0.732769753125 0.7616842703125 0.7671179890625 0.766693371875 0.8108664296875 0.7879347546875 0.8533495906249999 0.8004259765624999 0.867088884375 0.8166635140625 0.8817622406250001
3 0.305828240625 0.4887746328125 0.38074929687500003 0.49151722500000006 0.42070649062500004 0.490854790625 0.44442614999999996 0.47551899999999997 0.479390009375 0.47892402812499996 0.4843675796875 0.4270406609375 0.4968377796875 0.3770254171875 0.501825859375 0.3570193203125 0.50805570625 0.3160730640625 0.5230252015625 0.27199340625 0.5117757453125 0.237313953125 0.469319253125 0.2320408015625 0.44684136093750004 0.226436434375 0.4256104875 0.21583054062499998 0.3869003109375 0.21149145156250002 0.373167325 0.2186923171875 0.3407080140625 0.237161509375 0.28702308906249996 0.2609634421875 0.265802725 0.28223482031249997 0.2408518125 0.3503880375 0.24461389531250002 0.3991380015625 0.2596096671875 0.4347515171875 0.2596254328125 0.4825674203125 0.305828240625 0.4887746328125
3 0.48700876718749997 0.863319378125 0.5481442828125 0.7138764906249999 0.5643607984375001 0.6647953078125 0.5768204906250001 0.582902796875 0.583050334375 0.5419565390625001 0.579293509375 0.509145209375 0.55431631875 0.49760525624999996 0.44442614999999996 0.47551899999999997 0.42569982656249994 0.486787328125 0.41696543124999996 0.5058593625000001 0.384537653125 0.6199603625 0.3683421578125 0.7327960828125 0.373356515625 0.7924831578125 0.37961789218750003 0.8471687078125001 0.48700876718749997 0.863319378125
3 0.7602757609374999 1 0.7679876890624999 0.949312615625 0.77796385 0.9093004203125 0.779200359375 0.8724216265625 0.7741965125 0.844611821875 0.7729389828125 0.8177360765625 0.757937953125 0.766183928125 0.7529393625 0.7543127562499999 0.7317032343750001 0.727768228125 0.7179597375 0.703091825 0.6842849390625 0.8221943484375 0.665569128125 0.8653399437499999 0.6668266578125001 0.8922156890625 0.71429750625 0.9571759140625 0.73660550625 1 0.7602757609374999 1
3 0.259614921875 0.4506901515625 0.25711037187499997 0.42881593125000006 0.2421145984375 0.39320241562499997 0.23710549687500002 0.3494539765625 0.248333934375 0.32037889062499997 0.26829676562500004 0.272231771875 0.1933809640625 0.2854278125 0.1621686765625 0.29889547968749997 0.1446893734375 0.30516228437500004 0.10849425937499999 0.3545746828125 0.103506178125 0.37458078125 0.11850195156250001 0.41019429531249996 0.1210012484375 0.41612988125 0.20092615 0.4466822796875 0.2196629828125 0.46729122187499994 0.23589526562500002 0.4660259421875 0.24838123125 0.4638266015625 0.259614921875 0.4506901515625