3 0.4637531828125 0.8927644921875 0.4481930703125 0.8089353359375 0.44235415624999996 0.7742652031249999 0.4571278546875 0.739248315625 0.430645359375 0.679051328125 0.414484653125 0.6316177671875 0.40930827187499996 0.61229925 0.372596896875 0.616959653125 0.3384427421875 0.6054057078125 0.3158735015625 0.5855712125 0.2855396890625 0.53675894375 0.2707969625 0.5976494359375 0.2438067859375 0.651468859375 0.26391171875 0.7651385203125 0.28262964375 0.7963577328125 0.30844960781249997 0.841203103125 0.35039930468749997 0.9076084296875001 0.4154568921875 0.90570544375 0.4637531828125 0.8927644921875
3 0.8663273406249999 0.3345499328125 0.8734603484375001 0.374049696875 0.879930825 0.3981978421875 0.8793302328125 0.43459343749999996 0.8922092453125 0.43114251562500006 0.9070139125000001 0.42199923593750005 0.9076145046875 0.3856036421875 0.897862334375 0.3105710140625 0.878388965625 0.186379365625 0.8557577828125 0.114797659375 0.8215416875000001 0.0514965015625 0.8196779703124999 0.1089360734375 0.838426865625 0.1660288921875 0.845559875 0.2055286546875 0.8522112203125 0.23916377500000002 0.8461914374999999 0.19500666718749998 0.8559126375 0.2441656890625 0.8643397421874999 0.28849508125 0.8663273406249999 0.3345499328125
3 0.937719371875 0.7812947765625 0.9422022484375001 0.7593880703125 0.9415087453125001 0.718162846875 0.9382580218750001 0.693151971875 0.9169519062499999 0.6522735 0.908524803125 0.60794410625 0.8949522875 0.5701698046875 0.8774974875 0.5179066140625 0.8658506312500001 0.4744399515625 0.8503524578125001 0.4423580078125 0.846470171875 0.42786912031249996 0.8309410296875 0.369913571875 0.832266096875 0.40061680624999996 0.8387365718750001 0.42476495156249994 0.843912953125 0.44408346875 0.8387675421875 0.4506385578125 0.827845159375 0.47427072499999995 0.8020871390625001 0.481172565625 0.84027843125 0.636583428125 0.8583647953125 0.6783246296875001 0.8828596921875 0.692466765625 0.899651959375 0.7293783390625 0.9190324171875 0.7759491703125 0.937719371875 0.7812947765625
3 0.42218728437499997 0.6088483296875 0.48336258593750003 0.5924564578125 0.5026501328124999 0.5614064703125 0.502588190625 0.5096592578125 0.4935295234375 0.4758518546875 0.47736881875000003 0.42841829374999996 0.46120811406250006 0.3809847328125 0.44570994218750004 0.34890278750000003 0.4302117703125 0.3168208453125 0.4173017875 0.29439815937499997 0.401172053125 0.27283820468750003 0.380528471875 0.24731135 0.3669869265625 0.23541065312499998 0.3431235921875 0.21074652968750002 0.3353899921875 0.207642359375 0.3225109796875 0.21109328125000001 0.30126680625 0.22196202031249998 0.252338953125 0.24542496093750002 0.24861152031249997 0.3603041046875 0.29068510000000003 0.530203853125 0.3294150453125 0.597471909375 0.3597178859375 0.6204105734375001 0.386770003125 0.6183383609375 0.42218728437499997 0.6088483296875
3 0.7879140312499999 0.47979385781249995 0.827845159375 0.47427072499999995 0.8406931999999999 0.44494619843749994 0.8335601921875 0.40544643437500005 0.8218513921874999 0.31023256093749996 0.788836478125 0.17414021562499998 0.737828115625 0.07392748593750001 0.6560711718750001 0.11653971562500001 0.6516192640625 0.16432002968749998 0.6497245781250001 0.19588599375 0.7072343890624999 0.346120475 0.720175340625 0.39441676718749996 0.7337478546875 0.4321910703125 0.7453947125 0.4756577328125 0.7879140312499999 0.47979385781249995
3 0.846470171875 0.42786912031249996 0.85549786875 0.43580291875 0.8793302328125 0.43459343749999996 0.8812558906250001 0.4289010765625 0.879930825 0.3981978421875 0.8734603484375001 0.374049696875 0.8663273406249999 0.3345499328125 0.8643397421874999 0.28849508125 0.8559126375 0.2441656890625 0.8461914374999999 0.19500666718749998 0.838426865625 0.1660288921875 0.8280741031250001 0.127391859375 0.815795684375 0.0944471859375 0.797709321875 0.052705984375 0.7854618734375001 0.045634915625 0.7674374515625 0.055640926562500005 0.768824459375 0.1380913734375 0.788836478125 0.17414021562499998 0.794012859375 0.19345873125 0.8173065734374999 0.28039205625 0.8361174109375 0.3892320875 0.846470171875 0.42786912031249996
3 0.16195693125 0.6164602718750001 0.19740518125 0.632843846875 0.22963368125 0.65009015 0.2528035125 0.6335290515625001 0.2797936890625 0.5797096265625 0.28617125312499997 0.5262369546875 0.27970077656250003 0.502088809375 0.266759825 0.4537925171875 0.25703862499999997 0.404633496875 0.24150948125 0.346677946875 0.21183820312499999 0.3132172953125 0.1705510375 0.2621635859375 0.06429919687499999 0.29063368125 0.057259101562500005 0.3287547359375 0.05672045 0.4168975421875 0.0554573265625 0.43794151875000004 0.0800141640625 0.5038308671875 0.09680643125 0.5407424390625 0.1239204890625 0.5904174390625 0.16195693125 0.6164602718750001
3 0.8082976984375 0.826325971875 0.8604453046874999 0.8020003015625001 0.86170843125 0.7809563234375 0.8694110609375001 0.7581868875 0.855838546875 0.720412584375 0.8351020515625001 0.6172649125 0.825380853125 0.5681058906249999 0.8059694234375 0.495661453125 0.80079304375 0.4763429375 0.776960678125 0.47755241875000004 0.7595678203125 0.47703644062499995 0.75183421875 0.47393227187500003 0.7402493031249999 0.482212821875 0.7235189765625 0.4970484609375 0.7048629921875 0.5175764593750001 0.7106709359375001 0.5263729875000001 0.717772975 0.53999914375 0.738571409375 0.694894028125 0.7521439234375 0.73266833125 0.7708618484375 0.7638875453125 0.792799528125 0.794244028125 0.8082976984375 0.826325971875
3 0.9497190546875001 0.581376996875 0.9380721984375 0.5379103359374999 0.9283819687499999 0.5146249203125 0.912883796875 0.48254297656249995 0.899973815625 0.46012029062500004 0.887063834375 0.43769760468749996 0.8477642671875 0.43269875 0.87039545 0.50428045625 0.908524803125 0.60794410625 0.9414158328125 0.6405420296875 0.959502196875 0.68228323125 0.9814398734375 0.7126397140625 0.9717186734375 0.6634806921874999 0.9574836265625001 0.610354771875 0.9497190546875001 0.581376996875
3 0.24086577031249998 0.8851940421875 0.246611771875 0.8422433593750001 0.257503184375 0.7927375859375 0.26132352812500004 0.7554792609375001 0.2580728046875 0.7304683859375001 0.240587034375 0.6523315890625 0.20965263125 0.6399149140625 0.1774241328125 0.622668609375 0.14970948281250002 0.6093892046875 0.1168184515625 0.57679128125 0.09876306093750001 0.5609236859375 0.07691829375 0.6081880203125001 0.06473278593750001 0.6528641640624999 0.07574808125 0.706852815625 0.082249528125 0.7568745671875 0.0906766328125 0.801203959375 0.24086577031249998 0.8851940421875
3 0.708082746875 0.5167137281249999 0.742174959375 0.4765204625 0.7415124265624999 0.46116884531249996 0.7298655703125 0.41770218281249993 0.7182187124999999 0.37423552031249996 0.68785393125 0.2995496453125 0.6742814171875 0.2617753421875 0.6594148078125001 0.219171409375 0.63359484375 0.1743260390625 0.6084374140625 0.1448322859375 0.593601775 0.128101959375 0.5601101515625 0.1318996328125 0.4706196078125 0.17140769375 0.44426099375000005 0.2147051296875 0.42954923593750005 0.301469228125 0.4941610859375 0.46532986562499995 0.507133009375 0.5394997625 0.5251884015625 0.555367359375 0.562562309375 0.566058575 0.61666654375 0.56191415 0.708082746875 0.5167137281249999
3 0.7374631390624999 0.845306034375 0.7631901890624999 0.8125305875000001 0.7541315234375 0.778723184375 0.7405280390625 0.715075275 0.7190670703125 0.5448287734374999 0.717772975 0.53999914375 0.7003491453125 0.5136095593750001 0.6231060484375 0.5601886890625 0.5735156625 0.5683000125000001 0.6116759875 0.6978372687500001 0.6297933203125 0.7654520765624999 0.6600961609375 0.7883907406249999 0.685253590625 0.8178844937499999 0.7058971734374999 0.8434113484375001 0.7374631390624999 0.845306034375
3 0.6093045906250001 0.8692932531249999 0.6118618109375 0.8530789046875 0.6304558515625 0.7808036953124999 0.620103090625 0.7421666609375001 0.6006916625 0.669722225 0.5735156625 0.5683000125000001 0.5438753562499999 0.5607129671875 0.5052073515625 0.545192121875 0.488507996875 0.5859013671875 0.43184654218749996 0.6062601390625 0.40930827187499996 0.61229925 0.41577874843749996 0.636447396875 0.4487317203125 0.7207925296875 0.47521421718749995 0.78098951875 0.5319685828125 0.8382515640625 0.539070621875 0.851877721875 0.58291500625 0.8867170828125 0.6093045906250001 0.8692932531249999