3 0.2847646515625 0.6712509812499999 0.276122378125 0.6726197828125 0.25505418281250003 0.6714447796874999 0.242708078125 0.6734002109375 0.2235120109375 0.6800500703125001 0.2107082375 0.6911017421875 0.20354002968749998 0.70577270625 0.2023458421875 0.722204603125 0.201370896875 0.7440160265625 0.202805565625 0.7690553078125 0.2110508046875 0.8011372765625 0.21967389375000002 0.819623771875 0.2410613609375 0.8387957109374999 0.25904303125 0.8404595718750001 0.2775621875 0.8375264250000001 0.28309772187500004 0.8285283046874999 0.285357665625 0.8172473359374999 0.2849890328125 0.8164978703125 0.2872188 0.80260908125 0.290404328125 0.7867641625 0.291879034375 0.784694590625 0.2929927625 0.7791351921875 0.2967262171875 0.7778921546875 0.2976523546875 0.776592434375 0.3066926890625 0.7697463328125 0.31236765 0.7616285046875 0.3159714515625 0.748424465625 0.316209878125 0.733948696875 0.31816079531249997 0.7182993203125 0.3133809625 0.700106490625 0.3018309828125 0.6911073234375 0.2847646515625 0.6712509812499999
3 0.388460965625 0.8984684375 0.3985166703125 0.88604726875 0.40363393125 0.8744082687500001 0.40202044218750005 0.860225815625 0.3978579140625 0.8419352140624999 0.39590596875 0.8296111171874999 0.398215553125 0.8202215609374999 0.402655903125 0.812299275 0.40221741718750004 0.8015402203124999 0.399668378125 0.797432071875 0.3881386109375 0.79655108125 0.3738607734375 0.79430059375 0.36004060312499997 0.7829538625 0.346021403125 0.77434578125 0.3348896984375 0.7679874921875001 0.3188397625 0.7705295515625 0.2967262171875 0.7778921546875 0.291879034375 0.784694590625 0.285357665625 0.8172473359374999 0.29898905 0.8449612484375001 0.3080304125 0.8660886203124999 0.3203775453125 0.8921066625 0.340112128125 0.9088332671874999 0.3602245625 0.9119643984374999 0.376752378125 0.9084442749999999 0.388460965625 0.8984684375
3 0.80929731875 0.65494894375 0.81650595 0.656514334375 0.8232963062499999 0.655438846875 0.8317395484375 0.6568086953125001 0.8372356890624999 0.65954769375 0.84109915625 0.667959534375 0.843748225 0.68468509375 0.848985728125 0.6937816828125001 0.8620289546875 0.696227715625 0.8765058234374999 0.6957395562500001 0.8875375 0.6894804328124999 0.8962989859375 0.680873746875 0.8996239390625 0.6659091203124999 0.8971728734375001 0.6184714390625 0.8947228359375 0.5990072296875 0.8910381890625001 0.5797385625 0.8862583546874999 0.5615457328125 0.8767391109375 0.5413964250000001 0.8667621984375 0.5303433562500001 0.853499728125 0.522517796875 0.840317075 0.5191914734374999 0.8198065796874999 0.5215376421875 0.8043143421875 0.527600871875 0.7900769265625 0.5415867359375001 0.7820721703125 0.5509759421875 0.7736693515625 0.5658424484375 0.7712203421875 0.5743517125000001 0.767357903125 0.5939133437499999 0.7688915749999999 0.6035965625 0.772834859375 0.6165076375 0.779864671875 0.62892985625 0.7953579359375 0.650840096875 0.7989425546875 0.6574913515625 0.80929731875 0.65494894375
3 0.558799865625 0.9391675578124999 0.574013253125 0.9313437406249999 0.58050455 0.9203894921875 0.5857612359375 0.9096307875 0.5896438875000001 0.8981873312499999 0.5954380609375 0.88283161875 0.5996591671875 0.8695298062499999 0.6008533546875 0.8530979109375 0.5997177453125 0.8379373921875001 0.5972283140625 0.8302103015625001 0.5900792890625 0.8250259671875 0.5809389234375 0.81925465625 0.567955303125 0.8131896828125 0.5602485796875001 0.8044841796875 0.550013028125 0.7997887031250001 0.5446563125 0.7979299984375 0.5331265453125 0.7970490078125 0.5253208203125 0.8036995656249999 0.514389175 0.8225761 0.50933151875 0.8305961546875 0.5039354078125 0.84047456875 0.499096996875 0.853874153125 0.5036980093750001 0.882923809375 0.5111460953125 0.8979869046875001 0.5218201312499999 0.9134414359375 0.5280932140625 0.9250811328124999 0.537452821875 0.9362319703124999 0.5495402875 0.9406341312500001 0.558799865625 0.9391675578124999
3 0.040681415625 0.4725852546875 0.061890062499999995 0.502614021875 0.07571023125000001 0.513960753125 0.114341821875 0.5141587375000001 0.12166966718750001 0.50848624375 0.13098782343749998 0.47542725625 0.1464204546875 0.47298296874999995 0.1667117078125 0.465257271875 0.18290106875 0.4635955046875 0.19455005 0.45723861093749996 0.2012595609375 0.423690415625 0.2008008640625 0.404813184375 0.1957613640625 0.36500447343750003 0.19412766406249998 0.3427038421875 0.184090115625 0.3072962453125 0.1683180015625 0.2836254171875 0.15579205000000002 0.268464203125 0.125444065625 0.260637596875 0.1045951125 0.264842121875 0.0846423140625 0.2707094609375 0.06425103125 0.26581774375 0.0432626546875 0.2691419765625 0.0295829375 0.28664901249999997 0.0295435421875 0.2983861296875 0.025143615624999997 0.32254476875 0.0223965734375 0.3491487421875 0.0198485625 0.373014065625 0.023454420312499998 0.4157569703125 0.031759265625 0.4442199984375 0.040681415625 0.4725852546875
3 0.7680265921875 0.36640885 0.77772465625 0.37570133125 0.7974390265625 0.384309759375 0.8213149 0.38323532031249996 0.8388186875000001 0.38587724375 0.86044458125 0.3905734171875 0.8983588375 0.3782517609375 0.9118395234375001 0.363483375 0.91886830625 0.347932121875 0.9257172421875 0.31526421875 0.9248200609375001 0.2856279328125 0.9209757765625 0.257360796875 0.9136862984375 0.2233226984375 0.9010603171874999 0.195544071875 0.8902266453125 0.171091071875 0.8775612687500001 0.15504956406249998 0.8720449171875 0.1441923890625 0.8611920609375 0.139594684375 0.8502795984375 0.1386159234375 0.84209499375 0.1308884828125 0.83158059375 0.124432421875 0.8183383359375 0.12472503906250001 0.8044989828125001 0.1332336046875 0.7859202203125 0.13978569375 0.7706866203125 0.13949133281249998 0.7531434375 0.148586528125 0.7434666125 0.175385696875 0.739624384375 0.2030655046875 0.737972528125 0.22859364375000002 0.739905290625 0.2607730359375 0.744506303125 0.2898226921875 0.7468573390625 0.32464296406250004 0.75303141875 0.3516387203125 0.7680265921875 0.36640885
3 0.2410613609375 0.8387957109374999 0.25904303125 0.8404595718750001 0.2775621875 0.8375264250000001 0.28309772187500004 0.8285283046874999 0.2849890328125 0.8164978703125 0.2872188 0.80260908125 0.290404328125 0.7867641625 0.2976523546875 0.776592434375 0.3066926890625 0.7697463328125 0.31236765 0.7616285046875 0.3159714515625 0.748424465625 0.316209878125 0.733948696875 0.31816079531249997 0.7182993203125 0.3133809625 0.700106490625 0.3018309828125 0.6911073234375 0.2847646515625 0.6712509812499999 0.276122378125 0.6726197828125 0.25505418281250003 0.6714447796874999 0.242708078125 0.6734002109375 0.2235120109375 0.6800500703125001 0.2107082375 0.6911017421875 0.20354002968749998 0.70577270625 0.2023458421875 0.722204603125 0.201370896875 0.7440160265625 0.202805565625 0.7690553078125 0.2110508046875 0.8011372765625 0.21967389375000002 0.819623771875 0.2410613609375 0.8387957109374999
3 0.276122378125 0.6726197828125 0.25505418281250003 0.6714447796874999 0.242708078125 0.6734002109375 0.2235120109375 0.6800500703125001 0.2107082375 0.6911017421875 0.20354002968749998 0.70577270625 0.2023458421875 0.722204603125 0.201370896875 0.7440160265625 0.202805565625 0.7690553078125 0.2110508046875 0.8011372765625 0.21967389375000002 0.819623771875 0.2410613609375 0.8387957109374999 0.25904303125 0.8404595718750001 0.2775621875 0.8375264250000001 0.28309772187500004 0.8285283046874999 0.285357665625 0.8172473359374999 0.2849890328125 0.8164978703125 0.2872188 0.80260908125 0.290404328125 0.7867641625 0.291879034375 0.784694590625 0.2929927625 0.7791351921875 0.2967262171875 0.7778921546875 0.2976523546875 0.776592434375 0.3066926890625 0.7697463328125 0.31236765 0.7616285046875 0.3159714515625 0.748424465625 0.316209878125 0.733948696875 0.31816079531249997 0.7182993203125 0.3133809625 0.700106490625 0.3018309828125 0.6911073234375 0.2847646515625 0.6712509812499999 0.276122378125 0.6726197828125
3 0.388460965625 0.8984684375 0.3985166703125 0.88604726875 0.40363393125 0.8744082687500001 0.40177259374999996 0.86514545625 0.4014829546875 0.864822821875 0.3997502515625 0.8578782515625001 0.398993521875 0.8570957312499999 0.3948512046875 0.8469233046875001 0.3956095890625 0.8344756984374999 0.39467135781249996 0.8298066593750001 0.3970607609375 0.8249163390625001 0.398215553125 0.8202215609374999 0.402655903125 0.812299275 0.40221741718750004 0.8015402203124999 0.399668378125 0.797432071875 0.3881386109375 0.79655108125 0.3738607734375 0.79430059375 0.36004060312499997 0.7829538625 0.346021403125 0.77434578125 0.3348896984375 0.7679874921875001 0.3188397625 0.7705295515625 0.2967262171875 0.7778921546875 0.291879034375 0.784694590625 0.285357665625 0.8172473359374999 0.29898905 0.8449612484375001 0.3080304125 0.8660886203124999 0.3203775453125 0.8921066625 0.340112128125 0.9088332671874999 0.3602245625 0.9119643984374999 0.376752378125 0.9084442749999999 0.388460965625 0.8984684375
3 0.4661636609375 0.937596934375 0.48103859218749995 0.9316314765625 0.48814719375 0.9205794562499999 0.49517597812499997 0.9050282 0.4985807484375 0.8945628078125001 0.500810515625 0.8806740171874999 0.5005710609375 0.8671763140625 0.499096996875 0.853874153125 0.5013469749999999 0.8481035390624999 0.5008488828125001 0.8409634265625 0.500689246875 0.83196495625 0.5003305796874999 0.8257051375 0.49811999531250006 0.8197386328125 0.49501325781250005 0.8121093125 0.48621134843749997 0.8044796453125 0.47577676718750006 0.80252281875 0.46713449375 0.8038916203124999 0.45512684531250003 0.80398869375 0.4426413171875 0.8050638328125 0.4333817390625 0.8065304062499999 0.4056626109375 0.8073111828125 0.3970607609375 0.8249163390625001 0.39590596875 0.8296111171874999 0.3956095890625 0.8344756984374999 0.40177259374999996 0.86514545625 0.4107031375 0.8750933671875 0.41876852812500004 0.8900586921875 0.43109544843750003 0.90795855625 0.4382646859375 0.921261065625 0.445692559375 0.928205984375 0.4551117734375 0.93573788125 0.4661636609375 0.937596934375
3 0.673459 0.91198358125 0.6822002734375 0.8952587203125001 0.69058288125 0.8722740359375001 0.6947837765625 0.8508540468750001 0.6957789328125 0.8371608 0.6929904390625 0.8195549468750001 0.6911183125 0.8117300843749999 0.6778558421875001 0.8039045249999999 0.66570876875 0.8031213062500001 0.6542386078125 0.798621375 0.64481939375 0.791089478125 0.6341059625 0.7873720671875 0.6255232953125 0.7851219265625 0.617498328125 0.78639295625 0.609832028125 0.79392380625 0.6009513281250001 0.8097683765625 0.5977455890625001 0.8174951171875 0.5972283140625 0.8302103015625001 0.5997177453125 0.8379373921875001 0.6008533546875 0.8530979109375 0.5996591671875 0.8695298062499999 0.6021486 0.8772568968750001 0.6058726421875 0.8847884453124999 0.6175822578125 0.90278608125 0.6318207 0.9167736890624999 0.645979325 0.9262620625 0.6638811765625 0.9234266874999999 0.673459 0.91198358125
3 0.7731784546875 0.7545166437499999 0.7756880984375 0.7703619109375001 0.7749121859375 0.7894346859375 0.7785170156250001 0.8042041171875001 0.7877371984375 0.8144746640625 0.797833325 0.8182898468750001 0.8138236531249999 0.8193667281250001 0.8317851109375001 0.8129124125 0.8404465671875 0.7916883140625 0.8479128093750001 0.758922640625 0.8472550812499999 0.742784059375 0.8480309937499999 0.7237112828125001 0.8480703890625 0.711974165625 0.8469347812500001 0.696813646875 0.843748225 0.68468509375 0.84109915625 0.667959534375 0.8372356890624999 0.65954769375 0.8317395484375 0.6568086953125001 0.8232963062499999 0.655438846875 0.81650595 0.656514334375 0.80929731875 0.65494894375 0.7989425546875 0.6574913515625 0.7929887453125 0.6638485953125 0.78209649375 0.6709880109374999 0.765429253125 0.6736278421875 0.7442418453124999 0.6796907234375 0.7391841890624999 0.6877107796875 0.7355005703125 0.6964155859375001 0.7340275328125 0.711086896875 0.73811024375 0.724878265625 0.7431487140625 0.7367135046875 0.75051698125 0.7472773640625 0.760592896875 0.7429743703125 0.76600921875 0.7412141328125 0.7731784546875 0.7545166437499999
3 0.1665400828125 0.6719284062499999 0.19390157187499998 0.69286128125 0.20598903750000003 0.6972634421875 0.21831493124999998 0.687189834375 0.23366774375000002 0.6802463109375 0.26307915 0.67017375 0.2797261796875 0.6594157421875 0.28400689375 0.6424949875 0.28559914375 0.6205857906250001 0.2831086828125 0.584885228125 0.2773730890625 0.568648525 0.270323065625 0.5481081328124999 0.2627951625 0.5285458015625 0.2521009140625 0.5049730953125 0.2392961125 0.48805129375 0.22396248437500002 0.47513952187499997 0.204646175 0.46105379375 0.1879587234375 0.4555754484375 0.1782212640625 0.4580200859375 0.1667117078125 0.465257271875 0.1369416328125 0.46907001406250004 0.1331924859375 0.47507807187499995 0.1464204546875 0.47298296874999995 0.1276756828125 0.48717808125 0.12166966718750001 0.50848624375 0.1219889390625 0.5264831828125 0.123064940625 0.5452626421875 0.127427528125 0.5887880671875 0.138879534375 0.64111676875 0.1490756890625 0.6575493640625 0.1665400828125 0.6719284062499999
3 0.6930106515625 0.8276731234374999 0.6986270328125 0.8511477093750001 0.704422234375 0.8637654703125 0.710615496875 0.8709059328125001 0.7299914125 0.88137271875 0.7428750046875 0.8748202812500001 0.75026245625 0.865528846875 0.7638027468749999 0.84714151875 0.7710305625 0.8288516140625 0.774614153125 0.8075293968749999 0.77777946875 0.7835663015625001 0.7753890375 0.7604831484375 0.7734370921875 0.7481590515625001 0.76600921875 0.7412141328125 0.7542208125000001 0.746690734375 0.7536035078125 0.7467885062499999 0.7332324359375 0.7500149671874999 0.7241122828125001 0.7523618328125 0.715390190625 0.7492314 0.7002161984375 0.7453180984375 0.69219123125 0.746589128125 0.6855402984375 0.7485449078124999 0.67307498125 0.7577382218750001 0.6716817625 0.77690876875 0.67391255625 0.79099345 0.6748289234375 0.8007744421874999 0.6797875765625 0.8081104453125001 0.6911183125 0.8117300843749999 0.6930106515625 0.8276731234374999
3 0.808635478125 0.526916471875 0.8316748031250001 0.520560275 0.846490128125 0.5182137578125 0.8667621984375 0.5303433562500001 0.8777544781250001 0.535821353125 0.8866756015625 0.5362131375 0.9018091703125 0.5238900859375 0.9045764249999999 0.505404290625 0.903580240625 0.49112406562500005 0.8995369249999999 0.465595578125 0.8924869015624999 0.44505518437499997 0.8835253562500001 0.428427046875 0.86707633125 0.40847293437500004 0.862058071875 0.40475587187500006 0.8494129062500001 0.3968325390625 0.8378033203124999 0.39145231406250003 0.8180889484374999 0.382843884375 0.8013418890624999 0.38098448125 0.7974390265625 0.384309759375 0.7915054296874999 0.3987851796875 0.7851535578125 0.410619721875 0.779359384375 0.425975434375 0.77603443125 0.440940059375 0.7747402140624999 0.44475454531249997 0.7750200921875 0.474488603125 0.7773903109375 0.489453578125 0.7816124453125 0.5041252390625 0.7891201375 0.5155693921875 0.79957493125 0.5256443953125001 0.808635478125 0.526916471875