3 0 0.6451046953125 0.0059592265625 0.642311646875 0.024233029687499998 0.6259770265625 0.038967562500000004 0.6042579531250001 0.05077954375 0.5823345140625 0.058514096875 0.5557228390625 0.06934796875 0.519787815625 0.0793372859375 0.4889306984375 0.088737378125 0.45950008281250004 0.0887059578125 0.4389500296875 0.0917502859375 0.4164134953125 0.09235915624999999 0.393706659375 0.08312405625 0.37177916718750004 0.0708132078125 0.35183815625000003 0.0612206453125 0.335022634375 0.03860623125 0.3224334984375 0.0225047046875 0.31470290156249997 0.0143773421875 0.3119330265625 0 0.5093284875 0 0.6451046953125
1 0.47192935 0.593437875 0.49101234375 0.62852948125 0.51421205625 0.6257486515624999 0.5472518125 0.6082450125000001 0.574760715625 0.61383788125 0.5748706984374999 0.6402642453125 0.561322465625 0.68701724375 0.558647375 0.7462722 0.6056399515625001 0.7532275015625001 0.6491639671875 0.73278773125 0.670792421875 0.7034783546875001 0.6878838515625 0.6760532734375 0.6914663375 0.6528205203125 0.6860258406249999 0.6326260765625 0.6880881359375 0.582134496875 0.6858687359375 0.5298758046875001 0.684725653125 0.476224675 0.6704821375 0.511921271875 0.638593334375 0.51996531875 0.6078476328125 0.49066284375 0.6139441406249999 0.47347670312499995 0.6260350234375001 0.4405649875 0.62392560625 0.4147326609375 0.618304415625 0.3901224703125 0.6134531421875 0.3685015265625 0.5967584671874999 0.34825396875000003 0.57778545625 0.3395887265625 0.5345364171875 0.3350967546875 0.54098251875 0.375909371875 0.5276699703125 0.44029130156249996 0.5035824859375 0.476767246875 0.46833903125000004 0.49778605000000004 0.4565074046875 0.540989825 0.47192935 0.593437875
0 0.709740140625 0.6364858984375 0.724019003125 0.6352828171875 0.7358584796875001 0.6199659703125 0.7424931453125 0.6020836109375 0.7433848421875 0.5823319578125 0.739586315625 0.566655446875 0.7314039609375 0.5506723874999999 0.7225302515625 0.5375763921875001 0.7158091718749999 0.521695515625 0.716473034375 0.5122018609375 0.7139825828124999 0.49881837500000004 0.7072890000000001 0.4895440890625 0.700135821875 0.4868423328125 0.701086434375 0.494247328125 0.7060123453125 0.50780111875 0.7052463515625 0.518755334375 0.6996330093750001 0.5220320734375 0.6952256125 0.5290623984375 0.7018956249999999 0.5456735562499999 0.71489783125 0.562727503125 0.71987873125 0.589494475 0.7176553875 0.6142899734375 0.7117631453125 0.6285549890625 0.709740140625 0.6364858984375
1 0.7287131515625 0.645151140625 0.7652096921875 0.6132121828125 0.8021972500000001 0.595250746875 0.8259076249999999 0.58516710625 0.838442384375 0.58090665625 0.8559266234375 0.582863125 0.8692862921875 0.59480510625 0.8814675140625001 0.6096000890625 0.8786588703125 0.6497655531250001 0.8669254515624999 0.6775653015625 0.8522969765624999 0.711767278125 0.8371264187499999 0.7327220109375 0.8272863750000001 0.74744481875 0.8704254312499999 0.725510428125 0.9019764171875 0.7012980125 0.9169427109375 0.6832644046875 0.9245240640624999 0.6588435734375 0.9279533515624999 0.637801665625 0.9243040984374999 0.6059908453125 0.918042615625 0.5835374390625 0.9135173859375 0.536254471875 0.91396913125 0.5017950156250001 0.9178344453125 0.48151744687500003 0.905283984375 0.4300040421875 0.8872498125 0.386913403125 0.8742711765625 0.362522584375 0.8654485328125 0.3486963078125 0.8475518375 0.3386386234375 0.8307589562500001 0.333795090625 0.8131961546875001 0.3259623125 0.8241989265624999 0.3436102984375 0.8172303671875 0.35926775312500003 0.8143392374999999 0.37961344218750004 0.8192415765625001 0.40050410625 0.815580528125 0.4178605484375 0.8053044593750001 0.4318190171875 0.794871265625 0.434024865625 0.7883308812500001 0.42255973593749996 0.78473661875 0.4039621015625 0.78283539375 0.38915211250000004 0.7722450765625 0.379605340625 0.7648129953125 0.3878918640625 0.7638466625 0.41571066874999996 0.7631867265625 0.43914778749999994 0.7553225453125 0.46061343125 0.7470969765625 0.47324758125 0.7321778250000001 0.47660744531250004 0.7219488968750001 0.47589216875 0.6984938515625 0.4823244046875 0.6901386546875 0.48981252499999994 0.686795778125 0.544617671875 0.6904489578125 0.590371953125 0.69522559375 0.62006005 0.6941335578125 0.656676290625 0.7002889828125001 0.6666467968750001 0.7287131515625 0.645151140625
0 0.147192321875 0.47753084062499995 0.149321384375 0.48208283124999995 0.158395434375 0.4783142390625 0.16639316875000001 0.4759380859375 0.177828040625 0.48040695 0.1848280203125 0.48529954843749995 0.1941102609375 0.49255329375 0.20021069374999997 0.4893106171875 0.20072135625 0.48200780625000006 0.202972196875 0.4638189 0.20501877031250001 0.4485511171875 0.20704177499999998 0.44062020625000003 0.20745030468749998 0.43477795781250006 0.20353 0.44184234375000003 0.1960193578125 0.44425255625000004 0.1882258875 0.44370758437499996 0.1756636328125 0.44136144218749995 0.169688903125 0.43580668281249996 0.1651754484375 0.4303541078125 0.1622254015625 0.4235431515625 0.1562271015625 0.425325265625 0.155229346875 0.432594015625 0.1545144203125 0.44281795312499994 0.1529274421875 0.4515132046875 0.1492899640625 0.46153277656249997 0.14765191875 0.4709583109375 0.147192321875 0.47753084062499995
0 0.2637211765625 0.52604119375 0.2609518234375 0.5236459859375 0.2585163640625 0.5234756828125 0.2559787734375 0.524765940625 0.2526712625 0.5230669531250001 0.2507739625 0.522200428125 0.252800890625 0.52821298125 0.253570809375 0.5312022265625 0.2576993046875 0.5351601796875001 0.26257022343749997 0.5355007875 0.2667733546875 0.5313915875 0.2637211765625 0.52604119375
3 0.2616627875 0.6814738921875 0.2743585953125 0.7029095265625 0.2960498921875 0.714700259375 0.32217215625 0.7121237921875 0.3336306 0.709255784375 0.3474459390625 0.7006817703125 0.373485715625 0.6782855328124999 0.38140488906250003 0.6700330703125 0.3960097921875 0.643167965625 0.405999109375 0.6123108484374999 0.411117509375 0.5811131234375 0.4187224328125 0.549355421875 0.4176107703125 0.5162543453125 0.4127359265625 0.501970275 0.40924379687499995 0.481912075 0.4088470625 0.4385870625 0.41035547812499995 0.4240155 0.40860745156249995 0.40701466875000003 0.3995019796875 0.39023320781250004 0.387065428125 0.37908963125 0.37906376875 0.36752231874999997 0.3645767171875 0.3577030609375 0.35168056875000003 0.3531320140625 0.3341452640625 0.351905825 0.3139977296875 0.36003704999999997 0.3036430984375 0.3681192078125 0.2924439125 0.3812792734375 0.2842969046875 0.3997897328125 0.2825842234375 0.41728242031249996 0.278204321875 0.4309193359375 0.2713889609375 0.4443859484375 0.2671111921875 0.45656230156250005 0.259219515625 0.4714213546875 0.25271447812500003 0.49444974531249997 0.248951296875 0.5132667515625 0.24395860156250002 0.535667040625 0.2425798125 0.55538463125 0.2427172921875 0.5884175875000001 0.24600515625 0.6113969109374999 0.25062859375 0.64327585 0.25391645937499996 0.6662551734375 0.2616627875 0.6814738921875
1 0.305595353125 0.56419421875 0.32215255 0.5514088234375001 0.331662625 0.548404571875 0.33994711093749996 0.56292706875 0.3431053484375 0.5807603640625 0.350364584375 0.5959450187499999 0.3641602796875 0.608651340625 0.37982185468749996 0.60167413125 0.39173989374999996 0.59223359375 0.4036265109375 0.5622430031250001 0.4077235859375 0.5456508999999999 0.41108216249999996 0.5466196078125 0.41836104374999994 0.5405239265625 0.4163301890625 0.5205679109375 0.41278699375 0.5012399921874999 0.4092948640625 0.48118179375 0.40931450937499997 0.45990145781249997 0.40600307343750003 0.4442590078125 0.4042039796875 0.42798845781250006 0.3924352140625 0.4212946890625 0.3765654484375 0.41724955937499997 0.36041678125 0.42419270625000005 0.33114020625 0.42287934062500004 0.320475253125 0.421399721875 0.3111419453125 0.41487625625 0.3049629515625 0.41224262500000003 0.29742481249999997 0.408046246875 0.2862727671875 0.40653256562499995 0.2823524625 0.413596953125 0.27723013750000003 0.4308512140625 0.26652196875 0.45798880468750003 0.261167884375 0.47155759843749995 0.2545332171875 0.489439959375 0.2484170640625 0.527906434375 0.25395576875 0.5326968515625 0.26257022343749997 0.5355007875 0.26936593750000004 0.5433145125000001 0.27842034375 0.5608262546875 0.287164425 0.5687762203125 0.305595353125 0.56419421875
0 0.5904419359374999 0.5855803374999999 0.5987932078125 0.5641487546875 0.6049447078125 0.5601757968750001 0.6140187578125 0.556407203125 0.6215804656249999 0.553266709375 0.6234777671875 0.5541332328124999 0.6279165843750001 0.5676529625 0.6315344171875 0.5789137281250001 0.6330742546875 0.5848922203125 0.6314362109375 0.594317753125 0.6291303796875 0.5992934765625 0.62667135 0.606460046875 0.6400035234375 0.6117954343750001 0.6468974453125 0.60420513125 0.6522279609375 0.597973209375 0.6526364906250001 0.5921309609375001 0.6525068625 0.5869849312500001 0.649297559375 0.5698819187499999 0.64831945 0.5558703328125 0.6513402078125 0.540670671875 0.651953003125 0.5319072984375001 0.645671875 0.5307342265625 0.6337538359375 0.540174765625 0.62375666875 0.54314495625 0.6187325515625 0.544995190625 0.6150165125 0.549138453125 0.6069677109375 0.5522448859375 0.591282565625 0.5665589671875 0.5847225375 0.5763741734375001 0.5826995328125 0.5843050843750001 0.5904419359374999 0.5855803374999999
0 0.7512450984375 0.54692285 0.75368055625 0.5470931546875 0.751908959375 0.5374291953125 0.7515475703125001 0.5285977 0.7485975234375 0.52178674375 0.7455728406250001 0.5230429421875 0.7436755390625 0.52217641875 0.7422653296874999 0.5213439531249999 0.744728284375 0.5281208484375 0.74708910625 0.53635830625 0.748577878125 0.5430670796875 0.7490414000000001 0.5504380125 0.751323659375 0.5527991609375 0.7512450984375 0.54692285
0 0.830566465625 0.37854660625 0.8335165124999999 0.3853575625 0.8383874312499999 0.38569816874999996 0.84138461875 0.3778353796875 0.84497495625 0.3824895546875 0.8453088484375 0.3847144578125 0.8436708046874999 0.394139990625 0.8474889765625001 0.3885361671875 0.8494884109375 0.38794212968749997 0.8526937890624999 0.3911016796875 0.8595130734374999 0.3915785296875 0.8661791609374999 0.394246225 0.86817466875 0.3797087234375 0.8651460609375 0.36702145625 0.86150465625 0.363097565625 0.8491741625 0.3644368890625 0.8465855046874999 0.3664574296875 0.84189528125 0.37053256874999996 0.834152878125 0.36925731562499997 0.83222808125 0.3617842 0.8320473875 0.3573684515625 0.82879094375 0.35493918281250003 0.827046840625 0.351881815625 0.8259233828125 0.367948 0.8204160999999999 0.383707640625 0.820545728125 0.3888536671875 0.8243364046874999 0.376643253125 0.8286927359374999 0.370343209375 0.830566465625 0.37854660625
0 0.9025774562500001 0.559706596875 0.904349053125 0.5693705546875 0.9077351265625 0.576945853125 0.9108383718749999 0.5815659656250001 0.9151711312499999 0.58260279375 0.91670704375 0.574637821875 0.91421659375 0.5612543359375 0.9106498265624999 0.549263290625 0.9103120078125 0.533094921875 0.910154884375 0.521342303125 0.910202025 0.5066685578125 0.9133524109375 0.4966149265625 0.9167345578124999 0.49024676093749997 0.9172452203124999 0.48294395 0.9117065171875 0.4781535328125 0.9064506390625 0.47631830312499995 0.90181148125 0.4796631609375 0.8934287875000001 0.48054468906250003 0.8965831 0.4844345203125 0.90155615 0.4833145671875 0.9069141593750001 0.483689234375 0.9067373906249999 0.49321695 0.9047418828125 0.507754453125 0.9028995734375 0.520101109375 0.9014932890624999 0.5332121109375 0.90052303125 0.5470874515624999 0.9025774562500001 0.559706596875
3 0.080676784375 0.5117737796874999 0.0816588171875 0.539728828125 0.0834814828125 0.5486625046875 0.089255871875 0.5710818515625 0.09728502812499999 0.5892557546875 0.1066968953125 0.601655528125 0.11572380468750001 0.61256068125 0.1323634890625 0.6195950578125 0.1487203453125 0.6236742468750001 0.1640755234375 0.621078725 0.17973709843750002 0.6141015171875 0.205804371875 0.59831186875 0.21802880781249998 0.5844896453125 0.23468421093749997 0.5563002203125 0.24385646875 0.537127603125 0.25514993750000003 0.49462004843749996 0.2671111921875 0.45656230156250005 0.2722610125 0.4459146328125 0.28140577499999997 0.4201354234375 0.2872194546875 0.399994096875 0.28797759843750004 0.361152953125 0.2876397796875 0.3449845859375 0.2840690875 0.3190500765625 0.27627169375 0.30456164218750004 0.2632930578125 0.2801708203125 0.2539086859375 0.2743776375 0.2372179359375 0.2680735421875 0.2210142765625 0.26180350625000004 0.20129884374999998 0.25675560937499997 0.186198996875 0.25569972500000004 0.1684083609375 0.2581249421875 0.14831189218750002 0.2655258859375 0.1333181046875 0.276952903125 0.1232463 0.287990246875 0.1149185984375 0.3020849578125 0.10882209062499999 0.3192710984375 0.10164926562500001 0.337849678125 0.0951717234375 0.3674846578125 0.09186813906249999 0.379729134375 0.0887020328125 0.42500656562500005 0.08747644375 0.4425333125 0.0852805953125 0.47393540312500004 0.08287655625 0.49431515312499996 0.080676784375 0.5117737796874999
3 0.84482168125 0.7486710078125001 0.87299051875 0.730826759375 0.907181228125 0.7038635249999999 0.9226817546875001 0.6711902328125 0.929850653125 0.6386681890625 0.9225599953125 0.602933478125 0.9152968343750001 0.5738053578125 0.9138277078125 0.5458162484375 0.9130224437500001 0.5083334859375 0.9182194046875001 0.483012071875 0.9139573562500001 0.459964625 0.90633673125 0.4359484734375 0.8955107281249999 0.4087727734375 0.8885578890625 0.3892064296875 0.877629753125 0.36349129062499996 0.8688581750000001 0.3489347328125 0.8419110015625 0.3353087703125 0.823527215625 0.325217025 0.79465916875 0.3180614109375 0.7661760828124999 0.31240041875 0.7447440421875 0.31090174375 0.7237244578124999 0.317504284375 0.7021156484375 0.3255333265625 0.6903272375 0.34011989374999996 0.6764411859374999 0.370704525 0.6715231265625 0.3850376609375 0.671554546875 0.405587715625 0.6794305031250001 0.4259524609375 0.6817441859375 0.4488636625 0.686006234375 0.47191110781249995 0.6880881546875 0.49113684375 0.68768355 0.5109225562499999 0.688076359375 0.54030410625 0.6890348234375 0.575596028125 0.6919141578125 0.6044176 0.6940000046875 0.6375867984375 0.69128956875 0.6623482359375 0.6859590546875001 0.6685801578125 0.6898125734375 0.697469853125 0.6961526171875 0.7257995687500001 0.724203603125 0.7446396828124999 0.758252890625 0.76169768125 0.8001427859374999 0.7646269078125 0.84482168125 0.7486710078125001
0 0.303273840625 0.42239843906249996 0.3073748390625 0.41974980000000006 0.31186079843750003 0.41859578593749996 0.3124500234375 0.4171692828125 0.3066049203125 0.41676055312500004 0.3047586859375 0.4151637484375 0.302861384375 0.4142972234375 0.30237429374999997 0.4142631625 0.29929854375 0.4162496421875 0.29519754374999996 0.41889828125 0.2945061875 0.42178534531249995 0.294301921875 0.42470646875 0.2986346828125 0.425743296875 0.303273840625 0.42239843906249996
0 0.86347651875 0.719887546875 0.8709360937499999 0.7182076140625 0.8733440578125 0.711771328125 0.87949555625 0.7077983703124999 0.8832626625 0.702924828125 0.8861066515625 0.6972528812500001 0.8794680609375 0.7011917796875 0.873878290625 0.6971316453124999 0.8685163546875 0.6828135125 0.8666190546875001 0.6819469875 0.8636218671875 0.6898097765625 0.8597015609374999 0.6968741625 0.8548581390625 0.703140146875 0.8511420984375 0.7072834078125 0.84576051875 0.7142456125 0.8434546875000001 0.7192213359374999 0.8485063 0.7239776921875001 0.8551959578125 0.7193085140625 0.86347651875 0.719887546875
3 0.420411525 0.6301972609375001 0.42634303906250004 0.6643692265625 0.43276164531249994 0.6985752546875 0.4392548875 0.724714128125 0.45287381406250005 0.7469481640625 0.47584569062500004 0.75442533125 0.49697133437499996 0.7603056921875 0.5298107515625 0.759666640625 0.5564711734375 0.756393953125 0.5918992484375 0.7537343609375 0.6215332859375 0.749935759375 0.640502371875 0.7446575390625 0.65705956875 0.731872140625 0.6823255015624999 0.6925431921875 0.693387209375 0.646350171875 0.6928883421875 0.6044857218749999 0.6879585078125 0.5769884671875001 0.68853595625 0.533731575 0.685503421875 0.507100846875 0.686524746875 0.49249522343749996 0.6912621109375 0.47374633906249997 0.6868979296875 0.45215945625 0.6755298437499999 0.4117365125 0.65634864375 0.39204893125 0.6309884484375 0.369727715625 0.6119879421875 0.35445588125 0.5859363890625 0.3350217296875 0.5591424140625 0.3192049234375 0.5428876890625001 0.313665171875 0.5168911281249999 0.30744420156249996 0.49525482343749994 0.3088666515625 0.472467565625 0.31974869687499996 0.45283854375 0.3484640359375 0.44989634843750004 0.36954000625 0.434914334375 0.42279741406250004 0.4297173734375 0.448118828125 0.42380548593749995 0.48366418125 0.42117361249999996 0.5143019265625 0.4181096375 0.558118796875 0.41773645468750004 0.5984545640625 0.420411525 0.6301972609375001
0 0.3375823828125 0.44974849531250005 0.3396053875 0.441817584375 0.338116615625 0.4351088109375 0.3331671359375 0.42889189375000003 0.32703920625 0.425527978125 0.325628996875 0.424695515625 0.3251694015625 0.4312680453125 0.3247098046875 0.43784057499999995 0.324430903125 0.4488288546875 0.3260218078125 0.45407706406250004 0.330892725 0.45441767187500004 0.3375823828125 0.44974849531250005