3 0 0.650955465625 0.0012921625 0.659479503125 0.0063559734375 0.676845390625 0.013155695312499998 0.692631171875 0.0226363328125 0.7030466296875 0.0347978875 0.7080917624999999 0.045696037499999995 0.7128218937499999 0.0599119015625 0.720392140625 0.071600953125 0.727332384375 0.0828175 0.736167734375 0.095451559375 0.739317759375 0.1090306265625 0.7386775671875 0.121664684375 0.741827590625 0.13556215 0.74529261875 0.1496137203125 0.7427573171875 0.1657195984375 0.742747128125 0.178826159375 0.74400204375 0.1906693171875 0.7449419578125 0.20598429375 0.7427216578125 0.2197174640625 0.7360811359375 0.2334506359375 0.7294406140625 0.245602003125 0.7183798703125001 0.2590167765625 0.707634128125 0.2732224515625 0.699098496875 0.28537381875 0.6880377515625 0.3005245015625 0.6757119031250001 0.3131483734375 0.66275605 0.3252997390625 0.6516953062499999 0.340450421875 0.6393694578125 0.3526017890625 0.6283087125 0.3675983671875 0.62198319375 0.379749734375 0.6109224484375 0.39237360468750004 0.5979665953125 0.405788378125 0.587220853125 0.4166763390625 0.57584510625 0.42392818906249996 0.557524021875 0.42991663124999996 0.5388879359375001 0.4338507671875 0.5177267375 0.4365214953125 0.496250534375 0.43951062343749997 0.47887955312499997 0.44044544218750004 0.45898345625000003 0.44011685468749995 0.43877235781249996 0.43978826875 0.4185612609375 0.4394596828125 0.3983501625 0.44165790781250003 0.37876906875 0.44385613125 0.359187975 0.4473177640625 0.339921884375 0.4550421171875 0.3197056921875 0.463557371875 0.3016996109375 0.47080921875000004 0.283378528125 0.475061753125 0.2663225484375 0.48105019687499995 0.2476864625 0.48451182656249997 0.2284203703125 0.47929390937500005 0.21705481249999997 0.47249418906249996 0.20126903125 0.46395855937499997 0.1870633546875 0.452742009375 0.1782280046875 0.4429429734375 0.1637073265625 0.43346233593749994 0.15329186875 0.42098238125 0.144141515625 0.4110292390625 0.13562116562499998 0.4015486015625 0.125205709375 0.39033205312499997 0.1163703578125 0.378324603125 0.1053248953125 0.3666355515625 0.098384653125 0.3549465015625 0.0914444109375 0.34104903593749997 0.08797938281249999 0.3279424734375 0.0867244671875 0.312627496875 0.0889447671875 0.299520934375 0.0876898515625 0.28515096562500003 0.0861199328125 0.2698359890625 0.08834023125 0.256575321875 0.09308564531249999 0.2425237515625 0.095620946875 0.22847218281249998 0.09815624843750001 0.21315720625 0.10037654843749999 0.20068744062500002 0.107332071875 0.1872726671875 0.118077815625 0.1721219859375 0.13040366406249998 0.15697130312500002 0.14272951250000002 0.14561083749999998 0.15600036718750002 0.1370955828125 0.1740064484375 0.1323705453125 0.1929575375 0.1361709515625 0.2100084234375 0.14470658281249998 0.2242140984375 0.14977039375 0.2415799859375 0.14504535624999998 0.260531075 0.1365301015625 0.2785371546875 0.12927825312500002 0.2968582390625 0.1237623140625 0.313599215625 0.11730136718749999 0.3341304109375 0.1138397359375 0.3533965015625 0.11164151093750001 0.37297759531249997 0.1107066921875 0.392873690625 0.084370025 0.444681821875 0.07917248437499999 0.46552801875 0.07491995 0.48258399843750005 0.0684590046875 0.50311519375 0.06199805781249999 0.5236463890625 0.054746209375 0.5419674718749999 0.0462309546875 0.5599735531250001 0.036452293749999996 0.57766463125 0.02224661875 0.5862002625 0.008513446875 0.592840784375 0 0.6062377609375 0 0.650955465625
1 0.30290868125000003 0.45085961562500004 0.304654778125 0.4653853859375 0.3111361015625 0.4770659484375 0.318408325 0.49095662031250004 0.325362153125 0.5007420734375 0.3343702875 0.513052640625 0.34132411406249996 0.5228380921875 0.3530131640625 0.529778334375 0.363592915625 0.5304032453125 0.38016110937500003 0.5123920703125 0.38664243125 0.5240726328124999 0.3948596640625 0.5341730874999999 0.40527512187500003 0.5246924500000001 0.4090551515625 0.509531578125 0.4030463328125 0.49595590781250004 0.40682636250000004 0.48079503749999997 0.4106063921875 0.46563416718750006 0.41359551874999995 0.448263184375 0.41611214375000005 0.4327873109375 0.4161019546875 0.4166814328125 0.417355171875 0.4008905578125 0.4170265859375 0.380679459375 0.4165438953125 0.366468690625 0.4110075796875 0.3509979109375 0.3996369265625 0.34816288906250004 0.38826627343750003 0.3453278671875 0.3768956203125 0.34249284375 0.3642615609375 0.3393428203125 0.3532093078125 0.34061301718750003 0.3412120453125 0.3456734328125 0.3268522640625 0.3602093921875 0.317227709375 0.3719001421875 0.30965746250000004 0.38611600625000003 0.304141521875 0.4028569828125 0.3003614921875 0.418017853125 0.2998991765625 0.43601884062499996 0.30290868125000003 0.45085961562500004
1 0 0.5125326734375 0.0016729734375 0.512631490625 0.010516814062500001 0.5148365078125 0.0199872640625 0.5091460875 0.022031384374999997 0.49556532343750004 0.02407550625 0.48198455781250005 0.026119625 0.46840379375 0.0269003390625 0.45450802812499996 0.02120991875 0.4450375765625 0.011739468749999999 0.4507279984375 0.00226901875 0.45641841875000005 0 0.45807875 0 0.5125326734375
3 0 0.6005901234375 0.0067775375 0.594420890625 0.02224661875 0.5862002625 0.0343979859375 0.5751395171875 0.04575845 0.5618686625 0.0550646078125 0.5460726921875 0.0610530515625 0.52743660625 0.0662505921875 0.506590409375 0.07350243906250001 0.488269325 0.0812267921875 0.46805313281250005 0.08721523437499999 0.449417046875 0.09194027187500001 0.43046595937500004 0.10171893437499999 0.41277488125 0.109761684375 0.3966639078125 0.11622263125000001 0.37613271406250004 0.1184106671875 0.3404457421875 0.1213997953125 0.32307475937499996 0.1286516453125 0.30475367656249996 0.13416758281250002 0.2880127 0.140156025 0.2693766140625 0.14740787500000002 0.2510555296875 0.14960610000000002 0.2314744359375 0.1420154765625 0.21347854375000003 0.126053515625 0.191382525 0.11751788437499999 0.17717685 0.1063013375 0.1683414984375 0.0946122859375 0.16140125624999999 0.0819782265625 0.15825123125 0.06966256562499999 0.1592064265625 0 0.43860771875 0 0.6005901234375
3 0.3536283015625 0.7533655203125 0.355692796875 0.7719965125 0.3647009328125 0.784307078125 0.3759174796875 0.7931424296875 0.386661525 0.8038728890625 0.3951971546875 0.818078565625 0.40467779375 0.828494021875 0.4154218375 0.8392244828125 0.424902475 0.8496399406249999 0.435174015625 0.862265509375 0.444654653125 0.872680965625 0.45319028437500003 0.8868866421874999 0.4609350140625 0.89888220625 0.47167905781249997 0.909612665625 0.4819505984375 0.9222382343750001 0.49316714531250005 0.9310735859375001 0.5035927921875001 0.937698825 0.5160727453125 0.9468491796875 0.527915903125 0.9477890921875 0.5410224640625 0.9490440078125 0.5541290265625001 0.950298925 0.5684989953125 0.9518688421875 0.581287159375 0.9490185390624999 0.5954928359375 0.9404829078124999 0.6071716984375 0.931317271875 0.6209048703125 0.92467675 0.634638040625 0.918036228125 0.6497887234374999 0.9057103796874999 0.6619400921875 0.8946496343750001 0.6725096546875 0.8791686671875001 0.6818158125 0.8633726984375001 0.69112196875 0.8475767281250001 0.7040642375 0.8387260953125001 0.719060815625 0.832400575 0.7332664906249999 0.82386494375 0.7457362562500001 0.8169094203125 0.7607328328125 0.8105838999999999 0.775883515625 0.7982580515625 0.7916608078125 0.778036765625 0.8057021890625 0.7593955859375 0.8137449406249999 0.7432846140625 0.8247870078125 0.7259085375 0.83203885625 0.707587453125 0.8380273 0.68895136875 0.8427523359375 0.6700002796875 0.8521820343750001 0.599886346875 0.8505900421874999 0.5793602453125 0.8507339593750001 0.5572540390625 0.8499328671875 0.5389380484374999 0.8458140640625 0.51778194375 0.840750253125 0.50041605625 0.8374223515624999 0.48147006093750006 0.8315676359375 0.4618940625 0.8282397343750001 0.4429480671875 0.8279111484375001 0.42273696875000005 0.8245832468750001 0.403790975 0.8212553437500001 0.38484498125 0.8166640359375 0.3655839828125 0.8076559015625 0.3532734171875 0.7986477671875 0.34096285000000004 0.789167128125 0.33054739375 0.7788955875 0.317921825 0.768942446875 0.309401475 0.7577258984374999 0.300566125 0.7447734406250001 0.2933108796875 0.733084390625 0.2863706375 0.7196594281250001 0.2810105015625 0.705443565625 0.2734402546875 0.6928095062499999 0.2702902296875 0.68064795 0.26524509531249996 0.667222990625 0.259884959375 0.6520621203125 0.2561049296875 0.6381646546875 0.252639903125 0.6228496781249999 0.2548602015625 0.607534703125 0.2570805015625 0.5939556359375 0.2577206953125 0.5786406609375 0.25994099375 0.5637981875 0.260266184375 0.5484832109375 0.262486484375 0.534750040625 0.26912700625 0.5210168687500001 0.275767528125 0.5063386890625 0.28619826718749997 0.49418732343749994 0.2972590125 0.48235435468750004 0.3124249765625 0.4738391 0.3304310578125 0.4653238453125 0.34843713906249996 0.455545184375 0.3661282171875 0.4470299296875 0.3841342984375 0.4410414859375 0.402770384375 0.43837075781249996 0.4242465859375 0.43869934375 0.444457684375 0.440763840625 0.4630886765625 0.43603880312500004 0.482039765625 0.43431308281250003 0.49972574999999997 0.4295880453125 0.5186768390625 0.42644481093750003 0.5420481484375 0.421719775 0.5609992375 0.41573133125000006 0.5796353234375 0.4027890625 0.58848595625 0.3901651921875 0.6014418109374999 0.3753430953125 0.63397875625 0.36982715625 0.650719734375 0.362102803125 0.6709359265625 0.359432075 0.692412128125 0.3575522484375 0.7160984421875 0.3553540234375 0.7356795359375 0.3536283015625 0.7533655203125
0 0.059235635937499996 0.40016968750000004 0.061906365625 0.3786934859375 0.0535350265625 0.374593359375 0.0516552 0.3982796734375 0.059235635937499996 0.40016968750000004
1 0.1527786125 0.5040092609375 0.156733125 0.5150598171875 0.1646319578125 0.521055053125 0.1734757984375 0.5232600703125 0.1835830453125 0.5257800890625 0.1925809921875 0.521984778125 0.201260540625 0.5140842453125 0.20835828437499998 0.5017634921874999 0.21166581093749998 0.48849772968750005 0.21118311875 0.4742869609375 0.204229290625 0.4645015078125 0.1968029609375 0.4566111640625 0.190167534375 0.45093093125 0.1822687 0.444935696875 0.172161453125 0.44241567656249997 0.1623726046875 0.4440008765625 0.15369305625000002 0.451901409375 0.14785871718750002 0.464537165625 0.1488139140625 0.4768528265625 0.151032515625 0.4894834890625 0.1527786125 0.5040092609375
1 0.3189419578125 0.58569678125 0.32541309375 0.5812714640625 0.32982991875 0.574321034375 0.3284022203125 0.5639004828124999 0.3260295125 0.5572701484375 0.32018498906250004 0.5538000265624999 0.31892158125000003 0.553485025 0.31213205 0.553805121875 0.30645181718750003 0.56044055 0.30535270312499996 0.5702310953125 0.30898881562499997 0.5771764328125 0.3126249296875 0.58412176875 0.3189419578125 0.58569678125
0 0.050659253125000005 0.3215405 0.0576028921875 0.315220075 0.0550658921875 0.2984841921875 0.041959329687500005 0.29722927499999996 0.0342247890625 0.3013395890625 0.03327978125 0.3051298078125 0.04276041875 0.315545265625 0.050659253125000005 0.3215405
1 0.50312285625 0.44441693281249994 0.49649761562499994 0.45484257812499995 0.493190090625 0.468108340625 0.491618475 0.4797939953125 0.49131026406249995 0.49179465312500004 0.488475240625 0.50316530625 0.48564021874999996 0.5145359593750001 0.48154179218750004 0.5255916109375 0.47744336406250004 0.5366472609375 0.47587174687499995 0.5483329171875 0.47556353749999997 0.560333575 0.4769912359375 0.5707541265625 0.48015484375 0.579594571875 0.4823734453125 0.5922252343750001 0.48380114374999994 0.6026457859375001 0.488228159375 0.6118012328125 0.4948635875 0.617481465625 0.49976310625 0.6247418046875 0.5063985343749999 0.6304220375 0.5152423749999999 0.6326270546874999 0.5228228109375 0.6345170687499999 0.53087575 0.634511975 0.538456184375 0.636401990625 0.54414660625 0.645872440625 0.546837709375 0.65660799375 0.5500013203125 0.6654484390625 0.5501656125000001 0.6755539890625 0.5498574015625 0.687554646875 0.5500216953125 0.6976601953125 0.5509768921875 0.70997585625 0.5506686796875 0.7219765140625001 0.5503604703125 0.733977171875 0.55652339375 0.7415525140625 0.563158821875 0.747232746875 0.5707392578125 0.7491227609375 0.5795830984375 0.7513277781250001 0.5898444515625 0.7478474687500001 0.5980514953125 0.7418420453125 0.60420423125 0.733311509375 0.612092878125 0.723200865625 0.6202999218749999 0.7171954421875 0.6356148984375001 0.71497514375 0.6449312421875 0.7152850515625 0.6545659859375 0.71970018125 0.6612014140625 0.7253804125000001 0.6678368421875 0.7310606453124999 0.6744722703125 0.736740878125 0.6806351937499999 0.74431621875 0.6855347125 0.7515765578125 0.69043423125 0.758836896875 0.698168771875 0.7547265828125 0.7058727484375 0.7022986343750001 0.7124979890625001 0.6918729890625 0.7173873171875 0.68302745 0.7222766484375 0.6741819109375 0.7289018890625 0.6637562640625 0.7363180296875 0.6555407296875 0.7429432703125001 0.645115084375 0.7490960062500001 0.6365845484375 0.75619375 0.62426379375 0.761555584375 0.6135231453125 0.76439060625 0.6021524921875 0.7654897187499999 0.5923619453125 0.7675338390625 0.57878118125 0.7678420499999999 0.5667805234375 0.7656234468750001 0.5541498609375 0.7624598390624999 0.545309415625 0.7580328234375 0.5361539671875 0.7536058109375 0.5269985203124999 0.746497878125 0.523213396875 0.73891744375 0.52132338125 0.7300736015625 0.5191183640625 0.7220206625000001 0.5191234578125 0.7152311296875 0.5194435546875 0.705914784375 0.5191336453125001 0.6965984390625 0.5188237375 0.6885455 0.51882883125 0.6804925609375 0.518833925 0.672439621875 0.5188390203125001 0.66106896875 0.516003996875 0.6539610375 0.5122188734375 0.6452713015625 0.504013528125 0.63958088125 0.49454307656249996 0.63815318125 0.48412252499999997 0.6392522953124999 0.4743319796875 0.6458775343750001 0.46390633281250004 0.652975278125 0.4515855796875 0.657546209375 0.43863481875000004 0.661172134375 0.429474278125 0.667006471875 0.4168385203125 0.66984149375 0.4054678671875 0.672676515625 0.3940972140625 0.6717213203125 0.38178155468749997 0.6695027203125 0.3691508921875 0.6638122984375 0.359680440625 0.6559134656250001 0.35368520625 0.648805534375 0.34990008281249996 0.6407525953125 0.3499051765625 0.6322271515625 0.3518053796875 0.6222841984375 0.35939090937499996 0.61360465 0.36729144062499997 0.6057160046875001 0.377402084375 0.600035771875 0.3840375125 0.5913562234375 0.39193804375 0.5844125859375 0.39825846875000004 0.576205540625 0.4042638921875 0.567998496875 0.410269315625 0.5586821515625 0.40995940624999994 0.551101715625 0.40806939218749994 0.5477840015625 0.4052292765625 0.539104453125 0.41312980781249997 0.532160815625 0.4194502328125 0.5244262749999999 0.423560546875 0.515428328125 0.427355859375 0.5080121875 0.43557139375 0.50312285625 0.44441693281249994
0 0.2314702140625 0.34447964531249997 0.2290975078125 0.3378493125 0.224988890625 0.332799084375 0.221198671875 0.3318540765625 0.2152000421875 0.334384284375 0.2171002453125 0.342909728125 0.21947295156250002 0.3495400609375 0.22358156718750002 0.3545902890625 0.22958019843750002 0.35206008125 0.2314702140625 0.34447964531249997
1 0.313654009375 0.21400157343749998 0.305292859375 0.2260073265625 0.2936139953125 0.2351729625 0.2831985375 0.2446536 0.2723105765625 0.256029346875 0.2660037359375 0.2705602125 0.2630146078125 0.2879311953125 0.2634973 0.3021419640625 0.2721870359375 0.3103473109375 0.28040426875 0.320447765625 0.2878305984375 0.328338109375 0.29872874843749997 0.33306824062499996 0.3105719046875 0.3340081546875 0.321624159375 0.33273795625 0.334093925 0.32578243125 0.34530028437500004 0.3185119046875 0.3569791484375 0.30934626875000004 0.3653402984375 0.2973405171875 0.3754373578125 0.2837546578125 0.3809532953125 0.26701368125 0.3852058296875 0.2499577015625 0.388985859375 0.23479683125 0.3932383921875 0.21774085156249998 0.39275570000000004 0.2035300828125 0.39021870000000003 0.1867941984375 0.38894510625 0.17037331875 0.3927251359375 0.15521244843749998 0.39524176093749996 0.139736575 0.396494978125 0.1239456984375 0.3873327375 0.11763546093749999 0.3778521 0.10722000312499999 0.3686898609375 0.1009097671875 0.35652830468749996 0.09586463281249999 0.3464210578125 0.0933446140625 0.3363138109375 0.09082459375 0.325734059375 0.0901996828125 0.32527174375 0.10820066875 0.33001715625 0.12146133750000002 0.33255415781250003 0.13819722031249998 0.3313009390625 0.15398809687499998 0.32452159375 0.1704140703125 0.3179065421875 0.19694559375 0.313654009375 0.21400157343749998
1 0.2543337765625 0.543420228125 0.267121940625 0.5405699234375 0.2773832921875 0.5370896140625 0.288271253125 0.5257138671875 0.2945780953125 0.5111830015625001 0.2963038171875 0.49349701718750005 0.2967661328125 0.4754960296875 0.289021403125 0.46350046562499997 0.28033166875000004 0.45529512031249997 0.271169428125 0.4489848828125 0.25979877500000004 0.446149859375 0.249691528125 0.443629840625 0.24259378437499998 0.4559505953125 0.23707784531249998 0.472691571875 0.23882394218749997 0.48721734375 0.23709822187500001 0.5049033281249999 0.23458159687500002 0.5203792015625 0.23506428906250001 0.5345899703125 0.2442265296875 0.5409002078125 0.2543337765625 0.543420228125