3 0.771808021875 0.69476478125 0.7822970812500001 0.7026298765625001 0.7973514265625 0.6959490749999999 0.8071932734375 0.6778449828124999 0.8192777859374999 0.6648336375 0.8303356015625001 0.634984109375 0.8442346703125001 0.6174099875 0.8451544796875 0.59772143125 0.8141568390625 0.5632355515625 0.797274471875 0.5438500625 0.7877283187499999 0.5458791609375 0.7745496875 0.5493765453125 0.7670434625 0.55445294375 0.7603255640625 0.5621464984375 0.758128159375 0.5681830125 0.7484148953124999 0.58034224375 0.7363626453125 0.5978719015625 0.7314337734375 0.6117988999999999 0.729815690625 0.6271107078125 0.7337091671875 0.6454280781249999 0.7373353828125 0.652663375 0.7553696609375 0.6752849171875 0.771808021875 0.69476478125
3 0.82529668125 0.2837879921875 0.8302775453125 0.296304790625 0.83187393125 0.3234645859375 0.8395125718750001 0.344118709375 0.8459762046874999 0.331954028125 0.852513528125 0.303761540625 0.8599715937499999 0.3039167296875 0.8670790734375 0.3100639703125 0.874093596875 0.33433165468750004 0.8712980734375 0.3572036265625 0.8777106453125001 0.3666313859375 0.8878809140625 0.3609887265625 0.8932316296874999 0.3654208375 0.898646403125 0.3548714609375 0.90585646875 0.341851940625 0.9200194343750001 0.3277026265625 0.9297938562500001 0.3169227578125 0.920034865625 0.29393460781249997 0.9095039125 0.28259751718750004 0.8992431234374999 0.26598165156250003 0.8928141875 0.24228567812500001 0.876980678125 0.2212848859375 0.8584412328125 0.1973783609375 0.8410537 0.17670788906249998 0.8275307484375001 0.17749373906250002 0.8133225218750001 0.18051379218750002 0.8027501390625 0.1897228234375 0.8080079 0.2122753765625 0.8126800734374999 0.2342562234375 0.8172780906250001 0.2482467578125 0.82314696875 0.26057480312500003 0.82529668125 0.2837879921875
3 0.6547014375 0.651430896875 0.6578677453124999 0.668510471875 0.6608313156250001 0.6835446000000001 0.6663592406250001 0.7008183781249999 0.677398725 0.7210977187500001 0.692489165625 0.7506106156250001 0.703972659375 0.7707955796875 0.71758613125 0.792268253125 0.7272579671875 0.80065514375 0.75059676875 0.7685432999999999 0.769270128125 0.7297651468749999 0.7764479328125 0.7122273125 0.7672745296875 0.6898108734374999 0.7468174750000001 0.6656157671875 0.734700234375 0.65009068125 0.7282486687499999 0.6208300765625 0.7150247765625 0.6131981984375 0.6849734093750001 0.5962637796875 0.6777436125 0.5873578171875 0.6701247015625 0.588629175 0.6634775937499999 0.5966557734375 0.6553024578125 0.6182345875 0.6526870406249999 0.6375873765625 0.6547014375 0.651430896875
3 0.5021622734375 0.8387541875 0.521815103125 0.8700820390624999 0.5526677953125 0.8962445640625001 0.5826998984375 0.9152716203125 0.5990573703125001 0.9114466437500001 0.600427453125 0.8829601265625 0.6029008218749999 0.838923134375 0.6015553359375 0.8085771984375001 0.5785594546875 0.771346221875 0.5661749515625 0.7447390609375 0.5603604984375 0.7184758453125 0.568783634375 0.710071740625 0.579346384375 0.701909028125 0.5837830875 0.69330799375 0.5873669406250001 0.673053178125 0.5906743624999999 0.666780721875 0.5872797859375 0.6584519203125 0.5736407828125001 0.647775465625 0.561649225 0.6426663687499999 0.5438470468750001 0.6429694359375 0.5352919625 0.6496611375 0.5211641593749999 0.6519679140625 0.5150737421875 0.663705175 0.510881671875 0.6778236515625 0.50384545 0.6960275703125001 0.491950678125 0.7044734140625 0.47653947968750004 0.72584985 0.46974115781250003 0.7342566796875001 0.47554934531250004 0.76922348125 0.4838381 0.7994859390625 0.5021622734375 0.8387541875
3 0.6528404234375 0.25187095312499996 0.654073225 0.27841185 0.6529829375 0.300573275 0.6559272421875 0.3177000390625 0.6623980734375 0.34486800781250004 0.6691164390625 0.36119256875 0.6906449828125 0.38933700625 0.7041038765625001 0.40353264375000003 0.7187946390625 0.39623294531250003 0.7324201765625 0.37628033125 0.7372103671875 0.345326396875 0.7466178375 0.3262703640625 0.7418199828125001 0.29387353125 0.725159153125 0.2504227375 0.7216388921875 0.231677946875 0.7215546359375 0.2007158375 0.7081987953125 0.19137155625 0.6935913546875 0.18159713125000002 0.6801680906249999 0.179577071875 0.6684245328125 0.187642684375 0.65564848125 0.21159181249999998 0.648734575 0.23255445312499998 0.6528404234375 0.25187095312499996
0 0.3404187828125 0.40530074687499995 0.34304093125 0.401262490625 0.3367636734375 0.40120440312500005 0.3311009015625 0.3985790703125 0.33070842031250003 0.401099125 0.32852064687500004 0.40608932343750004 0.3302066203125 0.4074714078125 0.3348075359375 0.4051010921875 0.3404187828125 0.40530074687499995
0 0.4068878953125 0.38943184999999997 0.41164002499999996 0.386681303125 0.41717085000000004 0.3875942296875 0.42247967031250006 0.388554346875 0.428364446875 0.391132490625 0.42516297812500004 0.3858954515625 0.41882456250000005 0.384458003125 0.4148477609375 0.38321475625 0.40886329843749997 0.38344252343749996 0.4044039640625 0.386478925 0.4010835421875 0.38614043124999997 0.3971712671875 0.3939338140625 0.3927827234375 0.39730325781250003 0.392946934375 0.4035339765625 0.39595529687500003 0.40567924843750003 0.39865786718749996 0.40092771875000005 0.40320725625 0.396131725 0.4068878953125 0.38943184999999997
3 0.5856877 0.6869856249999999 0.582190534375 0.6978235828125 0.5745749906250001 0.7067522078125 0.5649098875 0.7136798515625 0.561644359375 0.7234243031250001 0.5649618796875 0.740123646875 0.5706699140625 0.753878240625 0.5766803734375 0.766872371875 0.5864875234375 0.7846289328125 0.5963847296875 0.8006259 0.609998203125 0.822098575 0.618785390625 0.838331484375 0.635706284375 0.8535317015624999 0.6557544937500001 0.8659786484374999 0.6702911453125 0.8754200328125 0.6816648515625 0.87543910625 0.6927101343750001 0.8629967453124999 0.6895048328125 0.8260843250000001 0.6899257421875 0.7964072 0.6924573703125 0.7701104187500001 0.6954623671875 0.7645984265625 0.7067816484375 0.778552671875 0.6634601953125 0.694820878125 0.6555123953125 0.659612684375 0.6523460859375 0.642533109375 0.6491349859375 0.6383423890625 0.636718684375 0.6312350328125 0.628321078125 0.62884291875 0.6217221296875 0.631637928125 0.617536325 0.63705281875 0.6151910734375 0.65112683125 0.6080965921875 0.651590540625 0.599267978125 0.6559037515624999 0.5933576703125001 0.6641218265625 0.5902818828124999 0.6693007765625001 0.5873284125 0.6772384484375 0.5856877 0.6869856249999999
0 0.329942053125 0.700967590625 0.32474591875000003 0.7038125140625 0.3225677765625 0.7077563921875 0.327323271875 0.7126631125 0.33218808437499997 0.7137176046875 0.33497734375 0.699549215625 0.335408353125 0.6928438906250001 0.337917815625 0.6850005953125 0.338702778125 0.6799604859375 0.3388409921875 0.6729693046875 0.339716009375 0.666169603125 0.3410735609375 0.6550902546875 0.33631516562499997 0.6665443859375 0.3345906625 0.6693475703125 0.33156303593750003 0.66929493125 0.3321327265625 0.6796165421875 0.3310776 0.689935428125 0.329942053125 0.700967590625
3 0.2783791765625 0.3732359609375 0.2803420453125 0.384653803125 0.2804903578125 0.400634421875 0.27886264375 0.416992546875 0.28478305000000004 0.4317462703125 0.28933290624999997 0.45096839375000003 0.2979303515625 0.47176680624999995 0.30809145312499997 0.49118858281250005 0.319977059375 0.507807175 0.33710069374999996 0.5250528390625 0.3601572671875 0.5396450578125 0.37212619375 0.5391895234375 0.3897964234375 0.537174053125 0.410494278125 0.53521121875 0.43193856718749996 0.53239354375 0.4519896765625 0.5284796390625 0.46293527343749996 0.5188431890625 0.47609417499999995 0.49342032187499996 0.4798128765625 0.458517059375 0.4816784921875 0.43236184375000003 0.48026558281250004 0.40934013125 0.47954757968750006 0.38303790000000004 0.4717928859375 0.350921471875 0.46096577187500004 0.3316412609375 0.4490994328125 0.3129300328125 0.435418534375 0.2987815828125 0.42278986406249996 0.2906750984375 0.40858790312500004 0.284991565625 0.394550153125 0.28553875 0.3841482484375 0.292274915625 0.3771987140625 0.3010619765625 0.364824309375 0.297426615625 0.3525818515625 0.2955036578125 0.340612925 0.2959591921875 0.3231969625 0.30244578906249997 0.31480272187499997 0.307710940625 0.3074188125 0.3155460609375 0.3021937796875 0.3215299375 0.29709443125 0.33792980156249997 0.2937581125 0.3473412109375 0.2871206359375 0.35432149062499996 0.2813711734375 0.36111301875 0.2783791765625 0.3732359609375
3 0.1108397265625 0.3688172078125 0.11444667500000001 0.378145140625 0.10733629687499999 0.3883587515625 0.10493951718750001 0.40000708593749995 0.1067930703125 0.4152771546875 0.1098885875 0.4320236859375 0.11416491250000001 0.44886731874999997 0.1238208515625 0.4670041125 0.1327751484375 0.4731068890625 0.1416456578125 0.47226567499999994 0.1559473046875 0.47514329687499995 0.178199653125 0.49686826249999994 0.19511381562500002 0.4967539453125 0.21170338906250002 0.5158535796875 0.230203840625 0.519927259375 0.24375568749999998 0.5160024546875001 0.2588196671875 0.5082753359375001 0.2785197234375 0.486335365625 0.2831976953125 0.47559450937500003 0.2929624859375 0.4658609578125 0.28792672656249996 0.4432612140625 0.2816297390625 0.42127764375 0.2769609328125 0.406954065625 0.28061894062500004 0.394689559375 0.27908708125000004 0.37656639062499997 0.27942466875 0.36396339218749996 0.2849006 0.35479337499999997 0.28078512031249997 0.336523190625 0.27160881875 0.330467603125 0.2591409921875 0.3209345671875 0.2383174515625 0.31248141406249996 0.2220466703125 0.306889534375 0.2039358 0.3166566484375 0.1940742234375 0.31283526093749997 0.18061869531250002 0.3062968890625 0.1609600671875 0.3076907390625 0.1389913484375 0.3113160640625 0.1346769625 0.32267581875 0.13540749531250001 0.33157088125 0.1156944421875 0.346899903125 0.1148709515625 0.3561252828125 0.1108397265625 0.3688172078125
3 0.833391190625 0.5838615593750001 0.84879995625 0.6028640921874999 0.8636385656250001 0.5875268953125 0.8766462546874999 0.562484259375 0.89033295 0.5439110078125 0.8999590578125 0.5171505187500001 0.9095081109375001 0.498760571875 0.8879891984375 0.46956981875 0.867461353125 0.44504166874999995 0.8585393171875 0.44345720625 0.8464610718750001 0.44776496562499996 0.8386846828125 0.45812014218749997 0.82744965625 0.47512800312500003 0.8180195546875 0.48861940625000005 0.8112534968749999 0.5015445484375001 0.801984240625 0.513609403125 0.7958841921875 0.52639298125 0.7977570078125 0.539570415625 0.8021007578124999 0.5490898265624999 0.8220622796875 0.5709536296875 0.833391190625 0.5838615593750001
0 0.37798554218749997 0.39209433437499996 0.374610228125 0.381672896875 0.3737381125 0.3721117484375 0.36997031874999997 0.36421036406249996 0.368886296875 0.377668203125 0.368516446875 0.3857528890625 0.37265745781250004 0.3932268546875 0.3787772359375 0.40236875781250003 0.380189678125 0.401372353125 0.37798554218749997 0.39209433437499996
3 0.5680971625 0.31931248437500004 0.5710703640625 0.33330029375 0.570208346875 0.34671094375 0.56661149375 0.3603548125 0.5705468671875 0.382144178125 0.587062284375 0.3932535015625 0.6045687671875 0.4090254296875 0.6231756374999999 0.42560773281250003 0.6376414953125 0.43471607343749996 0.6510965578125 0.417236328125 0.6565753890625 0.391705459375 0.6614912609375 0.3711675125 0.6645217875 0.3548593015625 0.6581217484375 0.3280243734375 0.6530503624999999 0.29324905156250003 0.6535550609375 0.27051591875000003 0.65179783125 0.244782671875 0.648734575 0.23255445312499998 0.6385768390625 0.22078994375 0.6228690125 0.21020514218750003 0.6125022718750001 0.20509876875000002 0.5959998515625 0.2006003953125 0.5792306359375 0.20903806249999998 0.5682465109375 0.2228597828125 0.5556794625 0.24015077499999998 0.55203781875 0.2666834984375 0.5568000453125 0.28690475000000004 0.5636888875 0.3007564453125 0.5680971625 0.31931248437500004
3 0.7395546875 0.2832161515625 0.7446453375 0.3158988390625 0.7512895453125 0.32423309218749996 0.7545521749999999 0.330849490625 0.77690130625 0.366129396875 0.789070540625 0.40809827656250003 0.79801810625 0.398886521875 0.80547570625 0.37502359375 0.81783038125 0.3567334734375 0.8271218015624999 0.3262151328125 0.8255446796875001 0.296962703125 0.8230891765624999 0.2668527078125 0.8106786749999999 0.22702365000000002 0.8054594421875001 0.2002858265625 0.7964825140625 0.1886184171875 0.77971283125 0.17303796875 0.762814565625 0.1634023828125 0.745388971875 0.170935296875 0.7307112078125 0.1848459453125 0.7230667656249999 0.19691352499999998 0.7216388921875 0.231677946875 0.72332823125 0.24071729843749998 0.726655384375 0.256370325 0.732192940625 0.2725977859375 0.7395546875 0.2832161515625
3 0.33319924843750004 0.924793359375 0.356754253125 0.92535603125 0.38899872812499997 0.8805604359375 0.41837258437499997 0.802610271875 0.4287802890625 0.7631524062499999 0.43408527656249996 0.7324371375000001 0.423724334375 0.694609065625 0.4121955828125 0.6632948375 0.39826042031250003 0.6446752625000001 0.38155526093750003 0.6381314406249999 0.3599886546875 0.63819039375 0.35280075312500003 0.6327564265625 0.3407350390625 0.6196570203125 0.328588903125 0.6072708859375 0.315648171875 0.60097118125 0.30411025468749997 0.5947213890625 0.2910698375 0.5912275953125 0.282090009375 0.5959210359375 0.2675056671875 0.6157293593750001 0.257149021875 0.6335947843749999 0.25171161875000003 0.6385795328125 0.2463031125 0.6404253265625 0.231149078125 0.6499120359375 0.22887461718750002 0.6643190921875 0.2243767546875 0.6715407625 0.2188911890625 0.6817571 0.21936119375000002 0.6948846203125 0.22806552500000002 0.752209771875 0.23163731250000003 0.7733802421875 0.24269989375 0.8232423296875 0.26172860625 0.8581837437500001 0.30740447656250003 0.902777090625 0.33319924843750004 0.924793359375
3 0.0724604078125 0.6227265890625 0.085295184375 0.6405357875 0.09364463125 0.648159490625 0.1046518546875 0.66392051875 0.12187517656249999 0.6783602734375 0.1355271765625 0.695647675 0.1515826890625 0.7166012765625001 0.18279606718750002 0.7597435531250001 0.2013966703125 0.7850294390625 0.20850705 0.774815828125 0.2197420765625 0.7578079671875 0.2252950625 0.740267409375 0.22159132812500001 0.7173845359375 0.217778271875 0.698353890625 0.21837639375 0.68151843125 0.2238715875 0.6702557796875 0.2293894140625 0.6645577578124999 0.23144187187499998 0.6501978921875 0.2397749546875 0.6435533796875 0.24660553749999997 0.6396648625 0.24537946875 0.6284385 0.2396873328125 0.604934003125 0.23081009218749998 0.5904606859375 0.22153073750000002 0.5795537390625001 0.209030646875 0.5655023906250001 0.1986928015625 0.557257065625 0.18824900312499998 0.5605212328125 0.1763316015625 0.5634024453124999 0.164140671875 0.5639051671875001 0.1502507703125 0.5564148531249999 0.1296299703125 0.5500071484375 0.11320170781250001 0.5534990828125 0.099682121875 0.5619422015625 0.09219852656250001 0.5725832296875 0.0870539171875 0.57785383125 0.082881109375 0.589879671875 0.0770223296875 0.600523428125 0.07513698125 0.6047531609375 0.0720997234375 0.605746840625 0.0650375046875 0.6107288625 0.06597704531250001 0.6129657875000001 0.0724604078125 0.6227265890625
0 0.380341359375 0.4250102375 0.377709578125 0.4300948125 0.3762393421875 0.43736912187500004 0.3735271390625 0.4431669703125 0.3759113859375 0.44892580468750004 0.37881043124999997 0.4549233046875 0.380653884375 0.44722157500000004 0.381094525 0.43946993125 0.3838871484375 0.432958809375 0.38668604218749997 0.417744103125 0.3898099875 0.407333565625 0.385563025 0.411369096875 0.380093359375 0.41183552968750003 0.37733926093750003 0.41416138125 0.3771591515625 0.417680565625 0.3799455125 0.41987302812499994 0.38237791875 0.42040027343749997 0.380341359375 0.4250102375