3 0.7910267859375 0.5647059203125 0.8044775156249999 0.5814954906249999 0.8146561546875001 0.5989210921875 0.8206540875 0.6123083078125 0.8308327249999999 0.6297339078124999 0.84010275 0.64248509375 0.8502813874999999 0.65991069375 0.8595514124999999 0.672661878125 0.8711849125000001 0.68010261875 0.8851818890625 0.682232915625 0.900633728125 0.6743783484375 0.9077241562499999 0.6584470140625001 0.9157232000000001 0.64719009375 0.9228136296875 0.631258759375 0.9331761484375001 0.61469139375 0.940266578125 0.5987600578125 0.9473570062500001 0.5828287234375 0.9511753453124999 0.5675334171875 0.9582657749999999 0.55160208125 0.9611754984375 0.5316323609375 0.9649938359375 0.51633705625 0.9646314703125001 0.497003365625 0.9666325796875 0.4723592296875 0.9597260328124999 0.45429759843750006 0.9528194859375001 0.43623596718749996 0.9411859859374999 0.4287952265625 0.931007346875 0.41136962656250003 0.9184652312500001 0.399254471875 0.9035596421875001 0.3924497609375 0.8928347546875001 0.3896834359375 0.8788377781250001 0.387553140625 0.8648408015625 0.38542284531250004 0.8526610531250001 0.39264138125 0.8404813046875 0.399859915625 0.831573646875 0.406442421875 0.816121809375 0.41429698593750003 0.8072141515625001 0.42087949062499996 0.7950344031250001 0.42809802656249996 0.7846718828125 0.444665390625 0.783217021875 0.4546502515625 0.7779438203125 0.47993041718749996 0.77412548125 0.49522572187499997 0.7744878500000001 0.5145594140624999 0.7772136921875 0.528582659375 0.785028853125 0.5513187046875 0.7910267859375 0.5647059203125
0 0.464358578125 0.7009692656250001 0.45836064375 0.6875820515625 0.45272507656250005 0.6935285265625 0.452178828125 0.7081878015624999 0.45490467187499994 0.722211046875 0.466538171875 0.7296517875 0.47635444375 0.727743696875 0.47362859999999996 0.7137204515625 0.464358578125 0.7009692656250001
0 0.1148073171875 0.49240632968750003 0.1124438421875 0.49771677499999994 0.11662454687499998 0.5017551609375 0.12316872812499999 0.5004831000000001 0.12553220468749998 0.49517265625 0.12135149999999999 0.4911342703125 0.1148073171875 0.49240632968750003
0 0.4909084609375 0.5405754703125 0.49745264218749996 0.5393034109375 0.49981611875 0.533992965625 0.5063603 0.53272090625 0.5105410046875 0.5367592906249999 0.5170851859375001 0.5354872312500001 0.5194486609375 0.5301767859375001 0.51435934375 0.5214639859375 0.5101786390624999 0.5174255999999999 0.5059979328125 0.513387215625 0.50508931875 0.5087128 0.5009086140625 0.504674415625 0.49345581875000005 0.501272059375 0.49527304687499996 0.510620890625 0.4961816609375 0.5152953046875 0.4905460953125 0.5212417796875 0.4881826171875 0.526552225 0.48672775625 0.5365370859375 0.4909084609375 0.5405754703125
3 0.66831529375 0.719536478125 0.67758531875 0.732287665625 0.68921881875 0.7397284046875 0.704124409375 0.746533115625 0.7172127734375 0.7439889953125001 0.7312097484375 0.746119290625 0.745206725 0.7482495859375 0.7606585640625 0.7403950203125 0.7677489937499999 0.7244636859375 0.7757480375 0.7132067656250001 0.782838465625 0.697275428125 0.785748190625 0.6773057078125 0.7886579140625 0.6573359875 0.7882955484374999 0.638002296875 0.78793318125 0.6186686078125 0.7875708140625 0.5993349171875 0.7839363578125 0.5806372546875 0.7803019 0.5619395953125 0.7757588281250001 0.5385675187500001 0.772124371875 0.519869859375 0.7684899140625 0.5011721984374999 0.7648554578125 0.4824745375 0.7579489109375 0.46441290625000003 0.754314453125 0.445715246875 0.7474079062500001 0.427653615625 0.7372292671875 0.410228015625 0.7255957671875 0.40278727343750004 0.711598790625 0.40065697812499995 0.6976018125000001 0.3985266828125 0.6845134515625 0.401070803125 0.670516475 0.3989405078125 0.6574281109375 0.40148462812499996 0.641067659375 0.404664778125 0.6321600015625 0.4112472828125 0.6199802531249999 0.41846581875 0.60870911875 0.4303587703125 0.596529371875 0.43757730468749995 0.588530328125 0.448834225 0.5823485140625 0.46943997499999995 0.5818022640625 0.48409925 0.5798011562500001 0.5087433859375 0.57925490625 0.5234026609375 0.583797978125 0.5467747375 0.5874324359374999 0.5654723984375 0.594338984375 0.583534028125 0.5988820546875 0.6069061046875001 0.608152078125 0.6196572890625001 0.5983358062499999 0.6215653796875 0.6117865359375 0.6383549515625 0.6219651749999999 0.6557805515624999 0.6321438125000001 0.6732061515625001 0.644685928125 0.6853213078125 0.654864565625 0.7027469078124999 0.66831529375 0.719536478125
1 0.4270999953125 0.5966378671875 0.4327355640625 0.5906913921875 0.4350990390625 0.585380946875 0.44073460625000005 0.579434471875 0.4463701734375 0.573487996875 0.44873365 0.5681775515624999 0.454369215625 0.5622310765625 0.46000478281249996 0.5562846 0.46564035156249994 0.550338125 0.4680038265625 0.54502768125 0.4661865984375 0.53567885 0.471822165625 0.529732375 0.4732770265625 0.519747515625 0.4747318890625 0.5097626546875 0.46727909375000004 0.5063603 0.46582423124999994 0.5163451593749999 0.46018866562499994 0.5222916343749999 0.4536444828125 0.5235636953125 0.44710030156249997 0.5248357546875 0.4438282125 0.525471784375 0.433103325 0.522705459375 0.4274677578125 0.528651934375 0.42419566875000003 0.529287965625 0.4152880109375 0.5358704703125 0.412924534375 0.541180915625 0.4072889671875 0.547127390625 0.404925490625 0.5524378343749999 0.40201576718750004 0.5724075562500001 0.40056090468749994 0.5823924171875 0.402378134375 0.5917412468750001 0.4065588375 0.5957796328125 0.4131030203125 0.594507571875 0.4196472 0.5932355125 0.4270999953125 0.5966378671875
0 0.38911128437500003 0.540958709375 0.3825671046875 0.5422307703125 0.3783863984375 0.538192384375 0.3709336046875 0.5347900296875 0.3685701265625 0.540100475 0.37365944687499997 0.548813275 0.3811122421875 0.5522156296875 0.3876564234375 0.5509435703125 0.3942006046875 0.549671509375 0.3956554671875 0.5396866499999999 0.38911128437500003 0.540958709375
3 0.1644187375 0.7301654734375 0.17696085156250002 0.7422806296875 0.19186644218749999 0.7490853390625001 0.2016827140625 0.74717725 0.2124076 0.749943575 0.22640457656250002 0.7520738703125 0.23949293906250002 0.74952975 0.25585339218750003 0.7463496000000001 0.26894175468750003 0.7438054796875 0.27694079843749997 0.732548559375 0.2849398421875 0.721291640625 0.287849565625 0.7013219203125 0.291667903125 0.6860266125 0.29221415156249997 0.6713673375 0.296032490625 0.6560720328125 0.2989422140625 0.6361023125 0.2994884625 0.6214430375 0.2991260953125 0.6021093468750001 0.2964002515625 0.5880861000000001 0.2927657953125 0.5693884390624999 0.299856225 0.5534571046875 0.304583178125 0.5428362140625 0.3074929015625 0.5228664937499999 0.30803915000000004 0.50820721875 0.31676832187500004 0.44829805624999997 0.3140424796875 0.4342748109375 0.303863840625 0.41684921093750005 0.2945938171875 0.40409802499999997 0.279688225 0.397293315625 0.268054725 0.3898525734375 0.25642122500000003 0.3824118328125 0.2456963390625 0.3796455078125 0.2340628375 0.3722047671875 0.2200658625 0.37007447187500003 0.20843236250000002 0.3626337328125 0.19770747500000002 0.35986740781250004 0.1828018859375 0.353062696875 0.16789629374999998 0.3462579875 0.15299070312500002 0.3394532765625 0.1440830453125 0.34603578125 0.131903296875 0.3532543171875 0.1197235484375 0.36047285156250003 0.10099961875 0.368963446875 0.0897284859375 0.380856396875 0.0817294421875 0.39211331718750003 0.070458309375 0.4040062671875 0.0657313546875 0.41462715625 0.05773231250000001 0.4258840765625 0.050641882812500004 0.4418154140625 0.04682354375 0.45711071875 0.046277296875 0.47176999375 0.044276185937500004 0.4964141296875 0.054454825 0.5138397296874999 0.0604527578125 0.5272269453125 0.06735930625 0.5452885765625 0.073357240625 0.5586757921875 0.08026378749999999 0.5767374234375 0.0871703359375 0.594799053125 0.09316826875 0.60818626875 0.1024382921875 0.620937453125 0.10934484062500001 0.6389990859375 0.1162513875 0.657060715625 0.1264300265625 0.6744863171875 0.13242795937500002 0.68787353125 0.1426065984375 0.7052991328125 0.1560573265625 0.7220887046875 0.1644187375 0.7301654734375
3 0.3527451296875 0.7032605953125 0.362015153125 0.71601178125 0.36892170156250004 0.7340734109375 0.380555203125 0.7415141515625 0.389825225 0.7542653359375 0.4047308171875 0.761070046875 0.414000840625 0.7738212343749999 0.425634340625 0.7812619734374999 0.4363592265625 0.7840282984375 0.44708411249999996 0.7867946234375001 0.4601724765625 0.7842505046875 0.4699887484375 0.7823424140624999 0.480713634375 0.7851087390625 0.4947106109375 0.787239034375 0.505435496875 0.790005359375 0.5161603828125 0.792771684375 0.5259766546875 0.7908635953125 0.5381564015625 0.7836450593750001 0.547064059375 0.7770625546875001 0.5517910125000001 0.7664416640625 0.557972828125 0.7458359140625 0.5617911671875 0.7305406078125001 0.5656095046875 0.7152453015625 0.56942784375 0.699949996875 0.576518271875 0.6840186625 0.581245225 0.673397771875 0.5850635625 0.6581024671875 0.5888819015625 0.6428071609375 0.5927002406249999 0.6275118546875 0.596518578125 0.6122165500000001 0.5937927359375 0.5981933046875 0.58834105 0.5701468140625 0.583797978125 0.5467747375 0.5801635218750001 0.5280770765625 0.577437678125 0.51405383125 0.5779839265625 0.49939455625000007 0.578530175 0.48473527968749996 0.5781678078125 0.465401590625 0.5754419656249999 0.4513783453125 0.572716121875 0.4373551 0.569081665625 0.4186574375 0.5630837328125 0.40527022187500006 0.554722321875 0.3971934515625 0.5454522984375 0.38444226718749996 0.5347274125 0.3816759421875 0.520730434375 0.379545646875 0.5109141640625 0.3814537359375 0.49691718749999997 0.379323440625 0.4880095296875 0.385905946875 0.4749211671875 0.388450065625 0.4651048953125 0.39035815625 0.4520165328125 0.3929022765625 0.441291646875 0.39013595156249997 0.430566759375 0.3873696265625 0.41656978437500003 0.38523933125 0.4025728078125 0.3831090359375 0.38857582968750004 0.380978740625 0.3787595578125 0.38288683125 0.36894328593750003 0.3847949203125 0.355854925 0.387339040625 0.3469472671875 0.3939215453125 0.3389482234375 0.405178465625 0.33094917968750004 0.41643538593749996 0.32713084062500003 0.43173069062499997 0.3209490265625 0.452336440625 0.31713068906249997 0.467631746875 0.31331235 0.4829270515625 0.31276610312500003 0.497586328125 0.3089477640625 0.512881634375 0.30931013125 0.5322153234375 0.3054917921875 0.5475106296875001 0.301673453125 0.562805934375 0.2969465015625 0.5734268250000001 0.2964002515625 0.5880861000000001 0.300034709375 0.6067837625 0.3027605515625 0.6208070078125 0.3087584859375 0.634194221875 0.31893712343749997 0.6516198234374999 0.3282071484375 0.6643710078125 0.3374771734375 0.67712219375 0.34347510625 0.6905094093749999 0.3527451296875 0.7032605953125
0 0.5070904296875 0.4840686640625 0.5145432249999999 0.4874710203125 0.5169067015625 0.482160575 0.5192701765625001 0.47685012968749996 0.5118173828125 0.473447775 0.5094539046875 0.4787582203125 0.5070904296875 0.4840686640625
0 0.24078010781249998 0.5115789875 0.24314358593750002 0.5062685421875 0.23569078906250002 0.5028661875 0.23151008593750003 0.4988278015625 0.2273293796875 0.494789415625 0.22551215 0.48544058593750006 0.2222400609375 0.48607661562500004 0.21805935625 0.48203823124999995 0.22314867500000002 0.49075103125 0.22405728906250003 0.495425446875 0.22823799375 0.49946383125000005 0.230055221875 0.5088126625 0.234235928125 0.5128510484375 0.24078010781249998 0.5115789875
0 0.45146488749999997 0.494881175 0.44964765937499995 0.48553234375 0.44783043125 0.47618351406250004 0.446013203125 0.46683468437500003 0.44419597343749995 0.457485853125 0.4465594515625 0.45217540781250004 0.4391066546875 0.44877305156249997 0.43765179375 0.45875791250000003 0.43946902187500003 0.46810674375000005 0.4412862515625 0.4774555734375 0.4431034796875 0.4868044046875 0.44492070781250004 0.49615323437500003 0.4500100265625 0.504866034375 0.45146488749999997 0.494881175