0 0.5690131390625 0.607626715625 0.5739515796875 0.6084088875 0.578890021875 0.6091910609375 0.5825310359375 0.60218373125 0.5806477125 0.5980934375 0.5757092703125 0.5973112656249999 0.573825946875 0.5932209734375 0.5719426234375 0.589130678125 0.5725285203125 0.585431471875 0.568175975 0.580950090625 0.5651208578125 0.5842582125 0.566418284375 0.5920477140625 0.5683016078125 0.59613800625 0.5671298140625 0.603536421875 0.5690131390625 0.607626715625
0 0.5335646125 0.495836103125 0.5316812890625 0.49174580937499995 0.5303838625 0.4839563078125 0.530969759375 0.4802571015625 0.529086434375 0.4761668078125 0.5272031109374999 0.47207651406249995 0.52414799375 0.475384634375 0.5254454203125001 0.483174134375 0.5273287437499999 0.48726442812500004 0.5286261718749999 0.4950539296875 0.5305094953125 0.49914422187499996 0.5335646125 0.495836103125
0 0.47970201875 0.468345084375 0.484640459375 0.46912725625 0.4901647984375 0.46621022031250003 0.49510324062500005 0.46699239375 0.50004168125 0.46777456562499997 0.5055660203125 0.46485752968750005 0.5086211375 0.46154941093749996 0.50979293125 0.45415099531249997 0.5054403875 0.44966961562499996 0.50238526875 0.4529777359375 0.496275034375 0.45959397968750004 0.49133659218750003 0.4588118078125 0.48886737187499996 0.4584207203125 0.48945326875 0.4547215140625 0.4845148265625 0.453939340625 0.48016228125 0.4494579609375 0.4746379421875 0.452374996875 0.47346615 0.45977341093749996 0.4753494734375 0.4638637046875 0.47970201875 0.468345084375
0 0.354567825 0.6191659640625 0.3612639578125 0.6088505140625 0.36984341249999997 0.602625359375 0.38030619374999997 0.600490496875 0.3901830765625 0.6020548406249999 0.3970048421875 0.6069273078124999 0.40558429843750005 0.6007021499999999 0.4147496515625 0.5907777875 0.421445784375 0.5804623375 0.4262585921875 0.5660565953125001 0.42801628281250004 0.5549589734375 0.4303598703125 0.5401621453125001 0.43270345781249997 0.525365315625 0.4344611484375 0.5142676921875 0.4318662953125 0.498688690625 0.42621632343750004 0.4864178109375 0.42362146875000006 0.470838809375 0.4303176015625 0.4605233609375 0.4394829546875 0.45059899843749995 0.4535867484375 0.44145680625 0.459696984375 0.4348405640625 0.4509918953125 0.42587780468750003 0.4411150109375 0.424313459375 0.43253555468749993 0.430538615625 0.4233702015625 0.4404629796875 0.4147907453125 0.4466881359375 0.404327965625 0.448822996875 0.3919818609375 0.44686756718750004 0.3845741984375 0.44569430781249997 0.374697315625 0.4441299640625 0.36482043124999997 0.44256561874999994 0.357998665625 0.43769315468750003 0.3487076796875 0.43242960156250004 0.33941669375 0.42716605 0.329539809375 0.42560170468749997 0.31907702968749996 0.42773656875 0.31238089687500004 0.43805201718750003 0.3125065296875 0.45323993281249997 0.3126321640625 0.46842784843749996 0.3102885765625 0.4832246765625 0.31100010624999996 0.49471338437499995 0.311125740625 0.5099013 0.308782153125 0.524698128125 0.306438565625 0.5394949578125 0.308447521875 0.5587731671875 0.306103934375 0.573569996875 0.303760346875 0.588366825 0.301416759375 0.6031636546875 0.29965906875 0.6142612765625 0.30823852500000004 0.6080361203125 0.316943615625 0.6169988796875 0.323179484375 0.625570553125 0.3324704703125 0.630834103125 0.34293325 0.6286992421875001 0.354567825 0.6191659640625
3 0.512639053125 0.5001058265625 0.51205315625 0.503805034375 0.5133505828125 0.511594534375 0.514648009375 0.5193840359374999 0.516531334375 0.5234743296875 0.5184146578125 0.5275646218750001 0.5202979812499999 0.531654915625 0.523938996875 0.5246475890625 0.522055671875 0.5205572953125001 0.5207582453125 0.5127677937499999 0.5213441421875 0.5090685875000001 0.520046715625 0.5012790859375 0.5206326125 0.497579878125 0.52180440625 0.4901814640625 0.5199210812499999 0.4860911703125 0.5180377578125 0.4820008765625 0.5136852125 0.4775194984375 0.5118018890625 0.4734292046875 0.508160875 0.48043653124999997 0.5094583015625 0.4882260328125 0.511341625 0.4923163265625 0.512639053125 0.5001058265625
3 0.6085629421875 0.6935228765625 0.6258474875 0.6962604796874999 0.6376076953125 0.70191511875 0.6535948140625 0.6968632203125 0.6671127125 0.6914202375 0.6800447140625 0.689676459375 0.6972036265625 0.6772261484375 0.7094240968750001 0.6639936640624999 0.7178779203125 0.64258059375 0.7276291703125 0.628957021875 0.7379663171875 0.61163424375 0.7483034640625 0.5943114656249999 0.7512329484375 0.57581543125 0.75721755 0.554011271875 0.760147034375 0.5355152359375001 0.758723975 0.5125378203125 0.7573009140625 0.48956040312500004 0.7528227359375 0.46989110937499995 0.750813778125 0.45061290156249995 0.745749703125 0.43464281250000003 0.7345753921875 0.42528896875 0.7234010828125 0.41593512187500004 0.7122267718749999 0.406581278125 0.7010524609375001 0.39722743125000004 0.689292253125 0.39157279375 0.676360253125 0.3933165703125 0.66095903125 0.3946692609375 0.6480270296875 0.3964130375 0.63450913125 0.4018560203125 0.6209912328125 0.40729900468749997 0.6068874390625 0.41644119531249996 0.5952528640625 0.42597447187500004 0.5855016140625 0.43959804374999994 0.5776336890625 0.4573119078125 0.5796426453125 0.476590115625 0.581651603125 0.495868325 0.5806054421875 0.5184546546875 0.5752067375000001 0.5365596046875 0.5698080328125 0.5546645546875 0.5644093265625 0.5727695046875 0.559010621875 0.59087445625 0.5511426953125 0.6085883187500001 0.554323446875 0.6204681125 0.5563324046875 0.6397463218749999 0.563279803125 0.659806703125 0.571398996875 0.67246866875 0.585628425 0.67851439375 0.596802734375 0.6878682375 0.6085629421875 0.6935228765625
0 0.7005511046875 0.56020420625 0.7072472359375 0.54988875625 0.713357471875 0.5432725140625 0.7194677078125 0.536656271875 0.7120600453125 0.5354830140625 0.7034805890625 0.5417081687499999 0.697370353125 0.5483244125 0.6937293390625 0.5553317390625 0.688205 0.558248775 0.6820947640624999 0.5648650187500001 0.6759845296875 0.5714812593749999 0.6797511765625 0.579661846875 0.6877447359375 0.5771358984375 0.69444086875 0.5668204484375 0.7005511046875 0.56020420625
0 0.1571968828125 0.458977334375 0.155313559375 0.45488704062499996 0.1522584421875 0.45819516250000003 0.1510866484375 0.465593578125 0.1505007515625 0.469292784375 0.1554391921875 0.47007495625000006 0.1566109859375 0.4626765421875 0.1571968828125 0.458977334375
3 0.12534945625 0.7079974796874999 0.14133657500000002 0.7029455828125 0.15732369375 0.6978936859375 0.17389670937499999 0.6891425812499999 0.18624281250000002 0.6910980109375 0.2010581375 0.693444528125 0.21834268437499998 0.69618213125 0.23257211249999998 0.7022278562500001 0.2442066859375 0.692694578125 0.25642715781250003 0.67946209375 0.2661784078125 0.6658385234375 0.2765155546875 0.648515746875 0.2868527015625 0.6311929671875001 0.29647831875 0.6023814828125 0.29999370000000003 0.5801862375 0.3053924046875 0.5620812890625 0.3083218890625 0.5435852515625 0.3093680484375 0.5209989234375 0.3098283125 0.5021118 0.3072334578125 0.48653279843749997 0.2978168390625 0.46608133125 0.2933386609375 0.4464120359375 0.28450793750000003 0.4222613625 0.2769746421875 0.4059001875 0.2688554484375 0.393238221875 0.2582670359375 0.38018516875 0.25014784218749997 0.36752320156249996 0.240145325 0.3507709421875 0.22214925000000002 0.33654463125 0.2103890421875 0.33088999375 0.1961596140625 0.32484427031249996 0.1801724953125 0.3298961671875 0.1556059203125 0.3411732203125 0.142088021875 0.346616203125 0.12857012343750002 0.3520591875 0.1150522265625 0.3575021703125 0.0948381953125 0.3732606046875 0.080148503125 0.386102003125 0.064872915625 0.40264260937499996 0.052778078125 0.43106300781250007 0.049262696875 0.4532582515625 0.045747315625 0.4754534953125 0.04599858125 0.5058293265625 0.044366525000000004 0.5321148625000001 0.045789584375 0.555092278125 0.047924175 0.5895584031250001 0.051230559375 0.6166261109375 0.055122840625 0.6399946140624999 0.062070240624999995 0.6600549953125 0.05336514999999999 0.6510922359375 0.059726653124999994 0.674851825 0.064790728125 0.6908219124999999 0.07843425937500001 0.70056684375 0.0957188046875 0.703304446875 0.11053412968750001 0.7056509640625 0.12534945625 0.7079974796874999
0 0.6272271015625 0.415870678125 0.632751440625 0.41295364218749997 0.6376898828125 0.41373581406250004 0.642628325 0.4145179875 0.6462693390625 0.40751065937500003 0.6443860156250001 0.403420365625 0.6394475734375 0.40263819375 0.6363924546875 0.4059463140625 0.633923234375 0.405555228125 0.6283988953125 0.40847226406250003 0.6228745578125 0.41138929687500003 0.6198194390625 0.41469741875 0.618647646875 0.42209583281249996 0.6217027640625 0.4187877125 0.6272271015625 0.415870678125
3 0.8207480328125 0.6323295890625 0.8373210484375001 0.6235784828125001 0.8514248421874999 0.6144362921875001 0.8679978578125 0.6056851875 0.8790465359375 0.5998511171875001 0.89315033125 0.5907089265625001 0.9053708015625 0.5774764421875 0.9151220515625 0.563852871875 0.9254591984375 0.5465300937500001 0.9333271249999999 0.5288162296875 0.9362566093750001 0.5103201937499999 0.9373027687500001 0.4877338625 0.934707915625 0.4721548609375 0.9326989578125 0.45287665468749994 0.93069 0.43359844531249997 0.9262118218750001 0.41392914999999997 0.9156234078125 0.400876096875 0.9044490984375001 0.391522253125 0.8957440078125 0.3825594921875 0.8839838015625 0.3769048546875 0.8691684765625001 0.3745583375 0.8543531515625 0.3722118203125 0.8420070468749999 0.3702563890625 0.8296609421875001 0.368300959375 0.8130879265625 0.3770520640625 0.8014533531250001 0.38658534218749996 0.78923288125 0.3998178265625 0.77948163125 0.413441396875 0.7716137046875 0.4311552609375 0.766215 0.44926020937500005 0.7608162953125001 0.46736516093749997 0.7573009140625 0.48956040312500004 0.759309871875 0.5088386125000001 0.7613188281250001 0.5281168218750001 0.75838934375 0.5466128578125 0.7548739624999999 0.5688081015625001 0.7494752578125 0.5869130515625 0.7477175671875 0.5980106734375 0.7527816421875 0.6139807609375 0.7658392765625 0.6274249000000001 0.777599484375 0.6330795375 0.7924148093750001 0.6354260546875 0.8053468109375 0.633682278125 0.8207480328125 0.6323295890625
3 1 0.4536531375 0.9906628312500001 0.45447322031250004 0.9777308296875 0.456216996875 0.96421293125 0.46165998124999996 0.9531642546875 0.4674940515625 0.940943784375 0.48072653593750003 0.93495918125 0.5025306921875 0.9314438 0.5247259359374999 0.9309835375000001 0.5436130593749999 0.9225297140625001 0.5650261296875 0.9127784640625001 0.5786496999999999 0.9049105375 0.596363565625 0.8993862 0.5992805999999999 0.89905156875 0.6333556375 0.8998887328125 0.6600322609375 0.9024835875000001 0.6756112609375 0.906961765625 0.69528055625 0.9144950609375 0.7116417296875001 0.924497578125 0.728393990625 0.939312903125 0.7307405078125 0.9528308015625001 0.725297525 0.96563716875 0.7083658328125 0.9723333015625 0.6980503828125 1 0.523369725 1 0.4536531375
0 0.47233662499999995 0.546810609375 0.48279940625 0.5446757468750001 0.49196475937499995 0.5347513828125 0.49619167031250005 0.5240448468750001 0.4985352578125 0.5092480171875 0.498409625 0.494060103125 0.48970453437500006 0.48509734375 0.4798276515625 0.483533 0.47748406406250005 0.498329828125 0.4757263734375 0.50942745 0.47585200624999996 0.524615365625 0.47409431562500004 0.5357129859375 0.465514859375 0.54193814375 0.47233662499999995 0.546810609375
0 0.2699861484375 0.529929459375 0.267516928125 0.5295383734375 0.2625784859375 0.5287562015625 0.26010926562500003 0.5283651140625001 0.2570541484375 0.531673234375 0.2558823546875 0.53907165 0.258351575 0.5394627359374999 0.2632900171875 0.5402449078125 0.26693103125 0.5332375796875 0.2699861484375 0.529929459375
3 0.34636526875 0.670954865625 0.35812547499999997 0.6766095046875 0.3698856828125 0.6822641421875 0.381645890625 0.6879187796874999 0.3945778921875 0.686175003125 0.4093932171875 0.6885215203125 0.42291111406250004 0.6830785374999999 0.43525721875 0.68503396875 0.44818922031249997 0.683290190625 0.46112122187500004 0.6815464140625 0.47652244374999997 0.680193725 0.49686210781250006 0.67962320625 0.5097941078125 0.6778794296874999 0.5220145796875 0.6646469453125 0.5335235203125 0.639925753125 0.5438606671875 0.6226029750000001 0.5523144890625 0.6011899046875 0.560182415625 0.583476040625 0.5655811203125001 0.5653710890625 0.5715657234375 0.5435669328125 0.5744952078125001 0.525070896875 0.5774246921875 0.506574859375 0.5809400734375 0.4843796171875 0.5814003359375 0.46549249374999996 0.5793913796875 0.446214284375 0.577382421875 0.4269360765625 0.5704350234375 0.4068756953125 0.56784016875 0.39129669375 0.5603068718750001 0.3749355203125 0.546663340625 0.3651905890625 0.53548903125 0.35583674374999996 0.5218455 0.3460918125 0.5100852921875 0.34043717500000004 0.4977391875 0.33848174375 0.4829238625 0.3361352265625 0.46810853750000003 0.333788709375 0.45576243281249995 0.331833278125 0.4365945640625 0.32500538125 0.42483435625 0.31935074375 0.4050805890625 0.3162220546875 0.39214858750000003 0.31796583125 0.37804479375 0.327108021875 0.365824321875 0.34034050625 0.35301795468749997 0.3572721984375 0.345735925 0.3712868546875 0.3329295578125 0.388218546875 0.3225924109375 0.4055413234375 0.314724484375 0.4232551875 0.3093257796875 0.4413601390625 0.30827961875 0.46394646718750004 0.3078193546875 0.48283359062500003 0.3073590921875 0.5017207140625 0.30631293125000003 0.5243070421875 0.30279755 0.5465022875 0.301751390625 0.569088615625 0.29823600781250004 0.5912838609375 0.2958924203125 0.6060806890625 0.3034257171875 0.6224418640625 0.3109590125 0.6388030375 0.3215474265625 0.6518560890625 0.33460506093750003 0.665300228125 0.34636526875 0.670954865625
0 0.60366559375 0.5486510531250001 0.608478403125 0.5342453109374999 0.6164719625 0.5317193609374999 0.6257629484375 0.5369829140625 0.6234193609375 0.5517797421874999 0.61613733125 0.5657943999999999 0.614379640625 0.5768920203125 0.612036053125 0.5916888499999999 0.6121616875 0.606876765625 0.621327040625 0.5969524015625 0.6255539515625 0.5862458671875 0.6341334078124999 0.580020709375 0.63836031875 0.5693141749999999 0.64070390625 0.5545173453125 0.6405782734375001 0.5393294296875 0.6429218609375 0.5245326015625 0.6452654484375 0.509735771875 0.6519615812499999 0.4994203234375 0.65430516875 0.48462349375 0.64689750625 0.4834502359375 0.63831805 0.489675390625 0.633505240625 0.504081134375 0.6242142546875 0.49881758125 0.6149232671875 0.49355403124999997 0.6075156046875 0.492380771875 0.6044604875 0.49568889218749995 0.5996476796875 0.5100946343749999 0.592951546875 0.5204100859375 0.5881387390625 0.534815828125 0.5857951515625001 0.5496126578125 0.5926169171875 0.554485121875 0.60366559375 0.5486510531250001
1 0.4064214625 0.6273787734375 0.4199393609375 0.621935790625 0.4353405828125 0.6205830999999999 0.44697515625 0.6110498234375 0.45860973125 0.6015165453125 0.4708302015625 0.5882840609375 0.48058145156250004 0.574660490625 0.492216025 0.5651272140625 0.5069057171875 0.552285815625 0.5185402921875 0.5427525375 0.5282915421875 0.5291289671875 0.533690246875 0.5110240171875 0.5347364078125 0.4884376875 0.5272031109374999 0.47207651406249995 0.51908391875 0.459414546875 0.5054403875 0.44966961562499996 0.49121095937500003 0.4436238921875 0.47886485468749995 0.4416684609375 0.46710464687500003 0.43601382343750006 0.4553444390625 0.430359184375 0.4429983359375 0.428403753125 0.42701121718749996 0.4334556515625 0.414079215625 0.4351994265625 0.399263890625 0.43285290937500004 0.3863318890625 0.4345966875 0.3733998875 0.43634046406250004 0.361053784375 0.43438503281249996 0.34987947343750003 0.4250311875 0.3350641484375 0.4226846703125 0.32213214687499997 0.42442844687500003 0.31238089687500004 0.43805201718750003 0.31192063281250004 0.456939140625 0.31392959062500003 0.47621735000000004 0.3085308859375 0.4943222984375 0.30384371093749996 0.52391595625 0.3009142265625 0.54241199375 0.2973988453125 0.5646072375 0.29693858125 0.583494359375 0.29647831875 0.6023814828125 0.300956496875 0.6220507765625001 0.3244769109375 0.633360053125 0.336111484375 0.6238267765625001 0.3502152796875 0.6146845859375001 0.367499825 0.6174221890625 0.3786741359375 0.6267760328125 0.39043434375 0.632430671875 0.4064214625 0.6273787734375
1 0.6397833796875 0.592291590625 0.64765130625 0.5745777265625 0.6505807906250001 0.556081690625 0.6510410531249999 0.5371945671875 0.654556434375 0.514999325 0.6550166984375 0.4961122015625 0.6554769625 0.47722507812500004 0.6534680046875 0.45794687031250003 0.6484039296875 0.44197678125 0.6463949718750001 0.42269857499999997 0.6474411328125 0.40011224375000004 0.6350950281250001 0.3981568125 0.6209912328125 0.40729900468749997 0.609356659375 0.41683228124999994 0.5977220859375 0.42636555937500004 0.5860875109375 0.4358988359375 0.5782195859375 0.4536127 0.577173425 0.4761990296875 0.574243940625 0.49469506562500004 0.57131445625 0.5131911031249999 0.5702682953125 0.53577743125 0.5698080328125 0.5546645546875 0.5668785484375001 0.573160590625 0.5614798421875 0.5912655421874999 0.5560811375 0.609370490625 0.560559315625 0.6290397859375 0.565623390625 0.6450098734374999 0.5744541140625 0.6691605468749999 0.5879720125000001 0.6637175640625 0.601489909375 0.6582745796875 0.614296278125 0.6413428890625 0.624047528125 0.62771931875 0.634384675 0.610396540625 0.6397833796875 0.592291590625