0 0.2155937765625 0.4725303375 0.2166508515625 0.470260109375 0.218216496875 0.4679987609375 0.21927357343749998 0.4657285328125 0.2203306484375 0.46345830625 0.22037058593749997 0.461170325 0.219915265625 0.45811080625 0.2194466328125 0.4558139484375 0.21948657031250002 0.4535259671875 0.22004838750000003 0.4504842046875 0.220088325 0.4481962234375 0.2185493046875 0.4489322515625 0.2179874859375 0.4519740171875 0.21793423750000002 0.45502465625 0.21738573125 0.45730376093749997 0.21733248125000001 0.4603544015625 0.2168106 0.4611081859375 0.21675735000000002 0.46415882656249996 0.21620884375 0.46643793125000005 0.2156603375 0.468717034375 0.2146032609375 0.4709872625 0.21405475468750002 0.47326636562499996 0.2155937765625 0.4725303375
0 0.5449444437500001 0.460732640625 0.5450509421875 0.454631359375 0.5491727484375 0.45165173437500006 0.5487839875 0.4447789140625 0.5441802390625 0.446224340625 0.5415442046875001 0.45151857812499996 0.5399918718750001 0.4530172671875 0.5373425265625 0.45907416406249996 0.53571031875 0.465148815625 0.5335695421875 0.4712145890625 0.5377046609375 0.4674723046875 0.5403406937499999 0.46217806718750004 0.5449444437500001 0.460732640625
0 0.7531384562500001 0.48267610625 0.75311183125 0.4842014265625 0.7541289718749999 0.48421918125 0.7541689078125 0.4819312015625 0.7541955328125 0.48040587968750004 0.7542221578125 0.478880559375 0.7537269 0.47810902187500004 0.752736384375 0.476565946875 0.7517325578125 0.4757855328125 0.7506887953125 0.4772930984375 0.7511707390625 0.47882729687500003 0.7526698234375 0.4803792484375 0.7531384562500001 0.48267610625
3 0.028336392187499997 0.5043548109375 0.026035868750000003 0.5195725078125 0.024779109375 0.533282640625 0.02401760625 0.547764309375 0.0232294796875 0.5637713 0.0229765453125 0.5782618453125 0.0242493203125 0.5927790234375 0.026499296875 0.6096019359375 0.028802525000000002 0.6233742078125 0.032564896875 0.6409864125 0.0364204578125 0.6532599953125 0.0421638609375 0.6739583484375 0.049004275 0.6900984953125 0.0554426203125 0.7001284828125 0.061894276562499996 0.7093958078125 0.069323134375 0.7209688703125 0.07675199375 0.73254193125 0.08266845625 0.743325703125 0.0890535515625 0.7564063296875 0.0964824109375 0.7679793921875 0.10496834375 0.7772822265625 0.1124637640625 0.7850419875 0.1209763234375 0.7928195 0.1295021953125 0.7998343546875 0.1375461203125 0.8053150109375 0.14607199375 0.812329865625 0.15462448906249998 0.8178193984375 0.1641808125 0.824089346875 0.1753427171875 0.8258099640625 0.1860093640625 0.8267590437499999 0.19618075625 0.8269365859375 0.21337893281250003 0.8325770296874999 0.2230284421875 0.83350835625 0.234765478125 0.8314245484375 0.24604719375 0.826281221875 0.257342221875 0.8203752359375001 0.26602784062499996 0.818238165625 0.27476670937500003 0.8130504546875 0.28868445781249996 0.8026128921875 0.2959375546875 0.7951105671875001 0.30373915625 0.785329140625 0.312075953125 0.7740312687500001 0.31840509687499996 0.76117256875 0.3247076140625 0.749839190625 0.3295509875 0.7346658765625 0.33488961562499997 0.7202641015625 0.3391844796875 0.7073698937499999 0.3435325953125 0.6914250421875 0.346823634375 0.6777504203125 0.3495927890625 0.6648295796875 0.3534057109375 0.6504011734375 0.35725856718750004 0.6336847859375 0.359519153125 0.6207550687500001 0.3628235046875 0.6063177843750001 0.365084090625 0.5933880671875 0.3663541640625 0.5789152765625001 0.36662040937499996 0.56366206875 0.365856203125 0.54915376875 0.364048234375 0.5361530343750001 0.362775459375 0.52163585625 0.361502684375 0.5071186796875 0.361260359375 0.49185659531250003 0.35996096093749996 0.4788647375 0.357657734375 0.46509246718749997 0.3553678203125 0.45055753593750003 0.35208739218749996 0.43447952812499996 0.3447250953125 0.4190931640625 0.3383266875 0.40677519687499997 0.33032269687500004 0.39900655937499996 0.32281396406249996 0.392009459375 0.3148232875 0.3834781625 0.3052669640625 0.3772082140625 0.294720128125 0.3693951921875 0.2866628875 0.364677196875 0.2755675453125 0.359143278125 0.26597128593749997 0.3551613109375 0.25533126093749997 0.35268690937499997 0.245681753125 0.351755584375 0.23652750312499998 0.351595796875 0.2273200015625 0.35448665 0.2161314703125 0.354291353125 0.20596008124999998 0.3541138109375 0.1968058296875 0.3539540234375 0.1866344390625 0.35377648125 0.175941165625 0.354352721875 0.16526120625000001 0.3541663015625 0.153042225 0.3547159125 0.14180044687499999 0.35757125625 0.13101398749999998 0.3634861203125 0.1176447453125 0.371644578125 0.10580121093749999 0.37982966875 0.0965138375 0.3872964828125 0.08825691249999999 0.3940183921875 0.07943817187499999 0.4037820671875 0.0721318265625 0.41433503125 0.062202760937500004 0.429419571875 0.0554182953125 0.43921875468750005 0.049102465625 0.45131479375000005 0.041260925 0.46338420312500006 0.0354270390625 0.477014440625 0.0311188625 0.49067131093749994 0.028336392187499997 0.5043548109375
3 0.6811212671875 0.46997565156250004 0.6824206671875 0.4829675078125 0.682623053125 0.5005175734375 0.6838958296875 0.51503475 0.6856638609375 0.530323465625 0.688970915625 0.5448761531249999 0.6918093359374999 0.5571319796875 0.6951430140625 0.5701593453125 0.7000290234375 0.581688021875 0.704406465625 0.5932078203125 0.710282990625 0.606279571875 0.71715003125 0.620894396875 0.7246454515625 0.6286541578125 0.7341618375000001 0.6372120859375 0.7427010203125 0.6434642796875 0.7521774703124999 0.6543101890624999 0.7611719734375 0.6636219015625 0.7702064156249999 0.6706456328125 0.7802846203125 0.676161796875 0.788890365625 0.6786006890625 0.7979647421875 0.6833364390625001 0.8076009390625 0.685030425 0.816219996875 0.6867066562499999 0.824878990625 0.6860949078125 0.8340864921875 0.683204053125 0.8438558109375001 0.6772714359374999 0.852581365625 0.6728463859375 0.861320234375 0.6676586734375001 0.8691218375 0.6578772453124999 0.8764015578125001 0.6488496015624999 0.8806831109375001 0.636718053125 0.8850179125000001 0.6215358640625 0.8873051249999999 0.6070808265625 0.8907026609375001 0.5873049203125 0.8930164968750001 0.5713245609375 0.895303709375 0.5568695234375001 0.8971222875 0.540117628125 0.8989009296875 0.5256537140625 0.8996358078125001 0.5126973640625 0.9013878265624999 0.49975877031250004 0.901680696875 0.48298024375 0.9014649968749999 0.46619283749999996 0.8991617703125 0.4524205671875 0.8866711374999999 0.41024344375000005 0.8818383750000001 0.3956641265625 0.8780094421875001 0.381865221875 0.8736852484375 0.3672947828125 0.8672868421875 0.354976815625 0.8592961640624999 0.3464455171875 0.8507702921875 0.3394306625 0.842752990625 0.3324246875 0.8337318625 0.3246382953125 0.8241888515625 0.3176056859375 0.81559641875 0.31440413437500003 0.805946909375 0.3134728109375 0.7907696984375 0.308630534375 0.7790459734375 0.30995168125 0.769785225 0.31589317499999997 0.759533959375 0.3202915953125 0.75129035 0.32625084375 0.7415343421875 0.3314208015625 0.7317650234374999 0.33735341874999997 0.7234947859374999 0.3448379890625 0.7146760453125001 0.3546016625 0.7068744437500001 0.3643830890625 0.7010804937499999 0.37572534687500003 0.6937475234375 0.38780363125 0.6889574015625 0.399926303125 0.6856796765625 0.41283826562500003 0.68289720625 0.426521765625 0.681627134375 0.44099455781249997 0.68083900625 0.4570015484375 0.6811212671875 0.46997565156250004
3 0.4056845765625 0.6864067687500001 0.41352881718749995 0.7033273296875 0.4209310515625 0.7164257109375 0.4298856203125 0.7280254046875 0.43934875624999997 0.739633975 0.4493870234375 0.7474381203125 0.459960484375 0.7537258234374999 0.4710558296875 0.759259740625 0.4821511734375 0.7647936609375 0.49582930156250005 0.768083984375 0.5064693250000001 0.770558384375 0.5176046046875 0.7738043218749999 0.528257940625 0.7755160625 0.539379909375 0.779524659375 0.551050384375 0.7812541546875 0.563229428125 0.7829925249999999 0.57441795625 0.783187821875 0.5856331109374999 0.7818577984374999 0.5974367093749999 0.7759606906250001 0.60928024375 0.7677756 0.621672284375 0.75731140625 0.631990109375 0.749099684375 0.6393230796875 0.737021396875 0.6472444937499999 0.7203760265625 0.6536401984375 0.7037040250000001 0.6620568687499999 0.6878301921875 0.6683860109374999 0.6749714921875001 0.674246521875 0.659815934375 0.6770955515625 0.6423191312500001 0.6804398390624999 0.6255938671875 0.6827536750000001 0.6096135078125 0.6845456296875 0.5943869328125 0.6868727781249999 0.5776439140625 0.6886780453125 0.5616546796875 0.689479484375 0.5448850296875001 0.6872428187499999 0.5272994546875001 0.68241005625 0.5127201375 0.6796381984375001 0.496651009375 0.6789272421875 0.47909206718749997 0.6792999859375 0.457737578125 0.6780804609375 0.4401697578125 0.676834309375 0.42412725937499995 0.6750662765625 0.4088385453125 0.6702335140625 0.394259228125 0.6629777156250001 0.3727715828125 0.651560175 0.356551540625 0.6420038531250001 0.35028159375 0.631443703125 0.34323123125 0.621338871875 0.3392403859375 0.6102302171875 0.33446912812499996 0.59963013125 0.329706746875 0.5879995921875001 0.325689271875 0.57690425 0.320155353125 0.5662775390625 0.3169182921875 0.5434850953125 0.3111801984375 0.5328583859375 0.3079431390625 0.52272693125 0.305477615625 0.5105611984375 0.30297658437499997 0.49937266874999997 0.3027812875 0.4876888828125 0.301814453125 0.476487040625 0.3023818171875 0.4652452625 0.3052371625 0.45397685781249997 0.3096178265625 0.44319040000000004 0.315532690625 0.4343450328125 0.3268216859375 0.42301007031250004 0.3350156515625 0.4126123703125 0.3478033359375 0.4057080953125 0.3644664609375 0.39982096093749997 0.3811473390625 0.39446901875 0.3963117734375 0.3880600015625 0.41374643593749993 0.38222611562500003 0.427376675 0.3763123578125 0.44558287500000004 0.370478471875 0.4592131109375 0.3666522375 0.4744041796875 0.36297514375 0.5101959515625001 0.35963085625 0.526921215625 0.35927142500000003 0.5475130453125 0.3599956921875 0.5643093265625 0.3612285328125 0.5811144859375 0.36246137031250003 0.59791964375 0.36852426718750003 0.6003141515625 0.37437416875 0.614911221875 0.3797155 0.629499415625 0.386595853125 0.6433515828124999 0.391950496875 0.6571771171874999 0.39929948125000003 0.6733261390624999 0.4056845765625 0.6864067687500001
0 0.1424078078125 0.5559339609375 0.1439335171875 0.5559605921874999 0.14495065625 0.555978346875 0.1464763640625 0.556004978125 0.14752012812499998 0.5544974109374999 0.14805532187499998 0.5529809671875 0.14909908593750001 0.5514734015625 0.15014285 0.549965834375 0.15067804375 0.548449390625 0.1512132390625 0.5469329468749999 0.1517617453125 0.5446538421875 0.1522969390625 0.5431374 0.15233687499999998 0.5408494187499999 0.15287206874999998 0.539332975 0.153420575 0.5370538703125 0.15395577031250002 0.5355374281249999 0.1576888171875 0.5256849828125 0.1582240109375 0.5241685390625 0.1592544625 0.5234236328125 0.1607934828125 0.5226876046875 0.161810621875 0.5227053578125 0.16333633125 0.5227319890625 0.1643534703125 0.52274974375 0.165879178125 0.5227763750000001 0.1674181984375 0.522040346875 0.1674448234375 0.520515025 0.1659324265625 0.5197257343749999 0.1649286 0.5189453187499999 0.1639247734375 0.5181649046875 0.1623990640625 0.5181382734375 0.16087335625000002 0.5181116421875 0.1598562171875 0.5180938875 0.158825765625 0.51883879375 0.1572867453125 0.5195748234375 0.15625629375 0.5203197296875001 0.15572109843749998 0.521836171875 0.1556811625 0.524124153125 0.15514596875 0.525640596875 0.1529652546875 0.533994353125 0.1524167484375 0.5362734578125 0.1518815546875 0.5377899 0.1513463609375 0.5393063437500001 0.151306425 0.5415943249999999 0.15075791875 0.5438734281250001 0.1502227234375 0.545389871875 0.149687528125 0.546906315625 0.14864376562499998 0.5484138828125 0.1476000015625 0.5499214484375 0.1470648078125 0.5514378921875001 0.1455391 0.5514112609375 0.1445086484375 0.5521561671875 0.14298293906249998 0.5521295359375 0.1419524875 0.5528744421875 0.140908725 0.5543820078125 0.14139066875 0.5559162062499999 0.1424078078125 0.5559339609375
0 0.8174285109375001 0.44260208749999996 0.8168666921875 0.44564385156249997 0.8183790890625 0.44643314375000004 0.8204000546874999 0.44723131250000003 0.820855375 0.45029083124999997 0.8218325765625 0.45259656562500006 0.8223012093750001 0.454893425 0.8227565296874999 0.4579529421875 0.8232118500000001 0.46101246093750003 0.8231719125 0.46330044062500003 0.8241491156249999 0.46560617656250003 0.8246044375 0.4686656953125 0.8250730687500001 0.470962553125 0.826572153125 0.47251450625 0.827120659375 0.4702354015625 0.8271739078125 0.467184759375 0.8267052765624999 0.4648879015625 0.8257280734375 0.4625821671875 0.8252594421874999 0.460285309375 0.8242822375 0.45797957499999997 0.8238269171875 0.45492005625000004 0.8228497156250001 0.4526143203125 0.8223810828125 0.4503174625 0.82140388125 0.4480117265625 0.8204266796875 0.44570599062499994 0.8204666156249999 0.44341800937500003 0.820506553125 0.4411300296875 0.8210683718749999 0.438088265625 0.8221254468750001 0.4358180390625 0.8231825234375 0.43354781249999996 0.8237310296875 0.43126870781250004 0.8227538265625001 0.428962971875 0.82175 0.4281825578125 0.8216967515625001 0.4312332 0.8211349328124999 0.4342749640625 0.8205864265624999 0.43655406875 0.8200379203124999 0.438833171875 0.8184855875 0.4403318609375 0.8174285109375001 0.44260208749999996
3 1 0.299699190625 0.9969400421874999 0.300785859375 0.9876926046875001 0.30596469531250003 0.9835841109375 0.308181659375 0.97701264375 0.305778275 0.9687956578125 0.310212203125 0.9519463015625 0.3137325609375 0.936878290625 0.331778971875 0.9321414171875 0.34085100156250003 0.9283418093750001 0.3545167484375 0.9210354640625 0.36506971250000003 0.9147462578125 0.3756404328125 0.90797510625 0.384676953125 0.903158359375 0.398324946875 0.9008578359375001 0.41354264374999994 0.9006182140625001 0.4272705296875 0.9003519687500001 0.4425237375 0.9011294859375001 0.4562693765625 0.9024288874999999 0.4692612328125 0.9026978359375001 0.482997996875 0.9049877484375 0.49753292812499994 0.9093385656249999 0.5105780484375 0.913662759375 0.5251484890625 0.919512659375 0.5397455609375 0.92334159375 0.5535444625 0.9282009812500001 0.5665984609375 0.9341174437499999 0.5773822296875 0.94003390625 0.588166 0.9475027015625 0.5974510796875 0.9549714968749999 0.6067361609375 0.962962175 0.6152674578124999 0.9704176578125001 0.6253152 0.978461584375 0.63079585625 0.990105434375 0.6340506718750001 0.9971721578125001 0.6372255906250001 1 0.47521861718749997 1 0.299699190625
0 0.18029738906249998 0.42537778125000003 0.1802441390625 0.4284284234375 0.1812080296875 0.4314968171875 0.1816766625 0.433793675 0.1822384796875 0.4307519109375 0.1817698484375 0.4284550546875 0.181823096875 0.4254044125 0.1813544640625 0.4231075546875 0.18089914375 0.42004803593749995 0.18093908125 0.41776005468750005 0.1809923296875 0.4147094125 0.180523696875 0.4124125546875 0.180068378125 0.40935303593750005 0.17856929375 0.40780108593750003 0.177592090625 0.40549535 0.1770968328125 0.4047238125 0.177043584375 0.40777445468750007 0.17751221718750002 0.41007131093750004 0.17848942031249998 0.412377046875 0.1793734359375 0.4200214046875 0.17982875625 0.42308092343750003 0.18029738906249998 0.42537778125000003
0 0.26398255000000004 0.5565302703125 0.2660301421875 0.55580311875 0.267582475 0.554304428125 0.2696300640625 0.5535772765625 0.271182396875 0.5520785874999999 0.27322998906249996 0.5513514359375 0.27476900937500004 0.55061540625 0.2768165984375 0.5498882546875 0.2783556203125 0.549152225 0.2804032109375 0.5484250734375 0.28194223125 0.5476890437499999 0.283963196875 0.5484872140625 0.2859974765625 0.5485227218750001 0.28801844062500004 0.549320890625 0.28953083749999997 0.5501101828125 0.291029921875 0.551662134375 0.292007125 0.5539678703125 0.2929976390625 0.5555109453125 0.29345295937500004 0.5585704640625 0.2939082796875 0.5616299812500001 0.2943636 0.5646895 0.29431035 0.567740140625 0.2942571015625 0.5707907828125001 0.2942171640625 0.5730787640624999 0.294163915625 0.5761294046875001 0.2946192359375 0.5791889234375 0.2950878671875 0.5814857828125 0.29503461875000003 0.584536421875 0.2949813703125 0.5875870640625 0.2965470140625 0.5853257140625 0.2966002640625 0.582275071875 0.29613163125 0.579978215625 0.2961848796875 0.5769275734375 0.2962248171875 0.5746395921875 0.2962780671875 0.5715889515625 0.296331315625 0.5685383093749999 0.2963845640625 0.56548766875 0.2959159328125 0.563190809375 0.2954606125 0.5601312921875 0.2955138609375 0.5570806515625 0.29555379843749996 0.5547926703125 0.29711944375 0.5525313203125 0.2981765203125 0.55026109375 0.2992469078125 0.54722820625 0.2992868453125 0.5449402250000001 0.2977345125 0.5464389140625 0.2966641234375 0.5494718015625 0.295111790625 0.5509704906249999 0.29357276875 0.5517065203125 0.291565115625 0.550145690625 0.29006603124999997 0.5485937390625 0.288045065625 0.5477955703124999 0.2860241 0.5469974015625 0.284003134375 0.5461992328124999 0.28196885625 0.5461637234375 0.279934578125 0.546128215625 0.27790029843749997 0.54609270625 0.275344140625 0.5468109812499999 0.27381843125 0.54678435 0.2722660984375 0.5482830390625 0.2707004515625 0.5505443890625 0.26916143125 0.55128041875 0.2671138421875 0.5520075703125 0.2655881328125 0.5519809390625 0.2635405421875 0.552708090625 0.262014834375 0.552681459375 0.25998055625 0.5526459515625 0.258468159375 0.5518566593750001 0.25694245 0.551830028125 0.2549214859375 0.551031859375 0.2528872078125 0.5509963515625 0.2528472703125 0.5532843328125 0.2543596671875 0.5540736234375 0.25638063125 0.5548717921875 0.258414909375 0.5549073015625 0.2599273078125 0.5556965921875 0.261948271875 0.5564947625000001 0.26398255000000004 0.5565302703125
0 0.195597315625 0.5980585921875 0.19554406562499999 0.6011092328125 0.1959993859375 0.6041687515625 0.19645470625 0.6072282703125 0.1969100265625 0.6102877890625 0.196856778125 0.6133384296875 0.196803528125 0.616389071875 0.1983691734375 0.614127721875 0.1984357359375 0.6103144203124999 0.197980415625 0.6072549015625001 0.1975250953125 0.6041953828125 0.1970830875 0.6003732046875 0.1971363359375 0.5973225640625001 0.197202896875 0.5935092609375 0.197269459375 0.589695959375 0.1973227078125 0.58664531875 0.1978845265625 0.583603553125 0.1984463453125 0.5805617890625 0.1990081640625 0.5775200265625 0.19700051093749998 0.575959196875 0.1964386921875 0.5790009609375 0.1958768734375 0.582042725 0.195823625 0.5850933656249999 0.19526180625 0.5881351296874999 0.1946999875 0.5911768953125 0.1946334265625 0.594990196875 0.195597315625 0.5980585921875
0 0.4728954265625 0.5372900765625 0.46992388281249997 0.5326608515625 0.4648381875 0.53257208125 0.4612382640625 0.534797921875 0.457598403125 0.5393117453125 0.456474765625 0.545395271875 0.46103857968749995 0.5462378265625001 0.46466512812499994 0.5424866640625 0.4687736203125 0.5402697015625 0.4728954265625 0.5372900765625
0 0.2542958078125 0.5868768953125 0.254242559375 0.5899275359375 0.254189309375 0.592978178125 0.25364080312500004 0.59525728125 0.2535875546875 0.5983079234375 0.252517165625 0.6013408109375 0.251460090625 0.6036110359375 0.25091158281250003 0.605890140625 0.24985450625 0.6081603671875 0.2482888625 0.6104217171874999 0.2467232171875 0.6126830671875 0.245679453125 0.6141906328125 0.24411380624999998 0.6164519828125 0.2456128921875 0.618003934375 0.24767379374999998 0.6165141234375 0.249734696875 0.6150243109375 0.250791771875 0.6127540828125 0.25186216093749997 0.609721196875 0.25293255000000003 0.606688309375 0.253989625 0.60441808125 0.25453813125 0.602138978125 0.2550866375 0.599859875 0.25563514375 0.5975807718749999 0.25618365 0.5953016671875 0.2562369 0.592251025 0.2557815796875 0.5891915078125 0.25583482812499997 0.586140865625 0.25536619531250004 0.5838440078125 0.25591470156249996 0.5815649031250001 0.2559679515625 0.5785142624999999 0.2560212 0.575463621875 0.25607445 0.5724129796875 0.2550839359375 0.5708699046875 0.2535582265625 0.5708432734375 0.254026859375 0.57314013125 0.2544954921875 0.575436990625 0.2544422421875 0.57848763125 0.25440230625 0.5807756125 0.25434905625000004 0.583826253125 0.2542958078125 0.5868768953125
0 0.139659871875 0.5093495406249999 0.132579834375 0.5069372796875 0.129073096875 0.5038244984375 0.1266234359375 0.498441490625 0.12365189218749999 0.493812265625 0.12557967187500002 0.49994905625 0.128016021875 0.506094725 0.13204464062500001 0.5084537234375001 0.139659871875 0.5093495406249999
0 0.510422871875 0.39833575625 0.51190864375 0.40065036875000004 0.513942921875 0.4006858765625 0.5134876015625001 0.3976263578125 0.5125104 0.3953206234375 0.5115465109375 0.392252228125 0.51058261875 0.3891838328125 0.5096187296875 0.3861154375 0.508053084375 0.38837678750000004 0.5065140640625 0.389112815625 0.504506409375 0.38755198750000003 0.503436021875 0.390584875 0.5054436765625 0.392145703125 0.5074513281249999 0.3937065328125 0.5089371 0.39602114374999997 0.510422871875 0.39833575625
0 0.5484563859375 0.376112853125 0.5495400859374999 0.37231730625 0.551561053125 0.373115475 0.5536086421874999 0.3723883234375 0.5536618921875001 0.36933768125 0.5526846890625 0.36703194687499996 0.5506903484375 0.36470845625 0.5497131453125 0.362402721875 0.5482406859375 0.35932544843750003 0.549311075 0.3562925609375 0.5493643234375 0.3532419203125 0.5494175718750001 0.3501912796875 0.5505012734375 0.34639573125 0.5490155015625 0.34408111875 0.54744985625 0.34634246874999997 0.54690135 0.3486215734375 0.54632621875 0.352425996875 0.5457644015625001 0.3554677609375 0.5457111515624999 0.358518403125 0.5441588187499999 0.3600170921875 0.542111228125 0.36074424375 0.5411074015625 0.35996382968749996 0.5365169625 0.3606465953125 0.5338543046875001 0.367466153125 0.536825846875 0.372095378125 0.5414029734375 0.372175271875 0.54436120625 0.37756715625 0.5484563859375 0.376112853125
0 0.2109527921875 0.5052537140625 0.210417596875 0.5067701578125 0.21037766093750002 0.5090581390625 0.21035103593749999 0.510583459375 0.2098158421875 0.512099903125 0.2092673359375 0.51437900625 0.2087321421875 0.51589545 0.2081836359375 0.5181745531249999 0.207648440625 0.519690996875 0.20711324531250003 0.521207440625 0.20863895625 0.521234071875 0.20916083749999997 0.5204802890625 0.21021791250000002 0.5182100609375 0.2102445375 0.5166847406249999 0.21079304375 0.5144056375 0.21081966875 0.5128803171875 0.211368175 0.5106012140625 0.21139480000000002 0.5090758921874999 0.21142142343749998 0.507550571875 0.2114613609375 0.505262590625 0.2119965546875 0.503746146875 0.21203649218749998 0.501458165625 0.212063115625 0.4999328453125 0.21210305312500002 0.49764486406249997 0.212129678125 0.49611954375 0.2121696140625 0.49383156406250006 0.2116876703125 0.492297365625 0.211152475 0.493813809375 0.21162110781250001 0.496110665625 0.211594484375 0.4976359875 0.21155454687500003 0.49992396875 0.211527921875 0.5014492890625 0.210979415625 0.5037283921875 0.2109527921875 0.5052537140625
0 0.18361255 0.5269003765625 0.1846296890625 0.52691813125 0.1866506546875 0.5277163 0.18816305 0.528505590625 0.1896754484375 0.5292948828124999 0.19067927499999998 0.530075296875 0.1922049828125 0.530101928125 0.19319549687499998 0.531645003125 0.1941993234375 0.53242541875 0.19468126875 0.5339596156249999 0.19516321406249998 0.5354938140625001 0.195631846875 0.5377906703125 0.1961137921875 0.53932486875 0.19659573749999998 0.5408590671875 0.1965558 0.5431470484375 0.19702443281249998 0.5454439062499999 0.1969978078125 0.5469692265625 0.196957871875 0.5492572078125 0.196917934375 0.5515451890625 0.196891309375 0.553070509375 0.1968513734375 0.555358490625 0.1968247484375 0.5568838125 0.1967848109375 0.5591717921875 0.19780195 0.5591895453125 0.1978418875 0.556901565625 0.19837708125 0.555385121875 0.19840370624999998 0.5538598015625 0.1984436421875 0.5515718203125 0.1984702671875 0.5500465 0.19901877343750002 0.5477673953125 0.1990453984375 0.546242075 0.19857676562499998 0.5439452171875 0.19860339062500001 0.5424198953125 0.1986300140625 0.540894575 0.1986699515625 0.53860659375 0.1986965765625 0.537081275 0.1992450828125 0.5348021703125 0.20027553281250002 0.5340572640625 0.2013192984375 0.5325496984375 0.2023630609375 0.53104213125 0.2033935125 0.530297225 0.2044239640625 0.52955231875 0.205962984375 0.528816290625 0.2049724703125 0.527273215625 0.20343345 0.5280092437499999 0.20240299843749998 0.5287541499999999 0.201372546875 0.5294990562499999 0.199833525 0.5302350859375 0.198803075 0.5309799921875 0.19676879687499998 0.5309444828125 0.1957649703125 0.53016406875 0.194252571875 0.5293747765625 0.193248746875 0.5285943625 0.1917230375 0.52856773125 0.1907325234375 0.52702465625 0.189220128125 0.5262353640625 0.1882029875 0.526217609375 0.1866905921875 0.52542831875 0.185686765625 0.524647903125 0.18417436874999998 0.5238586125 0.18315722968749998 0.5238408578125 0.1816448328125 0.523051565625 0.180119125 0.523024934375 0.17911529843750001 0.5222445203125 0.178111471875 0.5214641046875 0.176599075 0.5206748140624999 0.175581934375 0.5206570593750001 0.1740695390625 0.5198677671875 0.1735343453125 0.5213842109375 0.174538171875 0.5221646265625 0.17555531093750001 0.5221823796875 0.1765591390625 0.5229627953125 0.178071534375 0.5237520859375 0.1790753609375 0.5245325015625 0.18058775625 0.5253217921875 0.182100153125 0.526111084375 0.18361255 0.5269003765625