3 0.69350815625 0.45337265625 0.692976621875 0.46781095468749995 0.6926023765625 0.47978816718750006 0.6919717390625 0.48687313593750003 0.6945396328125 0.4839791125 0.6986791796875 0.4837621671875 0.7037378015625 0.48196403125 0.7072378453125 0.47227584218749996 0.7085442375000001 0.4535044640625 0.71114395625 0.42117468125 0.7118808546875 0.4051925953125 0.7116666265625 0.39018017031249996 0.7114699015625 0.37823287968749997 0.71075323125 0.3727515484375 0.70747014375 0.3729236078125 0.7049488453125 0.3739755578125 0.7028412265624999 0.3774586703125 0.7006098453125 0.386773765625 0.6963130109375 0.38945179531249996 0.6963655156249999 0.39864719531250004 0.6960378671874999 0.4087823359375 0.6954742828125 0.422609103125 0.6948480765625 0.437972178125 0.69350815625 0.45337265625
0 0.4354114375 0.4638328828125 0.43495116093749997 0.46324379374999997 0.43501378281249997 0.4617074859375 0.4335863515625 0.46178229374999996 0.431603975 0.4621927921875 0.43025519218749997 0.4610370578125 0.4293040640625 0.46200671875 0.4305276078125 0.4662350671875 0.43254351093750004 0.4691954703125 0.4354770140625 0.46781531093749995 0.436570884375 0.46683816875 0.43617322812500003 0.4647127734375 0.4354114375 0.4638328828125
3 0.22513905781250002 0.42272991875 0.22438170156249998 0.43012813281250006 0.2255500109375 0.44968963281249996 0.2288113921875 0.46822162343749996 0.23253157343750003 0.484583334375 0.236395971875 0.5036969328125 0.2391780953125 0.5158153328124999 0.2433511671875 0.5189692875 0.2510272375 0.5179537921875 0.25324702499999996 0.5166110359375 0.2496622 0.48644500312499994 0.2473780875 0.45651740625 0.24565039687499998 0.42901348749999996 0.2420293203125 0.4200051078125 0.23717015 0.40922198125 0.2288166203125 0.389117228125 0.22746783750000002 0.3879614921875 0.2247500390625 0.40711344374999997 0.22513905781250002 0.42272991875
3 0.5057657468750001 0.3969851125 0.5044053703125 0.40380172031250006 0.5008397515625 0.409507478125 0.49925503281249994 0.41204337031250005 0.497339709375 0.41919566562500005 0.4972684515625 0.4342230515625 0.496530075 0.44744576875000003 0.497157984375 0.4648893546875 0.49767372187500003 0.48019258281250005 0.498520065625 0.49087940625000004 0.4999709046875 0.5049072078125 0.5008944171875 0.5116041203125 0.50630853125 0.5220515578125 0.51038545625 0.523370921875 0.51953850625 0.5259572828125 0.5247093015625001 0.5262995015625 0.5288823734375 0.52945345625 0.5387636828125 0.529548809375 0.553166171875 0.5312468484374999 0.567758 0.531095334375 0.5798415984374999 0.526782796875 0.5829964890625 0.5241646140625 0.5853866375 0.5151478046875 0.586476075 0.5058925546874999 0.586539946875 0.477068325 0.5858785109375 0.4562538421875 0.5851122906249999 0.44709584375 0.585894309375 0.42651231562499997 0.584315271875 0.41003839375 0.5814355234375 0.3933260328125 0.5761597187499999 0.3745930078125 0.572203603125 0.3619229234375 0.565257271875 0.36320678125 0.551682146875 0.36637106406250003 0.536219315625 0.3690210671875 0.5290661437499999 0.36908934531250004 0.520660334375 0.3698364796875 0.5112858984375 0.36848814218750003 0.5089904187500001 0.3765801765625 0.507662090625 0.3840083140625 0.5057657468750001 0.3969851125
3 0.6802263578125001 0.5304134031250001 0.677942471875 0.5305330968749999 0.6763257031250001 0.532457459375 0.6794224062499999 0.539653690625 0.6822511265625 0.54993001875 0.683363975 0.554777378125 0.6846516171875 0.5602287875 0.6852430453125 0.5687827359375001 0.6855009140625 0.57643435 0.6876770609375 0.5824524046875 0.690467821875 0.581079728125 0.6944165515625 0.57995296875 0.70104386875 0.575313171875 0.707321603125 0.569465278125 0.71174515625 0.5664740046875 0.71721450625 0.5615882890624999 0.721715228125 0.55460710625 0.7201901734375 0.550087953125 0.7175056750000001 0.5425635125 0.7143870375 0.524024040625 0.7112232828125 0.5100860109375 0.7054931078125 0.5018013734375 0.6988934062500001 0.4987745921875 0.6909493531249999 0.5028701843750001 0.68976376875 0.510290840625 0.688451465625 0.5180247437500001 0.6860933671875 0.5276530859374999 0.6830651921875 0.5299580203125 0.6802263578125001 0.5304134031250001
3 0.7109881421875001 0.426395134375 0.70947343125 0.44119156249999997 0.7082617078125 0.4590381640625 0.70764709375 0.466428896875 0.7087890375 0.46636905000000006 0.712991203125 0.46461579999999997 0.7171613203125 0.462251015625 0.7198559328125 0.45904374687500005 0.721105615625 0.45284614999999995 0.7227980734375 0.44417250937499997 0.7231737984375 0.434954665625 0.72399081875 0.42050140625 0.7243635875 0.40576482187499996 0.7246431640625 0.3947123875 0.7243823390624999 0.3815420359375 0.7236656703125 0.376060703125 0.716496475 0.3758232140625 0.7119287015625 0.37606259999999997 0.711344659375 0.3813054953125 0.711716178125 0.3938568359375 0.7118152796875 0.4012101640625 0.7115998015625 0.41348566406250004 0.7109881421875001 0.426395134375
0 0.6446460921875 0.610769 0.6465512999999999 0.6143484124999999 0.65127931875 0.617166678125 0.6546250265625 0.6154583125 0.6579226625000001 0.61283265 0.6551624734375 0.6120574890625 0.6523556875 0.6131244031249999 0.6498343875 0.614176353125 0.6473116109375 0.6124689359375 0.645945325 0.60824806875 0.64443481875 0.6012753109375 0.6438608921875 0.5957864984375 0.64224116875 0.5921921234374999 0.6413206125 0.591013946875 0.6395115515625001 0.5892691250000001 0.6394780250000001 0.585898225 0.6402689078125 0.581870909375 0.6392842546875 0.5794696734375 0.636524065625 0.5786945125 0.63578125625 0.5836391234375 0.636069696875 0.5891428999999999 0.6380215015624999 0.590880240625 0.6415624578125 0.5983597953124999 0.6446460921875 0.610769
3 0.5749025328124999 0.5445181359375 0.5738130953125 0.5537733828125 0.5734358937499999 0.560231859375 0.5740477796875 0.577369678125 0.5746406859375 0.5886829953125 0.5756983015625 0.60886350625 0.575543965625 0.616843328125 0.5760247 0.6260162874999999 0.579293240625 0.6282978328125 0.5840708109375 0.6347927640625 0.5874544765625 0.6447334031249999 0.5903924125 0.6516313499999999 0.59502280625 0.6498556546875001 0.6025546562499999 0.6460882703124999 0.6096903250000001 0.6429548609375 0.6165565328125 0.6401421765624999 0.6231052046875 0.636732925 0.6298126453124999 0.6336219546875 0.6345056609374999 0.6303099546875 0.6350036703125 0.6125007578125 0.6353239328125 0.5885687734375 0.6354097390625 0.571087784375 0.63500469375 0.5551655453125 0.632634775 0.5427189359375 0.6295671671874999 0.5306154984375 0.624677425 0.521980209375 0.6218371125 0.5196762234375 0.6188234875 0.5195275546875 0.615524375 0.5193938499999999 0.6117489609375 0.5183652890625 0.6104963234375 0.5190441484375 0.60705446875 0.5189179234375 0.60175695625 0.5188889484375 0.598188384375 0.51907596875 0.5960953124999999 0.520105478125 0.591561065625 0.5237157640625 0.5854085718750001 0.52649104375 0.579384275 0.5317124468750001 0.5765629437500001 0.5352329625000001 0.5749025328124999 0.5445181359375
3 0.635227559375 0.556686890625 0.63523346875 0.567724365625 0.6354141703125 0.5793658890625 0.6353108640625 0.5937817453124999 0.6347763718749999 0.6027013046875 0.6346104453125 0.6186534671875 0.6374842828125 0.624328353125 0.6386918015624999 0.6282509375 0.6508991640625 0.6181064171874999 0.65852568125 0.61341425625 0.6689720546875 0.6024422109375001 0.67911691875 0.5911793624999999 0.683667190625 0.587874840625 0.6858389046875 0.585614790625 0.684986653125 0.563890490625 0.6829823421875 0.552957746875 0.67996280625 0.5417716046875001 0.6778492796875 0.5342172421875 0.673132853125 0.523426634375 0.6693530078125 0.5141199703125 0.6645273656249999 0.5067077421875 0.66133746875 0.50319565625 0.656134625 0.5022419046875 0.650917234375 0.5037417578125 0.6503156921875 0.5059195187500001 0.6443394687499999 0.5120582171875 0.6391556031250001 0.51692896875 0.634861725 0.5251257359375 0.63110824375 0.5354404171875 0.6339384406249999 0.5484761125000001 0.635227559375 0.556686890625
3 0.6426448515625001 0.42783061718750004 0.6409684171875 0.43681002500000005 0.6399095515625 0.44391743593750005 0.6402009468750001 0.45493995 0.64073123125 0.46778957343750005 0.6410721781250001 0.4824887515625 0.64329344375 0.483905365625 0.6466305140624999 0.49568807656249997 0.6502355703125 0.5043906921875 0.6535973015625001 0.5029880906249999 0.65854523125 0.501808965625 0.6631144812499999 0.5043289468750001 0.6653212015625 0.508199165625 0.6702269671875001 0.51714021875 0.67411750625 0.5258278734374999 0.675928046875 0.5303320625 0.681225559375 0.5303610375 0.684730034375 0.5289509546875 0.687501815625 0.521753775 0.6901905203124999 0.507509028125 0.6914357703125 0.493033328125 0.69286888125 0.47394870312500004 0.6938853578125 0.44691418125000004 0.6956155468749999 0.4198422546875 0.6962257296875001 0.40417341562500003 0.6963130109375 0.38945179531249996 0.6974635921875 0.3759008703125 0.6974941640625001 0.37375303125000003 0.6951141296875 0.37203813281250003 0.6910372046875 0.37071876875 0.6832344171875 0.3720475109375 0.6738599796875 0.3706991734375 0.6698515859375 0.3788809796875 0.6652926781249999 0.395676578125 0.65900335 0.40949681406250005 0.651283640625 0.41787311875000005 0.644767015625 0.42189390156249995 0.6426448515625001 0.42783061718750004
3 0.2502681765625 0.49254534687499996 0.2540248375 0.51779669375 0.25787469218750003 0.5393638953125001 0.2630528734375 0.553502959375 0.269065578125 0.5562538984375001 0.2789774625 0.5542014140625 0.28738326875000003 0.5534542796874999 0.2916451 0.54464598125 0.289068340625 0.5309837921875 0.284635696875 0.487371565625 0.2805045625 0.44405014062500003 0.273568346875 0.4346022890625 0.2655833796875 0.4215301375 0.261006740625 0.4052133109375 0.2461686375 0.3897408703125 0.2460638515625 0.4013973578125 0.24573915937500002 0.41705123593750004 0.2464792390625 0.43663517812499997 0.247376609375 0.4537580359375 0.24851139375 0.4699486359375 0.2502681765625 0.49254534687499996
3 0.5857079234375 0.4338806078125 0.5852695796875 0.44463475937499997 0.58543278125 0.45321115 0.58605625625 0.462376628125 0.5864262984375 0.4721686 0.5865749499999999 0.4831985953125 0.5865779046874999 0.48871733125 0.5864745984375 0.5031331859375 0.586113421875 0.509897428125 0.5845476828125 0.5182578234374999 0.5829964890625 0.5241646140625 0.58723218125 0.5257822640625001 0.5925442421875 0.5233576328125 0.597046440625 0.519135815625 0.603469871875 0.518799178125 0.6090528703125 0.5188131921875 0.6130336484375001 0.5182979624999999 0.6176975687499999 0.51989316875 0.6208218875 0.5194228234375 0.6236782234375 0.522032575 0.6268476640625 0.516960790625 0.6309988 0.5087715046875 0.6361811875 0.5011413859375 0.6382422078125 0.49950034531250004 0.6403163000000001 0.492646334375 0.64059883125 0.48711263593750004 0.6410036484375 0.47298758437500005 0.6405214359375 0.46105525468749997 0.6402926609375 0.448496434375 0.638716578125 0.43754124843750003 0.63735029375 0.43332038125 0.636697721875 0.42906210937499994 0.6349367328125 0.4282345828125 0.6340758421875 0.42000136250000003 0.633660684375 0.4148108328125 0.62981969375 0.40979984218750004 0.62873889375 0.4055640140625 0.6276260453125 0.4007166546875 0.6252445343749999 0.3962423859375 0.620309675 0.3922085390625 0.6181830781250001 0.3898671484375 0.6155335828124999 0.388472978125 0.6112993671875 0.3896147 0.604182678125 0.3985726125 0.597985065625 0.4059493328125 0.5889806703125 0.4143929671875 0.5859845453125 0.4173094328125 0.5856393953125 0.424379440625 0.5857079234375 0.4338806078125
3 0.2994131109375 0.5672342609375 0.29804830312499997 0.5657727640625 0.2955314359375 0.5751028203125 0.29387398125 0.5899067296875 0.29376624218749997 0.5960444796875 0.2997308734375 0.5978781203125 0.31216848750000004 0.603051790625 0.3203383609375 0.6059962828125001 0.3302386515625 0.6119161390625 0.3332683015625 0.6123705703125 0.33496075937500003 0.6036969296875 0.3367508421875 0.59961725 0.33831215000000003 0.5829787468750001 0.3416751328125 0.5542882234375 0.33857252031249996 0.5360545171875 0.33419851875 0.54272245625 0.327482440625 0.559324503125 0.3129155015625 0.5763379953125 0.3053866078125 0.5856241171875001 0.2994131109375 0.5672342609375
3 0.46057703906249997 0.5425379453125 0.4588816265625 0.5456928515625 0.4577746859375 0.551882965625 0.4580325546875 0.5595345796875 0.45797436718749995 0.56934899375 0.45859784374999996 0.5785144718749999 0.459937990625 0.593161284375 0.460849909375 0.6078305390625001 0.4619496890625 0.6178908703125 0.46468669374999994 0.6346107109375 0.46600933906249997 0.646192390625 0.46790295468750004 0.6577441453125 0.47047823749999995 0.668646965625 0.471004090625 0.6732184828125 0.47519170781250003 0.673918834375 0.48385243125 0.675304575 0.49129108749999995 0.6752213375 0.4989365859375 0.676353678125 0.5042180734375 0.6760768875000001 0.506550034375 0.676874490625 0.508544003125 0.668491653125 0.511123490625 0.6576252874999999 0.5125304640625 0.6489666078125 0.5141908734375 0.6396814359375 0.5153574796875 0.6264362765625 0.5169407203125 0.621141015625 0.516745471875 0.6119530937500001 0.516435096875 0.5951060781249999 0.51699868125 0.5812793109375 0.5165149921875 0.5665876140624999 0.5169227640625 0.5579813 0.5168426421875 0.5564524734375 0.51577934375 0.555281778125 0.5153175875 0.551933321875 0.5147451390625 0.549203875 0.5122033828125 0.54167195625 0.5098874484375 0.54118011875 0.501670978125 0.5400777 0.49010732343749996 0.5379242796875 0.48339840624999997 0.538275878125 0.47973516250000003 0.5393876765625001 0.4760879453125 0.5408052390625 0.47263154375000005 0.5431326171874999 0.469665990625 0.543901246875 0.46401889374999994 0.542664171875 0.46057703906249997 0.5425379453125
3 0.278989621875 0.42879927812499996 0.28125475624999996 0.45290237187500004 0.28425258593749997 0.48279256718749997 0.2870741453125 0.5093193406250001 0.290165165625 0.5355253890625 0.2931381046875 0.548553603125 0.2986818953125 0.5642065328125 0.3044981015625 0.585057471875 0.314262809375 0.5747343609375 0.32808398437499997 0.557146740625 0.3367328859375 0.536457534375 0.350167996875 0.508772178125 0.3492605109375 0.5023810296875 0.34558988125 0.48969598281250004 0.34294606875 0.4692919953125 0.3416189921875 0.4494322125 0.3406284296875 0.43599350000000003 0.3370147375 0.4407819625 0.332464465625 0.4440864828125 0.3261633203125 0.43583176874999996 0.317097553125 0.4185237875 0.31007973906249997 0.40478774062499995 0.302856559375 0.39259548125 0.29415935625 0.382320103125 0.2881146015625 0.3789576328125 0.28441635625 0.37393916250000003 0.2824179546875 0.37404389375 0.279931659375 0.3812261125 0.2779712171875 0.3929798515625 0.27807475 0.40861128593749996 0.278989621875 0.42879927812499996
3 0.6911707421875 0.5016321609375 0.70016206875 0.49840149843750003 0.7041283 0.5003398734375 0.708031909375 0.5038145546874999 0.71227055625 0.510950940625 0.71419474375 0.5203548578125 0.7160082390625 0.5303777859375 0.7172187109375 0.53981910625 0.7190933484375 0.5455463578125 0.722460990625 0.55518123125 0.740879034375 0.53244701875 0.739540365625 0.5205595749999999 0.73723454375 0.509336028125 0.73396009375 0.49601700937500004 0.7302894640625001 0.48333196406249995 0.7266538375 0.4767771859375 0.7221311828125 0.47241513125 0.7130437093750001 0.4738112 0.706350815625 0.47446856562499995 0.7025172125 0.4832544203125 0.6959510390625 0.4835985390625 0.6931602781249999 0.484971215625 0.6920212890624999 0.49054980156249994 0.6911707421875 0.5016321609375
3 0.336245446875 0.6036296015625 0.3383138546875 0.61578540625 0.349659078125 0.6246955875 0.36292257656250004 0.631972209375 0.3746319296875 0.6396368875 0.38378645625 0.6449826171875 0.390068621875 0.647412828125 0.39220237812500003 0.633503771875 0.39497120625000004 0.6207878531250001 0.39774150937499997 0.610831303125 0.398580465625 0.6077212859375 0.3972432734375 0.5985932109375 0.3970290453125 0.5835807875000001 0.3964827359375 0.5704253968749999 0.3967943609375 0.559984490625 0.39434579687500004 0.548768425 0.3912781875 0.5366649859375 0.38638844843750003 0.5280296984375 0.37741166718749997 0.5288067562500001 0.3741446046875 0.52928458125 0.369656953125 0.53105279375 0.3654387625 0.53250028125 0.3607748421875 0.5309050765625 0.3562361625 0.5262372562500001 0.352733165625 0.5304067078125 0.3490423046875 0.5391850812500001 0.343623984375 0.550506828125 0.3406628640625 0.5595535625 0.3377761828125 0.5891389375 0.336245446875 0.6036296015625
3 0.40787910156249996 0.4082472359375 0.40761554999999994 0.4196054375 0.408412340625 0.42661559687499995 0.4062305109375 0.43960735937499995 0.40533188906250006 0.449772421875 0.405353825 0.46111566249999997 0.4060137828125 0.47917077812500003 0.40643485 0.49539878281250005 0.40733222187499996 0.5125216406249999 0.4096525890625 0.5212915828125 0.41222344062499994 0.5239162984375 0.41585758906250003 0.5277117062500001 0.4235351359375 0.5294555796875 0.4344011 0.53195216875 0.44445868125 0.535410940625 0.45546295625 0.5296219437499999 0.46228404375 0.5314107015625 0.4708020234375 0.532803925 0.473179103125 0.529000084375 0.477395815625 0.5247932296875 0.47972629843750003 0.5228314625 0.483548309375 0.5220179500000001 0.48630554375 0.5172743718749999 0.490745121875 0.5145888640625 0.4954235890625 0.513730465625 0.49807160625 0.5123652671875 0.498607575 0.5062050765625 0.4984749453125 0.49548084843750007 0.4966481546875 0.4606236015625 0.4943975671875 0.434066903125 0.492584075 0.42404397656250004 0.48899504374999997 0.415647125 0.4854060140625 0.407250275 0.48154604531249995 0.39641478281250003 0.478354671875 0.3901433265625 0.475161821875 0.381112503125 0.4726040421875 0.37327481875 0.4676327015625 0.3603513359375 0.46604650468750003 0.3601278578125 0.4506914109375 0.3566401125 0.4385262140625 0.356664453125 0.427613653125 0.3560099359375 0.42130091406250003 0.3557275625 0.41859323125000003 0.3641478046875 0.41447857499999996 0.3812267265625 0.41087079375 0.3970526640625 0.40787910156249996 0.4082472359375
3 0.342146321875 0.45676310000000003 0.3440603953125 0.476898725 0.3470683390625 0.496057209375 0.351043434375 0.5145517953125001 0.3541416140625 0.524507396875 0.35920319375 0.5282279953125 0.3634869578125 0.5307629406250001 0.368277596875 0.5320448984375 0.372415665625 0.5290685859375001 0.3759842375 0.5288815640625 0.38128175 0.528910540625 0.3890044171875 0.5260529703125 0.39525305624999996 0.5251122828125 0.3993750984375 0.5218302046875001 0.403291778125 0.520091915625 0.40666510312500004 0.510716971875 0.4064683765625 0.4987696828125 0.4057063625 0.4678425 0.4051701671875 0.4439554015625 0.40480160468750004 0.4369227984375 0.40187969375000004 0.43033061562499997 0.3968967609375 0.4253794734375 0.39397928125 0.42706539687499995 0.3856957578125 0.4192211796875 0.37887023750000004 0.40915431562500004 0.37477433437499996 0.40201045156250004 0.37085026875 0.389951896875 0.36578425625 0.377953190625 0.363418771875 0.3737846890625 0.35948458906249997 0.37245784375 0.3574090203125 0.37655248750000003 0.34870613437500003 0.3852869234375 0.343605346875 0.397205240625 0.340980740625 0.412673046875 0.3401666734375 0.4326450421875 0.34094891875 0.44210880625 0.342146321875 0.45676310000000003
3 0.39647978125 0.564906659375 0.396803225 0.5765407031249999 0.3972388421875 0.590315103125 0.3975462609375 0.6016433828125 0.3995680734375 0.615641259375 0.40146316718749997 0.6299523828125 0.4042627921875 0.6451359171875 0.40620300625 0.6548455984375 0.40947154531249996 0.65712714375 0.41672086249999996 0.658893459375 0.4245732015625 0.66124138125 0.4323629203125 0.6651256109375 0.4385489390625 0.6657212312499999 0.4429594234375 0.667942928125 0.446127384375 0.6601117750000001 0.449497753125 0.6452180953125 0.4523743203125 0.626364428125 0.454336240625 0.617370059375 0.457157571875 0.61384954375 0.4605659015625 0.6106048687500001 0.46011721562499996 0.6020434390625 0.45912517499999994 0.585845359375 0.458214734375 0.5739354734375001 0.4578126453125 0.563531971875 0.4580776734375 0.5549331390625001 0.4576785390625 0.5500483734375 0.45635884843749996 0.5439854328125 0.45522997500000006 0.5388323078125 0.45415065156249995 0.5373558468749999 0.4517385703125 0.5350294171875001 0.44696395468750005 0.534053225 0.44517239531249997 0.5353735359375 0.4392077625 0.53353989375 0.432688184375 0.5320419390625 0.426723553125 0.5302082968749999 0.42110850468749994 0.5295827546874999 0.41682474062499997 0.5270478109375001 0.412067628125 0.5291367515625 0.4072303921875 0.5296968640624999 0.402537378125 0.5330088671875 0.3993999875 0.53869218125 0.39780367656250004 0.549200415625 0.39693562656250003 0.5572176421874999 0.39647978125 0.564906659375
3 0.5206616984375 0.5501202234375 0.51909448125 0.5557212484375 0.518016634375 0.5570041578125 0.5172272296875 0.5637908421875 0.517425434375 0.5784975 0.5185456703125 0.5971417031249999 0.520204828125 0.615144453125 0.5206695390625 0.624011646875 0.525021834375 0.636047759375 0.529996128125 0.6544899796875 0.533889625 0.6686963718750001 0.538505471875 0.66937428125 0.549923428125 0.66601644375 0.5582811640625 0.6643520125 0.5653862609375 0.663366440625 0.56998460625 0.6609792156250001 0.5729967546875 0.658368515625 0.5737642265625 0.640238590625 0.5740277781249999 0.6288803875 0.574020390625 0.6150835453125 0.5747456984375 0.6070738 0.5736764890625 0.59486563125 0.572192121875 0.5774669296875 0.5715015921875 0.5615596515625 0.570133828125 0.554579415625 0.5683247671875 0.55283459375 0.5675134265625 0.5482780390624999 0.558249684375 0.5463106890625 0.5556933796875 0.541232371875 0.5525209875 0.5407854203125 0.542671725 0.5413015984375 0.535202496875 0.5435326734375 0.53020649375 0.543794503125 0.528541653125 0.54480156875 0.5232761890625001 0.5453841265625 0.5217074937499999 0.548225784375 0.5206616984375 0.5501202234375