3 0.5708453578125 0.9693721765625 0.6000843046875 0.9673275890624999 0.6264123484375 0.9483716921875001 0.622291921875 0.9388799000000001 0.6355595734375 0.9061673921875 0.6476177 0.8808744031250001 0.642476446875 0.8567841109375 0.6318165421875 0.8526395640625 0.6173764875 0.843869390625 0.6072269968749999 0.8470240921875 0.5932973546875 0.8455531687500001 0.5788573 0.83678299375 0.5659484859374999 0.8499105671875 0.561809496875 0.8648698749999999 0.5538903578125 0.87520355625 0.5523405578125 0.877756909375 0.5564609859375 0.8872487015624999 0.5550627609375 0.9166862374999999 0.556253725 0.9337178187499999 0.5708453578125 0.9693721765625
3 0.47564245781250003 0.8684502796875 0.46292234218750006 0.8595598375 0.45039092187499996 0.8286513765624999 0.42546110312499996 0.8181697375000001 0.404633146875 0.84163099375 0.3820691546875 0.8409337625 0.37312672812500003 0.8853987999999999 0.4005900546875 0.9568277843749999 0.4377295796875 0.9689006171875001 0.44460933125 0.9684195390625 0.46923599843749997 0.9251328093750001 0.46806359531249997 0.883650128125 0.474603071875 0.8783028828124999 0.47564245781250003 0.8684502796875
3 0.7817336734375 0 0.770723196875 0.0214129046875 0.75350525625 0.047066703125 0.7661511296875 0.15376154687500002 0.795031240625 0.1713018953125 0.8153302203124999 0.1649924921875 0.8720696140624999 0.1854746890625 0.892179896875 0.20118330312500002 0.9181491046874999 0.201812340625 0.93918431875 0.13188196875 0.9406011015625 0.07799333124999999 0.9145174390624999 0.0015779109375 0.9129381984375 0 0.7817336734375 0
3 0.2605140984375 0.609655734375 0.2742921625 0.5842424765625001 0.27398900937500004 0.530474109375 0.2451274578125 0.48848266249999994 0.21830756093749998 0.475688209375 0.1685809359375 0.5060602171874999 0.1410433671875 0.532435634375 0.1376034921875 0.5326761734375001 0.1322364171875 0.5795060999999999 0.137869525 0.6353467390625 0.1712103375 0.667245046875 0.201999084375 0.6626471078125 0.213546796875 0.63005486875 0.2605140984375 0.609655734375
3 0.4802176171875 0.9585946234374999 0.48828833281249995 0.9751451250000001 0.5235377812500001 0.9849051453125 0.5361063234375 0.96691140625 0.5562722859375 0.90926671875 0.5566311234375 0.889681784375 0.55183014375 0.870457659375 0.5282799875 0.8549895859375001 0.51521959375 0.8412329749999999 0.4944102 0.8402431312499999 0.48855127343750004 0.85532270625 0.47874205937500003 0.863343575 0.474262796875 0.8734367171875 0.46823373281249997 0.8860832125 0.46751606093750003 0.9252530796875 0.47490622499999996 0.9320712500000001 0.4802176171875 0.9585946234374999
3 0.1085346828125 0.5371538421875 0.1379437671875 0.5375423390625 0.165141059375 0.50630075625 0.1936994546875 0.49452383749999995 0.22019763750000002 0.4780010234375 0.24051517812499998 0.44724051875 0.2379631125 0.4107442734375 0.22233209375000001 0.3849425171875 0.2254502546875 0.3553847125 0.19917789218749998 0.300987309375 0.1818269359375 0.2753058234375 0.148977975 0.2751578671875 0.14158780937499998 0.268339696875 0.0806908671875 0.2872679078125 0.057784139062499996 0.330434365625 0.045859029687500004 0.4070626375 0.0518509703125 0.44331834375 0.062322175 0.469480909375 0.0750237328125 0.5028224531250001 0.1085346828125 0.5371538421875
3 0.6689003859375 0.9380656984375 0.6821494765625 0.929804290625 0.6997262546874999 0.8845655578124999 0.7136744562499999 0.8615853828125 0.72161215625 0.8268006015625 0.7113110875 0.8030711203124999 0.6972113078125 0.7991671124999999 0.6932795796875 0.767657303125 0.6831300890625001 0.7708120046875 0.681221453125 0.792950290625 0.6695221625000001 0.7986583453125 0.6423434296874999 0.8054488296875 0.64319411875 0.8176142437499999 0.6296047515625001 0.821009484375 0.6287355031249999 0.8332951703125 0.6227064390625 0.8459416640624999 0.642476446875 0.8567841109375 0.6474475609375 0.8784413203125 0.6358998484375 0.9110335578125 0.6477507171875 0.9322096859375 0.6689003859375 0.9380656984375
3 0.386242803125 0.8258021093749999 0.3831617625 0.8064577140625 0.3756200203125 0.7727553609375 0.34949923437499997 0.7452421421875 0.320260290625 0.747286728125 0.302720634375 0.743623259375 0.278093965625 0.7869099890625 0.2786043796875 0.7942092374999999 0.2928000546875 0.8983507296875001 0.304650921875 0.9195268578125001 0.34317010937500003 0.9266132546874999 0.3746765296875 0.882845446875 0.375205503125 0.865693596875 0.386242803125 0.8258021093749999
3 0.2839528921875 0.7718304109375 0.302890771875 0.7460563421875 0.30306090937499996 0.7484894265625 0.321488375 0.715416109375 0.318237196875 0.69363863125 0.31774534375 0.66188828125 0.30984476562499996 0.6477708625 0.299883975 0.6289075468750001 0.257414496875 0.6147624390625 0.24726500625 0.6179171421875 0.21233727343750003 0.6374743890625 0.21250741093749997 0.639907471875 0.196953725 0.7387943 0.20827561874999997 0.7771222812499999 0.22133601249999998 0.7908788906249999 0.24488617031249998 0.806346965625 0.28204425624999996 0.7939686984375001 0.2839528921875 0.7718304109375
3 0.762813334375 0.6992255421875 0.7837743046875 0.727099571875 0.78600465625 0.73427855 0.816793403125 0.7296806124999999 0.819722865625 0.7221408234375 0.8305714671875 0.7042673546875 0.8354281265625 0.6501381765625001 0.8344073 0.6355396796874999 0.8220645796875001 0.5826132 0.821554165625 0.5753139515625 0.79199350625 0.5480412718750001 0.75587480625 0.5505669375 0.7340260265625 0.5594296937500001 0.7305861499999999 0.5596702328125 0.7111192984375 0.6025961515625 0.7133310890625 0.63422623125 0.7170926796875 0.663302959375 0.7313440359375 0.6940911484375001 0.7509439046875 0.7025005140625 0.762813334375 0.6992255421875
3 0.8566520390625 0.5581897890625 0.8670087875 0.5085659703125 0.8488257015625 0.44626796874999997 0.836634559375 0.4202256734375 0.8130844015625 0.40475760000000005 0.7953746078124999 0.3986610484375 0.7678556000000001 0.4005853640625 0.73721843125 0.4320674859375 0.725160303125 0.45736047500000004 0.7299427203125 0.5010357 0.7624142828125 0.5452196921875 0.762754559375 0.5500858578125001 0.79027356875 0.548161540625 0.8107241265624999 0.568736321875 0.8191536781250001 0.5657018890625001 0.8566520390625 0.5581897890625
3 0.8075843109375 0.400252240625 0.8495248156249999 0.43154919999999997 0.9001021281250001 0.4133426078125 0.9048443328125 0.2834270484375 0.8687998765625 0.1881483125 0.81051068125 0.1702194671875 0.7533938921875001 0.1937733046875 0.7342487531249999 0.266016490625 0.7352510203125 0.3050660875 0.7276721546875 0.3202659359375 0.7326247109375 0.36637424375 0.742415365625 0.3828044765625 0.7551354828125 0.39169492031250003 0.8075843109375 0.400252240625
3 0 0.2637485171875 0.0100032703125 0.28976588593749997 0.059012224999999995 0.298563746875 0.08413074375 0.28702736875 0.1348781953125 0.271253859375 0.146067071875 0.25824655625 0.1567455375 0.237940003125 0.1660443390625 0.2226198859375 0.164191384375 0.171404871875 0.14598973906249998 0.1335579703125 0.1355370921875 0.08294430625 0.117487025 0.07198158906249999 0.0619385953125 0.0685309734375 0.021851046875 0.088449028125 0.0004941171875 0.129062134375 0 0.1298762109375 0 0.2637485171875
3 0.71505411875 0.8565989484375001 0.7263945734374999 0.8704758265624999 0.75253391875 0.8735379468750001 0.7587331203125001 0.863324534375 0.7731917359375 0.8476436078124999 0.7855901375000001 0.8272167874999999 0.7823389609375 0.8054393078125001 0.7861562328125 0.761162734375 0.781714090625 0.722353675 0.7609232578125 0.6969127296875001 0.7507737671875 0.70006743125 0.727904159375 0.6943316890625 0.7094952546875 0.70295390625 0.693128003125 0.74077311875 0.6949995171875 0.7675370328125 0.6951696562499999 0.769970115625 0.6968710328125 0.794300946875 0.7130310265625 0.80295085 0.72350223125 0.829113415625 0.71505411875 0.8565989484375001