3 1 0.3641960265625 0.9605929874999999 0.5629479749999999 0.9683269109375001 0.642537403125 0.9726856484375 0.6788329375 0.976832128125 0.6829839828125001 1 0.5181360109375001 1 0.3641960265625
3 1 0.3470499984375 0.9955092078125001 0.31450616249999996 0.95593901875 0.20903266718750002 0.9264218796874999 0.18347453281249998 0.8964129625 0.1614155765625 0.843072996875 0.1539191328125 0.7695649046875 0.1721346078125 0.7672457765625 0.17180867500000002 0.72803284375 0.198412315625 0.6908595171874999 0.26098555625 0.6801076687500001 0.2701793671875 0.6683775015625 0.40412602187499996 0.655731040625 0.47728287968750005 0.6487788906249999 0.5940595625 0.6560210343749999 0.677148171875 0.684766875 0.7418491578124999 0.7313617140625001 0.7805122921875001 0.792642621875 0.7819881718749999 0.871068490625 0.72878089375 0.917658090625 0.6496895484375 0.9630518765625 0.545452071875 0.9827954859375 0.45545117812499997 1 0.37702469843749997 1 0.3470499984375
0 0.64041343125 0.5357911484375 0.6488461515624999 0.5262714046875 0.6520763374999999 0.46963265468750004 0.659805021875 0.43146760000000006 0.660436559375 0.4101465859375 0.6567818562500001 0.40249636093749996 0.650668265625 0.41234203750000004 0.6407602125 0.4323593234375 0.6331712890625 0.452702540625 0.6320479734375 0.4775227359375 0.6309246578125001 0.5023429328125 0.63542315625 0.52081663125 0.64041343125 0.5357911484375
0 0.335147915625 0.8568550015625 0.3379588234375 0.8536817515624999 0.3343041203125 0.8460315265625 0.3301576390625 0.8418804812499999 0.32734673281250004 0.8450537296875 0.3291740828125 0.8488788421875 0.3328287875 0.8565290687499999 0.335147915625 0.8568550015625
0 0.3660678890625 0.8219492703125001 0.364732315625 0.8146249781250001 0.3600940578125 0.8139731125 0.3562995953125 0.8241447234375 0.3529969109375 0.8308171515625 0.352505134375 0.8343163312499999 0.35946252031250003 0.835294128125 0.365084334375 0.8289476328125 0.3660678890625 0.8219492703125001
0 0.2899559140625 0.7577280015625 0.293750375 0.7475563921874999 0.294242153125 0.7440572125 0.2929065796875 0.7367329171875 0.2882683203125 0.736081053125 0.2816629515625 0.7494259109375 0.276884934375 0.7665958796875 0.2782205078125 0.7739201734375001 0.2805396359375 0.77424610625 0.2861614515625 0.767899609375 0.2899559140625 0.7577280015625
3 0 0.9310750734375001 0.06796154374999999 0.9406264453125001 0.10590616718750001 0.8389103546875001 0.11363485 0.800745303125 0.127968903125 0.7492353921875 0.1154569625 0.686815934375 0.132317165625 0.5500219640624999 0.149741646875 0.4596951359375 0.167026365625 0.38719014375 0.16842920156250002 0.3267262796875 0.13785600781250001 0.2582001828125 0.11824692031249999 0.2126247609375 0.0688411765625 0.177134875 0.0410116296875 0.17322368593749998 0 0.46503659218750004 0 0.9310750734375001
1 0.2171413828125 0.5690798203125 0.2420202640625 0.5939860921875 0.2470105390625 0.608960609375 0.2628251640625 0.6647076390625 0.274420809375 0.6663373015625 0.295432728125 0.6514488578125001 0.2958520078125 0.5979833546875 0.31152163437499997 0.5537977374999999 0.36148641718749996 0.5180002859374999 0.39325018749999996 0.4939180296875 0.4174250328125 0.49017899218750005 0.3859407828125 0.47861757968749996 0.36239747499999997 0.4610356015625 0.3545962921875 0.44923433125 0.34032950156249997 0.43295608437500005 0.316294415625 0.41887328593750006 0.2682967421875 0.44067401562499997 0.25009572812499997 0.45238921249999997 0.22395377343749998 0.4701249703125 0.21791268125 0.529936971875 0.2171413828125 0.5690798203125
3 0.1481990515625 0.5379808359375 0.1332334625 0.6108117625 0.12192257343749999 0.6912929125 0.1451191 0.812306715625 0.1897468265625 0.864966571875 0.253559121875 0.8989128734375 0.3251001015625 0.894694121875 0.340490209375 0.8861521734375 0.41090787500000003 0.9067536171875 0.486243315625 0.89236325625 0.5368396375 0.8352447890624999 0.577243146875 0.716032796875 0.629594321875 0.6127731203125 0.6512377781249999 0.5765636609375 0.6515172984375 0.5409199921875001 0.6539036890625 0.4734577671875 0.669852834375 0.3936284796875 0.6801076687500001 0.2701793671875 0.6601465656250001 0.2102812921875 0.641381275 0.17552934375 0.621772190625 0.1299539234375 0.5930988453125 0.1152192625 0.529146790625 0.099094796875 0.4821326734375 0.11389716406249999 0.4406006109375 0.140174871875 0.42057224531250004 0.14806495625 0.39836451093749997 0.1378072703125 0.3384191765625 0.1436556859375 0.30166512968750003 0.152763421875 0.22422281718749998 0.1989723390625 0.22373104062500002 0.2024715203125 0.1789687921875 0.285387978125 0.16779766406250002 0.3480472953125 0.17032905 0.38051771562500003 0.163935940625 0.4260070609375 0.14897035 0.49883798593749995 0.1481990515625 0.5379808359375
0 0.41236749531249994 0.5429926328125 0.41335105156249996 0.5359942703125 0.4063936640625 0.5350164734375 0.40407453593750003 0.534690540625 0.4007718515625 0.541362971875 0.40210742499999996 0.5486872640625 0.40955658906250003 0.54616588125 0.41236749531249994 0.5429926328125
0 0.3233968 0.5197837296875 0.31264495000000003 0.5289775421875 0.2982383984375 0.5305211296875 0.28334006875 0.5355638953125 0.27821003437499997 0.5384112109375 0.27258822031249996 0.5447577078125 0.26085281562499996 0.56094988125 0.2532638921875 0.5812930984375 0.2615568515625 0.5895951890625 0.27266071875 0.59472403125 0.2848879015625 0.575032678125 0.291985046875 0.5581886390624999 0.304564246875 0.552819940625 0.32227348437500003 0.5446039265625 0.33864714687499997 0.5290636171875 0.3439169421875 0.5083944671875 0.3450402578125 0.48357427187499996 0.3392061859375 0.457776278125 0.33653503906250004 0.4431276921875 0.328242078125 0.434825603125 0.3199491171875 0.42652351250000003 0.30919726875000003 0.43571732343749997 0.30392747343750004 0.45638647499999996 0.3032959359375 0.47770748906250005 0.307442415625 0.481858534375 0.3077944328125 0.4961811890625 0.3132764875 0.5076565265624999 0.3233968 0.5197837296875
1 0.5851683796875 0.35674878906249996 0.5598702171875 0.38530802343750004 0.5581153640625 0.43144923281249997 0.569431490625 0.4687225640625 0.5832065046875 0.4884999921875 0.6016197765625 0.5089292859375 0.6211563640625 0.5045383828125 0.6344396 0.5278149921875 0.6394298765624999 0.5427895109375 0.6437886140625 0.5790850453124999 0.64990220625 0.5692393671875 0.6516570578125 0.5230981578125 0.65488724375 0.4664594046875 0.6626159281249999 0.4282943515625 0.660436559375 0.4101465859375 0.6567818562500001 0.40249636093749996 0.6488409140625 0.408516925 0.6289523078125 0.3985851734375 0.619323775 0.3829587890625 0.6065323171875 0.356183 0.5851683796875 0.35674878906249996