3 0.36745594531250003 0.16035125625 0.381213484375 0.1636706734375 0.3796297875 0.138053915625 0.38484488125 0.1043719390625 0.3789899609375 0.06025448437499999 0.36918373125000004 0.0365360484375 0.3445161359375 0.0422310125 0.3418286109375 0.049347071874999995 0.33771734375 0.050296232812499994 0.3173209703125 0.07449189218749999 0.3189046671875 0.10010865 0.33408594687500004 0.10959496718749999 0.3480034421875 0.13236424062500002 0.3592334140625 0.1622495765625 0.36745594531250003 0.16035125625
0 0.23891873593750002 0.3913898734375 0.2278487203125 0.38095439531249997 0.21962618906250003 0.38285271718749997 0.2142511390625 0.3970848359375 0.22389741093749999 0.40135341406249997 0.23211994374999997 0.39945509375 0.23891873593750002 0.3913898734375
3 0.6514690859375001 0.302640715625 0.6707616328125 0.311177871875 0.6968529703125 0.31164980781249996 0.7158256015625 0.281287246875 0.718193215625 0.23527147187500003 0.7151857765625 0.203487815625 0.6901982671875 0.1702830625 0.6750169875 0.1607967453125 0.6571481828125 0.1584264890625 0.6516131749999999 0.15320875 0.6297930593750001 0.17123751250000002 0.62584175 0.19163653125 0.627425446875 0.2172532875 0.6290091453125 0.24287004531249998 0.6361278484375 0.2737045421875 0.6514690859375001 0.302640715625
0 0.8776363234375 0.757082353125 0.8860188125 0.7746338890625 0.8929775609374999 0.786018528125 0.898512565625 0.7912362671875 0.9067350984375 0.7893379453125 0.89977635 0.7779533078124999 0.8969288687500001 0.765619509375 0.8899701203125 0.7542348703124999 0.8926576453124999 0.7471188109375 0.8912339046875 0.7409519125 0.8883864234375001 0.7286181140625 0.8842751578125 0.729567275 0.8801638921875 0.7305164359375 0.8774763671875 0.7376324953125 0.8705176187499999 0.7262478578125 0.8664063531249999 0.72719701875 0.8569200359375 0.7423782984375 0.8501212453125 0.7504435171875 0.8515449859374999 0.7566104171875 0.8597675171875 0.7547120953124999 0.8679900500000001 0.752813775 0.8776363234375 0.757082353125
0 0.9402491859375001 0.6906622687499999 0.941512971875 0.6773793109375 0.9345542234374999 0.6659946718749999 0.92490795 0.66172609375 0.9277554312499999 0.6740598921875 0.929179171875 0.6802267921875 0.9361379203125001 0.6916114296875 0.9402491859375001 0.6906622687499999
0 0.5488315218750001 0.1769377640625 0.5572140109375 0.1944893015625 0.5668602843749999 0.1987578796875 0.5791940828125 0.1959103984375 0.587416615625 0.1940120765625 0.59421540625 0.18594685625000001 0.589944184375 0.16744615937500001 0.5790341265625 0.1764605390625 0.572235334375 0.1845257609375 0.566700328125 0.179308021875 0.5611653203125 0.1740902828125 0.5638528468749999 0.16697422343749999 0.5679641125 0.1660250625 0.574762903125 0.1579598421875 0.5760266890625 0.14467688437499998 0.5663804156250001 0.14040830625 0.5608454078125 0.1351905671875 0.5567341421875 0.136139728125 0.551199134375 0.13092198906250002 0.5538866609374999 0.1238059296875 0.551039178125 0.11147213125 0.5401291203125 0.1204865125 0.540289078125 0.1399363703125 0.5431365593749999 0.15227016875 0.5488315218750001 0.1769377640625
0 0.493641409375 0.1442102375 0.5018639421875 0.142311915625 0.510086475 0.1404135953125 0.5140377843749999 0.1200145765625 0.522100359375 0.09866639687499999 0.521940403125 0.07921653906250001 0.5067591234375 0.0697302234375 0.4985365921875 0.07162854375 0.4847790515625 0.0683091265625 0.4710215125 0.06498970937500001 0.464222721875 0.0730549296875 0.4615351953125 0.0801709890625 0.467230159375 0.104838584375 0.4770363890625 0.128557021875 0.4839951375 0.139941659375 0.493641409375 0.1442102375
0 0.41883883749999995 0.06404583750000001 0.4272213265625 0.0815973734375 0.43560381562500006 0.0991489109375 0.44256256406250005 0.1105335484375 0.438451296875 0.1114827078125 0.4273812828125 0.10104723281250001 0.41631126875 0.0906117546875 0.412200003125 0.09156091562499999 0.41504748437499994 0.10389471406249999 0.4205824921875 0.109112453125 0.43165250625 0.11954792968750001 0.4371875125 0.1247656671875 0.4454100453125 0.122867346875 0.449521309375 0.12191818593749999 0.45078509375 0.10863522656249999 0.4534726203125 0.10151916875 0.4520488796875 0.09535226875 0.443506434375 0.05835087343749999 0.4378114703125 0.033683278125 0.4349639890625 0.0213494796875 0.42674145625 0.0232478015625 0.41583139999999996 0.03226218125 0.41045635 0.0464943 0.4077688234375 0.05361035937500001 0.414727571875 0.064994996875 0.41883883749999995 0.06404583750000001
0 0.32016845156249996 0.086825690625 0.3215921921875 0.09299259062500001 0.33266220625 0.1034280671875 0.3424684359375 0.127146503125 0.350850925 0.1446980390625 0.357809671875 0.156082678125 0.36603220468750003 0.15418435625 0.375678478125 0.15845293437500002 0.378366003125 0.15133687499999998 0.383741053125 0.1371047546875 0.38500483750000003 0.12382179687499999 0.375358565625 0.11955321875 0.3714072546875 0.1399522359375 0.3672959890625 0.140901396875 0.3617609828125 0.1356836578125 0.3616010265625 0.1162338015625 0.3642885515625 0.1091177421875 0.37377486718749997 0.0939364625 0.370927384375 0.0816026640625 0.359857371875 0.0711671859375 0.3502110984375 0.0668986078125 0.3378773 0.0697460890625 0.331078509375 0.077811309375 0.3187447109375 0.0806587921875 0.32016845156249996 0.086825690625
0 0.30594691093750004 0.19403852187499998 0.321128190625 0.20352483906250002 0.3334619875 0.20067735781249998 0.3402607796875 0.1926121375 0.3401008234375 0.1731622796875 0.334405859375 0.14849468125 0.3301346375 0.1299939859375 0.3231758890625 0.1186093484375 0.3149533578125 0.12050766875 0.29866825 0.1437541671875 0.28507066718749996 0.159884609375 0.2838068828125 0.17316756718749998 0.29076563125 0.18455220625 0.30594691093750004 0.19403852187499998
3 0.40333764531250005 0.0156598046875 0.3829412703125 0.039855465624999996 0.3816774859375 0.053138423437500006 0.39970624843749997 0.0749585390625 0.412200003125 0.09156091562499999 0.4275412390625 0.1204970890625 0.44272252031250003 0.12998340625 0.4509450515625 0.1280850859375 0.461695153125 0.099620846875 0.449041440625 0.0635686125 0.4390752546875 0.02040031875 0.43891529843750005 0.0009504609375 0.4348040328125 0.0018996218749999997 0.4074489109375 0.014710643749999999 0.40333764531250005 0.0156598046875
3 0.2820790953125 0.296982775 0.3038992109375 0.27895401406250003 0.3008917734375 0.24717035781250002 0.29377306875000003 0.21633586249999998 0.2811193578125 0.180283628125 0.2452217890625 0.1560932546875 0.238423 0.164158475 0.21122783437499998 0.1964193578125 0.196366465625 0.22583275781249998 0.20902017812499998 0.261884990625 0.22704893906249998 0.28370510625 0.255987759375 0.296510840625 0.2820790953125 0.296982775
3 0.5806178234375 0.20207729687499998 0.6135079515624999 0.1944840125 0.62568179375 0.1721866734375 0.629633103125 0.1517876546875 0.621090659375 0.114786259375 0.6127081703124999 0.097234721875 0.5905681421875 0.0763637671875 0.56716433125 0.06877577343749999 0.549295525 0.0664055171875 0.5398092078125 0.081586796875 0.5317466328125 0.102934975 0.5306428046875 0.1356677921875 0.5461439968749999 0.184053825 0.5559502265625 0.20777226093749998 0.5806178234375 0.20207729687499998
0 0.2673776859375 0.34584603281250004 0.261842678125 0.3406282953125 0.2604189375 0.3344613953125 0.2577314125 0.3415774546875 0.2550438875 0.348693515625 0.25789136875 0.3610273140625 0.2634263765625 0.3662450515625 0.2675376421875 0.36529589218749997 0.27164890937499997 0.36434673125 0.2673776859375 0.34584603281250004
3 0.231016115625 0.4321879109375 0.25283623125 0.41415914843749996 0.2678575546875 0.40419560781249997 0.2718088640625 0.3837965875 0.27164890937499997 0.36434673125 0.27291269375 0.351063771875 0.2631064640625 0.3273453359375 0.254723975 0.3097937984375 0.2050688671875 0.282284009375 0.19542259374999998 0.27801543125 0.177713746875 0.2950950328125 0.1683873859375 0.3297261703125 0.1744022625 0.3932934828125 0.18831975781250002 0.41606275937500004 0.199389771875 0.42649823593749997 0.22405736874999999 0.420803271875 0.231016115625 0.4321879109375
3 0.311548678125 1 0.34381155625000004 0.9582726578124999 0.33384537187499996 0.9151043640625 0.3248230546875 0.8197533953124999 0.30141924375 0.8121653999999999 0.27801543125 0.80457740625 0.2615703671875 0.8083740484374999 0.2353190734375 0.788452253125 0.2312078078125 0.7894014140625 0.21618648437500002 0.79936495625 0.1848800515625 0.8325749968749999 0.1867836640625 0.8970914703125 0.213514825 0.9753628375 0.23965006875 1 0.311548678125 1
0 0.2452376578125 0.324975078125 0.23970265 0.319757340625 0.235591384375 0.3207065 0.23575134062499997 0.340156359375 0.2412863484375 0.345374096875 0.2480851390625 0.33730887656249997 0.2452376578125 0.324975078125
0 0.2513966234375 0.2391104265625 0.24459783281249997 0.24717564687500002 0.2433340484375 0.26045860625 0.24475778906249998 0.2666255046875 0.2544040625 0.2708940828125 0.25993906875 0.276111821875 0.27369660625000003 0.2794312390625 0.2833428796875 0.2836998171875 0.2915654125 0.281801496875 0.2983642046875 0.2737362765625 0.298204246875 0.2542864171875 0.29946803125 0.2410034578125 0.2882380625 0.2111181234375 0.2798555734375 0.1935665875 0.272896825 0.1821819484375 0.26056302656249997 0.18502943125 0.2578755015625 0.192145490625 0.2469654453125 0.201159871875 0.24981292656249998 0.21349367031250002 0.2581954140625 0.23104520625 0.2513966234375 0.2391104265625
3 0.85771981875 0.8396275875000001 0.8729010984375 0.8491139046875 0.8921936453124999 0.8576510609374999 0.9113262328125 0.846738359375 0.9263475578125 0.8367748171875 0.9331463484375 0.828709596875 0.9522789390625 0.81779689375 0.9669803484375 0.7689336375 0.9709316578125 0.74853461875 0.9693479609375 0.7229178609375 0.958117990625 0.6930325265625 0.9454642796874999 0.6569802921875 0.937081790625 0.63942875625 0.9260117781250001 0.628993278125 0.908142971875 0.626623021875 0.88331541875 0.6128681265625 0.87794036875 0.627100246875 0.84647398125 0.6408604296875 0.8240064390624999 0.640454040625 0.8069450171874999 0.67596879375 0.8058411890625001 0.708701609375 0.8074248875000001 0.7343183671875 0.82134238125 0.7570876421875 0.8338361359375 0.77369001875 0.843642365625 0.7974084546875 0.8493373296875 0.8220760515625001 0.85771981875 0.8396275875000001
3 0.7800380296875 0.40936574375 0.78810060625 0.388017565625 0.7849332125 0.33678405 0.7749670265625 0.29361575625 0.7624732703125 0.2770133796875 0.7281594 0.278439765625 0.7102905953125 0.2760695078125 0.7009642359375 0.310700646875 0.692741703125 0.3125989671875 0.68309543125 0.3083303890625 0.666970278125 0.3510267484375 0.685158996875 0.39229672187500003 0.7169452984375 0.417436253125 0.7280153125 0.4278717296875 0.7541066484375001 0.42834366562500004 0.7800380296875 0.40936574375
3 0.515461525 0.12618147500000002 0.524787884375 0.0915503375 0.5356979421875 0.0825359578125 0.54376051875 0.061187778125 0.529843021875 0.0384185015625 0.500904203125 0.025612767187500003 0.48161165781250004 0.0170756125 0.47070160000000005 0.026089993750000002 0.4472977875 0.0185019984375 0.448721528125 0.024668896875 0.4419227375 0.0327341171875 0.44619395937500006 0.0512348140625 0.467230159375 0.104838584375 0.48541887812500006 0.1461085578125 0.508822690625 0.15369655468750001 0.515461525 0.12618147500000002
3 0.292189371875 0.1907191046875 0.317016925 0.204474 0.33219820312500004 0.213960315625 0.3443720453125 0.1916629765625 0.3399408671875 0.15371242031250001 0.331398421875 0.11671102656250001 0.310522178125 0.0825571125 0.30229964531250003 0.084455434375 0.2860145390625 0.107701934375 0.27241695625 0.123832375 0.25470810625 0.1409119765625 0.2589793296875 0.1594126734375 0.27969561718749997 0.174116728125 0.292189371875 0.1907191046875
3 0.8010900968750001 0.6318513375 0.824493909375 0.6394393328125 0.84647398125 0.6408604296875 0.87794036875 0.627100246875 0.8872667296875001 0.592469109375 0.9089268875000001 0.5549904890625 0.9100307140625 0.522257671875 0.89041825625 0.4748208 0.8777645453125 0.43876856562500005 0.865110834375 0.40271633125 0.841707021875 0.395128334375 0.81419194375 0.3884895015625 0.7977468796875 0.39228614375 0.78541308125 0.39513362500000004 0.7800380296875 0.40936574375 0.7555303890625 0.434510565625 0.7514191234375 0.43545972656250004 0.7338702328125 0.4719891859375 0.7438364187500001 0.5151574796875 0.7564901296875 0.5512097125000001 0.7580738265625 0.5768264703125 0.7707275375 0.6128787046874999 0.8010900968750001 0.6318513375
3 0.2767199125 0.48009671875000004 0.2683374234375 0.46254518125 0.2435098703125 0.44879028749999994 0.21868231875 0.4350353921875 0.196702246875 0.4336142953125 0.180097225 0.4179610796875 0.17187469375 0.4198594015625 0.1461032703125 0.45828718124999995 0.160340678125 0.5199561734375 0.1978219421875 0.5697633015625 0.195134415625 0.5768793609375 0.2485808765625 0.5645402734375 0.270400990625 0.5465115125 0.2783036109375 0.5057134750000001 0.2767199125 0.48009671875000004
3 0.21745026875 0.786081996875 0.2353190734375 0.788452253125 0.27516795 0.79224360625 0.30109933125 0.773265684375 0.3093218625 0.7713673640625001 0.315960696875 0.7438522843750001 0.32402327343750004 0.7225041062499999 0.32781462656250004 0.6826552296874999 0.32069592187499996 0.6518207328125001 0.3026671609375 0.63000061875 0.29127723437499997 0.5806654265625 0.27182473125 0.5526784109375 0.2485808765625 0.5645402734375 0.21426700625 0.565966659375 0.192286934375 0.5645455625 0.1992456828125 0.5759302015625 0.178689353125 0.580676003125 0.14896661718749998 0.6395028015625 0.1521340125 0.6907363156249999 0.17712152187500002 0.7239410687500001 0.1911989734375 0.7661602015625 0.21745026875 0.786081996875