3 0 0.55583555625 0.0231260453125 0.6460724140624999 0.0467353078125 0.641192421875 0.070118503125 0.6192589984375 0.080626296875 0.607580984375 0.0847552875 0.570319 0.07846372812499999 0.5316293171875001 0.0708215234375 0.50636035 0.059779456249999995 0.48898427499999997 0.049379281250000004 0.45534481875 0.0385066015625 0.4198102546875 0.027705881249999998 0.39532879374999996 0.008533823437500001 0.374947459375 0 0.3713479140625 0 0.55583555625
0 0.8013535109375001 0.500348528125 0.80466613125 0.50556135 0.8078246468750001 0.50477384375 0.8064841875000001 0.50208868125 0.8019081625 0.49719086093750003 0.8013535109375001 0.500348528125
0 0.1377718484375 0.505771096875 0.14013946093750002 0.507193703125 0.14053491093749998 0.506088646875 0.140853309375 0.5019834265625 0.1388040953125 0.4964556015625 0.1369911328125 0.49187533125 0.1347827203125 0.488400115625 0.13154715156250002 0.48618745781249995 0.1287840890625 0.48586990781250006 0.12696603281250002 0.4893425765625 0.1283064921875 0.49202773750000006 0.1292514984375 0.49581795624999997 0.13082820781249999 0.49945067187500003 0.1354042359375 0.5043484921875 0.1377718484375 0.505771096875
1 0.378348790625 0.6068219078125 0.4014804515625 0.6080997484374999 0.416240778125 0.6134777125 0.43046682968749994 0.5898015875 0.4319047171875 0.5632751578125 0.42718986875000003 0.528218190625 0.42279341718749996 0.4890560046875 0.414843 0.4517863796875 0.40365192343749995 0.4203570359375 0.3929231625 0.406928678125 0.3912643046875 0.4083487359375 0.386842384375 0.4094512453125 0.367567803125 0.426334440625 0.336460253125 0.42805167343750006 0.3071707609375 0.4262962359375 0.28079843437499996 0.430858678125 0.26066608750000003 0.4308459421875 0.2514267953125 0.434156015625 0.2542618171875 0.44552666875 0.25724075625 0.47900352812499997 0.2734396125 0.5816493140625 0.2814874578125 0.589707346875 0.2912661171875 0.6073984265625 0.30421348125000003 0.6081961203125 0.3223787609375 0.5976282562499999 0.3347816625 0.5854777375 0.35269540781250003 0.5981211359375 0.378348790625 0.6068219078125
0 0.2080449796875 0.4942887890625 0.21009419375 0.499816615625 0.20977579531249999 0.503921834375 0.210561603125 0.5097646625000001 0.21063865625 0.512764828125 0.211111159375 0.5146599359375 0.21174286250000002 0.514502434375 0.21190206250000002 0.512449825 0.21222046093750002 0.5083446046875 0.2109621484375 0.5006066671875 0.21088509531250002 0.497606503125 0.21057179218750002 0.493658784375 0.20946758437500002 0.49192117656249995 0.2081271265625 0.48923601562499996 0.205995765625 0.48876096406249997 0.2053640625 0.488918465625 0.20646827031249998 0.49065607343749995 0.2080449796875 0.4942887890625
0 0.5145183375 0.3886891 0.5176768515625 0.38790159375 0.5178360515625 0.3858489828125 0.5148367359375 0.38458387968749996 0.5120736734375 0.3842663296875 0.5101785640625 0.3847388328125 0.509151409375 0.386001390625 0.510255615625 0.38773899843750004 0.5145183375 0.3886891
0 0.5387694890625 0.36754572812499997 0.539164940625 0.3664406734375 0.5392470859375 0.36138789843749997 0.5368024218749999 0.35696512812500003 0.534434809375 0.3555425234375 0.533880159375 0.3587001890625 0.5352976703125 0.364385515625 0.5360064265625 0.3672281796875 0.5387694890625 0.36754572812499997
0 0.7950466703125 0.48581766093749995 0.79047064375 0.48091984062500004 0.787630528125 0.477602128125 0.7890480390625 0.4832874546875 0.792519859375 0.4864476671875 0.7942557671875 0.48802777343750003 0.7950466703125 0.48581766093749995
3 0.4242211171875 0.478635453125 0.43114947187499997 0.5091146953125001 0.4333426046875 0.536748728125 0.43458563437500003 0.56864548125 0.43378454375000003 0.5869614703125 0.4363011671875 0.60243734375 0.45254586874999997 0.6326066781249999 0.4745427609375 0.68046454375 0.49008889531250005 0.6916853374999999 0.5224445671875 0.7138119203125 0.539105096875 0.7106644421875 0.5567927781249999 0.7062544078124999 0.5801657875 0.7004268625 0.6010119859375 0.6952293218750001 0.61364604375 0.692079296875 0.6432590296875 0.681676575 0.6642746140625 0.6583205453125001 0.676851996875 0.6199586 0.6825424171875001 0.61048815 0.68965544375 0.5986500875 0.6970919609374999 0.574653865625 0.701246425 0.49712718593750005 0.6955814734375 0.46633294062499997 0.687867309375 0.43001087031249996 0.675885328125 0.40079163749999996 0.6542737 0.3679345953125 0.6340795828125 0.340762878125 0.62279616875 0.33049218593749996 0.6061458296875 0.3175337859375 0.5773339328125 0.30962051874999996 0.553883871875 0.3124479 0.533669378125 0.3174879390625 0.52032146875 0.325848240625 0.5064240046874999 0.3293132671875 0.47618440937499995 0.3318205515625 0.46228694375 0.3352855796875 0.4513887953125 0.3400157109375 0.44814813437499995 0.345855990625 0.4225514296875 0.37236713906249996 0.41590581406249993 0.3941532484375 0.41810403906250004 0.41373434218750005 0.4160344484375 0.44041827343750006 0.4187873234375 0.45684170156250004 0.4242211171875 0.478635453125
0 0.26191930625 0.44663681874999994 0.25553031718749997 0.4371587265625 0.2564651375 0.4570548234375 0.2536969796875 0.46479021249999997 0.2578775546875 0.47079308906249995 0.261672865625 0.46179514218750006 0.2619963578125 0.44963698281250003 0.26191930625 0.44663681874999994
0 0.26928960156250004 0.5273288046875 0.2698391578125 0.5322240781249999 0.271647025 0.5448572875 0.2752009921875 0.542964725 0.2783646 0.53412428125 0.2750519796875 0.5289114578125 0.26928960156250004 0.5273288046875
3 0.270450484375 0.5642783328125 0.27398916875 0.5865445874999999 0.2890475171875 0.6200290890625 0.301424946875 0.648143265625 0.325095978125 0.67042225625 0.344196078125 0.6797504875 0.3614061625 0.681498284375 0.3828070109375 0.6731430765625 0.3996369265625 0.6518371109375 0.412358225 0.6355813734375 0.4245299703125 0.6144303609375 0.4273032203125 0.5986420328125 0.432603284375 0.5822236984375 0.43466777968750003 0.5635927078125 0.4290028296875 0.5327984625 0.4274414015625 0.505006928125 0.42303985781250003 0.47389768125 0.4129580796875 0.4361530046875 0.3974991875 0.4118264984375 0.39253280468749996 0.39998079531249997 0.383057259375 0.4023433140625 0.37075178750000004 0.38528223906250003 0.3620722390625 0.3773817078125 0.334051246875 0.3672583296875 0.3193679734375 0.3648805296875 0.29741756874999997 0.3683404625 0.277043875 0.3754331125 0.2638500734375 0.389793740625 0.2618728171875 0.3953190203125 0.2606864625 0.3986341859375 0.25000928437500003 0.4284706890625 0.2547343203125 0.447421778125 0.25171972343750004 0.470315490625 0.2564447609375 0.4892665796875 0.2668398421875 0.5309589734375 0.270450484375 0.5642783328125
3 0.077940284375 0.6102635984375 0.081401915625 0.6295296890625 0.0931527390625 0.6497484296875 0.11603286718750001 0.67423753125 0.13607797500000002 0.6873559796875 0.16465361875 0.6943216921875 0.1898395890625 0.6930744171875001 0.2260007625 0.6900971765625 0.24986665156250001 0.6539529828124999 0.2612474921875 0.6350120828125 0.26648578437500003 0.5914347671875 0.2696697703125 0.550382565625 0.266603590625 0.53001141875 0.2497373734375 0.4838937078125 0.240200059375 0.45909724531249996 0.2252136703125 0.436665846875 0.20864547656250002 0.418654671875 0.18985868125 0.41327416093749997 0.17217609375 0.40963125624999996 0.1578882703125 0.4061484 0.136169025 0.4186088265625 0.11334557187500001 0.42933164531249995 0.112082165625 0.42964664687500004 0.0818171 0.47241862812499996 0.0784841046875 0.49941756093749995 0.07318404218749999 0.51583589375 0.082629021875 0.5617910109375 0.084277690625 0.5764768296875 0.077940284375 0.6102635984375
0 0.7380545828125 0.46983362656249994 0.7341873125 0.46777846875 0.7348139203125 0.4756739078125 0.737731090625 0.4819917859375 0.7419116640625 0.48799466249999995 0.7422300640625 0.48388944218749996 0.7382857406250001 0.47883412031250006 0.7380545828125 0.46983362656249994
3 0.6988839062500001 0.4876516421875 0.6980573453125001 0.5462323265625 0.70294158125 0.5631308046875 0.7120885390625 0.580979384375 0.73859459375 0.614629028125 0.7645459953125 0.6514363375000001 0.8057455093750001 0.671357903125 0.8321948875 0.6697956265625 0.8536727890625 0.6644405843750001 0.8816371046875 0.6393520421875001 0.8996482796875 0.6227838484375 0.922399775 0.601007925 0.9417615953125 0.571019015625 0.952597975 0.539129903125 0.961066740625 0.505818184375 0.9547751812499999 0.4671285015625 0.95060479375 0.4450197484375 0.943044734375 0.41469800625 0.930354 0.3826361109375 0.9155319046875 0.3500991640625 0.9072579953125001 0.3249876984375 0.8843008140625 0.29749843125000003 0.86828726875 0.276329590625 0.8454791 0.2628935921875 0.8108997296875 0.2614506109375 0.7906852359375 0.26649065156249996 0.780968346875 0.27595855468749997 0.7683291921875 0.28716151875 0.7474008484375 0.2974118328125 0.7233961375 0.3033968796875 0.707285165625 0.31143963124999996 0.6888014874999999 0.326112715625 0.6835835703125 0.337478275 0.6778880546875 0.3550016640625 0.6680017781250001 0.38262805625 0.66847428125 0.3845231640625 0.6763578328125 0.402686746875 0.68376888125 0.41895522031250004 0.69291074375 0.44485673906249995 0.6988839062500001 0.4876516421875