3 0.7648353515624999 0.404700525 0.783382615625 0.3941385890625 0.8021139093749999 0.361106575 0.81217481875 0.340200840625 0.8111523453125 0.30404013750000003 0.79816719375 0.2794842671875 0.781194484375 0.2587966734375 0.7647330109375 0.2561894328125 0.747576275 0.2579719171875 0.729029009375 0.2685338546875 0.7137740390625 0.27961723906249997 0.69903030625 0.3087809765625 0.69745575 0.34003050625000003 0.6991734890625 0.371801484375 0.7187432296875 0.39740025 0.7483738796875 0.40209328437499997 0.7648353515624999 0.404700525
0 0.1911991625 0.489339434375 0.193100928125 0.4986403359375 0.19639322343750001 0.4991617828125 0.20367307656250003 0.495814953125 0.20575886875 0.4826457765625 0.2104416921875 0.47438777187500003 0.21581977812500003 0.4617400421875 0.22189313125000001 0.44470258749999997 0.223283659375 0.435923134375 0.21669907031250002 0.4348802390625 0.214613278125 0.448049415625 0.20663815937500002 0.455785971875 0.20455236718749997 0.46895515000000004 0.19986954375 0.477213153125 0.1958819859375 0.48108143124999997 0.1911991625 0.489339434375
3 0.7506028546875 0.451944615625 0.75389515 0.4524660625 0.757882709375 0.4485977859375 0.76256553125 0.44033978281249997 0.764651325 0.4271706046875 0.762749559375 0.41786970468750007 0.7554697046875 0.4212165328125 0.7448975578125 0.424041915625 0.7369224390625 0.43177847187499996 0.73882420625 0.4410793703125 0.7440182656250001 0.45090171874999996 0.7506028546875 0.451944615625
3 0.745040740625 0.48706242343749995 0.7443454765624999 0.4914521484375 0.74694250625 0.4963633234375 0.7535270953125 0.49740622031250004 0.7568193890625 0.49792766874999994 0.7594164218749999 0.5028388421875001 0.7634039796875001 0.4989705640625 0.76080695 0.4940593890625 0.7621974781249999 0.4852799375 0.7556128890625 0.48423704062499995 0.754917625 0.48862676718750003 0.7523205953125001 0.48371559218750004 0.750418828125 0.47441469375 0.7464312703125 0.478282971875 0.745040740625 0.48706242343749995
3 0.7931778125 0.56668410625 0.7924825484375 0.57107383125 0.7884949906250001 0.5749421109374999 0.7812151359375 0.5782889390625 0.77912934375 0.5914581171875 0.7744465218750001 0.599716121875 0.7730559921875 0.608495571875 0.781542346875 0.61883936875 0.79141923125 0.6204037140625001 0.79800381875 0.621446609375 0.8019913781250001 0.6175783328125 0.8040771718749999 0.60440915625 0.801480140625 0.59949798125 0.7955908171875 0.5940653593749999 0.7969813453125 0.58528590625 0.7957748421875 0.5715952796875 0.8004576671875 0.563337278125 0.8011529312500001 0.55894755 0.7992511640625 0.54964665 0.7973493984375 0.54034575 0.7907648093749999 0.5393028531249999 0.7867772515625 0.5431711328125 0.7900695453125001 0.5436925796875001 0.7926665765625 0.5486037546875 0.788679015625 0.5524720328125 0.7931778125 0.56668410625
3 0.1757601640625 0.522892896875 0.2020985203125 0.5270644828125 0.2225475515625 0.525803446875 0.240399553125 0.5196312359374999 0.25305749375 0.5036366765625 0.263118403125 0.48273094375000003 0.2600101359375 0.4597394171875 0.25551134062499997 0.4455273421875 0.2418309234375 0.42536119843750003 0.23005227499999997 0.414495953125 0.2182736265625 0.40363070937499995 0.20978727187500001 0.3932869125 0.200605653125 0.3873328421875 0.1933257984375 0.3906796703125 0.1794613578125 0.39298360312499997 0.163511121875 0.40845671406250006 0.14876738750000001 0.4376204515625 0.14649756875 0.4732597078125 0.1509963640625 0.48747178125 0.16138448593750002 0.507116478125 0.1757601640625 0.522892896875
3 0.0883610828125 0.6485454374999999 0.102041496875 0.6687115828125 0.108442059375 0.6922245578124999 0.12490353125 0.6948317984375 0.149340121875 0.6897024843749999 0.1645950921875 0.6786190999999999 0.183837621875 0.6636674359375 0.203775415625 0.6443260484375 0.21972565 0.6288529359374999 0.22579900312499998 0.6118154812500001 0.2200937046875 0.58391278125 0.21109611250000002 0.55548863125 0.2020985203125 0.5270644828125 0.18892934374999998 0.524978690625 0.179052459375 0.5234143453125 0.169870840625 0.517460275 0.16138448593750002 0.507116478125 0.15030110000000002 0.4918615078125 0.1291568046875 0.49751227187499997 0.11060954062499999 0.5080742078125 0.0937800140625 0.550407121875 0.0842303390625 0.5893932078125 0.088545109375 0.6260753609374999 0.0883610828125 0.6485454374999999
0 0.276328425 0.3993261515625 0.277718953125 0.3905466984375 0.2751219234375 0.3856355234375 0.273915421875 0.3719448984375 0.2706231265625 0.37142345 0.2579651859375 0.38741800937500004 0.25587939375 0.40058718750000005 0.2577811609375 0.4098880875 0.2683533078125 0.4070627046875 0.276328425 0.3993261515625
3 0.72772063125 0.8308072515625 0.7427915734375 0.8421939453125 0.771215721875 0.8331963531250001 0.7930552828125 0.8231558640625 0.8188824 0.8092470984375 0.8301498125 0.802031990625 0.833114896875 0.762003009375 0.837470509375 0.7131945765625 0.8404355921875 0.6731655937500001 0.8373273265625001 0.65017406875 0.814976528125 0.642134203125 0.7912352031250001 0.6428737921875001 0.7773707625 0.645177725 0.7642015828125001 0.6430919328125 0.7336916421875 0.665258703125 0.7083757609375 0.6972478203125 0.7068012046875001 0.72849735 0.707128415625 0.7690477796875 0.7180277734375 0.8067728296875 0.72772063125 0.8308072515625
3 0.7550199640625 0.6371378625 0.7813583203125 0.6413094484374999 0.8090872046875001 0.63670158125 0.8295362359375 0.6354405437499999 0.8395971453125 0.6145348109375 0.845159259375 0.579417003125 0.8474290796874999 0.5437777484375 0.8436255484374999 0.525175946875 0.8219700156249999 0.5127463578125 0.804813278125 0.51452884375 0.78557075 0.5294805046875 0.7571466 0.5384780984375 0.7332212484375 0.5616877640625 0.7217698078125 0.59137295 0.7340596953125 0.620318546875 0.7550199640625 0.6371378625
3 0.716432565625 0.5185300921875 0.7427709203124999 0.522701678125 0.76512171875 0.5307415421874999 0.7822784546875 0.52895905625 0.7975334265625 0.5178756718749999 0.8174712187500001 0.49853428437499997 0.8310084515625 0.45567992031250004 0.8285954468750001 0.42829866875 0.8175120625 0.413043696875 0.8057334140625001 0.402178453125 0.7925642359375 0.4000926609375 0.771419940625 0.405743421875 0.7462880859375 0.41526246406249995 0.7211562328125 0.424781503125 0.7012184390625 0.4441228921875 0.6956563234375001 0.47924069999999996 0.695472296875 0.501710778125 0.716432565625 0.5185300921875
3 0.6106904359375 0.2272916390625 0.6231643499999999 0.233767159375 0.6351270265625 0.222162325 0.655760084375 0.1984312109375 0.6632239640625001 0.17261430312499998 0.6779676968749999 0.143450565625 0.6840410484375 0.12641311093750002 0.684920340625 0.0995533078125 0.68042154375 0.0853412328125 0.6646553374999999 0.07834426562499999 0.634329421875 0.0780409578125 0.61457565625 0.0749122671875 0.5868467703125 0.079520134375 0.5795669171875 0.0828669640625 0.5715918 0.09060351875 0.5662137125 0.10325124999999999 0.57001724375 0.12185304999999999 0.5646391578125 0.13450077968750002 0.572941484375 0.167314653125 0.5937177265625 0.20660404843750002 0.6106904359375 0.2272916390625
3 0.725736715625 0.26801240625 0.748271540625 0.2535821921875 0.759722978125 0.22389700625 0.7521159140625 0.1866934046875 0.7417277953125 0.1670487078125 0.7240598203124999 0.15075084218749998 0.7089888765625 0.1393641484375 0.6958196984375 0.1372783546875 0.68195525625 0.1395822890625 0.673284875 0.1517085703125 0.6618334359375 0.18139375468750002 0.656271321875 0.2165115640625 0.65070920625 0.2516293703125 0.66299909375 0.2805749671875 0.6827528609375 0.2837036578125 0.7038971562499999 0.27805289375000003 0.725736715625 0.26801240625
3 0.5205919828125001 0.1995219125 0.5498954234375 0.163664515625 0.5599563328125 0.1427587828125 0.57001724375 0.12185304999999999 0.5636166828125 0.098340075 0.555130328125 0.08799627812500001 0.5400593828125 0.0766095859375 0.5242931765625001 0.06961261875 0.5052346734375 0.062094203125000004 0.489468465625 0.0550972359375 0.4762992875 0.0530114421875 0.47040996249999995 0.0475788203125 0.45844728593750006 0.059183653125 0.45376446406250004 0.0674416578125 0.44630058281249996 0.093258565625 0.455993440625 0.11729298749999999 0.4615147109375 0.16766576718749998 0.4770968921875 0.19713281093749999 0.5053370125 0.210605296875 0.5205919828125001 0.1995219125
3 0.349760725 0.12746645 0.342992109375 0.14889363125 0.343503346875 0.1669739828125 0.3512944375 0.18170750468750002 0.364974853125 0.20187365000000002 0.3885321515625 0.2236041390625 0.4042983578125 0.23060110625000002 0.4254426546875 0.22495034375 0.441392890625 0.2094772328125 0.445564475 0.18313887812500002 0.45632065 0.1578434171875 0.4578952046875 0.1265938875 0.45079937968749995 0.10747063906250001 0.4430082890625 0.0927371171875 0.43452193437500003 0.08239332031249999 0.4093900796875 0.0919123609375 0.38096593125 0.1009099515625 0.3584311078125 0.1153401671875 0.349760725 0.12746645
3 0.279150325 0.29627665937500003 0.2895384453125 0.31592135625 0.30599991875 0.31852859843750003 0.333728803125 0.31392073125 0.3555683625 0.30388024375 0.36683577500000003 0.2966651359375 0.37620142031250003 0.28014912812500004 0.381763534375 0.24503132187499999 0.37346120781250003 0.212217446875 0.36047605625 0.187661575 0.34869740781249997 0.1767963296875 0.3369187578125 0.16593108750000002 0.32704187500000004 0.1643667421875 0.3204572859375 0.1633238453125 0.3058975796875 0.170017503125 0.285959784375 0.18935889374999998 0.275898875 0.21026462656249997 0.272422553125 0.23221325625000003 0.27223852656249997 0.2546833328125 0.2720545 0.27715341250000003 0.279150325 0.29627665937500003
3 0.2127523546875 0.35325792968749997 0.2118730640625 0.380117734375 0.2156765953125 0.3987195328125 0.22675998125 0.4139745046875 0.2359416 0.41992857499999997 0.2498060421875 0.41762464218749995 0.264181721875 0.4334010609375 0.28653251874999996 0.44144092500000004 0.297104665625 0.43861554375 0.31305490156250004 0.42314243281249997 0.317737725 0.414884428125 0.3231158125 0.4022366984375 0.3284938984375 0.3895889703125 0.32728739687499997 0.3758983421875 0.3227886015625 0.36168626875 0.3175945421875 0.35186392031249997 0.3130957453125 0.337651846875 0.304609390625 0.32730804999999996 0.2921354765625 0.32083253125 0.2751627671875 0.3001449390625 0.262688853125 0.29366941875 0.2429350859375 0.2905407296875 0.2269848515625 0.30601384062500003 0.21622867656250003 0.3313093 0.2127523546875 0.35325792968749997
0 0.12267455625000001 0.64498046875 0.12388105625000001 0.6586710953125 0.126989325 0.6816626203125 0.1368662078125 0.6832269656250001 0.1514259140625 0.67653330625 0.1640838546875 0.660538746875 0.1772530328125 0.662624540625 0.1845328859375 0.6592777109375 0.18991097343750002 0.6466299796875 0.170852471875 0.639111565625 0.15717205625 0.6189454203125 0.1486857015625 0.6086016234375 0.13013843593750002 0.6191635609375 0.1214680546875 0.6312898421875001 0.12267455625000001 0.64498046875