3 0.4529328953125 0.8153448671874999 0.520436434375 0.8590488671875001 0.6036726531250001 0.9023964531249999 0.7169628828125 0.9114325171875001 0.778628365625 0.883635453125 0.807684475 0.8180700171874999 0.8186733296875 0.74601959375 0.821735234375 0.6802022734375 0.8145356109374999 0.6137766546875 0.810593790625 0.5274351375 0.8158192640624999 0.44189485937499995 0.821896525 0.3803812140625 0.8122162156250001 0.2998869140625 0.7855877734375001 0.232051753125 0.740090071875 0.17237911875 0.69556538125 0.1246233265625 0.62701739375 0.119786409375 0.5729617421875 0.10755873906249999 0.515915625 0.11036445937499999 0.46900981249999996 0.12588826875 0.42460958125000003 0.174817828125 0.3978631546875 0.22788759218750002 0.3630436640625 0.2799631734375 0.3251124875 0.35918193593750003 0.3202755703125 0.427729921875 0.32910409218750003 0.48419759375 0.3535689640625 0.5717557078125 0.37623393125 0.6427074171875 0.3975373328125 0.718734571875 0.4529328953125 0.8153448671874999
0 0.5724367859374999 0.4437091578125 0.5772520484375 0.4646192375 0.5790519546875 0.4812256421875 0.5805845265625 0.5027145515625 0.5847190062500001 0.5261623546875 0.590044046875 0.5179703578125 0.59249984375 0.5127019703125 0.5896057078125 0.49628850937499996 0.5862981234375 0.4775302640625 0.5835501 0.4683440859375 0.5861271171875 0.45096591249999995 0.5862483390625 0.43885612500000004 0.5848618828125 0.4245945 0.5821138593749999 0.41540832187500004 0.57608314375 0.4068009703125 0.5766178125 0.39703596406249997 0.5771524828125 0.3872709578125 0.5759121390625 0.380236615625 0.569881421875 0.37162926406249996 0.5670121781249999 0.3745528703125 0.570052428125 0.39819361875000003 0.5660889515624999 0.4013101671875 0.5629523734374999 0.40911627968750003 0.565700396875 0.4183024578125 0.5721445593750001 0.4292545890625 0.5724367859374999 0.4437091578125
0 0.921844909375 0.65287950625 0.9214563531250001 0.669871796875 0.92133513125 0.681981584375 0.9258581687499999 0.688437096875 0.926125503125 0.68355459375 0.92515249375 0.67163775 0.9230852531249999 0.6599138484375 0.9243007046875 0.64761111875 0.927437284375 0.6398050093750001 0.9393277109374999 0.6304553578125 0.947400775 0.6314495421874999 0.9546469421875001 0.6277541640625001 0.95819696875 0.6222928343749999 0.9631085625000001 0.6117560578125001 0.9562758421875 0.617796215625 0.9479354437499999 0.621684534375 0.9398623796875001 0.6206903515625 0.9341238921875 0.6265375671875 0.9272911718750001 0.632577725 0.9216739031250001 0.626315153125 0.9182450984375 0.619666696875 0.9161778578125 0.6079427953125001 0.9126029390625 0.59406705625 0.909854915625 0.5848808765625 0.9064261109375 0.5782324203125 0.904237646875 0.5786183046875 0.901368403125 0.5815419125 0.9012471828124999 0.5936517 0.902900975 0.603030821875 0.9097585859375 0.616327734375 0.9166161984375 0.6296246453125 0.9193642203125 0.638810825 0.921844909375 0.65287950625
0 0.2239864953125 0.5535039921875 0.23383457187499998 0.5517675109375 0.239986509375 0.5482650765625 0.24655189375000003 0.547107421875 0.24859424375 0.539494253125 0.2438038703125 0.5379212421874999 0.2390135 0.5363482328125 0.23259422812500002 0.54473316875 0.2260288421875 0.5458908234375001 0.2205576890625 0.5468555359375 0.2154999828125 0.5501650296875 0.216326878125 0.5548545890625001 0.2239864953125 0.5535039921875
0 0.7158589390625 0.5852400484375 0.7198224140625 0.582123496875 0.714059034375 0.5686336421875 0.7080283171875 0.560026290625 0.7030918328125 0.551225996875 0.697474565625 0.544963425 0.6920034109375 0.5459281375 0.6832495640625 0.5474716765625 0.6795783171875 0.56504279375 0.68492825 0.57618786875 0.6909589640625 0.5847952203125 0.6971109015625 0.5812927859375 0.7071050921875 0.5867835875 0.7158589390625 0.5852400484375
0 0.6149938046875 0.5570893265625 0.6216804109375 0.5438218859374999 0.6307015921875 0.5373958421875 0.6356131859375 0.5268590671875 0.637655534375 0.5192458984375 0.6396978828125001 0.5116327296875001 0.6351748453125 0.5051772156250001 0.6313325921875 0.4961839796875 0.6276364515624999 0.49441802656249995 0.6307979234375 0.5059489859374999 0.627782565625 0.501645309375 0.6258614375 0.4971486921875 0.6225787453125 0.49772751875 0.6228709718750001 0.5121820859375 0.6216555203125 0.5244848156249999 0.619613171875 0.532097984375 0.6138746828125 0.5379452 0.6110054375 0.54086880625 0.6149938046875 0.5570893265625
0 0.5718371546875 0.721848365625 0.571862046875 0.7411854359375 0.573808065625 0.7650191234375 0.574196621875 0.748026834375 0.5760928546875 0.73318638125 0.5820986796875001 0.7224566640625001 0.5841410296875 0.7148434953125 0.5841161375 0.6955064265625001 0.58409124375 0.6761693546875 0.5911912984375001 0.66524669375 0.5943278796875 0.657440584375 0.5930626421875 0.631069171875 0.5922108546875 0.6070425421875 0.5901436140625 0.5953186390625 0.58712825625 0.5910149640625 0.5819244375 0.587097171875 0.5764532828125 0.588061884375 0.5807338765625001 0.618736971875 0.5819991140624999 0.6451083843750001 0.5783527562499999 0.68201656875 0.5802987734375 0.705850259375 0.5734660546875 0.7118904171875 0.5718371546875 0.721848365625
0 0.4787712734375 0.48198405468749994 0.48344042343750004 0.4956668515625 0.4898845875 0.506618984375 0.49946533125 0.50976500625 0.5108210875 0.5101803625 0.5193076 0.5135193265625 0.5277941109375 0.516858290625 0.536134509375 0.5129699703124999 0.5385903062499999 0.50770158125 0.5377634109375 0.5030120218749999 0.5335077078125 0.4916740046875 0.52091160625 0.48422430624999996 0.5094097375 0.4765816671875 0.4979078671875 0.468939028125 0.48874057187500003 0.4681377875 0.48258863593749995 0.471640221875 0.4787712734375 0.48198405468749994
0 0.15877098437499998 0.5867623890625 0.154661396875 0.5826516546875 0.1494575765625 0.5787338640625 0.143572975 0.5773537953125001 0.1375422578125 0.56874644375 0.13357878437499998 0.5718629953125001 0.137834484375 0.5832010109375 0.13579213750000002 0.5908141796875 0.1381267125 0.597655578125 0.1364978109375 0.6076135265625 0.1440113140625 0.599035646875 0.1479747890625 0.5959190953125 0.154126725 0.5924166625 0.15877098437499998 0.5867623890625
0 0.19881918437499999 0.5579416687500001 0.20168842968749998 0.5550180609375001 0.20674613593750002 0.55170856875 0.20523845624999998 0.5495567296874999 0.199621190625 0.543294159375 0.19509815156250002 0.5368386453125 0.1892135515625 0.5354585765625 0.1845692921875 0.54111285 0.17841735625 0.5446152843750001 0.178976915625 0.5541873484375001 0.1855423015625 0.55302969375 0.1940288140625 0.5563686578125 0.19881918437499999 0.5579416687500001
0 0.03891536875 0.578883978125 0.02865384375 0.5782756796874999 0.0172980875 0.5778603234374999 0.008811575 0.574521359375 0.01238649375 0.5883971 0.029894187500000002 0.585310021875 0.04358451875 0.5925667765625 0.0560345078125 0.5927891890625 0.0660286984375 0.5982799921875 0.078332571875 0.5912751218750001 0.0903691109375 0.5891527546875001 0.08460573125000001 0.5756629 0.0750249875 0.572516878125 0.06366923125 0.572101521875 0.0540884890625 0.5689555015625001 0.048617332812500004 0.5699202125 0.04110383125 0.5784980921875 0.03891536875 0.578883978125
0 0.12158879062500001 0.5038643625 0.12637916093749998 0.505437375 0.1322637640625 0.5068174421875 0.12910229374999999 0.4952864828125 0.11801387187500001 0.4899886234375 0.110888925 0.4815742140625 0.101550625 0.4542086203125 0.096200690625 0.44306354531250003 0.0891969671875 0.42253935 0.085087378125 0.4184286140625 0.0910217640625 0.4584828234375 0.0927004484375 0.48719901718749997 0.0938195703125 0.50634314375 0.1049079921875 0.5116410015625 0.1111811515625 0.49602878125 0.12158879062500001 0.5038643625
3 1 0.462654303125 0.9631951781250001 0.2539237875 0.93010091875 0.2645945640625 0.8907335 0.2908775625 0.8501506296875 0.3294632875 0.822723421875 0.38507077500000003 0.8163788249999999 0.45146692499999996 0.8117129125 0.5465792640625 0.8193757671874999 0.65402380625 0.8287389578125 0.7007264703125 0.8716596421875 0.7777772796875 0.9177169031249999 0.847021978125 0.9676878578125001 0.8744759875 1 0.877727403125 1 0.462654303125
3 0 0.5373457015625 0.06781342343749999 0.9219347390625 0.0917901734375 0.9491368625 0.1371883078125 0.9314612171875 0.2236076515625 0.8968816953125 0.279121196875 0.8725870640625001 0.321090525 0.8482629640624999 0.3482752921875 0.8168750484375 0.37091212812499996 0.7596945500000001 0.37027789218749996 0.6921112765624999 0.36716296718749997 0.6104593203124999 0.34712480156250003 0.560803575 0.33173089375 0.505493559375 0.3187927828125 0.4449151546875 0.32090656875 0.386518059375 0.3245529265625 0.349609871875 0.30614366249999997 0.2899961796875 0.2503346515625 0.19104110624999998 0.21181578281250002 0.1325555953125 0.16075059687499998 0.10529453124999999 0.11561980000000001 0.1180876734375 0.085394784375 0.125834840625 0.0441062375 0.14762121875 0 0.17308135468750002 0 0.5373457015625