3 0.329769153125 0.4866990453125 0.3296884703125 0.49155073125 0.3364054421875 0.5066378015625 0.342518946875 0.5200722 0.34863975625 0.5264690109375 0.35499348125 0.5271077531249999 0.3654356546875 0.524386978125 0.37565221718749997 0.5203866781250001 0.3799699328125 0.5147878890625 0.375589790625 0.507644384375 0.36802731093749996 0.5054597015625 0.357445678125 0.49677107343750004 0.348454303125 0.4864827328125 0.34414571562499996 0.48328453125 0.3405157984375 0.48216550781249995 0.329769153125 0.4866990453125
3 0.6077537656249999 0.5058470515625 0.60669176875 0.508672925 0.6009396828125 0.5114462484375 0.595189421875 0.512460175 0.594354865625 0.514806175 0.5941219484375 0.5205642421875 0.5999474140625 0.5199768234375 0.6108444703125 0.5162963031250001 0.6208335890625001 0.512775875 0.62983956875 0.5089890328125 0.6259161328125 0.49912638437499995 0.6175961265625001 0.4979548125 0.611169021875 0.4951301640625 0.6087515109375 0.49203828437499997 0.6085185937500001 0.49779635000000005 0.6087423828125 0.5008352734375 0.6077537656249999 0.5058470515625
3 0.3872096859375 0.5363793125 0.3920520109375 0.5355254796875 0.38034595625 0.5169204296875 0.375727421875 0.5208131859375 0.3592305140625 0.52636065 0.36005776875 0.5310522421874999 0.3773012484375 0.5350480546874999 0.3872096859375 0.5363793125
3 0.556265375 0.4793045546875 0.5597394062500001 0.48484875625 0.5701008984375 0.4869796671875 0.581748178125 0.4893236265625 0.5876488484375 0.48916271875 0.5881734562500001 0.493907675 0.5889236796875 0.49993215468749996 0.59232068125 0.5068092453124999 0.5960221531250001 0.511873571875 0.6029829953125 0.5106461875 0.6064643281250001 0.5091527984375 0.60927246875 0.5003020359375 0.608903746875 0.4911319015625 0.605967103125 0.4780168734375 0.6037806828125001 0.47092632500000003 0.601895084375 0.46554181093749997 0.597590146875 0.45882481249999996 0.5901853781249999 0.45045555625 0.5842883578125 0.44709767031250003 0.5731656875 0.449498665625 0.5627235140625 0.4522194421875 0.558103153125 0.4578715953125 0.5543173484375 0.46117774687499996 0.556265375 0.4793045546875
1 0.5742609015625 0.48756545156250003 0.5824304984374999 0.4878840078125 0.5868197671875001 0.48623052343750006 0.587964271875 0.4767935671875 0.58805225625 0.464904290625 0.5863152406250001 0.46213219062500005 0.579583665625 0.4611203046875 0.5692185203125 0.46250819062500004 0.5590019609375 0.466508490625 0.5557462421875 0.46928140625000003 0.55664505 0.47791830312499994 0.5599668453125 0.484368884375 0.563066678125 0.48602114375000005 0.5742609015625 0.48756545156250003
3 0.376580234375 0.50087320625 0.3792160578125 0.5122822046875 0.383746609375 0.520278725 0.3931873875 0.5348855140625 0.4003720171875 0.5366970531249999 0.40877270781249997 0.5330169390624999 0.41399835781250005 0.52725805625 0.41877095468750003 0.5206995234375 0.42415066718750005 0.5122748609375 0.42590228750000003 0.5009717796875 0.40806447187500006 0.48652630625000004 0.395742171875 0.4785843734375 0.38878680781249997 0.474533565625 0.38137473593750004 0.47320189843750005 0.37720925625 0.4778943046875 0.375608046875 0.49005040624999996 0.376580234375 0.50087320625
3 0.43869224375 0.49563818125000003 0.4395910515625 0.5042750765624999 0.4417719953125 0.51664381875 0.445930175 0.518989003125 0.4507724984375 0.5181351703125 0.4524416109375 0.5134431703125 0.45675750156249995 0.5096037796874999 0.46409801875 0.5069901406249999 0.4712808234375 0.5105610781250001 0.47626990625000004 0.5140790578125001 0.4808095859375 0.5132785906249999 0.48073985781250006 0.5075738890625 0.47960813281250003 0.504695059375 0.4752243390625 0.50107035 0.4696317921875 0.4958997 0.4632083390625 0.48955625625000004 0.458450346875 0.48203960781250005 0.4540665546875 0.4784148984375 0.4480906796875 0.4781493 0.4399908109375 0.48353544687500005 0.43869224375 0.49563818125000003
1 0.5051862234375 0.49578726093750003 0.505560421875 0.4996792 0.5079761078125 0.5045304796875001 0.515921915625 0.5018101109375 0.5206963390625 0.493492178125 0.5256982 0.48469437343750005 0.5272205546875 0.47563056093749995 0.519887340625 0.471206609375 0.5154192140625 0.47595237968750004 0.5109492625 0.4824575515625 0.508676684375 0.48549688125 0.5054943453125 0.49045570312500003 0.5051862234375 0.49578726093750003
3 0.5175873765625 0.50063690625 0.5075212265625 0.5054902234374999 0.5100084671875 0.51428680625 0.5116647999999999 0.5219105921875 0.5122646140625 0.52708205625 0.5078735187500001 0.5304949375 0.5082495437500001 0.53262748125 0.5122536609375 0.5376384421875 0.517925065625 0.5397168046874999 0.5301060828125 0.5380087312499999 0.540018171875 0.53582119375 0.5454657859375 0.5348606328125001 0.54479441875 0.5257438624999999 0.5457830359375 0.520732084375 0.5457848609375 0.5189726859375 0.541567909375 0.5003664140625 0.5382442875 0.4956752296875 0.5355993359375 0.49306322343750003 0.53272694375 0.4909310890625 0.5262191578125 0.4929581265625 0.5212245984375 0.49471833906249996 0.5175873765625 0.50063690625
3 0.452491259375 0.5385012484375 0.46210070312499996 0.5363670765624999 0.47412765781250005 0.5373247828125 0.484716590625 0.5389758203125 0.4922808984375 0.539401103125 0.49153067500000003 0.533376621875 0.489795484375 0.5288451234375 0.48594542812499997 0.52116838125 0.48390576875 0.5184496453125 0.47906709375 0.5157846828125 0.4685588421875 0.5092819609375 0.4653067734375 0.50853608125 0.458191871875 0.51242924375 0.454479446875 0.5179213046875 0.45258289375 0.5230931765625 0.45204550625 0.5306640046875 0.452491259375 0.5385012484375
3 0.6409308484375 0.46393597968750006 0.6435758 0.4665479859375 0.6490215890625 0.467346821875 0.6527230609375 0.4724111515625 0.65846419375 0.4801942140625 0.6633010406250001 0.484618575 0.669049475 0.485364046875 0.6745759484375 0.481311196875 0.67504178125 0.4697950640625 0.6754324109375001 0.4578524234375 0.6752929546875001 0.44644301875 0.673941090625 0.4370064703125 0.671455678125 0.4264504921875 0.6696434578125 0.42325188437500005 0.6638895453125 0.42778460625000003 0.656770990625 0.4351965640625 0.6528274749999999 0.4446872921875 0.6489628140625 0.4510857328125 0.6401842765625 0.4543927015625 0.637154171875 0.45844514218750004 0.6409308484375 0.46393597968750006
3 0.6402284468749999 0.484728975 0.633108065625 0.49390033281249995 0.6272037453125 0.4975800375 0.6262939828125 0.499499528125 0.628935284375 0.50563033125 0.63097494375 0.5083490671875001 0.6400561296875 0.5049887328125 0.6474736765625 0.5010422046875 0.654891225 0.497095678125 0.660720340625 0.4929894640625 0.6563456765625 0.48056776562500003 0.6533210484375 0.47934201249999997 0.6476587734375 0.4684666625 0.64554208125 0.467080815625 0.640628203125 0.46398934374999995 0.6382822453125 0.4648427671875 0.6400064828125 0.4799306546875 0.6402284468749999 0.484728975
3 0.5486609046875001 0.5175860250000001 0.55084915 0.522917175 0.5570433375 0.5314998906249999 0.568088978125 0.5304317843749999 0.577320571875 0.5279244671875001 0.58677960625 0.5249372765625 0.5890503578125 0.5236573453125 0.590264590625 0.5199250906249999 0.5893676078125 0.509528796875 0.5883183890625 0.500038884375 0.5853762703125 0.49220204843750004 0.58310916875 0.4899631859375 0.5784190796875001 0.48991063593749995 0.5620835375000001 0.48575472968750005 0.5577712984375001 0.486075325 0.5494494640625 0.48666315000000004 0.545511425 0.490875684375 0.544825453125 0.4958341 0.546701925 0.510015603125 0.5486609046875001 0.5175860250000001
3 0.42240634843749997 0.516540353125 0.418088634375 0.5221391421875 0.41414876874999995 0.5281110734375 0.41293636093749997 0.5300839296875 0.412850203125 0.540213809375 0.4154969796875 0.5410664171875 0.42767617031249994 0.5411177421875 0.44235355312499997 0.5394092625 0.45188596875 0.538607978125 0.452416053125 0.538074740625 0.45219774062500007 0.529757625 0.44698486875 0.5232007203125 0.4413941453125 0.516270675 0.4380686984375 0.5133388875 0.43217167968750003 0.5099810031249999 0.425438278125 0.5107285140625 0.42240634843749997 0.516540353125
3 0.6082287281250001 0.4855339296875 0.6088285421874999 0.49070539375 0.6126822484375001 0.494863340625 0.6198668796875 0.49667487968749996 0.6269011 0.4976334015625 0.63295583125 0.49480671249999997 0.637273546875 0.4892079234375 0.6403054765625 0.4833960859375 0.6402375734375 0.475931984375 0.6382125171874999 0.4591380671875 0.6338415046875 0.44319757343750005 0.628775390625 0.44101248125000003 0.6233259484375 0.4437324421875 0.618474496875 0.45338326249999994 0.6131681640625 0.46399383125 0.60430894375 0.472152484375 0.6082287281250001 0.4855339296875
3 0.68041966875 0.4631298015625 0.6829948921875 0.4600371046875 0.6885177109375 0.459503053125 0.691551465625 0.45193181562499996 0.6922483921875 0.4364170140625 0.6912762046875 0.42559421249999996 0.6903021921875 0.4165308078125 0.6849976843750001 0.425381978125 0.677493978125 0.43945838437500007 0.6748435500000001 0.442124571875 0.675210446875 0.45305410156250003 0.6755791703125 0.4622242359375 0.68041966875 0.4631298015625
3 0.482475046875 0.5121053859375 0.48549420000000004 0.5186093328125 0.4880602953125 0.524313625 0.49243861093749997 0.533216528125 0.4975817546875 0.5340687296875 0.504920446875 0.533214490625 0.5114318828125 0.5276686578125 0.511890415625 0.5231901156250001 0.5080476609375 0.5084757828125 0.5075212265625 0.5054902234374999 0.5159971203125 0.50223661875 0.518724578125 0.49823754375 0.5212264234374999 0.492958940625 0.5240309125 0.48762697499999996 0.52577340625 0.48512088281250004 0.52790105 0.475950340625 0.5279083531250001 0.46891274843749997 0.51543199375 0.4636365953125 0.502720890625 0.46587790625 0.4910608328125 0.47584972968750006 0.4867431171875 0.48144851875 0.4835553015625 0.491685534375 0.48135245156249995 0.5004295671875 0.482475046875 0.5121053859375