0 0.49936599687500005 0.504961909375 0.498430946875 0.5031938671875 0.4957952078125 0.5025739140625001 0.49145878125 0.5031020500000001 0.49002314062499996 0.5044946109375 0.4906305671875 0.50641325625 0.49387373125 0.508951853125 0.4965094703125 0.50957180625 0.49981698750000003 0.5078682421875 0.49936599687500005 0.504961909375
3 0.6715884390625 0.0505083578125 0.672142709375 0.0661881078125 0.6880957875 0.1073909953125 0.7046746015625 0.14464312968749998 0.7126042109374999 0.1655408796875 0.7229871734375 0.1767025515625 0.7719210359375 0.16886095 0.801653846875 0.161420584375 0.803875215625 0.147395409375 0.8065971749999999 0.1302096328125 0.8071025781250001 0.0829063125 0.7973394921875 0.046733684375 0.7851289171875 0.0413573375 0.736608896875 0.031242604687499998 0.7283114859375 0.0299284234375 0.6850611625 0.024900682812499998 0.6715884390625 0.0505083578125
3 0.6303553703125 0.8440276234375 0.617679571875 0.8665216296875 0.64305764375 0.865478796875 0.672383725 0.86060641875 0.7008856734375 0.8839525359374999 0.698736296875 0.9109486656250001 0.7015620593749999 0.9391377671875001 0.7164030375 0.956675325 0.7390019125 0.9616720859375001 0.7758485687500001 0.9515110734375 0.7893141781249999 0.9412917421874999 0.8072980765625 0.9082988468750001 0.7882381781250001 0.8732861578125 0.7657491734375 0.8330730109375001 0.7458905703125 0.805021075 0.7279427703125 0.793673715625 0.711581709375 0.7914873640625 0.6688838796875001 0.8059864609374999 0.6437619625 0.8265091953124999 0.6303553703125 0.8440276234375
3 0.5701721109375 0.1844929203125 0.5951628140625 0.2453516 0.6226778125 0.2442422359375 0.6669364296875 0.22756042812500002 0.6913995421875 0.21503306875 0.70768275 0.1831882625 0.707566496875 0.16474298437499998 0.6961635187499999 0.1331704546875 0.674042315625 0.0733737390625 0.655104009375 0.045265071875 0.6314189859375 0.0279467 0.590311453125 0.04391263125 0.557718559375 0.0636570671875 0.5407287281250001 0.10571710000000001 0.541886865625 0.131009665625 0.5701721109375 0.1844929203125
3 0.665759478125 0.7489960499999999 0.64924198125 0.7477973859375 0.6354688390625001 0.7484508375 0.6223178765624999 0.7528477062500001 0.61789700625 0.7673344859375 0.614862178125 0.786495640625 0.6169754578125 0.8038397640625 0.6327568218749999 0.8116041062500001 0.6491326374999999 0.81561523125 0.673470603125 0.8038780234375 0.7032199453125 0.7944153453125 0.7269634593750001 0.786431353125 0.750416496875 0.7994606281250001 0.7727213390625 0.833164828125 0.7887901453125 0.8602115328125001 0.8094805203125001 0.8772580921875001 0.8251863359374999 0.8797456499999999 0.8403361015625 0.8704005406249999 0.8526033906249999 0.8543216093750001 0.8568790234374999 0.8503414640625 0.8522108906250001 0.8261129140625 0.8513490875 0.8008672812500001 0.846835609375 0.779498128125 0.8249191874999999 0.7490953359375 0.8157693890625 0.7359015546875 0.7973706 0.7216478640624999 0.76229431875 0.7148773687500001 0.7322539765625 0.7127518546875 0.7004007734375 0.7182364406249999 0.69126803125 0.7356218078125 0.6859746875 0.7479454703124999 0.665759478125 0.7489960499999999
0 0.5677044375 0.56256154375 0.5688750296875 0.560924509375 0.571137103125 0.5600678296875 0.5706382921875 0.559381346875 0.56957809375 0.5584034546875001 0.5697032421875 0.5576133046875 0.5679878 0.55693661875 0.5673620609375 0.560887371875 0.565271175 0.5625811390625 0.564365634375 0.5644626453125 0.56545711875 0.5652429984375 0.566502559375 0.5643961156249999 0.5677044375 0.56256154375
3 0.5375700296875 0.662680109375 0.537715790625 0.6847749359375 0.5452274734375 0.6987217296875 0.5620802328125001 0.7169829078125 0.6004604687499999 0.729744009375 0.6384210046875001 0.7394012421875 0.668993225 0.738168615625 0.6927514921875 0.732009396875 0.698482853125 0.71692020625 0.73999178125 0.7099275421875 0.778141815625 0.7145524625 0.8037813796875 0.7214482734375001 0.8117051265624999 0.7212858203125 0.809129659375 0.6915164171875 0.7935082859375 0.6750702171875 0.78057225 0.6531770328125 0.76652641875 0.6363728937500001 0.7522119828125 0.6270184546875 0.73323349375 0.6183427531250001 0.696679090625 0.6036434109375 0.6634894453125 0.5983866875 0.6174416140625001 0.6052679390625 0.58711613125 0.6126144359375 0.5656642 0.6233912953125 0.54779603125 0.642228009375 0.5375700296875 0.662680109375
0 0.543028384375 0.495880403125 0.545632834375 0.49669789375000006 0.5484875812500001 0.49593508281250004 0.5517325234375 0.49462659374999995 0.552871828125 0.4931870984375 0.5538712296875 0.49071297812500003 0.5563210265625 0.488671071875 0.5568050828125 0.48753278125 0.5571179515625 0.48555740468749997 0.5539834031249999 0.48425096874999995 0.5521741 0.48416689531249996 0.5467904484375 0.48938899999999996 0.5429363 0.4926259296875 0.5409870953125 0.49150723437500005 0.53768135625 0.4893637125 0.533860275 0.4885560203125 0.53038156875 0.48942249843749996 0.5280882078125 0.490476715625 0.528165534375 0.49190641562500004 0.5313626593749999 0.4928177765625 0.53508988125 0.49421808125 0.5392073 0.49507270937500003 0.543028384375 0.495880403125
3 0.3219019703125 0.1850619203125 0.34370444375 0.225773809375 0.37076008125 0.2735950015625 0.39317175781249997 0.31237844843749996 0.4488605578125 0.30216434375 0.5186371484375 0.285474325 0.591255509375 0.2623496359375 0.591282715625 0.2372448109375 0.569358653125 0.1896289 0.5379754812499999 0.12310041406250001 0.518707246875 0.066387975 0.47316000625 0.07010862343749999 0.410758753125 0.092016640625 0.35027897812500003 0.10754672031250001 0.32281766093750003 0.12749643906250002 0.31592512500000003 0.15758869375 0.3219019703125 0.1850619203125
3 0.4813639921875 0.44217273593749995 0.44509703125 0.4467557578125 0.41280758906250004 0.45115878593750003 0.40734661250000004 0.454951190625 0.3930344796875 0.474351125 0.389127175 0.4913491625 0.39293580625 0.5190864562499999 0.4021611515625 0.537557021875 0.4106226390625 0.55509663125 0.42103332968749996 0.5737549375000001 0.43202015937500005 0.5945294234375 0.445004015625 0.6142027578125 0.4597050921875 0.6307056921874999 0.49216038749999996 0.6386810078125 0.5129039171875001 0.6419664593750001 0.5447866296874999 0.6401314234375 0.5578472875 0.6286329953124999 0.5683017171875 0.6201641625 0.5860098921875 0.610009309375 0.61494755625 0.6018355234375 0.658030246875 0.5983320078125 0.688197515625 0.595820284375 0.7091104546875 0.6037899078125 0.7345126984375 0.6179378796874999 0.7488914890625 0.623050159375 0.76892075625 0.6193377203125 0.7680536171875 0.6056333453125 0.7605307375 0.58216760625 0.7526011296874999 0.56126985625 0.7406756921875 0.5464214984375 0.7322897562499999 0.5341586734375 0.7216435234375 0.51890544375 0.7131820375 0.501365834375 0.7021290765625 0.48868059375 0.6926038359375 0.47785726406249995 0.6827970156250001 0.468811775 0.6638811 0.45974099687500003 0.64294985 0.45764077031249994 0.6246596734375001 0.44461924062499997 0.5824914171875 0.427005821875 0.5512840406249999 0.4188231703125 0.530397053125 0.42219726562500004 0.5069976953124999 0.42800834375 0.4813639921875 0.44217273593749995
3 0.0519680046875 0.1824021984375 0.0457289390625 0.216040334375 0.052983210937500004 0.2469557734375 0.0774415109375 0.27857113125 0.1005727859375 0.3128112125 0.10589616406249999 0.3367385578125 0.1451175921875 0.35186031562500003 0.20880746718749998 0.34291345624999997 0.31997725625 0.3333869546875 0.385544346875 0.3125878359375 0.37050800625 0.2790223875 0.334365146875 0.2176123390625 0.30957158281249997 0.168934465625 0.28590842968749997 0.138052525 0.2612848015625 0.12666028437500002 0.2102765828125 0.1341733390625 0.1494083890625 0.1464020109375 0.09914572031249999 0.16071541875 0.0519680046875 0.1824021984375
3 0.6903518234375 1 0.6918862453125 0.9503623296875 0.6935680984375 0.922482178125 0.6967204359375 0.8853177578125001 0.6841066859375 0.874815228125 0.671069675 0.8689030015625001 0.647248834375 0.8754572953125 0.6287472875 0.8810316453124999 0.601791896875 0.886279503125 0.551059925 0.9035559765625001 0.5467937109375 0.920902153125 0.5794201953125 0.9297145546875001 0.58854634375 0.960318990625 0.5909323109375 0.9951207046875 0.5946513234374999 1 0.6903518234375 1