3 0.665269628125 0.433285965625 0.672291884375 0.4511167796875 0.6768725875 0.4625997 0.6847717265625 0.46810217187500003 0.692027915625 0.4675812671875 0.7007224296875 0.461806334375 0.7089528265625 0.4548588515625 0.7155240046875 0.45090159218750003 0.7232298015625 0.44253898593749996 0.7284678 0.43736820468750004 0.7337847015625 0.4352695921875 0.7297719609375 0.4205532234375 0.7234741671875 0.40769484843750003 0.7184096203125 0.3942713375 0.71152544375 0.38181681875 0.7057693656249999 0.3752647140625 0.6999909546875 0.372067671875 0.692452090625 0.3721437484375 0.6844044390625 0.3777574015625 0.6770233765625 0.3839778140625 0.6709754953125 0.39141174843750004 0.66533125 0.39977565937500004 0.6628792625 0.40992018437500005 0.661559290625 0.4197824671875 0.665269628125 0.433285965625
0 0.6400401421875 0.346563503125 0.6420004593749999 0.3468477015625 0.6428497937500001 0.3461206328125 0.6438003640625001 0.34511066874999996 0.6449928578125 0.345071 0.6425486953124999 0.3428462109375 0.6413969578125001 0.34236041093749997 0.6399822703125 0.342197825 0.6392946515625 0.3428845734375 0.6376972171874999 0.34405582031250004 0.6384440125 0.34567319687500003 0.6400401421875 0.346563503125
0 0.6492921875000001 0.3540475390625 0.646602190625 0.3570371109375 0.6455503859375 0.35832996875 0.647226721875 0.36023089218750004 0.651047425 0.35902063125 0.6535533703125 0.35942644218750003 0.6562000015625 0.36108544375 0.6589071125 0.36298701875 0.6621598546875 0.36501020624999997 0.6654336234375 0.365739884375 0.6676371671875 0.3649328265625 0.6698407109375 0.36412576875 0.6720442531249999 0.363318709375 0.673419490625 0.3619452109375 0.6739256671875 0.3605307390625 0.6746343171875 0.3585504796875 0.67382834375 0.35462897656250003 0.6679881484375 0.35325091406250003 0.662955228125 0.3537328015625 0.6582864953125 0.35360857968750004 0.65398195 0.35287825 0.6516982 0.3526746921875 0.6492921875000001 0.3540475390625
3 0.2359090359375 0.388064421875 0.22571310625000002 0.40297391562499996 0.21505044999999998 0.420833965625 0.21516097968749998 0.4378115328125 0.2225842625 0.4606954265625 0.2302941375 0.4778394921875 0.2359240390625 0.49215265781250006 0.24499072812499997 0.5050936296875 0.2596556921875 0.5184423671875 0.26427975937500003 0.5252767140625 0.2745638828125 0.53069985 0.2842471140625 0.5275125890625 0.2940723375 0.523516965625 0.302465753125 0.514467609375 0.3135688890625 0.5031967234375 0.3203477546875 0.4904274671875 0.3214915046875 0.471591253125 0.320409375 0.456917159375 0.31175414687499997 0.43253685 0.3024559671875 0.4021331640625 0.29079660625 0.3980835265625 0.276153975 0.381379725 0.2656095078125 0.3721567 0.25556469531250003 0.371826965625 0.24454698281249998 0.37586225624999997 0.2359090359375 0.388064421875
3 0.45595570625 0.31439192656250003 0.4561122046875 0.322597815625 0.454510859375 0.3299537171875 0.4535130140625 0.3417969125 0.4539272484375 0.357925796875 0.4553473171875 0.3815335 0.45535921874999996 0.39467085625 0.45872640000000003 0.4074869546875 0.46221715 0.4166650953125 0.4673237546875 0.42750158593750004 0.47374642187499993 0.4346604515625 0.477889253125 0.4354311015625 0.482822240625 0.43317055625 0.4954558109375 0.43079361406250005 0.5000863984375 0.4273201984375 0.5162382671875 0.42252012343749995 0.5228462875 0.424222053125 0.5284274453125 0.41973867499999995 0.5327109625 0.4217625140625 0.5405153859375 0.41724011875 0.5500724406249999 0.42181391875 0.5559902343750001 0.42832570312499996 0.5597255140625 0.4343510359375 0.5630768828125 0.44021443437499996 0.56901961875 0.43924804999999995 0.5736515078125 0.4337130828125 0.5793167828125 0.4240556625 0.5823315140624999 0.418923896875 0.5883767890625 0.4156130671875 0.593270325 0.4118164375 0.5957827921875001 0.4019144859375 0.5941142796875 0.3876442484375 0.592103915625 0.3706250578125 0.5918290625 0.357810915625 0.58985684375 0.3443893609375 0.5849553171874999 0.3288639765625 0.578455053125 0.316571390625 0.5713473765625 0.3059761703125 0.564460590625 0.29764475625000003 0.5569059125 0.29076813281249997 0.55011645 0.28833848125 0.5421529171875 0.2887780921875 0.52617988125 0.29842899375 0.5146770187499999 0.30258524531250003 0.5015990546875 0.30455768125 0.4920985703125 0.3064111109375 0.48589288281250004 0.307700709375 0.4751394234375 0.309351234375 0.4670339 0.3105992078125 0.45595570625 0.31439192656250003
3 0.3111348328125 0.42109685937499997 0.3156734765625 0.4351667984375 0.3219712703125 0.4480251734375 0.3295207328125 0.46314800624999997 0.3372739703125 0.47564349687499996 0.3483627625 0.48704968906249996 0.3661042421875 0.493447684375 0.3738876375 0.4902187984375 0.38472521406250004 0.48339423281249994 0.3849329015625 0.47458223437499997 0.390232684375 0.467592475 0.397433609375 0.4585827875 0.40244810781250007 0.4552713046875 0.4067316234375 0.45729514531250004 0.41041033593750004 0.456893246875 0.41763098593750003 0.4486516015625 0.4223207484375 0.44748231250000003 0.42620193124999994 0.446514625 0.4313137546875 0.44910490468750003 0.43430223906250004 0.4535128609375 0.43745635156249996 0.4516958375 0.44107719218749997 0.446928259375 0.4453028359375 0.44458642187499997 0.45120481718749994 0.44414550625000004 0.4568017859375 0.44661482656249996 0.45837819062499996 0.446737090625 0.455110940625 0.4356996515625 0.4548952640625 0.42518963593750003 0.45423258750000006 0.4183982171875 0.45496487343750003 0.4110013421875 0.45440473593749997 0.40186547812500006 0.45087453593750004 0.391151253125 0.446008546875 0.3833466109375 0.4401130875 0.3734797640625 0.433712753125 0.3629658359375 0.42836292187499997 0.3532206015625 0.42222293281249995 0.3465065640625 0.41674953124999997 0.34039928750000004 0.4124673203125 0.3363138953125 0.4089121765625 0.3330778375 0.40505463124999996 0.328628909375 0.40311534375 0.3270512015625 0.3809602578125 0.332575084375 0.3611717359375 0.3351900359375 0.3441731375 0.336594075 0.3058661828125 0.3469180328125 0.3047079265625 0.35673999375 0.30381261875 0.3662387421875 0.3029949109375 0.3808712109375 0.3039153234375 0.39558562343750003 0.305000059375 0.40613661093750003 0.3111348328125 0.42109685937499997
3 0.1945997421875 0.511731484375 0.19863351406250002 0.5251543437499999 0.20622373125000001 0.5397517078125 0.21524966562499998 0.553218146875 0.224779171875 0.5693932203125 0.23156472187500002 0.578007528125 0.23623215000000003 0.5801933015625 0.244478359375 0.58019851875 0.2455906453125 0.5791482343750001 0.2411807875 0.553194128125 0.237400675 0.5221875921875 0.24430310937500002 0.505780378125 0.23012850937499998 0.48406446875000003 0.21786434375 0.47758909374999997 0.20183865 0.47462810468749994 0.1942590296875 0.47522965 0.1868963890625 0.48427965781250004 0.187415771875 0.49394099062499996 0.1945997421875 0.511731484375
3 0.47877673437499996 0.43830166875 0.47531500156249995 0.44715203125 0.47446045156250005 0.45612531093750003 0.47497852968750004 0.4678481953125 0.4768508171875 0.4794910921875 0.47997346875 0.4954599984375 0.4853193875 0.5113898906250001 0.4863659765625 0.5183432421874999 0.491187296875 0.532858009375 0.49607301093749995 0.54143069375 0.5031846 0.54584125625 0.513333253125 0.5417649921875001 0.5295271828125 0.5343778984374999 0.539252475 0.5286036171874999 0.5490579703125 0.5238399515625 0.5609052953125 0.5183095468750001 0.5682850515625 0.5141506875 0.5753203484375 0.5113659765625 0.5790621484375 0.507083546875 0.577839334375 0.4911562640625 0.57499805625 0.47769373593750003 0.5710444906250001 0.46528149374999994 0.569453578125 0.4561449765625 0.56642825 0.4460778328125 0.559200915625 0.43293591249999996 0.5540312203125 0.425979953125 0.5510624609375 0.42234003906249995 0.5462333171875 0.4201945859375 0.5415461625 0.41724077031249995 0.537341546875 0.41828909843749995 0.5323270484375 0.42160058125 0.5285891609375 0.419698353125 0.5226438171875001 0.4247878421875 0.5156926390625001 0.42239851093749997 0.508415421875 0.42421292499999996 0.5002283875 0.42651183593750003 0.49563725156249994 0.4315213359375 0.48892669375000003 0.4321638515625 0.4826197703125 0.43373634375 0.47877673437499996 0.43830166875
3 0.598100775 0.4119003375 0.5926431875 0.4127457609375 0.5863349609374999 0.41637980468749997 0.5826549453125 0.41884325625 0.5791143109375 0.42462144999999996 0.5746231078124999 0.4314096078125 0.5714861109375 0.43811777812499997 0.5695823625 0.4442608109375 0.570060990625 0.4544476109375 0.5726208953125 0.465403759375 0.5795616421875 0.484285509375 0.5846669421875 0.4971835515625 0.59078720625 0.5031295484375 0.597555640625 0.506852709375 0.6139704625 0.5017294203125 0.6353813609375 0.49046505625 0.6574982984375 0.4813435359375 0.67366989375 0.47731150468749994 0.6766438703125 0.47270520781250003 0.6731097578125 0.468175640625 0.669357359375 0.4572591609375 0.6662307953125 0.44747491093749997 0.664637275 0.44246149843750004 0.6582356375 0.43400912343750003 0.653651021875 0.4287108609375 0.6475715125 0.42223939843749997 0.6451273515625 0.4200146078125 0.6402166968749999 0.418920090625 0.633950528125 0.419967115625 0.6288189828124999 0.4166087921875 0.6221136375 0.4090051 0.6177906703125 0.405445175 0.6094826765625 0.4072589375 0.605539709375 0.41004560312500005 0.598100775 0.4119003375
3 0.6859084625 0.3644997359375 0.6774361437499999 0.3704769234375 0.6799368718750001 0.37912894375 0.6838390859375 0.3768677453125 0.69002635 0.372748553125 0.6944531625 0.371902478125 0.6998095140625 0.37133995 0.705708884375 0.375022140625 0.7103552843750001 0.37850142343750004 0.7184096203125 0.3942713375 0.72292984375 0.40551168281249994 0.727853703125 0.4176820046875 0.7319150234375 0.41950359062500003 0.7374317875 0.42096229375 0.7391738203125 0.41485958125 0.7430641312499999 0.3994610265625 0.7426683171875 0.3861617375 0.743809459375 0.371448628125 0.7447481265625 0.35730130781249997 0.743483253125 0.3439610453125 0.7422788609375 0.3308633578125 0.7407943984375 0.3131977375 0.7411651046875 0.3022838671875 0.7391850640625 0.301231625 0.7340719375 0.30070289687499996 0.7255220203125 0.3015463640625 0.7165868890625 0.30428945 0.7094477484375 0.311480159375 0.7040467296874999 0.3187528125 0.6977358953125 0.3265099625 0.699510859375 0.3322510953125 0.699326809375 0.33564647812500004 0.6977189421875 0.35331014375 0.6915500984375 0.3602589296875 0.6859084625 0.3644997359375
3 0.42340206562500005 0.5592919421875 0.4344592328125 0.556792734375 0.4434325109375 0.557647284375 0.45618704218749995 0.555755490625 0.4640493390625 0.5555987734375 0.471164840625 0.5538246796874999 0.476663184375 0.5524537890625 0.48165665312500006 0.5504358171875 0.485658796875 0.5499532765625 0.48617149375 0.53823104375 0.4852287484375 0.52687169375 0.48172479375000005 0.5066177484375001 0.47855877812500003 0.4952974140625 0.47672594375 0.48519060156249993 0.47430672500000004 0.47548764375 0.4710381703125 0.46651175624999996 0.467263440625 0.45895034062500006 0.4626393734375 0.45211599375 0.459226221875 0.4480715734375 0.4582769546875 0.4470199859375 0.45330581875 0.4456828953125 0.44894079218750005 0.444709990625 0.44386711874999996 0.445717346875 0.43923653125 0.44919076249999995 0.4360206328125 0.4528267625 0.43373688593750004 0.4526232046875 0.4293337109375 0.44805266406250005 0.4237354375 0.447644896875 0.418075378125 0.44905610781250005 0.4140916578125 0.4523682421875 0.4096017578125 0.45709484843750003 0.40628723125 0.45689063750000003 0.40295298125 0.45591838593749995 0.39977914375 0.4569673671875 0.394299221875 0.4611678515625 0.38760317031249997 0.47082462031250005 0.3843465171875 0.47498608906250006 0.3848659 0.484647421875 0.38587043125 0.49418779375 0.38877349375 0.5058313421875 0.393877490625 0.5207909374999999 0.4009405015625 0.538096284375 0.408104746875 0.5551187359374999 0.41254867500000003 0.5591638078125001 0.42340206562500005 0.5592919421875
3 0.3223566515625 0.47781688281249995 0.3202294015625 0.48581921406250006 0.31977979375 0.49366091562500003 0.312213378125 0.5053382656250001 0.3012312015625 0.5170942984375 0.3001137 0.5263907921875 0.303215321875 0.5436532093750001 0.306278796875 0.557317990625 0.31212958749999997 0.5738949625 0.3142884640625 0.5797980296875 0.31804607812499996 0.5824682984375 0.332438796875 0.5788797906250001 0.34464900468750004 0.5748048296875 0.3556456890625 0.5720630484375 0.37165556875 0.5680713374999999 0.382693009375 0.5648040875 0.3936318203125 0.557696628125 0.3985266625 0.5518384453125 0.39334115468749997 0.5379297859375 0.3890247078125 0.5240621 0.38501196875 0.50934573125 0.379038909375 0.49434516406249995 0.37336173437500003 0.490865228125 0.3701878953125 0.49191420781249995 0.365416621875 0.4941344328125 0.3574556984375 0.4904509390625 0.3492923015625 0.487333234375 0.342626409375 0.4812656265625 0.33777884375 0.476290578125 0.3343841125 0.47507575312499994 0.32771430625 0.47519280156250004 0.3223566515625 0.47781688281249995
3 0.24785206093749998 0.5827068546875 0.252981 0.5901882828125 0.2654923046875 0.5893877437499999 0.2840068265625 0.587863396875 0.2964181984375 0.5852842 0.29904901875 0.5799905015625 0.3045907234375 0.5739710390625 0.3068612671875 0.5630987921874999 0.3016191921875 0.5427629015625001 0.2978063140625 0.53160385 0.294314259375 0.5244872609375 0.2758970609375 0.531913371875 0.27351338125 0.5299311546875 0.26456243437500004 0.5257215421875 0.2596964484375 0.5179169 0.24561656250000002 0.5062258578125001 0.2385734421875 0.5213798828125 0.24136353281249998 0.5518602968749999 0.24785206093749998 0.5827068546875
3 0.6189221890625001 0.3100889484375 0.6155209375 0.319181884375 0.61169501875 0.32863835625000004 0.61247474375 0.34209957968750004 0.6206736796875 0.352938025 0.627865475 0.35835920468750004 0.6328760609375 0.3612323796875 0.6379681578125 0.36305461875 0.646679790625 0.36217083125 0.6526014953125 0.362497959375 0.6624806765625 0.369052671875 0.6681170984375 0.373058075 0.6750511593749999 0.370556259375 0.6810556796875 0.36777089687500003 0.6868787578125 0.3642578140625 0.6898317031250001 0.360945028125 0.6924007375000001 0.3574703078125 0.6966276859375 0.3530669171875 0.6968919421875001 0.35068215 0.698535346875 0.3407392265625 0.698924475 0.33265495 0.6938389 0.32052495 0.6865103296874999 0.3076659234375 0.6810802921875 0.2969100734375 0.6777894046874999 0.2912892484375 0.6758908734375 0.289186071875 0.66883585 0.291202740625 0.6625907125 0.2909562546875 0.658346646875 0.2904684984375 0.6478784734375 0.2884407453125 0.6394508234375 0.2877078078125 0.634580921875 0.286087821875 0.6285382562499999 0.285275546875 0.6258692906250001 0.286971609375 0.62167788125 0.299095740625 0.6189221890625001 0.3100889484375