0 0.3794616078125 0.5493293687499999 0.3800080453125 0.5304718984375 0.3746887015625 0.523412890625 0.36600155 0.525347703125 0.367518171875 0.5444951171875 0.3794616078125 0.5493293687499999
0 0.5694525234375 0.724349275 0.5718389765625 0.7373075140625 0.5762884890625 0.750555696875 0.578351546875 0.7508456406249999 0.5845407218750001 0.751715471875 0.5886668390625001 0.7522953593749999 0.599417046875 0.7506504921875 0.5929044765625 0.737112365625 0.5921461671875 0.7275386578124999 0.5934509140625 0.7182548953125 0.5968187203124999 0.7092610765625 0.59312751875 0.7055866 0.58693834375 0.70471676875 0.5807491671875 0.7038469359375 0.5795559421875 0.6973678171875 0.5749949078125 0.6998825171874999 0.5711921859375 0.7119709234375 0.5694525234375 0.724349275
0 0.69042583125 0.67192531875 0.6986780640625 0.6730850953124999 0.6978082328124999 0.6792742703125 0.6948753437499999 0.6851735015625 0.70106451875 0.6860433328125 0.7026926609374999 0.689427865625 0.701822828125 0.695617040625 0.7075770875 0.6995814593749999 0.7137662640625 0.7004512921875 0.7153944078125 0.7038358234375 0.7152828859375 0.71959870625 0.71929748125 0.7359414765625 0.723100203125 0.7238530703125 0.723646640625 0.7049956 0.72408155625 0.7019010125 0.7228883296874999 0.6954218921875001 0.722564934375 0.682753596875 0.71930865 0.6759845343750001 0.7189852546875 0.6633162390625 0.7239812046874999 0.6577069515625 0.7133425171875001 0.6435889375 0.7075882578125 0.6396245171875 0.6984661921875001 0.6446539171875 0.6901024375 0.6592570234374999 0.6826085140625 0.6676709546875 0.69042583125 0.67192531875
0 0.2531021109375 0.3706294296875 0.252555671875 0.38948689999999997 0.25906824375 0.4030250265625 0.2630828390625 0.41936779687500003 0.27155811406249997 0.3890018078125 0.277970334375 0.35834587500000004 0.29187647499999997 0.319276009375 0.3006751453125 0.301578315625 0.3099087328125 0.2807860328125 0.3095853375 0.26811773906249997 0.303831078125 0.26415331875 0.2992700453125 0.26666801875 0.2942740953125 0.27227730625 0.2880849203125 0.271407475 0.2860218625 0.27111753125 0.2810259125 0.27672681875 0.276029965625 0.28233610625 0.2681011265625 0.293844625 0.2618004296875 0.308737675 0.257127875 0.32701525781249996 0.2536485484375 0.351771959375 0.2531021109375 0.3706294296875
0 0.5268085921875 0.5637262140625 0.5310462296875 0.54854321875 0.5282248593750001 0.53867956875 0.5237753484375001 0.5254313859375 0.5150881984375 0.527366196875 0.5149766765625 0.5431290796875 0.51736313125 0.5560873187500001 0.5201844999999999 0.5659509703125 0.5268085921875 0.5637262140625
1 0.262569909375 0.258354440625 0.25800887499999997 0.26086913906250003 0.24758206249999998 0.27518230312499997 0.23921830625 0.28978540937499997 0.22954980468750003 0.3136722796875 0.21781824374999997 0.3372692046875 0.213904 0.36512049375 0.20825009218749999 0.405350134375 0.21258808281250002 0.4343612 0.22485491093749999 0.45186374687499997 0.23592851406249998 0.4628871734375 0.2558007890625 0.45621290625000005 0.27285169531250003 0.4396749875 0.29934805937500003 0.4307759640625 0.329535625 0.42555141562500004 0.3427838078125 0.42110190468750003 0.3573367390625 0.4073686296875 0.36005775624999997 0.3730382203125 0.3611506296875 0.3353232796875 0.36767436875000004 0.2889044640625 0.3703953859375 0.25457405624999996 0.360949925 0.24693516093749998 0.339995946875 0.2313674265625 0.3127412703125 0.23069274218750002 0.29525545000000003 0.2503252484375 0.2790743765625 0.2606739921875 0.26463296718749996 0.25864438437500004 0.262569909375 0.258354440625
0 0.7010756875 0.626086390625 0.7072648640625 0.6269562234375 0.7159520125000001 0.6250214109375001 0.7180150703125 0.6253113546875 0.7172567609375 0.6157376484375 0.716063534375 0.609258528125 0.7173682828125 0.5999747656250001 0.710744190625 0.602199521875 0.699559065625 0.6069389765625 0.693369890625 0.6060691453125 0.6961912609375001 0.6159327953125 0.695321428125 0.622121971875 0.7010756875 0.626086390625
0 0.3718449953125 0.633463125 0.3871562359375 0.62930355625 0.39540846875 0.6304633328125 0.4044190140625 0.6411968156250001 0.4086566515625 0.6260138203125 0.4054003671875 0.6192447578125 0.38976573124999997 0.6107360296875 0.3778222953125 0.605901778125 0.362945971875 0.606966759375 0.348393040625 0.620700034375 0.343397090625 0.626309321875 0.342962175 0.629403909375 0.3549056109375 0.6342381609375 0.3718449953125 0.633463125
1 0.5547994078125 0.11008194843750001 0.5321057640625 0.1068925640625 0.5160362140625 0.101478425 0.500724971875 0.1056379921875 0.4932310484375 0.1140519234375 0.485302209375 0.1255604421875 0.475745228125 0.1336844296875 0.47194250625 0.1457728375 0.4685746984375 0.15476665625 0.457389575 0.1595061125 0.44750919843750003 0.1549618046875 0.442948165625 0.15747650468750002 0.43501932656250003 0.1689850234375 0.42741388281250003 0.1931618375 0.41568232031249996 0.21675876249999998 0.409270103125 0.2474146953125 0.419908790625 0.26153271093749997 0.42630983906250003 0.2908337203125 0.42608679531250004 0.322359484375 0.43172953593749996 0.3420867875 0.44562450625 0.362973865625 0.4546350515625 0.37370734843750003 0.46690188125 0.39120989375000004 0.47797548437500004 0.402233321875 0.4936101203125 0.4107420484375 0.5001226890625 0.424280175 0.5086983187499999 0.4381082453125 0.5222698953125 0.44632702812499997 0.5442052296875 0.4399427046875 0.5558252687499999 0.4321086625 0.5749392328125 0.41586068750000005 0.5907969109375 0.39284365 0.608717646875 0.3701165546875 0.626638384375 0.3473894609375 0.6383699453125 0.3237925359375 0.6468452234375001 0.293426546875 0.6458750390625 0.2554216625 0.6402323 0.235694359375 0.635024478125 0.2128724703125 0.63014005 0.20271887500000002 0.622434253125 0.182701628125 0.6262369765625 0.170613221875 0.6230922125 0.1480812765625 0.615386415625 0.1280640296875 0.6018148375 0.119845246875 0.5811842515625 0.1169458078125 0.5547994078125 0.11008194843750001
3 0.31937653125 0.16851104374999998 0.29276864375 0.19317295 0.2441139046875 0.23998206249999998 0.21196363125 0.289110725 0.19240358125 0.3684102296875 0.1749065921875 0.44799967812499997 0.1715276171875 0.516950440625 0.17857545625 0.5715880390625 0.1766127484375 0.6154921546875001 0.196150459375 0.6561065359375 0.2009233671875 0.6820230125 0.2015701546875 0.707359603125 0.1951579375 0.7380155359375 0.2069898515625 0.7586126703125 0.24282015625 0.7731154234375001 0.2575849609375 0.7878133265625 0.2775575859375 0.82533311875 0.2975302125 0.8628529109375 0.3180492765625 0.881515234375 0.3488836328125 0.9016272750000001 0.37939459375 0.9090710234375001 0.3988319515625 0.9054913421874999 0.427826290625 0.8937876749999999 0.4671359234375 0.883533728125 0.507750303125 0.86399601875 0.5320720890625 0.8705699328125001 0.5505280953125 0.8889423109375001 0.5851651734375001 0.8969659468750001 0.6094869578125001 0.9035398609374999 0.6399979203124999 0.9109836093749999 0.6631264796874999 0.9110784046875 0.6856082484375 0.8858366109375 0.7113463046875 0.86736388125 0.7373074015625 0.817365384375 0.7478457359374999 0.7872893390625 0.7582725499999999 0.7729761765625 0.7757583703125001 0.7533436703125 0.7861851843750001 0.7390305078125 0.799979803125 0.7157235265625 0.8113879703125001 0.6794583046875 0.8211679953125 0.639808553125 0.8289964812499999 0.5841059734375 0.832152415625 0.546680978125 0.8336802046875 0.50587145 0.8277140718749999 0.47347585312499996 0.81773334375 0.42473748437500003 0.8054665125 0.40723493906249997 0.7909247515625 0.361011271875 0.775948075 0.317882190625 0.762599540625 0.27813764375 0.755763575 0.251931221875 0.7451248875 0.23781320625000002 0.7209146234375 0.21547640937499998 0.6987674171875 0.1934295546875 0.6766202109375 0.1713827015625 0.6597923484375 0.1563948546875 0.6293929078125 0.133188225 0.584552059375 0.10795198749999999 0.49627545937499995 0.09238980937499999 0.45740074374999995 0.09954916875 0.41277176718749997 0.102744109375 0.3647749859375 0.11493286875 0.31937653125 0.16851104374999998
0 0.6004095703125001 0.6687414921875 0.60909671875 0.6668066796875001 0.6210401531249999 0.67164093125 0.6176723484375 0.6806347500000001 0.6209286328125 0.6874038140625001 0.6292923874999999 0.6728007078125 0.6379795374999999 0.6708658953125 0.6449270234375 0.6813094343749999 0.651551115625 0.679084678125 0.658610121875 0.673765334375 0.6652342140624999 0.6715405796875 0.6603497859374999 0.661386984375 0.6537256953125 0.6636117390625 0.6367863109375 0.6643867765625 0.6190886156250001 0.6555881046875001 0.6112712984375 0.6513337406249999 0.6000861734375 0.656073196875 0.591833940625 0.6549134203125 0.5880312187500001 0.667001828125 0.6004095703125001 0.6687414921875
0 0.3099420703125 0.6847217484375 0.3148264984375 0.6948753437499999 0.322320421875 0.6864614125 0.328186203125 0.6746629484375 0.3356801265625 0.6662490171875 0.34154590625000003 0.6544505546875 0.335791646875 0.650486134375 0.32916755468750003 0.652710890625 0.32167363125000004 0.661124821875 0.31211665 0.669248809375 0.3087488453125 0.678242628125 0.3078790125 0.6844318046875 0.3099420703125 0.6847217484375