3 0.645138653125 0.436023275 0.6406838140625 0.44294658125 0.6389214125 0.44841665624999993 0.637518471875 0.452392778125 0.6344316671875 0.457339659375 0.6316781437500001 0.46229235781250005 0.6295562828125 0.4692563859375 0.6293992109375 0.478255015625 0.6276804406250001 0.48122547187500003 0.625918040625 0.48669554687499994 0.6245150984375 0.49067166718750005 0.6244016578125 0.497170678125 0.6276210437499999 0.5037278625 0.630884059375 0.5077854281249999 0.6360944140625 0.5148774406250001 0.64065565625 0.5209579718749999 0.6435417578125 0.5275093390625 0.6467349640625 0.5355662953125 0.6502614531249999 0.5436290687499999 0.6522349703125 0.5451637453125 0.6569271046875 0.54374541875 0.6642593203125 0.543873403125 0.6709336984375 0.543489828125 0.673994325 0.54004271875 0.6783444515625 0.5391184984375 0.68106306875 0.53616549375 0.684456978125 0.5327242015625 0.68586864375 0.5282481578125 0.6866748281249999 0.5202610109375 0.6852091171875 0.508733675 0.6846647203125 0.5017231062499999 0.6825237171875 0.49068405937500004 0.6810405562499999 0.480156571875 0.6788384703125 0.472616990625 0.6750223296875 0.46204878125000004 0.6708118234375 0.45497422031249996 0.6663029390624999 0.4458941453125 0.6607680296875 0.438296390625 0.65449674375 0.43468639218750005 0.650172796875 0.4341108421875 0.645138653125 0.436023275
3 0.5135947765625 0.50423790625 0.510884884375 0.5066909859375001 0.5015093421875 0.5090277171875 0.49247580781250005 0.510870340625 0.48213532031249995 0.511189921875 0.4698736765625 0.5069752859375 0.46981259218750004 0.510474753125 0.470681546875 0.5179910624999999 0.472251971875 0.5235193125000001 0.474471509375 0.5300590453125 0.47603320781249997 0.53608721875 0.47892803749999996 0.5421386609375001 0.48219977812500003 0.545696303125 0.4881726859375 0.5473007890625 0.49382103749999995 0.548399534375 0.500135953125 0.5495099140625 0.5024951093750001 0.5480508640624999 0.5062659328125 0.5421157703125 0.5077037765625 0.536139953125 0.5105096578125 0.5281877125000001 0.512315690625 0.5202180171874999 0.5140693640625 0.5152478671875 0.51447245625 0.51125429375 0.5152001046875 0.5077664609375 0.5135947765625 0.50423790625
3 0.5565795 0.5054882843749999 0.5478967015625 0.5063368781250001 0.540239928125 0.5057031515625 0.5349161328125 0.5051101484375 0.5319776734375 0.501558325 0.528723384375 0.4970008359375 0.5275211468750001 0.48947870781249997 0.528020228125 0.479985971875 0.5264672546875 0.473457875 0.5257047015625 0.4789454015625 0.525257978125 0.4854385953125 0.52481125625 0.4919317875 0.5256802109375001 0.49944809687499997 0.5259262296875 0.5044531531249999 0.52547078125 0.5114462703125 0.5260413578125 0.5169570671875 0.5272785 0.5224794984375001 0.53019078125 0.5275310953125001 0.5334363453125001 0.5325885078125 0.5373222953125001 0.5391573281250001 0.5385681625000001 0.5441798359375001 0.5438483265625 0.547272459375 0.5481897265625 0.5468481625 0.5535746046875001 0.5439416984375 0.5589856625 0.5395354625000001 0.563431775 0.5331120796875 0.5676667734375 0.5196839453125001 0.570788484375 0.5127373687500001 0.5728754406250001 0.5077730359375 0.5726556 0.5012682078124999 0.5676301828125 0.5026807171875001 0.56161364375 0.5035758515625 0.5565795 0.5054882843749999
3 0.52185196875 0.4513739640625 0.5193182890625 0.4628314890625 0.5218972875000001 0.46787726718749995 0.5264672546875 0.473457875 0.528020228125 0.479985971875 0.5275211468750001 0.48947870781249997 0.528723384375 0.4970008359375 0.5319776734375 0.501558325 0.5349161328125 0.5051101484375 0.540239928125 0.5057031515625 0.5478967015625 0.5063368781250001 0.5565795 0.5054882843749999 0.56161364375 0.5035758515625 0.5676301828125 0.5026807171875001 0.5726556 0.5012682078124999 0.57676843125 0.49483900781249995 0.5788815671875 0.488374903125 0.5803281375 0.4818991625 0.5804153999999999 0.47689992343750004 0.582151621875 0.4729296203125 0.583186375 0.470947378125 0.5858700875 0.46999407031249996 0.586255728125 0.46700034375 0.5892727234375 0.466052853125 0.59029875 0.46457053437500007 0.591666784375 0.462594109375 0.5914993 0.45308973906250005 0.591708728125 0.441091565625 0.59080486875 0.4355749515625 0.586936371875 0.428006284375 0.582085478125 0.41942031718750006 0.5708760374999999 0.4122235890625 0.564569846875 0.4106132859375 0.5535540703125 0.41142115625000003 0.5441348968749999 0.41625750625 0.5346284609375 0.42609309375000004 0.5293936140625 0.43950377500000004 0.52185196875 0.4513739640625
3 0.60161825625 0.42726240468750004 0.59847909375 0.4352088296875 0.5957604765625 0.4381618328125 0.5944011671875 0.439638334375 0.594279 0.44663726875 0.5948495781250001 0.452148065625 0.5981474984374999 0.4542059359375 0.600463025 0.45524650468749994 0.6037696703125001 0.4568044515625 0.6074532328125 0.4558685953125 0.611197875 0.45143327343750006 0.6122588062500001 0.447951259375 0.6159598203125001 0.44601555625 0.619020446875 0.442568446875 0.6217390640625 0.4396154421875 0.6264661031250001 0.43619742031250003 0.63082495625 0.43477327656250003 0.6354472796875 0.4373543390625 0.63776280625 0.43839490937500003 0.6420780265625 0.439470384375 0.645138653125 0.436023275 0.64617340625 0.43404103125000004 0.646295571875 0.42704209843749996 0.6464439171875 0.41854339218750003 0.6465311796875 0.41354415468749994 0.64662716875 0.4080449921875 0.6460216859375 0.40453389062499995 0.643144309375 0.3974825984375 0.6362849953125 0.38936165 0.6286020453125001 0.390227696875 0.6231648078124999 0.39613370312499996 0.61842904375 0.40005164843749996 0.6126236203125 0.407951534375 0.60854569375 0.41238103906249995 0.605432709375 0.41882769218749993 0.60161825625 0.42726240468750004
3 0.6822323796875 0.4691756984375 0.687442734375 0.4762677125 0.695064603125 0.4789011328125 0.7005995125 0.4864988875 0.7104583703125 0.49467219375000004 0.7187293515625 0.498317096875 0.7267979421875 0.49445732500000006 0.7295863687499999 0.48750493125 0.729137959375 0.47499520000000006 0.7286197390625 0.46648485937500006 0.7240672234375001 0.45990440625 0.7184886828125 0.4548062703125 0.7169182578125 0.4492780203125 0.7162953234375 0.44676676562499995 0.7099455031249999 0.44765608125 0.7047962328125 0.4370646015625 0.6961308859375 0.43691334687500005 0.6889574281249999 0.4467896578125 0.6847922390625001 0.45621840156250004 0.6803810296874999 0.46064208906250004 0.6822323796875 0.4691756984375
3 0.386668453125 0.4225102890625 0.38326581875 0.42645150625 0.38381894375000003 0.4329621515625 0.385977396875 0.44300135 0.38783747343749997 0.4510350359375 0.39779231875 0.4537091796875 0.403440671875 0.454807925 0.4113172859375 0.46194647812499995 0.41886061718749995 0.46907921249999995 0.423140934375 0.4721543828125 0.42816635156249994 0.47074187343749996 0.4305342328125 0.4687829 0.43392814218750003 0.4653416078125 0.435664365625 0.4613713046875 0.43577780625000007 0.4548722953125 0.43448830625 0.45234940625000003 0.42459454374999994 0.44617579531249996 0.4180859640625 0.4370608171875 0.4099633296875 0.42491720781250003 0.4053933609375 0.4193366015625 0.40075358281250006 0.41775538437500004 0.3930706328125 0.41862143124999995 0.386668453125 0.4225102890625
3 0.444310571875 0.4435194828125 0.4405222984375 0.45045442500000005 0.442145078125 0.45298313125 0.44139125312500005 0.457970734375 0.4423300171875 0.4614876546875 0.4435933375 0.465510315625 0.443813178125 0.4720151421875 0.4455598140625 0.48654783906250004 0.447051703125 0.49657540312500004 0.44832375 0.500098140625 0.452946075 0.502679203125 0.4585944265625 0.5037779484375 0.4698736765625 0.5069752859375 0.48213532031249995 0.511189921875 0.49247580781250005 0.510870340625 0.5015093421875 0.5090277171875 0.510884884375 0.5066909859375001 0.51460335 0.5037554359375 0.5153484500000001 0.49926775624999997 0.5158911625 0.48727540156250004 0.5163553375000001 0.47978236093750004 0.5157673078125 0.47527141093749997 0.5168980484375 0.46779000625 0.5169591312499999 0.46429053906249995 0.5144412171875 0.45574529375 0.511888396875 0.44919974375000005 0.50797626875 0.44413069531250005 0.503423753125 0.437550240625 0.5014938671875 0.4335159453125 0.4969239 0.42793533906250003 0.492327753125 0.423854503125 0.48903855937499996 0.42129670937499997 0.4813992390625 0.4196631359375 0.47143566718749996 0.4174889171875 0.465419128125 0.41838404999999995 0.45901695 0.422272909375 0.454281184375 0.42619085468750006 0.45019453125000003 0.43112028437500005 0.44775683906249997 0.43707864843750005 0.444310571875 0.4435194828125
3 0.4455598140625 0.48654783906250004 0.443813178125 0.4720151421875 0.4435933375 0.465510315625 0.4423300171875 0.4614876546875 0.43963757656249997 0.46294088593750005 0.43630475156250004 0.4628827109375 0.43392814218750003 0.4653416078125 0.4305342328125 0.4687829 0.42816635156249994 0.47074187343749996 0.421807803125 0.47213111406249997 0.4204746734375 0.47210784375000003 0.419448646875 0.4735901625 0.41670385000000004 0.4780429375 0.41466052343750004 0.4805076515625 0.4129243015625 0.48447795468750005 0.41183719218750003 0.4894597421875 0.41175865624999997 0.49395905625000003 0.41196104531250005 0.50146373125 0.4118650578125 0.50696289375 0.41209362499999996 0.512967796875 0.4123047421875 0.5199725484375 0.4135331578125 0.5259949046875 0.4167350890625 0.5335519375 0.418963353125 0.5395917453125 0.42082342968750003 0.54762543125 0.4241126234375 0.5501832265625 0.4301291625 0.5492880921875 0.43620678437500005 0.5448934921874999 0.4396443234375 0.53895258125 0.4447046453125 0.5355403765625 0.4487651203125 0.53211071875 0.453886525 0.525199046875 0.45597348281250005 0.5202347125 0.460410871875 0.5143112546874999 0.46319929843749996 0.507358859375 0.46357621250000003 0.5048650578125 0.4585944265625 0.5037779484375 0.452946075 0.502679203125 0.44832375 0.500098140625 0.447051703125 0.49657540312500004 0.4455598140625 0.48654783906250004
3 0.40102915625 0.4592665171875 0.39908181875 0.45623206875 0.39779231875 0.4537091796875 0.38783747343749997 0.4510350359375 0.385977396875 0.44300135 0.3833111359375 0.4429548109375 0.38160109375 0.4454253421875 0.378172278125 0.45086632968749996 0.37365635625000004 0.46128910312500004 0.36949989375 0.4702179234375 0.36497524375 0.48114062031250004 0.36484435 0.48863947812499997 0.3640905234375 0.49362708125 0.3629597828125 0.5011084875 0.36212741875 0.5105954046875001 0.361312509375 0.5190824765625 0.3617958234375 0.5295925109375 0.361656203125 0.53759129375 0.363867015625 0.54463095 0.368498065625 0.5467120890625 0.37615483906249997 0.5473458156250001 0.38349578125 0.546973875 0.3898281515625 0.5470844078125 0.3938537203125 0.5456544453125 0.39601921406249996 0.5361907968749999 0.397509415625 0.5272154375 0.4012889640625 0.5207804203124999 0.40538434375000004 0.5153510671875 0.4091289859375 0.5109157453125001 0.4106366421875 0.5009405375 0.410767534375 0.4934416796875 0.40992475937500006 0.4844255984375 0.4074592 0.472880809375 0.4049063796875 0.4663352609375 0.40102915625 0.4592665171875
3 0.6003844890625001 0.4597458203125 0.5950519671875 0.459652740625 0.5920524234375 0.45960038281250004 0.591666784375 0.462594109375 0.59029875 0.46457053437500007 0.5892727234375 0.466052853125 0.586255728125 0.46700034375 0.5858700875 0.46999407031249996 0.583186375 0.470947378125 0.582151621875 0.4729296203125 0.5804153999999999 0.47689992343750004 0.5803281375 0.4818991625 0.5788815671875 0.488374903125 0.57676843125 0.49483900781249995 0.574716378125 0.4978036453125 0.5749623984375 0.5028087015625 0.577865953125 0.5083602218750001 0.5807695078124999 0.513911740625 0.5843396281250001 0.5194748953125 0.5901990953125 0.5275783921875 0.5931113765625 0.5326299875 0.5983217296875 0.539722 0.60258459375 0.5437970187500001 0.6075663796875 0.544884128125 0.6122323359374999 0.5449655734375 0.6162840843749999 0.5420358390625 0.619431971875 0.533589490625 0.6202207046875 0.5266021921874999 0.623035309375 0.5181500265625 0.6234994859375 0.5106569859375 0.623297096875 0.5031523109375 0.62346289375 0.4936537578125 0.6227248328125 0.47863859062499997 0.6204965687499999 0.47259878125 0.6175668359375 0.46854703437499995 0.6149791109375 0.4640011796875 0.6110146249999999 0.46193167500000004 0.6066994046875 0.4608562 0.6003844890625001 0.4597458203125
3 0.32938579843750004 0.4000071421875 0.3253689546875 0.4009371796875 0.3226677890625 0.40289033593749995 0.32187905625 0.409877634375 0.32526592656250003 0.425939190625 0.32995102187500003 0.44402371093750004 0.33407426562500003 0.456097509375 0.3388553484375 0.46868286875000004 0.34431172499999996 0.48077993750000003 0.3479080234375 0.48484332031250005 0.35317946093749997 0.4884358671875 0.360152215625 0.49005780468750004 0.36484435 0.48863947812499997 0.36497524375 0.48114062031250004 0.36949989375 0.4702179234375 0.37365635625000004 0.46128910312500004 0.378172278125 0.45086632968749996 0.38160109375 0.4454253421875 0.3833111359375 0.4429548109375 0.383749134375 0.43696154218750005 0.382459634375 0.43443865312499996 0.3775214796875 0.4308519234375 0.3686537421875 0.42319599375 0.35909326406250003 0.41702820156250003 0.348892396875 0.4093490015625 0.3400072078125 0.40269292031250004 0.3343850359375 0.4000944046875 0.32938579843750004 0.4000071421875
0 0.5642852578124999 0.46511661875000004 0.5646534437499999 0.4631227421875 0.564346340625 0.461617153125 0.563013209375 0.46159388281249997 0.561995909375 0.46257627812499996 0.5606366 0.4640527796875 0.5612682609374999 0.466064109375 0.5622681093749999 0.4660815625 0.56326795625 0.4660990140625 0.5642852578124999 0.46511661875000004
1 0.59100021875 0.4625824734375 0.5910334374999999 0.4415798546875 0.5901033984375 0.4375630109375 0.5827607687499999 0.41893202812499997 0.5721742640625 0.4142465546875 0.57045549375 0.417217009375 0.5686756390625 0.4236869328125 0.56552775 0.43213328124999995 0.5633709828125 0.44109700468749996 0.5648803250000001 0.45012472187499997 0.5671085875 0.4561645296875 0.569670134375 0.46221015625 0.5772221937500001 0.4688429671875 0.580424125 0.47640000000000005 0.5825285359375 0.47043581874999996 0.585220975 0.46898258750000005 0.5855891625 0.466988709375 0.5899567390625 0.46506464062499997 0.59100021875 0.4625824734375
3 0.6552663375 0.4096960171875 0.650863853125 0.41361978125 0.649364925 0.4230950640625 0.65320724375 0.43216350312499996 0.6581628515625 0.434750384375 0.665065796875 0.4403717140625 0.669276303125 0.447446275 0.673846271875 0.45302688125 0.6798191796874999 0.45463136718749997 0.687212478125 0.45125988437500003 0.6931837 0.43386144687500006 0.6987692796875 0.41945673437500003 0.7048730812499999 0.4135623640625 0.7067314703124999 0.4025931265625 0.7068710890625 0.3945943453125 0.7037127890625 0.3845376921875 0.7005544859375 0.374481040625 0.6942221171875 0.374370509375 0.6861535265625001 0.37823028125 0.6796640875 0.387118378125 0.674560134375 0.39303020312500003 0.66779849375 0.398413015625 0.6603441109375 0.40528396562499996 0.6552663375 0.4096960171875