3 0.193503309375 0.697681003125 0.1879700859375 0.709086171875 0.184454009375 0.7195263984375 0.1893659859375 0.7246128984375 0.19293610625 0.730176053125 0.1952341796875 0.7322164703125 0.1989788234375 0.7277811484375001 0.2023989109375 0.722840084375 0.2031963703125 0.7153528609375 0.2033359890625 0.7073540796875 0.2044841828125 0.6988728265625 0.2059482046875 0.6913972390625001 0.20806134062499998 0.684933134375 0.209815015625 0.6799629828125 0.21224398125000002 0.6745045421875 0.21634808749999998 0.668575265625 0.21436584375 0.6675405140625 0.2089635140625 0.6714468250000001 0.20760420625 0.6729233265625 0.2021233375 0.681328953125 0.19834379062500002 0.6877639703125 0.193503309375 0.697681003125
3 0.731836853125 0.64506820625 0.7291705937499999 0.6450216656250001 0.7274867281249999 0.6459924265625 0.727118540625 0.6479863046875 0.7267416265625 0.6504801062500001 0.7260139796875 0.6539679375 0.72529505625 0.6569558453125001 0.724260303125 0.6589380890625 0.7215416859375 0.6618910921875 0.71919998125 0.66235029375 0.7165337203125001 0.6623037546874999 0.7138674609375 0.6622572140625 0.7151744124999999 0.66378025625 0.7177708640625 0.6678261859375 0.71970075 0.67186048125 0.7213148046875 0.6748891125 0.7232272375 0.67992325625 0.725464228125 0.685463140625 0.7263768140625 0.69047983125 0.7284550453125 0.686015421875 0.7311649359375 0.6835623421875 0.733857375 0.682109109375 0.73657599375 0.67915610625 0.7389438765625 0.677197134375 0.7416712203125 0.6737442062500001 0.7433725375 0.6717735984375001 0.7453984109375 0.67030873125 0.747091003125 0.668838046875 0.7481170296874999 0.667355728125 0.7481344812499999 0.66635588125 0.7458625875 0.6628156921875 0.7429328546875 0.65876394375 0.7403276765625 0.6552179375 0.7380557828125001 0.651677746875 0.736433 0.649149040625 0.7348014921875 0.6471202578125 0.7335032671875 0.6450972921875 0.731836853125 0.64506820625
3 0.590807659375 0.6646098828125 0.58917615 0.6625810999999999 0.58755336875 0.66005239375 0.5862725953125 0.65702958125 0.5852814734375 0.6565122046874999 0.58329923125 0.6554774515624999 0.5802996874999999 0.6554250953125 0.577615975 0.656378403125 0.575607553125 0.656843421875 0.5759146578125 0.6583490109375 0.57845875 0.6653944843749999 0.5806870156249999 0.6714342921875 0.5825732703125001 0.6779682078125 0.5834771296875 0.683484821875 0.584073884375 0.6874958484375 0.5839342640625 0.6954946296875 0.5844350328125001 0.7050048171875 0.58461996875 0.713509340625 0.5842081515624999 0.7180028375 0.5871727890625 0.7200548906249999 0.588795571875 0.7225835968750001 0.5920673140625 0.7261412390624999 0.5953390546875 0.7296988796874999 0.5982687890625 0.7337506281249999 0.6025229265625 0.7383255703125 0.605128103125 0.7418715765624999 0.6081014671875 0.7434237046875001 0.6113993890625 0.745481575 0.6140569234375 0.7460280390625 0.6177317578125 0.7455921078125 0.6194767062500001 0.7411218796875 0.619581421875 0.73512279375 0.620001965625 0.7301293734375001 0.6201066796875 0.7241302875 0.619211546875 0.7181137484375 0.6183425921875 0.7105974374999999 0.617456184375 0.704080975 0.6175783515625 0.6970820421874999 0.61640229375 0.6880601421875 0.6151215203125 0.6850373296875001 0.61419148125 0.6810204859375 0.6129019828125 0.678497596875 0.6113141046874999 0.6739691953125 0.6077527125 0.6679061171875 0.6057355656250001 0.668871059375 0.602420190625 0.6678130375 0.599420646875 0.6677606796875 0.5957894453125 0.6656969921875 0.5937984765625 0.6651621640625 0.590807659375 0.6646098828125
3 0.4833493671875 0.651732515625 0.48000781562499995 0.652174265625 0.47699082031250006 0.65312175625 0.47264069218750004 0.6540459765625 0.4689309546875 0.656481603125 0.4652386671875 0.6579173828125 0.4625375015625 0.6598705390624999 0.4618360328125 0.6618585984375 0.46111710937500006 0.66484650625 0.46074019687499995 0.667340309375 0.46199479062500004 0.67186289375 0.462591546875 0.67587391875 0.4628462921875 0.6803790515625 0.462741578125 0.6863781375 0.46263686406250004 0.6923772234375 0.4622163203125 0.69737064375 0.4617434171875 0.7053636078125 0.46264727656250004 0.7108802234375 0.46382333593749997 0.7199021218749999 0.4647010171875 0.7269185078125 0.46556997187500004 0.7344348187499999 0.46706185937500005 0.7444623828125 0.46996541406250003 0.7500139031249999 0.47282533750000005 0.758065040625 0.4737553765625 0.762081884375 0.47570271406250003 0.7651163328125 0.4782817125 0.7701621109375 0.48026395624999996 0.7711968625 0.49029733750000004 0.7693716921875 0.49930469375 0.7690288390625 0.502339140625 0.7670815015625 0.505521934375 0.7566354578125 0.5076263437499999 0.7506712765625 0.5099942265624999 0.748712303125 0.512124815625 0.74124835 0.5128960953125 0.7352609 0.514658496875 0.729790825 0.51640344375 0.725320596875 0.518814959375 0.7208620046875 0.521217746875 0.7169033359375 0.52137481875 0.70790470625 0.521821540625 0.7014115140625 0.522601546875 0.6949241390625 0.522364253125 0.689419159375 0.5218722109375 0.679409046875 0.5219682 0.6739098859375 0.5210468875 0.66939311875 0.5205199421875 0.6613827015625 0.5195986296874999 0.6568659343750001 0.517712375 0.6503320203125 0.5118267296875 0.6437282953125 0.5075027828125 0.64315274375 0.500819678125 0.6440362421875 0.4947769609375 0.646431146875 0.490067375 0.648849321875 0.486717096875 0.6497909953125001 0.4833493671875 0.651732515625
3 0.4215510765625 0.5441376 0.4173318453125 0.5375629625 0.412112765625 0.5309708734374999 0.4084990140625 0.5279073375000001 0.4028855671875 0.5248088984375 0.39559698125 0.52218129375 0.3916324953125 0.5201117890625 0.3876505578125 0.5190421328125 0.3856508625 0.5190072265625 0.3832829796875 0.5209661999999999 0.3798977953125 0.52390756875 0.3778631953125 0.525872359375 0.37341708281249997 0.5322957421875001 0.371356303125 0.5357603046875 0.3689098859375 0.5422185921875 0.36645473906250003 0.5491768031250001 0.36430669843749997 0.5576406046875 0.3628514015625 0.56461626875 0.3593353265625 0.57505649375 0.3572309171875 0.581020675 0.3564247328125 0.589007821875 0.3546187 0.5969775171875 0.3535054109375 0.6034590734374999 0.35304123593750003 0.6109521140624999 0.3522350515625 0.6189392609375 0.351095584375 0.6269205906249999 0.3509472390625 0.6354192953125 0.352132025 0.6439412703125 0.3550792109375 0.6469931718749999 0.36240269999999997 0.6476210796874999 0.3694190859375 0.6467433984375 0.376760028125 0.646371459375 0.385109546875 0.6455170484375 0.396116596875 0.6452091 0.40378209531250003 0.645342903125 0.4120967078125 0.6464881874999999 0.41811324687500007 0.645593053125 0.42345449375 0.645186209375 0.4267785921875 0.6457443078125 0.4294623046875 0.644791 0.42996138593750005 0.6352982640625 0.42964386875000005 0.615289675 0.429528740625 0.6027857609375 0.42842249218750006 0.5897644718749999 0.42794790312500003 0.5787545125 0.42685038124999997 0.5652332984374999 0.424402275 0.5526886625 0.4215510765625 0.5441376
3 0.7462136140625 0.56630711875 0.7444599390625 0.5712772703125 0.7410223984375001 0.57721818125 0.73830378125 0.5801711843749999 0.735225703125 0.5846181421875001 0.7331649234375 0.5880827046875 0.732463453125 0.5900707656249999 0.7317096265624999 0.59505836875 0.731955646875 0.600063425 0.7315525546874999 0.6040569984374999 0.7311407359375 0.6085504953124999 0.7303869093750001 0.6135380984375 0.7306329296875 0.6185431546875 0.7302385640625 0.622036803125 0.7298529234375 0.6250305296875001 0.729107821875 0.629518209375 0.7290292875 0.6340175234375 0.729011834375 0.635017371875 0.731318634375 0.636557865625 0.7329588671875 0.6380867234375 0.73424836875 0.6406096125 0.7352394890625 0.6411269890625 0.736221884375 0.6421442890625 0.7385286843750001 0.6436847828125 0.7401863703125 0.6442137953125 0.741510775 0.6447369890625 0.7448436 0.6447951625 0.748518434375 0.6443592312499999 0.7525265515624999 0.6439291171875 0.7545349734375 0.6434640984375 0.7555784515624999 0.64098193125 0.75763923125 0.63751736875 0.758059775 0.6325239484375 0.7594452640625 0.629547675 0.7608656546875 0.62457170625 0.76225986875 0.621095509375 0.7626978656250001 0.615102240625 0.7618027328125 0.6090857015625 0.760881421875 0.604568934375 0.759626825 0.6000463500000001 0.761160659375 0.588571371875 0.7582832828125 0.58152008125 0.7581157968750001 0.572015709375 0.7562295421874999 0.5654817953125 0.75392274375 0.5639413015625 0.750247909375 0.5643772328125001 0.7462136140625 0.56630711875
3 0.547654053125 0.53933766875 0.5429793734375 0.5397561484375 0.537936503125 0.54216850625 0.5342093109375 0.54560398125 0.5314819671875 0.5490569078124999 0.528053153125 0.5544978953124999 0.5242997828125 0.5594331421875001 0.520563865625 0.563368540625 0.5174596078125 0.5693152687499999 0.51642485625 0.5712975124999999 0.5153464718749999 0.575779375 0.51487356875 0.5837723390625 0.5150846859375 0.590777090625 0.5156727140624999 0.5952880390625 0.5168575 0.6038100140625 0.5183755671875 0.6123378078124999 0.5224464546875 0.62741115 0.525350009375 0.6329626687500001 0.5278679234375 0.6415079140625 0.533402834375 0.6491056687500001 0.5347534171875 0.6481290921875 0.5395153609375 0.6427113734375001 0.54290054375 0.6397700046875 0.5489868921875 0.63487548125 0.553354471875 0.6329514125 0.5590639046875 0.630550690625 0.559142440625 0.6260513765625 0.5603080859375 0.6165702750000001 0.561079365625 0.610582825 0.5642866515625 0.5796340859375 0.56445245 0.5701355328125 0.5626360046875 0.5596022265625 0.5601006359375 0.5520568296875 0.5575827203125 0.543511584375 0.55331113125 0.5399364906249999 0.547654053125 0.53933766875
3 0.25402984375000004 0.706238640625 0.25223253749999996 0.7137084109375 0.2504439578125 0.72067825625 0.24867283125 0.7266482562500001 0.24681444218749998 0.73761749375 0.2473326625 0.7461278328125001 0.24760486093749998 0.7496331171875 0.2536650296875 0.746238365625 0.25838334375 0.7433202671875 0.263487296875 0.7374084421875 0.27058221875 0.732031446875 0.2729501015625 0.7300724734374999 0.27520285625 0.7156095875 0.275403559375 0.7041113390625 0.2755344515625 0.6966124812500001 0.27701592656249996 0.6881370453125 0.28016381562500003 0.679690696875 0.2815754828125 0.6752146531250001 0.2792512296875 0.67467400625 0.2756113015625 0.6731102421874999 0.2736290578125 0.6720754906249999 0.271050059375 0.6670297125 0.26762997187500004 0.6719707765625 0.2642273359375 0.6759119921875001 0.25910593125000003 0.6828236640625 0.2570015203125 0.6887878453125 0.255247846875 0.693757996875 0.25402984375000004 0.706238640625
3 0.6187684890625 0.6670982453125001 0.61709335 0.6675690828125 0.61473419375 0.6690281312499999 0.6123663109375 0.6709871046875 0.6113141046874999 0.6739691953125 0.6129019828125 0.678497596875 0.61419148125 0.6810204859375 0.6151215203125 0.6850373296875001 0.61640229375 0.6880601421875 0.6175783515625 0.6970820421874999 0.617456184375 0.704080975 0.6211222937499999 0.7041449671875 0.624762221875 0.70570873125 0.6290599921875 0.7077840546874999 0.6317000734375 0.709330365625 0.6346559843749999 0.7118823421875 0.6379364546875 0.714940059375 0.6415589296875 0.7175036703125001 0.6441728343750001 0.720549753125 0.648751528125 0.7256304375 0.65201454375 0.7296880015625 0.6543038906249999 0.73222834375 0.656251228125 0.7352627921875 0.659934790625 0.7343269359375 0.6639865375 0.731397203125 0.6673629937500001 0.7289557578125 0.670388715625 0.7275083437500001 0.6737477203125 0.7260667468750001 0.676115603125 0.7241077734375 0.6784660328125 0.7231486484375 0.6782112875 0.718643515625 0.6776494359375 0.7126327953125 0.6777628765625 0.706133784375 0.6775517609375 0.6991290343750001 0.6776390234375 0.6941297953125 0.6773842765625 0.6896246625 0.6767613421875 0.687113409375 0.6754892953125 0.683590671875 0.67326103125 0.6775508640625 0.6719802593749999 0.6745280515625 0.6700591 0.66999383125 0.668471221875 0.6654654296875 0.66719045 0.6624426171875 0.66622550625 0.66042546875 0.6645765453125 0.659396534375 0.660278778125 0.6573212109375 0.6573054125 0.6557690828125 0.6516570609375 0.6546703375 0.64865751875 0.65461798125 0.64532469375 0.65455980625 0.6419569625 0.6565013265624999 0.6412554921875 0.6584893875 0.6392121656249999 0.6609541015625 0.6344763999999999 0.664872046875 0.6303984734375 0.6693015531250001 0.6287582406250001 0.66777269375 0.6267585453125 0.6677377890625 0.6247501234375 0.6682028078125 0.62374155 0.6686852796875 0.6220925890625 0.6676563437499999 0.6187684890625 0.6670982453125001
3 0.6812581265625 0.658687559375 0.6779253015625 0.658629384375 0.6731982624999999 0.6620474078125 0.668471221875 0.6654654296875 0.6700591 0.66999383125 0.6719802593749999 0.6745280515625 0.67326103125 0.6775508640625 0.6754892953125 0.683590671875 0.6767613421875 0.687113409375 0.6773842765625 0.6896246625 0.6776390234375 0.6941297953125 0.6775517609375 0.6991290343750001 0.6778152328125 0.7031342421875 0.6804640421875 0.7041806296875001 0.6830517671874999 0.708726484375 0.6863496875 0.7107843546875 0.6909371078125 0.7153651125 0.6925860671875 0.7163940484375 0.6983304078125 0.71199363125 0.7057586125 0.7066224531249999 0.7121695171875 0.7022336703125001 0.7162561703125 0.6973042406250001 0.7186066 0.696345115625 0.723017809375 0.691921428125 0.7263768140625 0.69047983125 0.725464228125 0.685463140625 0.7232272375 0.67992325625 0.7213148046875 0.6748891125 0.71970075 0.67186048125 0.7177708640625 0.6678261859375 0.7151744124999999 0.66378025625 0.7125866875 0.6592344015625 0.7089903890625 0.6551710187500001 0.704657715625 0.6550953921875 0.6999917609375 0.655013946875 0.695299625 0.6564322734375 0.690966953125 0.6563566468750001 0.6882919656250001 0.65681003125 0.6812581265625 0.658687559375
3 0.6602179859375 0.5653061359375 0.6603139734375 0.5598069734375 0.6604012359375 0.554807734375 0.6594711984375 0.5507908921875 0.6588482640625 0.5482796375000001 0.656506559375 0.5487388390625 0.6554979859375 0.5492213109375 0.652796821875 0.551174465625 0.65176206875 0.5531567093749999 0.64936800625 0.5566154546875001 0.64798251875 0.5595917265625 0.6452464484375 0.5635445781249999 0.6431856703125 0.567009140625 0.6414494484375 0.57097944375 0.6387133781250001 0.5749322953125 0.6363193171875 0.5783910390625 0.6342410859375 0.58285545 0.6318208453125 0.587813965625 0.6304528109375 0.5897903906249999 0.62876021875 0.591261075 0.627725465625 0.59324331875 0.6266907125000001 0.5952255609375 0.62663835625 0.5982251046875 0.6265336421875001 0.604224190625 0.6264289265625 0.6102232765625 0.6256838265625 0.6147109562499999 0.624938725 0.6191986359375 0.62451818125 0.62419205625 0.6237643546875 0.6291796609375 0.6233699890625 0.632673309375 0.6226423390625 0.6361611421875 0.6218885125 0.6411487453125 0.6215290515625 0.6426427 0.6224852671875001 0.6451597718750001 0.62508171875 0.6492057015625 0.626687046875 0.65273425625 0.6306515328125 0.6548037609375 0.6356333203125 0.6558908703124999 0.63894869375 0.65694889375 0.6419569625 0.6565013265624999 0.64532469375 0.65455980625 0.64865751875 0.65461798125 0.65069211875 0.6526531906249999 0.6524196156250001 0.6491828109375 0.6527878015625 0.6471889328125 0.65456765625 0.6407190093749999 0.6569878953125 0.63576049375 0.658101184375 0.6292789359375 0.6585653609375 0.6217858953125 0.6593366390625001 0.6157984437499999 0.6584676843749999 0.608282134375 0.6582652953125 0.6007774593749999 0.65769471875 0.5952666625 0.658474725 0.5887792875 0.659219825 0.5842916078125 0.6593070875 0.57929236875 0.66009581875 0.5723050703125 0.6602179859375 0.5653061359375
3 0.7401863703125 0.6442137953125 0.7385286843750001 0.6436847828125 0.736221884375 0.6421442890625 0.7352394890625 0.6411269890625 0.73424836875 0.6406096125 0.73388890625 0.6421035671875 0.7331961640625 0.6435917046874999 0.7321701375 0.6450740234375 0.7335032671875 0.6450972921875 0.7348014921875 0.6471202578125 0.736433 0.649149040625 0.7380557828125001 0.651677746875 0.7403276765625 0.6552179375 0.7429328546875 0.65876394375 0.7458625875 0.6628156921875 0.7481344812499999 0.66635588125 0.7498008953124999 0.66638496875 0.751844221875 0.6639202531249999 0.7538700953124999 0.6624553875 0.7555714124999999 0.6604847781250001 0.7569394484374999 0.658508353125 0.7586407640624999 0.6565377453125001 0.7596667906250001 0.6550554265625 0.7610261015625001 0.6535789249999999 0.762060853125 0.65159668125 0.7614291921875 0.6495853515625 0.7587891109375 0.6480390390624999 0.7564823109375001 0.6464985453125001 0.7545349734375 0.6434640984375 0.7525265515624999 0.6439291171875 0.748518434375 0.6443592312499999 0.7448436 0.6447951625 0.741510775 0.6447369890625 0.7401863703125 0.6442137953125
3 0.5144006671875 0.5917653031250001 0.5115058390625 0.585713859375 0.5093473859375 0.575674659375 0.5062239875000001 0.5636183124999999 0.5037060734375001 0.5550730671874999 0.496846759375 0.5469521187499999 0.4929695359375 0.5398833765625 0.4890225015625 0.5368140234375 0.484084346875 0.53322729375 0.47977785156249997 0.5316518953125 0.47377003906250004 0.5320471046875 0.467402765625 0.53393626875 0.46437704375 0.5353836828125 0.46066730468749995 0.537819309375 0.45693138749999995 0.5417547078125 0.4538271296875 0.5477014375 0.451371984375 0.5546596484374999 0.44992541406250003 0.5611353890624999 0.44884702968749995 0.5656172515625 0.4471195328125 0.5690876312500001 0.4450413015625 0.573552040625 0.44361218437499994 0.5790279328125 0.440490475 0.585974509375 0.43806150937500005 0.59143295 0.4352469015625 0.599885115625 0.43418597031250006 0.6033671296875001 0.43217755 0.6038321484375 0.43075715781249996 0.6088081171875 0.43095954687500004 0.6163127921875 0.43146031406249996 0.62582298125 0.43333784375000006 0.6328568203125 0.43524155000000003 0.6383908875000001 0.43651359687499997 0.6419136234375 0.43615413593749996 0.6434075781249999 0.4394607828125 0.6449655234375 0.44610025625 0.6465816453125 0.4544148671875 0.6477269296875 0.45940537968750006 0.6483141156250001 0.46506245625 0.6489129359375 0.47236849375 0.6505406921875 0.4767011671875 0.65061631875 0.481358396875 0.6511976875000001 0.4833493671875 0.651732515625 0.486717096875 0.6497909953125001 0.490067375 0.648849321875 0.4947769609375 0.646431146875 0.500819678125 0.6440362421875 0.5075027828125 0.64315274375 0.5118267296875 0.6437282953125 0.5125631046875 0.6397405390625 0.5136327625 0.6357586015625001 0.5134827296875 0.6252543828125 0.5146047453125 0.6182729015625 0.5153585703125 0.6132852984375 0.516094946875 0.6092975421875 0.5168575 0.6038100140625 0.5156727140624999 0.5952880390625 0.5144006671875 0.5917653031250001
3 0.3795065125 0.6609216078125 0.3768140734375 0.6623748390624999 0.37636735 0.6688680328125 0.376578465625 0.6758727828125 0.37715776875 0.68088365625 0.3773252546875 0.690388028125 0.377860925 0.6978985203125 0.3784227765625 0.703909240625 0.3786600703125 0.7094142203125 0.3791521109375 0.7194243328125001 0.3796354265625 0.7299343687500001 0.3818462375 0.7369740250000001 0.383671409375 0.7470074062500001 0.38420708124999997 0.7545179 0.3874351921875 0.760575159375 0.39098786093750004 0.7671381625 0.394268328125 0.7701958796875 0.3979257109375 0.7707597953125 0.4019076484375 0.771829453125 0.40559993437499997 0.7703936734375 0.4086692875 0.766446640625 0.41243138437500004 0.7610114703125 0.41551818906250004 0.7560645890625 0.4182368078125 0.7531115859375 0.42002538593749994 0.7461417390625 0.4211299484375 0.7401601046875 0.42331289375000003 0.729696609375 0.4251800109375 0.7182274484375 0.4273804078125 0.7067641046875 0.42851115 0.6992827 0.42995772031249996 0.692806959375 0.4317812046875 0.6838374171875 0.4322453796875 0.6763443765625 0.43232391562499994 0.6718450625 0.432727009375 0.6678514890625 0.43110422656249997 0.6653227828125 0.42813086250000004 0.663770653125 0.423491084375 0.6621894375 0.41750945 0.661084875 0.40984395312500005 0.6609510734375 0.4058532875 0.660381340625 0.39785450624999996 0.6602417203125001 0.3935305578125 0.6596661703125 0.38786475625 0.6595672734375 0.3831987984375 0.659485828125 0.3795065125 0.6609216078125
3 0.5347534171875 0.6481290921875 0.5306929421875 0.6515587484375 0.5279219687500001 0.6575112953125 0.524808984375 0.6639579484375 0.5226958484375 0.670422053125 0.5219682 0.6739098859375 0.5218722109375 0.679409046875 0.522364253125 0.689419159375 0.522601546875 0.6949241390625 0.521821540625 0.7014115140625 0.52137481875 0.70790470625 0.5239276390625001 0.7144502562499999 0.5291467187500001 0.721042346875 0.531673359375 0.7290876671875 0.5344722 0.7406382734375 0.536630653125 0.750677471875 0.5398674906250001 0.756234809375 0.54178865 0.760769028125 0.54340270625 0.763797659375 0.5544184828125001 0.7629897875 0.5641098578125 0.7616587234375001 0.5738012296874999 0.7603276578125 0.57880919375 0.759914996875 0.5861501375 0.75954305625 0.5872023421875 0.7565609656250001 0.586727753125 0.74555100625 0.5858326203125 0.73953446875 0.5856389578125001 0.73152986875 0.5841121625000001 0.723502 0.5842081515624999 0.7180028375 0.58461996875 0.713509340625 0.5844350328125001 0.7050048171875 0.5839342640625 0.6954946296875 0.584073884375 0.6874958484375 0.5834771296875 0.683484821875 0.5825732703125001 0.6779682078125 0.5806870156249999 0.6714342921875 0.57845875 0.6653944843749999 0.5759146578125 0.6583490109375 0.57432678125 0.6538206093750001 0.5727476296875 0.6487922828125 0.5714755828125 0.645269546875 0.5702035359375001 0.6417468093750001 0.567641990625 0.6357011828125 0.5633965796875 0.6306263171875 0.5590639046875 0.630550690625 0.553354471875 0.6329514125 0.5489868921875 0.63487548125 0.54290054375 0.6397700046875 0.5395153609375 0.6427113734375001 0.5347534171875 0.6481290921875
3 0.6863902375000001 0.5747643453125 0.683364515625 0.576211759375 0.6806371718750001 0.5796646859375 0.6772345359374999 0.5836059031249999 0.67350734375 0.587041378125 0.6704903484375 0.58798886875 0.6691223140625 0.58996529375 0.667052809375 0.5939297796874999 0.6649658515625 0.5988941125 0.662247234375 0.6018471171875001 0.6595373421875 0.6043001953125 0.6584676843749999 0.608282134375 0.6593366390625001 0.6157984437499999 0.6585653609375 0.6217858953125 0.658101184375 0.6292789359375 0.6569878953125 0.63576049375 0.65456765625 0.6407190093749999 0.6527878015625 0.6471889328125 0.6524196156250001 0.6491828109375 0.65670865625 0.65175805625 0.6609802484375 0.6553331499999999 0.6645765453125 0.659396534375 0.66622550625 0.66042546875 0.6695059750000001 0.6634831859375 0.6731982624999999 0.6620474078125 0.6779253015625 0.658629384375 0.6812581265625 0.658687559375 0.6842838484375 0.6572401453125 0.6863620796875 0.6527757359375 0.68637953125 0.6517758875 0.687089728125 0.6492879031250001 0.6874753671875 0.646294178125 0.6885624781249999 0.6413123921875 0.6892901265625 0.637824559375 0.6896844921875 0.634330909375 0.690096309375 0.6298374124999999 0.6901748453125001 0.6253380984375 0.6902621078125 0.620338859375 0.6896915328125 0.6148280625 0.6897438890625 0.61182851875 0.6891296812500001 0.6088173421875 0.6895851296875 0.601824225 0.6897160234374999 0.5943253671875001 0.6897858328125 0.5903259765625 0.6895310859375 0.58582084375 0.6889779609375 0.5793102 0.6863902375000001 0.5747643453125
3 0.44038378125 0.6684852140624999 0.4383491796875 0.6704500046875 0.4356218375 0.6739029328125 0.43490291406250003 0.6768908406249999 0.433526153125 0.6793671906250001 0.4327985046875 0.682855021875 0.43207958125 0.6858429296875 0.42995772031249996 0.692806959375 0.42851115 0.6992827 0.4273804078125 0.7067641046875 0.4251800109375 0.7182274484375 0.42331289375000003 0.729696609375 0.4211299484375 0.7401601046875 0.42063086875 0.749652840625 0.4208507109375 0.75615766875 0.4221227578125 0.7596804046875001 0.4240090125 0.7662143203125 0.425614340625 0.769742875 0.4305874015625 0.7713299078125 0.4333147453125 0.7678769812499999 0.438717075 0.7639706687500001 0.4424617203125 0.759535346875 0.44889880312499997 0.7536467921875001 0.4543098609375 0.7492405578125 0.4596860125 0.7468340171875 0.4660794640625 0.7434450828125 0.46556997187500004 0.7344348187499999 0.4647010171875 0.7269185078125 0.46382333593749997 0.7199021218749999 0.46264727656250004 0.7108802234375 0.4617434171875 0.7053636078125 0.4622163203125 0.69737064375 0.46263686406250004 0.6923772234375 0.462741578125 0.6863781375 0.4628462921875 0.6803790515625 0.462591546875 0.67587391875 0.46199479062500004 0.67186289375 0.46074019687499995 0.667340309375 0.459766528125 0.665823084375 0.4581001140625 0.665793996875 0.456424975 0.666264834375 0.4543991 0.6677297 0.4523470484375 0.6706943390625 0.4506893625 0.670165328125 0.45040843593749996 0.6671599671874999 0.44875075000000003 0.66663095625 0.4457512078125 0.6665785984375 0.4430762203125 0.6670319828125 0.44038378125 0.6684852140624999
3 0.722234721875 0.5648884140625 0.718490078125 0.5693237359375 0.7150612640625 0.5747647234375 0.7126410234375 0.5797232390625 0.7102120578125 0.5851816796875 0.708467109375 0.5896519078125 0.7063888781250001 0.5941163171875 0.70466138125 0.597586696875 0.7016269328125 0.599534034375 0.6992590515625 0.6014930078125 0.6968824421875001 0.6039519046875 0.69383926875 0.6063991671875 0.69213795 0.608369775 0.6897438890625 0.61182851875 0.6896915328125 0.6148280625 0.6902621078125 0.620338859375 0.6901748453125001 0.6253380984375 0.690096309375 0.6298374124999999 0.6896844921875 0.634330909375 0.6892901265625 0.637824559375 0.6885624781249999 0.6413123921875 0.6874753671875 0.646294178125 0.687089728125 0.6492879031250001 0.68637953125 0.6517758875 0.6863620796875 0.6527757359375 0.6882919656250001 0.65681003125 0.690966953125 0.6563566468750001 0.695299625 0.6564322734375 0.6999917609375 0.655013946875 0.704657715625 0.6550953921875 0.7089903890625 0.6551710187500001 0.7125866875 0.6592344015625 0.7138674609375 0.6622572140625 0.7165337203125001 0.6623037546874999 0.71919998125 0.66235029375 0.7215416859375 0.6618910921875 0.724260303125 0.6589380890625 0.72529505625 0.6569558453125001 0.7260139796875 0.6539679375 0.7267416265625 0.6504801062500001 0.727118540625 0.6479863046875 0.7274867281249999 0.6459924265625 0.72788109375 0.6424987765625 0.729011834375 0.635017371875 0.73248090625 0.5890709171874999 0.7304969765625 0.5690332406249999 0.728917825 0.564004915625 0.7279528828124999 0.5619877671875 0.7246026046875 0.5629294406249999 0.722234721875 0.5648884140625
3 0.6247819453125001 0.5326827234375 0.6232202484375 0.52665455 0.619931053125 0.52409675625 0.6132654015625 0.52398040625 0.6055475453125 0.526846146875 0.6001539421875 0.530252534375 0.593401028125 0.5351354234375 0.590314221875 0.5400823046875 0.5885518203125 0.5455523796875 0.5857895734375 0.551005003125 0.5823520328125 0.5569459140624999 0.5789144921875 0.562886825 0.5751873 0.5663223000000001 0.5717759390625 0.5707634406250001 0.5690311421875001 0.575216215625 0.5673123734375001 0.578186671875 0.564208115625 0.5841334 0.5634542890625001 0.589121003125 0.561990265625 0.5965965921875 0.5615173625 0.60458955625 0.561079365625 0.610582825 0.5613341125 0.61508795625 0.5626061609375 0.61861069375 0.5671761265625 0.6241913 0.57144771875 0.62776639375 0.57533366875 0.6343352140625 0.578228496875 0.6403866578125 0.581474059375 0.6454440703125 0.585009275 0.6530069203125 0.5862725953125 0.65702958125 0.58755336875 0.66005239375 0.58917615 0.6625810999999999 0.590807659375 0.6646098828125 0.5937984765625 0.6651621640625 0.5957894453125 0.6656969921875 0.599420646875 0.6677606796875 0.602420190625 0.6678130375 0.6057355656250001 0.668871059375 0.6077527125 0.6679061171875 0.611111715625 0.6664645203124999 0.6138565125000001 0.6620117453125001 0.6166013078125 0.6575589703125 0.618363709375 0.6520888953124999 0.6197666500000001 0.648112775 0.6215290515625 0.6426427 0.6218885125 0.6411487453125 0.6226423390625 0.6361611421875 0.6233699890625 0.632673309375 0.6237643546875 0.6291796609375 0.62451818125 0.62419205625 0.624938725 0.6191986359375 0.6256838265625 0.6147109562499999 0.6264289265625 0.6102232765625 0.6265336421875001 0.604224190625 0.62663835625 0.5982251046875 0.6240331796875 0.594679096875 0.6238744203125 0.584674803125 0.6244607640625001 0.5701828296875 0.6262929734375 0.5607133625 0.626826959375 0.5492209328125 0.6260103625 0.5387050796875 0.6247819453125001 0.5326827234375
3 0.3284360359375 0.5690163078125 0.3246303078125 0.576951096875 0.323113928125 0.587426228125 0.32232519531250003 0.5944135265625 0.32314179374999996 0.6049293796875 0.3243440296875 0.6124515078125 0.32518680624999996 0.6214675890625 0.3246877265625 0.630960325 0.32575034375 0.646481234375 0.3282333546875 0.657026175 0.32917211874999996 0.6605430937500001 0.3318645578125 0.6590898625 0.337565265625 0.6571890640625 0.34322234375 0.657787884375 0.348879421875 0.6583867046874999 0.35353665 0.6589680734375001 0.357851871875 0.6600435484375 0.3635089484375 0.66064236875 0.3672710453125 0.6552071984375 0.369033446875 0.6497371234375 0.3707609421875 0.6462667453125001 0.3694190859375 0.6467433984375 0.36240269999999997 0.6476210796874999 0.3550792109375 0.6469931718749999 0.352132025 0.6439412703125 0.3509472390625 0.6354192953125 0.351095584375 0.6269205906249999 0.3522350515625 0.6189392609375 0.35304123593750003 0.6109521140624999 0.3535054109375 0.6034590734374999 0.3546187 0.5969775171875 0.35536380156249997 0.5924898375 0.3521444171875 0.5859326515625 0.3479513609375 0.57785824375 0.3420744421875 0.5707545953125 0.3381274078125 0.5676852421875 0.3324703328125 0.567086421875 0.3284360359375 0.5690163078125
3 0.228962446875 0.5952842546875 0.22719131875 0.601254253125 0.22663115625 0.61424645625 0.2270621125 0.627756034375 0.2255719109375 0.63673139375 0.2257655734375 0.64473599375 0.2275471140625 0.65726899375 0.23117831875 0.65933268125 0.236704503125 0.6674303609375001 0.24030952656250001 0.67099381875 0.24558969218749999 0.6740864421875 0.248913790625 0.674644540625 0.2506325609375 0.671674084375 0.2547017625 0.667744503125 0.2574116515625 0.665291425 0.2597882625 0.6628325265624999 0.260507184375 0.65984461875 0.2589891171875 0.6513168265625 0.2581027109375 0.6448003640625 0.256944103125 0.6347786171875 0.25642588437499997 0.6262682765625 0.25021568125 0.6191588109375 0.245057684375 0.6090672546875 0.2421454046875 0.604015659375 0.23888238906249998 0.59995809375 0.234602071875 0.5968829234374999 0.23097086875 0.5948192359375 0.228962446875 0.5952842546875
3 0.3012552109375 0.5600405703125 0.29706215625 0.5519661609375001 0.293193659375 0.54439749375 0.2899655484375 0.5383402328125 0.2837117140625 0.5337303859375 0.277756259375 0.531126053125 0.27209045625 0.53102715625 0.268091065625 0.5309573453125 0.26533754374999996 0.5359100453125001 0.2654788484375 0.5469141875 0.2659359859375 0.55892399375 0.26512107500000004 0.5674110640625 0.26573528281250003 0.5704222421875 0.265894040625 0.5804265375 0.264745846875 0.588907790625 0.263588928125 0.5978889671875 0.26281765 0.60387641875 0.2632137015625 0.6193856921875 0.2633811875 0.6288900625 0.2642937734375 0.633906753125 0.2660753125 0.6464397546875 0.26728627656250004 0.6534619578124999 0.2691638046875 0.660495796875 0.2707342296875 0.6660240468749999 0.271050059375 0.6670297125 0.2736290578125 0.6720754906249999 0.2756113015625 0.6731102421874999 0.2792512296875 0.67467400625 0.2815754828125 0.6752146531250001 0.2857319453125 0.6662858328125 0.2895725765625 0.6563513484375 0.29375521718750003 0.64592275625 0.2978593234375 0.6399934796875 0.30295455 0.6345815796875 0.30819108281249996 0.640173821875 0.3128221328125 0.6422549625 0.3151900171875 0.6402959890625 0.319250490625 0.63686633125 0.3219865609375 0.6329134796875 0.3236966046875 0.6304429484375 0.3224245578125 0.6269202125 0.32324819374999997 0.6179332171875 0.32314179374999996 0.6049293796875 0.32232519531250003 0.5944135265625 0.3184392453125 0.5878447078125 0.3106411671875 0.5762068390625 0.3044658703125 0.567097678125 0.3012552109375 0.5600405703125
3 0.34322234375 0.657787884375 0.337565265625 0.6571890640625 0.3318645578125 0.6590898625 0.32917211874999996 0.6605430937500001 0.3261289453125 0.66299035625 0.324752184375 0.6654667046875 0.32267395312499997 0.6699311156250001 0.3212622859375 0.6744071593750001 0.321166296875 0.679906321875 0.320719575 0.6863995140625 0.3212203421875 0.695909703125 0.32244003125 0.7024319828125 0.323010609375 0.7079427796875 0.32355500625 0.7149533484374999 0.325099253125 0.7219813703125 0.3269855078125 0.728515284375 0.3278893671875 0.7340319 0.32744264375 0.7405250921875 0.33105639375 0.7435886265625 0.3336528453125 0.7476345578125 0.3385560953125 0.7532209828124999 0.3431086109375 0.7598014375 0.345687609375 0.764847215625 0.3495910109375 0.7704161875 0.35153835 0.773450634375 0.35850237812499997 0.775572496875 0.36316833593750003 0.7756539421875 0.3675359125 0.7737298734375 0.3692721359375 0.7697595703125 0.3723938453125 0.76281299375 0.37625193125 0.7518786609375 0.378084140625 0.7424091953125 0.3788292421875 0.737921515625 0.3796354265625 0.7299343687500001 0.3791521109375 0.7194243328125001 0.3786600703125 0.7094142203125 0.3784227765625 0.703909240625 0.377860925 0.6978985203125 0.3773252546875 0.690388028125 0.37715776875 0.68088365625 0.376578465625 0.6758727828125 0.37636735 0.6688680328125 0.3757269640625 0.667356625 0.370788809375 0.663769896875 0.36714887812499997 0.6622061328125 0.3635089484375 0.66064236875 0.357851871875 0.6600435484375 0.35353665 0.6589680734375001 0.348879421875 0.6583867046874999 0.34322234375 0.657787884375
3 0.25642588437499997 0.6262682765625 0.256944103125 0.6347786171875 0.2581027109375 0.6448003640625 0.2589891171875 0.6513168265625 0.260507184375 0.65984461875 0.26270054374999996 0.6678841234374999 0.264621703125 0.6724183421875 0.268322715625 0.6704826390624999 0.2707342296875 0.6660240468749999 0.2691638046875 0.660495796875 0.26728627656250004 0.6534619578124999 0.2660753125 0.6464397546875 0.2642937734375 0.633906753125 0.2633811875 0.6288900625 0.2632137015625 0.6193856921875 0.26281765 0.60387641875 0.25895787812500004 0.5958078265625 0.25574721875 0.58875071875 0.25336188437499996 0.5917095390625 0.2550299828125 0.61074155 0.25653059843750003 0.620269190625 0.25642588437499997 0.6262682765625
3 0.3128221328125 0.6422549625 0.30819108281249996 0.640173821875 0.30295455 0.6345815796875 0.2978593234375 0.6399934796875 0.29375521718750003 0.64592275625 0.2895725765625 0.6563513484375 0.2857319453125 0.6662858328125 0.2815754828125 0.6752146531250001 0.28016381562500003 0.679690696875 0.27701592656249996 0.6881370453125 0.2755344515625 0.6966124812500001 0.275403559375 0.7041113390625 0.27520285625 0.7156095875 0.2729501015625 0.7300724734374999 0.272485925 0.7375655140624999 0.2706362625 0.748034828125 0.2694793421875 0.7570160046875001 0.269330996875 0.765514709375 0.276637034375 0.767142465625 0.2889597640625 0.7678576359375 0.2989407890625 0.7690320078124999 0.305615165625 0.7686484328125001 0.3118673109375 0.7542553562500001 0.3169887171875 0.747343684375 0.323075065625 0.7424491609375 0.32744264375 0.7405250921875 0.3278893671875 0.7340319 0.3269855078125 0.728515284375 0.325099253125 0.7219813703125 0.32355500625 0.7149533484374999 0.323010609375 0.7079427796875 0.32244003125 0.7024319828125 0.3212203421875 0.695909703125 0.320719575 0.6863995140625 0.321166296875 0.679906321875 0.3212622859375 0.6744071593750001 0.32267395312499997 0.6699311156250001 0.324752184375 0.6654667046875 0.3261289453125 0.66299035625 0.32917211874999996 0.6605430937500001 0.32656694062499997 0.6569970875 0.3232952 0.6534394453125 0.3213478609375 0.6504049984375 0.318400675 0.647353096875 0.314120359375 0.6442779265625 0.3128221328125 0.6422549625
3 0.18222574687499998 0.7134865890625 0.184454009375 0.7195263984375 0.1879700859375 0.709086171875 0.193503309375 0.697681003125 0.19834379062500002 0.6877639703125 0.2021233375 0.681328953125 0.20760420625 0.6729233265625 0.202596240625 0.6733359890624999 0.1972026359375 0.6767423765625 0.1920288734375 0.686653590625 0.18649564999999999 0.6980587593750001 0.1836374125 0.7090105453125 0.18222574687499998 0.7134865890625
3 0.23117831875 0.65933268125 0.2275471140625 0.65726899375 0.226898003125 0.6562575125000001 0.22351281875 0.6591988796875 0.2204521921875 0.6626459890625 0.21634808749999998 0.668575265625 0.21224398125000002 0.6745045421875 0.209815015625 0.6799629828125 0.20806134062499998 0.684933134375 0.2059482046875 0.6913972390625001 0.2044841828125 0.6988728265625 0.2033359890625 0.7073540796875 0.2031963703125 0.7153528609375 0.2023989109375 0.722840084375 0.20158400156249998 0.7313271546875 0.202479134375 0.73734369375 0.20939080625 0.7424650984375 0.21535498749999998 0.744569509375 0.2227831921875 0.73919833125 0.22960591562500002 0.7303160515625 0.237744315625 0.7224568890625 0.24587399062499998 0.7150976499999999 0.252021421875 0.706703659375 0.2537489171875 0.7032332796875 0.256396040625 0.68527674375 0.2572022234375 0.677289596875 0.2522291640625 0.6757025624999999 0.248913790625 0.674644540625 0.24558969218749999 0.6740864421875 0.24030952656250001 0.67099381875 0.236704503125 0.6674303609375001 0.23117831875 0.65933268125
3 0.20116910156249998 0.6023002625 0.199151953125 0.6032652046875 0.196696809375 0.6102234171875 0.19889889375 0.617762996875 0.1981188875 0.624250371875 0.1970055984375 0.6307319296875 0.1965239703125 0.6392248171875 0.1960510703125 0.64721778125 0.1968240359375 0.6602332546875 0.19709623437499998 0.6637385390625 0.1999910640625 0.66978998125 0.2006139984375 0.6723012359375 0.205648140625 0.670388803125 0.2106735578125 0.66897629375 0.21672500156250002 0.6660814640625 0.2204521921875 0.6626459890625 0.22351281875 0.6591988796875 0.226898003125 0.6562575125000001 0.22471336874999998 0.647718084375 0.223519859375 0.6396960328125 0.2226596296875 0.6316797984375 0.21978225468749998 0.6246285078125 0.2142124375 0.6190304484375 0.2106248671875 0.6144671421875 0.2060548984375 0.6088865343750001 0.20116910156249998 0.6023002625