3 0.46656214374999994 0.27566019218750004 0.46233493125 0.28690198125 0.46259581718750004 0.3039261921875 0.46404924843749995 0.31539483281249997 0.46327484375 0.3254471 0.464188271875 0.3347499046875 0.46575275937500005 0.3429044625 0.4684974984375 0.351093390625 0.4701067015625 0.3566076828125 0.47220186875000003 0.3593716953125 0.47782698906250004 0.3612555890625 0.48367273125 0.3630844796875 0.48741249687500005 0.36116613124999997 0.495277746875 0.3588764640625 0.5041689625 0.35600235625 0.508504259375 0.35459280625 0.516313984375 0.35396018125 0.5237704140624999 0.3547302015625 0.5283263328125 0.35326564375 0.5344482234375 0.35338248125 0.542335090625 0.3530592625 0.55080668125 0.35226161718750004 0.556487325 0.3524884703125 0.5648925796875 0.3523646421875 0.567959671875 0.34962809375 0.5683360671875 0.3436187359375 0.567566115625 0.33395152031249997 0.5674580328125 0.32411928125 0.5636347703125 0.3050255140625 0.561110653125 0.2967815796875 0.5552894968750001 0.28377281718749997 0.5500854921875 0.2732392984375 0.5435577515625 0.263035821875 0.538309025 0.25514256875 0.5298281140625 0.2483838296875 0.5217776359374999 0.24053185312499997 0.5150833171875 0.2352995046875 0.5076160765625 0.2335462609375 0.49656335937499996 0.23433017656250002 0.48929364062499997 0.23712863906249998 0.4835019390625 0.2402158703125 0.479374971875 0.24716035 0.4753359546875 0.255397459375 0.4709436453125 0.2650372140625 0.46656214374999994 0.27566019218750004
3 0.4703119828125 0.7174027265625 0.47021173593750004 0.721700034375 0.471523175 0.726959928125 0.47358443125000005 0.73334743125 0.47563488125 0.7387517078125 0.4769355109375 0.743028378125 0.478699003125 0.74916148125 0.4800875859375 0.7547307812499999 0.48928737499999997 0.75309429375 0.5016530171875 0.7509971125 0.51019094375 0.749525646875 0.5204275093749999 0.7482879437500001 0.5298479203124999 0.74659645 0.5334442078125 0.745042515625 0.541827846875 0.742952240625 0.5457218984375001 0.741652703125 0.543495546875 0.7336631687499999 0.5422180171875 0.724779784375 0.5399037140625 0.71549761875 0.5381294140625 0.708381290625 0.5377004640624999 0.70290136875 0.5370833171875 0.700426125 0.53423833125 0.6965345046875 0.5317235375 0.6958469546875 0.527465384375 0.6975659109375 0.5176916796875 0.7006600484375001 0.5064507640625 0.7044486421875 0.4965335796875 0.7079071921875 0.49204399531250004 0.7086979312499999 0.4839581234375 0.71104260625 0.47778070625 0.712582809375 0.4737323671875 0.713263534375 0.471978196875 0.714686815625 0.4703119828125 0.7174027265625
3 0.7125459046875 0.501889159375 0.7186771171874999 0.5095623828125 0.7259669671875 0.5153035296875 0.7310181734375 0.5186450765624999 0.7388170875 0.5170292265625 0.7476650703125001 0.5102222249999999 0.76083754375 0.5010224453125 0.76751173125 0.49771518593749997 0.7742414453124999 0.49275088437500003 0.7775507765625 0.4919257765625 0.7840367671874999 0.49162319375 0.7907758046875 0.49421527656249997 0.7964549671875 0.5010152921875 0.8040764921875001 0.5033873468750001 0.8064045734375 0.5005064140625 0.8070910281250001 0.48916151875 0.8070615734375 0.47306552343749997 0.806094103125 0.4588466015625 0.8050711046875 0.44628472031250005 0.8030776703125 0.43265023906250005 0.80090684375 0.42300365937500006 0.795679734375 0.4170768546875 0.7826212875 0.40981622656249994 0.7722427281249999 0.40484518124999996 0.7703544046874999 0.4141892625 0.7710349171875001 0.4291370109375 0.7686930578125 0.4441810421875 0.763450684375 0.45699049687500004 0.759655390625 0.4605658859375 0.75336840625 0.45884701093749997 0.7473899937499999 0.4583657609375 0.7398456109375 0.45630311093750003 0.729709290625 0.45324350625000004 0.7183371890625 0.4518065765625 0.708961496875 0.450857803125 0.6997400890625001 0.4505278421875 0.692007509375 0.451469871875 0.694167525 0.46013322656250005 0.6956764843750001 0.4699448265625 0.700152290625 0.4813171859375 0.7061616421875 0.49132127031249995 0.7125459046875 0.501889159375
2 0.47133167499999995 0.3540017859375 0.4784225203125 0.3617643875 0.48579099843750007 0.3612417765625 0.49666781406249993 0.357872603125 0.5065186625 0.3550878703125 0.515939075 0.3533963765625 0.524344328125 0.35327255 0.530455409375 0.35240616406249997 0.538342278125 0.352082946875 0.5527259421874999 0.3524403703125 0.56421990625 0.351546440625 0.5669337062500001 0.3502125359375 0.56797345 0.3374649953125 0.5671602671875 0.32386488281250003 0.5648783890625 0.31753238906250003 0.5509806859374999 0.314424684375 0.536530684375 0.314741078125 0.520767759375 0.3163707390625 0.5050156421875001 0.3189836265625 0.49390739687499996 0.3214245828125 0.47637801093750004 0.3300674640625 0.472713903125 0.33886837812500004 0.470373528125 0.3473392484375 0.47133167499999995 0.3540017859375
3 0.582129728125 0.270179365625 0.5802414046875 0.2795234453125 0.5776804062500001 0.288049321875 0.5746550625 0.301291928125 0.5727235078125 0.30670311250000004 0.57079195 0.31211429687500003 0.5664443593749999 0.3191137859375 0.5674580328125 0.32411928125 0.5683360671875 0.3436187359375 0.571069996875 0.3508244390625 0.5756352390624999 0.3569162671875 0.580883965625 0.3648095203125 0.5861002656250001 0.3697531015625 0.5910851359375 0.3737684671875 0.597558834375 0.3790558234375 0.6029294203125 0.384618215625 0.6057635968749999 0.3875266109375 0.611564621875 0.391995765625 0.6176309843750001 0.393769646875 0.6259807125 0.3953028609375 0.6325438453125 0.3953096859375 0.63947108125 0.394897090625 0.646961421875 0.3920436203125 0.6500624234375 0.38568358125 0.651586646875 0.376758921875 0.652217571875 0.36707106562499997 0.652484396875 0.35780263125 0.6494094687499999 0.346409634375 0.6475364078125 0.3370174546875 0.6439538984375 0.326408290625 0.642091646875 0.317999334375 0.63843199375 0.3070807640625 0.6379367078125 0.3022746609375 0.6363058875000001 0.29479391875 0.635502028125 0.28875019218750003 0.619370134375 0.26352340625 0.6140766890625 0.25827041875 0.6071170312499999 0.2557333421875 0.5979727671874999 0.2557127875 0.5895227937499999 0.25847688125 0.5850764421875 0.263200515625 0.582129728125 0.270179365625
3 0.7633020921875 0.577638259375 0.77217020625 0.5793708640624999 0.7773879921875 0.5777412859375 0.7842813171875 0.580952178125 0.7953340359375 0.5801682640625 0.8043918328125 0.572323028125 0.8086514703125 0.5640309109375 0.8116320968749999 0.5534285718749999 0.81638850625 0.5433693984375 0.8209459109375 0.5353316796875001 0.8255465484375 0.5312268546875 0.8351428640625 0.5321206203125 0.8411551859375 0.5289783828125 0.8440802843749999 0.5200330859375 0.8479650140625001 0.5111771640625 0.8483753171874999 0.5015443171875 0.846238403125 0.4882742484375 0.8447402531250001 0.479445871875 0.8372528812500001 0.46915301875 0.8266428921875001 0.463253759375 0.8189889406249999 0.4579320328125 0.808179946875 0.45405422656249994 0.805223909375 0.4534766921875 0.806094103125 0.4588466015625 0.8070615734375 0.47306552343749997 0.8070910281250001 0.48916151875 0.8064045734375 0.5005064140625 0.8040764921875001 0.5033873468750001 0.7964549671875 0.5010152921875 0.7907758046875 0.49421527656249997 0.7840367671874999 0.49162319375 0.7775507765625 0.4919257765625 0.7742414453124999 0.49275088437500003 0.76751173125 0.49771518593749997 0.76083754375 0.5010224453125 0.7476650703125001 0.5102222249999999 0.7388170875 0.5170292265625 0.7310181734375 0.5186450765624999 0.7259669671875 0.5153035296875 0.7257124359375 0.5189820265625 0.7284679828125 0.528154178125 0.7329437890625 0.5395265375 0.741390790625 0.549908765625 0.749087975 0.5591633859375 0.758053365625 0.56974500625 0.7633020921875 0.577638259375
3 0.19561452031249998 0.4483796796875 0.194718253125 0.46076280625 0.1958075859375 0.4726508671875 0.1972718265625 0.485102734375 0.19914488749999998 0.4944949140625 0.20127247812500002 0.5002085984375 0.206553628125 0.511051521875 0.211515396875 0.5196736 0.21708350625 0.5297877015625 0.22129545468749998 0.537282171875 0.22618007968749998 0.54559484375 0.231681853125 0.5563827625 0.23646771718749998 0.5624195828125 0.24493782031250003 0.5681950984374999 0.2495153578125 0.5686969875 0.253807421875 0.5633545421874999 0.261112534375 0.5503594265625 0.2683036265625 0.55382471875 0.273202028125 0.54997429375 0.27709608281250003 0.5486747578125 0.2810997046875 0.5506342984375 0.28649339218750003 0.551589978125 0.290706828125 0.5525112890625 0.298406984375 0.5486195859375 0.303967253125 0.5446041390625 0.307531115625 0.5401005328124999 0.3133783421875 0.5353562593750001 0.31611524375 0.529415640625 0.3168125046875 0.51905396875 0.31797262656249997 0.5105487296875 0.319331753125 0.5000220343749999 0.317801178125 0.48824398750000003 0.3175388078125 0.4777929375 0.31676885781249997 0.468125721875 0.308530184375 0.463278421875 0.294245278125 0.46519685156249996 0.28710823125 0.466647678125 0.2838544265625 0.46581574375 0.28002522343749997 0.4730146234375 0.2739681828125 0.47879712812499997 0.27291911406249997 0.4839882828125 0.2674359890625 0.4883131359375 0.2630451640625 0.4913797296875 0.25907396718750003 0.492369859375 0.2547062453125 0.4908297390625 0.2493803765625 0.48262707968749996 0.238188634375 0.4640559234375 0.23009343906250002 0.4588442125 0.2232664484375 0.4549594984375 0.21570044843749997 0.450930403125 0.20650214375 0.44599372812500004 0.20117478906250003 0.4443642296875 0.19561452031249998 0.4483796796875
3 0.40402850937499996 0.772051240625 0.40027941875 0.766413203125 0.395493553125 0.7603763828125001 0.39213018125 0.7562853734375 0.38876680937499997 0.7521943624999999 0.3848187140625 0.748577778125 0.38199534687500003 0.74665260625 0.37919359531249996 0.7466938828125 0.37838825 0.7472233187499999 0.37610488750000004 0.7474639843750001 0.373093321875 0.7485434921875 0.3696513203125 0.7507162375 0.36761019687499996 0.75286834375 0.3652821140625 0.7557492781249999 0.3618509203125 0.758905246875 0.35959998125000003 0.762095584375 0.35913563593750003 0.7668123140625001 0.358549428125 0.7738599015625 0.35811750781249996 0.7815263015625 0.35827179375 0.7821451125000001 0.378204921875 0.777503865625 0.393659271875 0.7746365828124999 0.404326275 0.7723056390624999 0.40402850937499996 0.772051240625
3 0.41417076875000003 0.7488182 0.41344108281249997 0.7562302015625 0.4132961203125 0.763167775 0.4136479265625 0.7683382921875 0.41417712343749996 0.7695209078125 0.42101640625 0.7678156828125 0.4305139609375 0.7664335953125 0.43853349843749995 0.7647627390625 0.4486929203125 0.763215628125 0.45980116718749997 0.7607746718749999 0.47193537812499997 0.7577492734375 0.4800875859375 0.7547307812499999 0.4783132859375 0.747614453125 0.4747307765625 0.7370052890625 0.47285623125000004 0.7341862703125 0.470761065625 0.7314222578125 0.4679268875 0.7285138640625 0.46406674531250003 0.726189909375 0.4621366734375 0.7250279328125 0.4565223625 0.7241272609375 0.449209409375 0.722992828125 0.44573498437500003 0.7222159031250001 0.4404184375 0.7215696296874999 0.4331379109375 0.72338486875 0.43056759062500005 0.7243543609375 0.425889809375 0.7281497796874999 0.42196184531250003 0.7330728046874999 0.4186957484375 0.737830809375 0.41565027343749994 0.7425338046875 0.41417076875000003 0.7488182
3 0.3707611078125 0.2814708984375 0.36679923593749997 0.2900174140625 0.36273563124999997 0.3094343984375 0.361231540625 0.3268986671875 0.3627621171875 0.338676715625 0.3644469796875 0.3510735734375 0.3641693453125 0.359358784375 0.3667597984375 0.3669289015625 0.36958168125 0.375427234375 0.3728000890625 0.38645581875 0.37602930625000003 0.3984676265625 0.380449584375 0.411497028125 0.3828194171875 0.4191221515625 0.3862044046875 0.42517960937500004 0.3912108921875 0.431161421875 0.3964055765625 0.43413855625000003 0.40144597187500003 0.436496878125 0.4106442765625 0.4414335546875 0.4172074125 0.4414403796875 0.425171421875 0.44142656562499993 0.4317684671875 0.4378099015625 0.437791596875 0.4356508859375 0.4479402109375 0.4331205515625 0.4574269578125 0.43075524062500004 0.46572264375000005 0.4273723359375 0.4733348484375 0.42218800468750006 0.47868530312499996 0.41921078749999996 0.481443821875 0.41523661718750005 0.4844892953125 0.41053362031249996 0.484932025 0.40385044531250003 0.4827056734375 0.3958609078125 0.48022627343749996 0.38497670781250004 0.4778348265625 0.3753851359375 0.47402088750000004 0.36384775468749997 0.47220186875000003 0.3593716953125 0.4701067015625 0.3566076828125 0.4684974984375 0.351093390625 0.46575275937500005 0.3429044625 0.464188271875 0.3347499046875 0.4626562109375 0.32954501875000003 0.45852140468749997 0.322359953125 0.44977663593750006 0.311723325 0.43640029062499996 0.2956686890625 0.42539377500000003 0.287239178125 0.4143980671875 0.2797928890625 0.40453789687499997 0.2750212359375 0.3905738578125 0.27258735 0.377557159375 0.275832778125 0.3707611078125 0.2814708984375
3 0.23295583125000002 0.33686254375 0.225201634375 0.3358381265625 0.2181972546875 0.335941315625 0.2123932625 0.344618484375 0.20860729375 0.35575025781249997 0.207843696875 0.3667857484375 0.20934036250000002 0.3821872875 0.2124152921875 0.393580284375 0.21550103125 0.4059565046875 0.22099051093750002 0.4223343609375 0.226734521875 0.43503371875 0.230383365625 0.4449690640625 0.236050234375 0.457359015625 0.238188634375 0.4640559234375 0.2493803765625 0.48262707968749996 0.2547062453125 0.4908297390625 0.25907396718750003 0.492369859375 0.2630451640625 0.4913797296875 0.2674359890625 0.4883131359375 0.27291911406249997 0.4839882828125 0.2739681828125 0.47879712812499997 0.28002522343749997 0.4730146234375 0.2838544265625 0.46581574375 0.288157296875 0.4614565234375 0.29460005625 0.457221046875 0.3008885265625 0.452366759375 0.30629450937499997 0.44773250000000003 0.309339984375 0.4430295046875 0.3047207 0.43202155624999994 0.3008728484375 0.42410766562499996 0.2985801625 0.4167919484375 0.2971591546875 0.408272978125 0.2966206359375 0.399533978125 0.2965341703125 0.3916681875 0.2946935359375 0.38522567812499997 0.29332656875 0.3816228265625 0.28273968125 0.371116853125 0.2752184015625 0.3644474890625 0.265325803125 0.356726165625 0.2576502359375 0.3494379921875 0.24918013125 0.3436624765625 0.24183475312499997 0.339578371875 0.23295583125000002 0.33686254375
3 0.29491671406250003 0.32502899531249996 0.2924667703125 0.3302407890625 0.2908545953125 0.3378728203125 0.29028851875 0.35346001718750003 0.2898674078125 0.362109640625 0.2917620828125 0.3734682671875 0.29332656875 0.3816228265625 0.2946935359375 0.38522567812499997 0.2965341703125 0.3916681875 0.2966206359375 0.399533978125 0.2971591546875 0.408272978125 0.2985801625 0.4167919484375 0.3008728484375 0.42410766562499996 0.3047207 0.43202155624999994 0.309339984375 0.4430295046875 0.31270335625 0.4471205140625 0.31643082968749997 0.45079210468750003 0.32139408281250004 0.452841021875 0.32581733125 0.4527241 0.3307697765625 0.4537897953125 0.3380719203125 0.453941003125 0.345738165625 0.4536727921875 0.3519494921875 0.4485090984375 0.3565948484375 0.4417640078125 0.358261065625 0.43904809843750003 0.361042684375 0.4304672125 0.36327349062500003 0.418737265625 0.3652821921875 0.41363548593750005 0.3697732609375 0.4062715859375 0.37214606250000004 0.4007503875 0.3733278 0.3942115953125 0.3728000890625 0.38645581875 0.36958168125 0.375427234375 0.3667597984375 0.3669289015625 0.3641693453125 0.359358784375 0.3585889453125 0.3548346234375 0.34708714218750003 0.34159900625 0.33875119374999996 0.3279026921875 0.33158320625000004 0.3198306859375 0.3217122265625 0.31407581093750003 0.312413675 0.31343644375 0.30170195624999996 0.3184076515625 0.29491671406250003 0.32502899531249996
3 0.648020471875 0.2938449828125 0.645084565625 0.30180705625000004 0.6412214515625 0.312629425 0.642091646875 0.317999334375 0.6439538984375 0.326408290625 0.6475364078125 0.3370174546875 0.6494094687499999 0.346409634375 0.652484396875 0.35780263125 0.652217571875 0.36707106562499997 0.6541029265625 0.37087330937499996 0.6595182312500001 0.3737954375 0.66765814375 0.37636688125 0.6729191625000001 0.37867019687500003 0.6763935890624999 0.3794471234375 0.68330853125 0.384624465625 0.6892854578125001 0.391678878125 0.6928478359375 0.393748434375 0.69804251875 0.39672556718749996 0.7043295046875 0.3984444421875 0.7107599687499999 0.399798903125 0.7165069515625 0.3993519375 0.720323859375 0.39774299687500003 0.7244277265625 0.3954052296875 0.725013934375 0.388357640625 0.7261740578125 0.3798524015625 0.7243240984375 0.36585350625 0.7244798703125 0.35989915781250004 0.7233890546875 0.35458425625 0.7239752625 0.3475366671875 0.7228520203125 0.3392720953125 0.7221592125 0.329914284375 0.722028028125 0.32468875937499997 0.7204959671875 0.319483871875 0.718710859375 0.311384321875 0.7179625265625 0.303683553125 0.7170923328125001 0.29831364374999997 0.7159798984375 0.2910322953125 0.713631684375 0.28537361875 0.7090664421875 0.27928179218750004 0.7046554859375 0.2738087765625 0.7011378265625 0.2690989546875 0.6957672390625 0.2635365625 0.6823353671875 0.24913896875 0.6726063796874999 0.249592840625 0.6647843640625 0.2558154015625 0.6607453484375 0.2640525109375 0.6549521609375 0.2737129046875 0.651519484375 0.28344203437500004 0.648020471875 0.2938449828125
3 0.5384193421875 0.69450614375 0.5384841921875 0.7004054859375 0.5387372390625 0.70330015 0.5381294140625 0.708381290625 0.5399037140625 0.71549761875 0.5422180171875 0.724779784375 0.543495546875 0.7336631687499999 0.5457218984375001 0.741652703125 0.5518221718749999 0.739803096875 0.560636246875 0.73661958125 0.571667346875 0.73386921875 0.58497100625 0.7298949640625 0.5945240875 0.726855834375 0.6042977921875 0.7237616984375 0.612306521875 0.72110761875 0.61274925 0.7144244421875 0.611703153125 0.706469275 0.6103809046875 0.7002261578125 0.6092684703125 0.6929448093749999 0.6083874671875 0.6865916765625 0.607825846875 0.6824593906249999 0.606546834375 0.6801491671875 0.6037342734375 0.6792072203124999 0.6014401015625 0.6784646624999999 0.5951747328125 0.6787122375 0.5895820374999999 0.6797780125 0.5789150375000001 0.6821089546875 0.5745797390625 0.68351850625 0.5690533796875 0.6839104625 0.5543380390625 0.68692213125 0.5495614984375 0.688441696875 0.5458109234374999 0.6893768203125 0.543086315625 0.6897274999999999 0.5411778593750001 0.690531971875 0.5384640593750001 0.6918658765625 0.5384193421875 0.69450614375
3 0.19363544375 0.6641320234375 0.1973491375 0.6799667125 0.1993425734375 0.6936011921875 0.2053534109375 0.6970321171875 0.21784240000000002 0.6860309124999999 0.22531112343749998 0.6812109953125 0.2376320484375 0.681754078125 0.24249505624999998 0.6881003046874999 0.25216703125 0.6958766359374999 0.2613422359375 0.705420025 0.271257934375 0.7085346359375 0.28477140312500004 0.70352215 0.2933108140625 0.695477525 0.2952207546875 0.68809989375 0.2953888203125 0.67655560625 0.30139181718749997 0.6658569828124999 0.305143878125 0.658348696875 0.310782775 0.64806949375 0.312726625 0.6370683734375 0.3119242515625 0.624451484375 0.3094556609375 0.6145505078125 0.30401725156250003 0.6162350953125 0.2951707546875 0.6164689375 0.28224200625 0.62100699375 0.263280803125 0.62014768125 0.255614559375 0.62041589375 0.24704272500000002 0.6255108468749999 0.23724740312499998 0.6266385375 0.23077370625000002 0.6213511796875 0.21880904375000002 0.6062591312500001 0.21632964375000002 0.595374928125 0.20924812187500003 0.5951687140625 0.198723115625 0.6037084046875 0.1907129015625 0.6129356453125 0.186484203125 0.6307505953125 0.1892490734375 0.6474791328125 0.19363544375 0.6641320234375
3 0.698388965625 0.6697386546875 0.695962125 0.670343734375 0.6944949140625 0.6710381921875 0.6924537875000001 0.6731902984375 0.6917363953125 0.6750123625 0.6908091890625 0.6778726578125001 0.690168940625 0.6800041265625001 0.6896058328125 0.6824450015625 0.6887449625000001 0.684631478125 0.6877514203125 0.6881655906249999 0.6866915437500001 0.6923735234375 0.6860512953125 0.6945049937500001 0.6855653312500001 0.6972552734375 0.6852999921875 0.699950546875 0.6859834734375 0.7017519734375 0.6917859828124999 0.6996479640625 0.6975221546875 0.6982177765625 0.70311485 0.6971520015625 0.7095900312500001 0.6958661968750001 0.7143002390625 0.6950204484375 0.717830190625 0.6941403328125 0.72276101875 0.6932395796875 0.7262909718749999 0.6923594640624999 0.7312217999999999 0.691458709375 0.735479953125 0.689739753125 0.7394511500000001 0.688749621875 0.7386241890624999 0.6873126093749999 0.736683309375 0.685167409375 0.7334850312500001 0.682678434375 0.7316984390625 0.6811520437499999 0.7295369375 0.67906185 0.7278274875 0.6778448671875 0.7252247421875 0.6758646875000001 0.7233718140625001 0.675012115625 0.7204821109374999 0.6737607624999999 0.7189932828125001 0.6724887703125 0.71750445625 0.6712167796874999 0.715420096875 0.6694359921874999 0.7137877921875 0.6685284125 0.7099276484375 0.6662044593750001 0.7083832937500001 0.6665895109375 0.7066183171875 0.6670295687500001 0.705007628125 0.6680884375 0.7036067515625 0.668109075 0.7009592875 0.6687691625000001 0.698388965625 0.6697386546875
3 0.22618007968749998 0.54559484375 0.22129545468749998 0.537282171875 0.2148880921875 0.531320996875 0.210961615625 0.5296708609375 0.2041115234375 0.5303928609375 0.19893697187499998 0.5359553375 0.2018114109375 0.5559429515625001 0.209175434375 0.575139825 0.21632964375000002 0.595374928125 0.21880904375000002 0.6062591312500001 0.23077370625000002 0.6213511796875 0.23724740312499998 0.6266385375 0.24704272500000002 0.6255108468749999 0.255614559375 0.62041589375 0.263280803125 0.62014768125 0.28224200625 0.62100699375 0.2951707546875 0.6164689375 0.30401725156250003 0.6162350953125 0.31166188125 0.6140004359375 0.31212771093749997 0.602710546875 0.31359640624999996 0.595442928125 0.31649988906250004 0.5845311828125 0.3150572640625 0.574045765625 0.313063828125 0.560411284375 0.3104301421875 0.548908271875 0.307531115625 0.5401005328124999 0.303967253125 0.5446041390625 0.298406984375 0.5486195859375 0.290706828125 0.5525112890625 0.28649339218750003 0.551589978125 0.2810997046875 0.5506342984375 0.27709608281250003 0.5486747578125 0.273202028125 0.54997429375 0.2683036265625 0.55382471875 0.261112534375 0.5503594265625 0.253807421875 0.5633545421874999 0.2495153578125 0.5686969875 0.24493782031250003 0.5681950984374999 0.23646771718749998 0.5624195828125 0.231681853125 0.5563827625 0.22618007968749998 0.54559484375
3 0.6302860609375001 0.6729157546875 0.62593995625 0.6733420812500001 0.6237337359375 0.6738921546875 0.6202037828125 0.6747722703125001 0.616099915625 0.6771100375 0.613099159375 0.67917276875 0.611058034375 0.6813248749999999 0.6094797703125 0.6853334156249999 0.6083874671875 0.6865916765625 0.6092684703125 0.6929448093749999 0.6103809046875 0.7002261578125 0.611703153125 0.706469275 0.61274925 0.7144244421875 0.612306521875 0.72110761875 0.61752430625 0.7194780390625 0.624286446875 0.7174634078125 0.6321516968750001 0.7151737421875 0.6385497359375 0.71357853125 0.6466356078125 0.7112338578124999 0.6529673125000001 0.7103124656250001 0.656861365625 0.7090129296875001 0.66171505 0.7078027703124999 0.6663481124999999 0.70664761875 0.67090403125 0.705183059375 0.6755370953125001 0.7040279078125 0.6783280375 0.7030034078125 0.677633746875 0.7002187578125 0.6762667796875 0.69661590625 0.67535186875 0.6938862625 0.673312228125 0.689465209375 0.671878928125 0.6865361765625 0.669265371875 0.683572775 0.6676994015625 0.6819913765625001 0.6657477125 0.678862953125 0.6635862125 0.676772759375 0.6606085562499999 0.674228775 0.657200465625 0.67277803125 0.655126915625 0.67198046875 0.6514318671875 0.6712585484375 0.6486964515625 0.67062600625 0.645078546875 0.6702134921875 0.6409530625000001 0.6705848125 0.6384598859375 0.6718637109375 0.6351505562499999 0.67268881875 0.6302860609375001 0.6729157546875
3 0.720323859375 0.39774299687500003 0.7165069515625 0.3993519375 0.7107599687499999 0.399798903125 0.7043295046875 0.3984444421875 0.69804251875 0.39672556718749996 0.6928478359375 0.393748434375 0.6892854578125001 0.391678878125 0.68330853125 0.384624465625 0.6763935890624999 0.3794471234375 0.6729191625000001 0.37867019687500003 0.66765814375 0.37636688125 0.6595182312500001 0.3737954375 0.6541029265625 0.37087330937499996 0.652217571875 0.36707106562499997 0.651586646875 0.376758921875 0.6500624234375 0.38568358125 0.654141703125 0.3945256890625 0.6599289484375 0.41115794218749996 0.6662360656249999 0.421416425 0.6709880203125 0.43107673437500005 0.67618121875 0.4406270296875 0.6819822421875 0.445096184375 0.6871985421875 0.450039765625 0.692007509375 0.451469871875 0.6997400890625001 0.4505278421875 0.708961496875 0.450857803125 0.7183371890625 0.4518065765625 0.729709290625 0.45324350625000004 0.7398456109375 0.45630311093750003 0.7473899937499999 0.4583657609375 0.75336840625 0.45884701093749997 0.759655390625 0.4605658859375 0.763450684375 0.45699049687500004 0.7686930578125 0.4441810421875 0.7710349171875001 0.4291370109375 0.7703544046874999 0.4141892625 0.7722427281249999 0.40484518124999996 0.77368980625 0.395611115625 0.7741664453125 0.38530445156250004 0.7728117734375 0.37611166093750004 0.7714787171874999 0.3688853203125 0.7694729875 0.3608407765625 0.7668609203125001 0.3513042125 0.762318778125 0.340605671875 0.7574449609375 0.3332762234375 0.7518090328125 0.330409103125 0.7481911296875 0.32999658906249996 0.739353953125 0.3377868171875 0.7330979078125 0.34559077656250003 0.7283862171875 0.353009684375 0.7244798703125 0.35989915781250004 0.7243240984375 0.36585350625 0.7261740578125 0.3798524015625 0.725013934375 0.388357640625 0.7244277265625 0.3954052296875 0.720323859375 0.39774299687500003