3 0.5791831796875 0.6314908703125 0.5848150125 0.6634305796875 0.58950820625 0.6900470078125001 0.5942014 0.7166634328125 0.601576571875 0.7373181609375 0.6143157 0.74604949375 0.633357421875 0.7481807171875 0.643280634375 0.7409421953125 0.650387928125 0.7177338171875001 0.6548132468750001 0.7004871374999999 0.6528020296875 0.6679090140625 0.6536067296875 0.6513007453124999 0.649852175 0.6300076046875 0.6396610859375 0.5933830203125 0.6269219578125 0.5846516875 0.6078802359375 0.582520465625 0.5852178968749999 0.5810276546875001 0.5779766640624999 0.5823044796875 0.5726127078125 0.5942278734374999 0.5791831796875 0.6314908703125
3 0.2564125359375 0.6005833625 0.25118251875 0.6344383109375 0.2541323734375 0.67233971875 0.257082228125 0.7102411296875 0.2636527 0.7475041250000001 0.2700892328125 0.7628355671875 0.2863150390625 0.748996934375 0.29892022812499996 0.7357967140625 0.30696616250000003 0.7179116234375 0.3159507359375 0.705349815625 0.321314690625 0.6934264203125 0.317426196875 0.650201725 0.31729225781250003 0.6282701734375 0.32077893749999997 0.6057002078125 0.308039809375 0.5969688750000001 0.301603275 0.58163743125 0.290741425 0.58355266875 0.2789409359375 0.5801446203125 0.2617764921875 0.5886599671875 0.2564125359375 0.6005833625
3 0.1854767328125 0.4100059359375 0.191108565625 0.4419456484375 0.1948631203125 0.4632387890625 0.205054209375 0.49986337187499996 0.2114907421875 0.5151948156249999 0.22154789218749998 0.5298878453125 0.22704578749999998 0.539896003125 0.2371029359375 0.554589034375 0.2489034265625 0.5579970828125 0.2588266359375 0.550758559375 0.2704931875 0.5322350546875 0.274918503125 0.5149883734375 0.261643621875 0.4185308296875 0.2497091953125 0.39319122812499996 0.22785155625 0.37509015 0.2151124296875 0.36635881718749996 0.197947984375 0.3748741640625 0.18990205 0.39275925625 0.1854767328125 0.4100059359375
3 0.7351375765625 0.6479022421875 0.7398307703125 0.67451866875 0.7563244515624999 0.704543140625 0.7755001140625 0.72860591875 0.7901165203125 0.747983821875 0.81009688125 0.755438328125 0.8236407078125 0.7475613953125 0.829809365625 0.71902973125 0.8249822328124999 0.670481753125 0.8229710156250001 0.6379036296875 0.7970909453125 0.554646303125 0.777110584375 0.547191796875 0.7508276281249999 0.5463373984375 0.7464023109375 0.563584078125 0.7320537828125 0.5880692796875 0.7276284656249999 0.6053159609375001 0.7351375765625 0.6479022421875
3 0.3245334921875 0.6269933484375 0.3183648359375 0.6555250109374999 0.3258739453125 0.69811129375 0.336065034375 0.7347358765625 0.3416968671875 0.7666755859375 0.3500106765625 0.7926536015625001 0.35738585 0.8133083296875 0.3691863390625 0.8167163765625001 0.3800481890625 0.8148011390625 0.3935920171875 0.8069242046875 0.402576590625 0.794362396875 0.4060632671875 0.77179243125 0.40592932812500004 0.749860878125 0.41129328593750003 0.7379374828125 0.41665724062500004 0.7260140875000001 0.41746194062499997 0.7094058203125 0.41183010781249996 0.677466109375 0.40525963750000005 0.6402031140625 0.39520248750000003 0.6255100812500001 0.37428348749999996 0.6127322890625 0.3651649765625 0.60336254375 0.35242584843749997 0.5946312109375 0.34518461562499997 0.5959080359375 0.3362000421875 0.60846984375 0.3245334921875 0.6269933484375
3 0.195934628125 0.6386912140625001 0.2015664609375 0.6706309234375001 0.2035776765625 0.703209046875 0.2109528484375 0.723863775 0.2271786546875 0.7100251421875 0.2325426109375 0.698101746875 0.2460864390625 0.6902248140625 0.25131645625 0.6563698640625 0.2510485796875 0.6125067578125 0.2545352578125 0.5899367921875001 0.2471600859375 0.569282065625 0.239918853125 0.570558890625 0.2254363859375 0.573112540625 0.2118925578125 0.5809894734375 0.2011646453125 0.6048362640625 0.195934628125 0.6386912140625001
3 0.11199182187500001 0.395519346875 0.116685015625 0.422135771875 0.12137820937499999 0.4487521984375 0.126071403125 0.47536862500000004 0.13894446875 0.5060315109375 0.1508788953125 0.5313711109375 0.16093604687500002 0.546064140625 0.17461381250000002 0.5601187609375 0.184537025 0.5528802374999999 0.18896234218750002 0.5356335578125 0.20237223124999998 0.5058250703125 0.19298584375 0.45259221875 0.1783694375 0.4332143140625 0.160132415625 0.41447482343750003 0.14913662656249999 0.39445850781249997 0.13545886093749998 0.3804038890625 0.1200377546875 0.3776342546875 0.11199182187500001 0.395519346875
3 0.507038721875 0.6881222234375 0.5107932765625 0.709415365625 0.5145478328124999 0.73070850625 0.5282255984375 0.7447631234375 0.541903365625 0.7588177421875 0.5510218765625 0.7681874875 0.5645657046875 0.760310553125 0.57717089375 0.7471103328125 0.5760983171875 0.7198554953125 0.5769030171875 0.703247228125 0.5777077171875 0.686638959375 0.5821330328125 0.6693922796875 0.5719419453125 0.6327676953125 0.564432834375 0.5901814140625 0.5463297515625001 0.5933734765625001 0.5164261796875 0.593157490625 0.49470247812499996 0.596987965625 0.4902771625 0.6142346453124999 0.496847634375 0.6514976406249999 0.507038721875 0.6881222234375
3 0.8497918656250001 0.43008906874999997 0.8253861875 0.43988123906250004 0.82002223125 0.451804634375 0.8463051875 0.452659034375 0.8607876531249999 0.45010538437500003 0.8736607203125001 0.48076826875 0.8865337859375 0.5114311546875 0.9011501921875 0.530809059375 0.9264945093750001 0.526340171875 0.9290425484375 0.498446921875 0.917108121875 0.47310732031249997 0.9087943109375001 0.44712930625 0.8923006265625 0.4171048328125 0.8795615 0.4083735 0.8633356937500001 0.4222121328125 0.8497918656250001 0.43008906874999997
3 0.644086403125 0.576136340625 0.6423430640625 0.5874213234375001 0.6442203421875 0.5980678937499999 0.6534727921875 0.6293691921875 0.6581659859375 0.65598561875 0.6664797953125 0.68196363125 0.6729163296875 0.697295075 0.6829734796875 0.7119881046875001 0.6957126062500001 0.7207194390625 0.7111337125 0.7234890734375 0.7183749453125 0.7222122484375 0.7256161796875 0.7209354234375 0.7291028578125001 0.6983654578125 0.7289689187499999 0.67643390625 0.72789634375 0.6491790671875 0.722130571875 0.595307803125 0.7147554 0.574653075 0.7092575046875 0.5646449171875 0.6938364 0.5618752828125 0.6793539328125 0.5644289328125 0.6540096156249999 0.56889781875 0.644086403125 0.576136340625
3 0.507710553125 0.50138481875 0.5152196625000001 0.5439710984375 0.527020153125 0.547379146875 0.548743853125 0.543548671875 0.5750268078125 0.5444030703125 0.596750509375 0.5405725953125 0.6211561875 0.530780425 0.6337613765625 0.5175802046875 0.6345660765625001 0.5009719375 0.630677584375 0.4577472421875 0.6204864953125 0.42112265937500004 0.6112340453125 0.38982136093749997 0.5983609796875 0.3591584734375 0.59004716875 0.3331804609375 0.5763694015625 0.3191258421875 0.5563890406249999 0.31167133593749996 0.5346653406249999 0.315501809375 0.5121369390625 0.33594055156249997 0.4951064328125 0.36638745156249997 0.49456960937499994 0.42685882499999994 0.50114008125 0.46412182187499995 0.507710553125 0.50138481875
3 0.36194831562499996 0.37340044375 0.356718296875 0.40725539218750006 0.355913596875 0.423863659375 0.3596681515625 0.4451568 0.369993178125 0.5037129359375 0.37736835 0.524367665625 0.38380488281249997 0.5396991078125 0.393862034375 0.5543921375 0.40566252187499996 0.5578001859375 0.4401253515625 0.5627010453125 0.46546966718749994 0.5582321578125 0.4799521359375 0.5556785078125 0.497116578125 0.5471631609375 0.5043578125 0.5458863359375 0.5061011515625 0.534601353125 0.495776125 0.476045215625 0.4901442921875 0.44410550625 0.48263518281250006 0.40151922500000004 0.4752600109375 0.380864496875 0.4560843484375 0.3568017203125 0.43784732656249997 0.3380622296875 0.422426221875 0.3352925953125 0.4024458609375 0.32783808593749997 0.3843427765625 0.3310301484375 0.3717375875 0.34423036875 0.36194831562499996 0.37340044375
3 0.8811709000000001 0.375156965625 0.8910941125 0.3679184421875 0.89739670625 0.3613183328125 0.9018220234375001 0.3440716515625 0.8979335296875 0.300846959375 0.9004815703125001 0.2729537078125 0.8894857796875 0.2529373921875 0.8805012078125 0.26549919843750003 0.870577996875 0.272737721875 0.8614594859375 0.2633679765625 0.853413553125 0.28125306875 0.8453676187499999 0.29913816249999997 0.852072028125 0.35833271093749997 0.8522059671875001 0.38026426406249997 0.861324478125 0.3896340109375 0.872186328125 0.3877187734375 0.8811709000000001 0.375156965625
3 0.78113515625 0.31595287031249997 0.7748325609375 0.32255298125 0.7897168437500001 0.3857939890625 0.7997739937499999 0.40048702187499996 0.8170723765625001 0.41390322656249995 0.8261908874999999 0.423272971875 0.84161199375 0.42604260624999996 0.850596565625 0.4134808 0.8550218828125 0.39623411875 0.85394930625 0.36897928125 0.8472448953124999 0.30978473281249996 0.8425517015624999 0.28316830625 0.8315559140625 0.263151990625 0.8214987624999999 0.248458959375 0.8115755515625 0.2556974828125 0.8008476390625001 0.27954427187499997 0.790119728125 0.3033910625 0.78113515625 0.31595287031249997
3 0.17702684375 0.6584915421875001 0.1915093109375 0.6559378921875 0.19767796875000002 0.6274062296875 0.1975440296875 0.6054746765625 0.2055899625 0.5875895828125001 0.21001527968749997 0.570342903125 0.20813800312500003 0.5596963328125 0.199019490625 0.5503265875000001 0.187219003125 0.546918540625 0.1782344296875 0.5594803484375 0.170993196875 0.5607571734375 0.1574493671875 0.5686341078125 0.1495373734375 0.608450753125 0.1433687171875 0.6369824171875 0.1480619109375 0.6635988421875 0.15986240000000002 0.6670068890625 0.17702684375 0.6584915421875001
3 0.625984390625 0.4311308171875 0.6371141171875 0.473078684375 0.6418073109375 0.4996951125 0.6545464375 0.50842644375 0.6798907546875 0.5039575562499999 0.7052350734374999 0.4994886703125 0.7142196453125 0.4869268640625 0.7203883015625 0.4583952 0.716633746875 0.437102059375 0.7156951078125 0.4317787734375 0.7008108265625 0.3685377640625 0.6851218421875 0.3219050234375 0.6741260546875 0.30188870625 0.657766309375 0.2937957875 0.64516111875 0.30699600625 0.6227666578125 0.349366303125 0.617536640625 0.38322124999999996 0.625984390625 0.4311308171875
3 0.4173280046875 0.6874742671875 0.4220211984375 0.7140906921875 0.4267143921875 0.74070711875 0.43771017968750003 0.760723434375 0.452326584375 0.7801013375 0.45782447968750006 0.7901094953125 0.47418422343750005 0.7982024156249999 0.48129151875 0.7749940375000001 0.4883988140625 0.7517856593750001 0.49456747031250003 0.723253996875 0.49899278750000003 0.7060073171875 0.49885884843749995 0.6840757640625 0.49134973750000005 0.6414894828125 0.47847667187500004 0.610826596875 0.46211692812500005 0.6027336765625 0.43945458750000005 0.601240865625 0.419608165625 0.6157179109375 0.41062359375 0.62827971875 0.41169617187499996 0.65553455625 0.4173280046875 0.6874742671875
3 0.6978609703124999 0.33063635625 0.70537008125 0.3732226375 0.7146225312500001 0.40452393593749997 0.7219977015625 0.425178665625 0.7301775734375 0.429225125 0.7438553406249999 0.4432797421875 0.7647743421875 0.4560575359375 0.772015575 0.45478071093750005 0.77737953125 0.44285731562499997 0.7799275703124999 0.414964065625 0.7843528875 0.39771738437500004 0.7851575875 0.38110911718749996 0.7729552828124999 0.3119064109375 0.7655801109375 0.29125168281249997 0.7545843234375 0.271235365625 0.7391632171875 0.26846573125 0.7183781546875 0.277619490625 0.7021523484375 0.2914581234375 0.6978609703124999 0.33063635625
3 0.26673970156250004 0.362744328125 0.2659350015625 0.3793525953125 0.26606894062499997 0.40128414843750004 0.261643621875 0.4185308296875 0.279477759375 0.5196732468749999 0.2832323140625 0.5409663874999999 0.2923508265625 0.5503361328125 0.305089953125 0.5590674671875 0.3195724203125 0.5565138171874999 0.341296121875 0.5526833421874999 0.363019821875 0.54885286875 0.369322415625 0.5422527578125 0.37187045625000004 0.5143595078125001 0.3643613453125 0.471773225 0.3522929796875 0.424502071875 0.335799296875 0.3944775984375 0.32386486875 0.36913799687500004 0.31380771875 0.35444496718749996 0.3046892078125 0.345075221875 0.2829655078125 0.348905696875 0.26673970156250004 0.362744328125
3 0.8052708171875 0.5586927640625 0.8145232671875 0.5899940640625 0.822837078125 0.6159720765625 0.8311508875 0.6419500890625 0.8493879109375 0.66068958125 0.8621270390625 0.6694209140625 0.875670865625 0.6615439796875 0.8755369296875 0.6396124265625 0.8744643515625 0.6123575875 0.8697711578125 0.5857411609375001 0.8642732640625 0.5757330031250001 0.852338834375 0.550393403125 0.8413430468750001 0.5303770875 0.8294086203125 0.5050374859375 0.8147922140625001 0.4856595828125 0.8092943203124999 0.475651425 0.805673703125 0.4762898375 0.7911912359375 0.4788434875 0.7776474078125 0.48672042187500003 0.778719984375 0.5139752609375 0.7769766453125 0.52526024375 0.79159305 0.544638146875 0.8052708171875 0.5586927640625
3 0.8642732640625 0.5757330031250001 0.8697711578125 0.5857411609375001 0.8815716453125001 0.5891492109375001 0.8969927515625 0.5919188453124999 0.9095979421875 0.578718625 0.9012841312500001 0.5527406125 0.8939089578124999 0.532085884375 0.8865337859375 0.5114311546875 0.8736607203125001 0.48076826875 0.8607876531249999 0.45010538437500003 0.8463051875 0.452659034375 0.82002223125 0.451804634375 0.817340253125 0.4577663328125 0.8092943203124999 0.475651425 0.8147922140625001 0.4856595828125 0.8294086203125 0.5050374859375 0.8413430468750001 0.5303770875 0.852338834375 0.550393403125 0.8642732640625 0.5757330031250001