3 0.4765888125 0.25014999531250004 0.47432170156250003 0.2558499703125 0.4783567875 0.26345598593749997 0.48482847968750004 0.282391478125 0.487865996875 0.297454209375 0.48727763125 0.30420216093749997 0.490421209375 0.31444352656249996 0.4963177859375 0.32005296250000004 0.504782825 0.32257770625000004 0.5097022515625 0.321559109375 0.5149979171875 0.32343528906249996 0.521901025 0.329074584375 0.5308136109375 0.33177896875 0.53744833125 0.33119943749999997 0.5449380125000001 0.3285934640625 0.55153080625 0.3241309 0.5554347390625 0.3155958671875 0.5581440203125 0.3055835859375 0.562462534375 0.300831734375 0.5633870078125 0.29459284218750004 0.5697203765625 0.291398025 0.576010028125 0.2828228578125 0.5746093328125 0.2649250703125 0.5656440671875 0.2493537609375 0.560860084375 0.23895282187500003 0.553659209375 0.23369287187499999 0.539292215625 0.221066746875 0.5322705 0.20976761093750002 0.524130815625 0.1987680328125 0.5166285890625 0.1908928 0.5059222343750001 0.18447522656249998 0.49511519374999996 0.1873709640625 0.48520324531250003 0.19062598125000002 0.474920434375 0.195478165625 0.47184028749999996 0.20708761406249998 0.47152210468750005 0.2215517078125 0.47463450937499996 0.23689393124999997 0.4765888125 0.25014999531250004
3 0.3254454015625 0.2957412546875 0.3247893171875 0.3081989734375 0.323755196875 0.3162646015625 0.32357424687499997 0.3208064734375 0.322949334375 0.32816333593749997 0.3243410671875 0.33857455000000003 0.3284582125 0.3524493171875 0.3328677484375 0.3614527953125 0.33898899375 0.3679007078125 0.34401985625 0.36655269218750003 0.3485247 0.3617509125 0.35228960625 0.3616407875 0.357776978125 0.3679589875 0.366505028125 0.3722106125 0.3749700671875 0.3747353578125 0.38227700468750003 0.375173940625 0.3882724734375 0.3699727515625 0.394116371875 0.36271526249999997 0.39705390625 0.3565360875 0.3998488296875 0.35578719062499997 0.4084600640625 0.35587629062500004 0.41341782968749996 0.35574609687500003 0.4166165828125 0.3497964890625 0.4158587234375 0.3395149890625 0.40904913125000003 0.318573125 0.3995524703125 0.29505610781249997 0.39286506875 0.28276871406250004 0.3864023390625 0.2713197984375 0.37964005 0.2587529109375 0.3739244234375 0.2486016046875 0.3682123828125 0.241444928125 0.35840111874999997 0.23538663437500001 0.345800309375 0.23456918437500002 0.33629756718750003 0.2371154359375 0.32892649375 0.24538125000000002 0.3261075671875 0.257220265625 0.3245983140625 0.27320174062499997 0.3254454015625 0.2957412546875
3 0.25348613593749997 0.3156218 0.25048984218750003 0.3349973171875 0.24826644843749998 0.3460776421875 0.24593161718749998 0.35748738593749996 0.24534325156249998 0.3642353375 0.2444972546875 0.373748353125 0.244208446875 0.3816142734375 0.24638025156249999 0.38971955468749997 0.2523972296875 0.402486146875 0.2565036203125 0.407377021875 0.26150151875 0.40963255 0.2648170875 0.40784546875 0.272491303125 0.40369225468750003 0.2769409734375 0.4150814515625 0.281337959375 0.41360372187500005 0.29044045937499996 0.419252809375 0.2989803890625 0.4220570484375 0.3083003875 0.4225553515625 0.31347923906249997 0.42026900625 0.3170506484375 0.4142195453125 0.3226351203125 0.4082298046875 0.324938778125 0.40192091718749995 0.32672358749999997 0.3981475296875 0.331157125 0.396060890625 0.3380147234375 0.3948225203125 0.34091570937500004 0.3892522578125 0.34228235156250003 0.378701059375 0.34104219062499996 0.370346146875 0.33898899375 0.3679007078125 0.3328677484375 0.3614527953125 0.3284582125 0.3524493171875 0.3243410671875 0.33857455000000003 0.322949334375 0.32816333593749997 0.32357424687499997 0.3208064734375 0.323755196875 0.3162646015625 0.3228948625 0.313799096875 0.3159444515625 0.299784821875 0.3076843671875 0.2816280875 0.3023797390625 0.27226533124999996 0.2927164640625 0.2652687078125 0.2784333203125 0.26040865 0.2679989375 0.26320453593750004 0.2612287765625 0.275203603125 0.25752013281249997 0.2911752859375 0.254513084375 0.3015669125 0.25348613593749997 0.3156218
3 1 0.655591215625 0.9989603984375 0.6553784765625 0.98294154375 0.6641641015624999 0.9720614046874999 0.6682776625 0.9675547703125 0.6715821265625 0.967866875 0.6831813015625 0.9632978953125001 0.6966874765625 0.9564893937500001 0.7077981421875 0.9472149046875 0.7141775015625 0.9361520234375 0.72133561875 0.9249028140625001 0.7285436625 0.9148446703124999 0.734234325 0.8971069343750001 0.7395862546874999 0.8842868312500001 0.7424222734375 0.8890066796875 0.7615276109375 0.8908878843749999 0.776001496875 0.898218121875 0.7959051796875001 0.9042386828125 0.8116664015625 0.9075775500000001 0.8293444171875001 0.91412413125 0.8485594015625001 0.9220445249999999 0.863212446875 0.9301512453124999 0.8778155671875 0.9397084609374999 0.8896335546874999 0.9515327859375 0.8957515671875 1 0.8832446171875 1 0.655591215625
3 0.852583684375 0.51007160625 0.84797995 0.525684009375 0.8404992296874999 0.5357765578125 0.835033365625 0.5474261390625 0.8217417140625001 0.561172634375 0.8082601484374999 0.571974428125 0.80270505625 0.5713659953125 0.7993493546875 0.5707673578125 0.786591596875 0.5634016625 0.784291521875 0.5727051796875 0.7859917750000001 0.5917209375 0.788285771875 0.608480690625 0.79132149375 0.62204610625 0.797753053125 0.6385958796875 0.8047801453125001 0.6543869609375 0.8108702203125 0.6659357296875 0.8156488281250001 0.6718447249999999 0.8189368078125 0.6781531296875001 0.8246925656249999 0.69069015625 0.83328338125 0.704864003125 0.84011876875 0.7162130671875 0.850421296875 0.7278313484375001 0.86184179375 0.7391500718749999 0.86978798125 0.7442103140625 0.8770200296875 0.7443694078124999 0.8842868312500001 0.7424222734375 0.8971069343750001 0.7395862546874999 0.9148446703124999 0.734234325 0.9249028140625001 0.7285436625 0.9361520234375 0.72133561875 0.9472149046875 0.7141775015625 0.9564893937500001 0.7077981421875 0.9632978953125001 0.6966874765625 0.967866875 0.6831813015625 0.967960390625 0.6678787296875 0.9658527234375001 0.6510690515625 0.96464731875 0.6406079124999999 0.9661984953125 0.628509471875 0.9647229125000001 0.6103321890625 0.96519266875 0.597924396875 0.9630502453125 0.58322094375 0.961618378125 0.5704240125 0.95910688125 0.5588150421875 0.9550262843749999 0.5443313640625 0.9440096171875 0.52781193125 0.9366811734375 0.5094055640625 0.933353059375 0.5007114390625 0.92476224375 0.4865375921875 0.913709025 0.4706270703125 0.8966094531250001 0.4485481296875 0.8808374750000001 0.4455847984375 0.86660880625 0.45508898281250004 0.85797356875 0.46609 0.8502352171875 0.4789476125 0.8527868453125 0.49294230156249996 0.852583684375 0.51007160625
3 0.7695206296875 0.4095090609375 0.76451665 0.43331680468749995 0.757675184375 0.4480310109375 0.7403208578125 0.462266978125 0.728136421875 0.46673002343750003 0.72909315625 0.487442803125 0.7312337875 0.5006489421875 0.7333762109374999 0.51535239375 0.73853464375 0.5271507953125 0.7454431296874999 0.5372820359375 0.7539153359374999 0.545796040625 0.768242196875 0.556036446875 0.7786106515625 0.5604476468749999 0.786591596875 0.5634016625 0.7993493546875 0.5707673578125 0.80270505625 0.5713659953125 0.8082601484374999 0.571974428125 0.8217417140625001 0.561172634375 0.835033365625 0.5474261390625 0.8404992296874999 0.5357765578125 0.84797995 0.525684009375 0.852583684375 0.51007160625 0.8527868453125 0.49294230156249996 0.8494390171875 0.46777770937499996 0.8489681718750001 0.44813297343749997 0.8448456500000001 0.429766259375 0.8453207828125 0.4218504109375 0.8435546 0.41004173593750004 0.8396148218749999 0.3886304640625 0.833033484375 0.3715217078125 0.8223912640625001 0.3563997375 0.8094034593749999 0.34370361875 0.8014296828124999 0.34673886249999997 0.789436953125 0.355643928125 0.780653728125 0.3675832765625 0.7714577140625 0.3772367578125 0.7695206296875 0.4095090609375
3 0.40474028124999994 0.30025633749999997 0.40904913125000003 0.318573125 0.4158587234375 0.3395149890625 0.42327889062499996 0.3411214703125 0.43180985937500005 0.3364391328125 0.43743625625 0.33433242500000004 0.44373845312500004 0.3362384640625 0.45056308749999996 0.3386036375 0.45582041249999994 0.3395914140625 0.46059184999999997 0.339511146875 0.467557303125 0.334948728125 0.4727691171875 0.329058840625 0.4773051328125 0.3191562046875 0.4777784734375 0.30974304375 0.47899892031249997 0.30162748906250003 0.48470199999999997 0.301297590625 0.487865996875 0.297454209375 0.48482847968750004 0.282391478125 0.4783567875 0.26345598593749997 0.46745335 0.24810444999999998 0.46013207500000003 0.23568734375 0.45404917031250003 0.2301278359375 0.44810887499999996 0.21913805000000003 0.441912740625 0.212410646875 0.4321014765625 0.2063523515625 0.42725335624999994 0.2046558109375 0.4164828640625 0.2069426375 0.407354571875 0.2108863515625 0.3982717890625 0.2217077296875 0.3983663921875 0.2384576890625 0.39730647812500003 0.25611611875 0.40102517187500003 0.2796835421875 0.40474028124999994 0.30025633749999997
3 0.55889573125 0.1861576515625 0.5565297265625 0.202668253125 0.55524514375 0.21948820468750002 0.5566752187499999 0.2307878203125 0.5572048234375 0.2372362140625 0.560860084375 0.23895282187500003 0.5656440671875 0.2493537609375 0.5746093328125 0.2649250703125 0.576010028125 0.2828228578125 0.5697203765625 0.291398025 0.5633870078125 0.29459284218750004 0.562462534375 0.300831734375 0.567511321875 0.31445686875 0.5711809203125 0.328152 0.574770253125 0.337075690625 0.5821628328124999 0.34677765781250003 0.5876082765625 0.3492128234375 0.5962961953125 0.35107873125 0.6005853296875 0.3529250515625 0.6064801140625 0.35703717031250004 0.613865525 0.3607498796875 0.6221041031250001 0.3609388296875 0.630043121875 0.3600098140625 0.637008571875 0.35544739375 0.6414037703125001 0.35247235 0.650572196875 0.35091435625 0.6589222125 0.3507738890625 0.6693949375 0.348866409375 0.6765101687499999 0.3448629734375 0.6797418859375 0.335309825 0.67965445 0.324549125 0.6793022125 0.31056423125 0.67649295 0.2993346078125 0.67058561875 0.28474128125 0.6647220078125 0.27552830625 0.6590411375 0.263270771875 0.6545147874999999 0.25010476718749997 0.6502862046875 0.23655941875000003 0.6474403921875 0.22593870625 0.6443003984375 0.2186919703125 0.63996216875 0.20697335468750003 0.6355891828125 0.197360965625 0.6306572125 0.18789835625 0.6171086296875 0.173854703125 0.6025918578125 0.16066959218750002 0.5896165984375 0.15845468125 0.5773171390625 0.160252515625 0.5680025171875001 0.16424615625 0.5623101921875 0.173559946875 0.55889573125 0.1861576515625
3 0.1589223875 0.3547397984375 0.1589456875 0.3742048953125 0.1604961625 0.3926616671875 0.1690959390625 0.414322090625 0.1737738609375 0.4295443953125 0.1774087046875 0.4453457515625 0.178727340625 0.4569747859375 0.18276780312500002 0.46907274687499995 0.1871479578125 0.484674396875 0.1944291 0.4947057828125 0.20380177812500003 0.5080710140625 0.20697294375 0.51021689375 0.2114849546875 0.511404375 0.21856722187500002 0.5110044828125 0.227322859375 0.507160621875 0.23119382812499997 0.50222913125 0.23350465781250002 0.5019095046875 0.24035508593750002 0.49468187500000005 0.2447119421875 0.49081842656249997 0.253131471875 0.4864655078125 0.2668814234375 0.48188254218750004 0.27312914843749997 0.4694243421875 0.2797093984375 0.45448056875000004 0.2776784140625 0.43944769843750003 0.27755084375 0.42630128125000005 0.2769409734375 0.4150814515625 0.272491303125 0.40369225468750003 0.2648170875 0.40784546875 0.26150151875 0.40963255 0.2565036203125 0.407377021875 0.2523972296875 0.402486146875 0.24638025156249999 0.38971955468749997 0.244208446875 0.3816142734375 0.2444972546875 0.373748353125 0.24534325156249998 0.3642353375 0.24593161718749998 0.35748738593749996 0.2414855328125 0.34909281875 0.21826471406249998 0.3205659640625 0.20579934375 0.3083289796875 0.1933028015625 0.3011928484375 0.182499346875 0.3070832171875 0.1695803515625 0.320729859375 0.1607623703125 0.33477543593750003 0.1589223875 0.3547397984375
3 0.1498508125 0.5929235140625 0.144547978125 0.5850580734374999 0.13988260156250001 0.5803169765625 0.1296657171875 0.577962078125 0.1235132984375 0.576615021875 0.11792524374999999 0.5796101328125001 0.1104061828125 0.5888142765625 0.10717446718750001 0.5983674265625 0.1046898546875 0.609218184375 0.104819215625 0.6238619171875001 0.1077836359375 0.6401424703124999 0.11085949218749999 0.65609360625 0.11445599375 0.6710065578125 0.122683115625 0.692766834375 0.1270177609375 0.70149081875 0.132515884375 0.7167929078124999 0.1453994203125 0.7358077062499999 0.1563010671875 0.7496619265625 0.170850803125 0.759243496875 0.1847612890625 0.7642034062499999 0.20783840781250001 0.76610800625 0.22450368437499998 0.7679332984375 0.23065251718750002 0.7662857234375 0.239879703125 0.751531384375 0.24284841093749998 0.7402513546875 0.24663911249999998 0.7305484265625 0.25039326562499997 0.7214544093749999 0.25157357812500003 0.7109531359375 0.251818665625 0.6977068656250001 0.250341290625 0.67803226875 0.24611629062499998 0.6674815484375001 0.24006097187500003 0.6538265546875001 0.236287103125 0.6464501046875 0.2344879578125 0.6382449703125 0.2266238296875 0.63945348125 0.2078741859375 0.6402836046875 0.19340829843750001 0.6384681062500001 0.1792036328125 0.6368821703124999 0.17091954375 0.6298155546875 0.1616199625 0.6152325015625 0.15556643750000002 0.6030748218750001 0.1498508125 0.5929235140625
3 0.6731648359375 0.2906404828125 0.67649295 0.2993346078125 0.6793022125 0.31056423125 0.67965445 0.324549125 0.6797418859375 0.335309825 0.6765101687499999 0.3448629734375 0.6693949375 0.348866409375 0.6589222125 0.3507738890625 0.650572196875 0.35091435625 0.64845665625 0.3586706296875 0.6499562453125 0.36575779375 0.6503797875 0.3770275515625 0.6506936859375 0.39012404218749996 0.6510788890625 0.40050539531249996 0.6558664578125 0.413900965625 0.6613592046875 0.424711109375 0.668379128125 0.4345129296875 0.67263350625 0.43846547812500003 0.6753223703125 0.4425379453125 0.680550315625 0.45012389375 0.68607244375 0.45433586718749996 0.6939802890625 0.4585077046875 0.7040144296874999 0.46390716093749995 0.71777334375 0.466810771875 0.728136421875 0.46673002343750003 0.7403208578125 0.462266978125 0.757675184375 0.4480310109375 0.76451665 0.43331680468749995 0.7695206296875 0.4095090609375 0.7714577140625 0.3772367578125 0.7698341421875 0.3599978078125 0.7661208265624999 0.3409223296875 0.7620660234375001 0.316845846875 0.7566008625 0.297940215625 0.749867953125 0.2787751578125 0.738443871875 0.26446180468749997 0.7224275109375 0.24418953124999998 0.7101957718749999 0.240277596875 0.6965973921875 0.2469168625 0.688893796875 0.2576682484375 0.6824633265625 0.27317100625 0.6748747546875 0.2865876015625 0.6731648359375 0.2906404828125
3 0.1354465 0.4556908125 0.1274870609375 0.4707045765625 0.124817915625 0.4831025765625 0.12717604531249999 0.49115793124999996 0.1280507203125 0.5056019578125001 0.1272065140625 0.516612290625 0.1284137125 0.52857074375 0.13395555625 0.5492531828125 0.13867181875 0.5653638921875 0.1421479203125 0.5731196859375001 0.144547978125 0.5850580734374999 0.1498508125 0.5929235140625 0.15556643750000002 0.6030748218750001 0.1616199625 0.6152325015625 0.17091954375 0.6298155546875 0.1792036328125 0.6368821703124999 0.19340829843750001 0.6384681062500001 0.2078741859375 0.6402836046875 0.2266238296875 0.63945348125 0.2344879578125 0.6382449703125 0.2445862328125 0.634940028125 0.25345689375 0.633761378125 0.260415175 0.6232096984375 0.2608172125 0.6165116734375 0.26412381875 0.6072380171875 0.2639980421875 0.5955889140624999 0.26386868125 0.5809451812499999 0.2614338671875 0.5711130203125 0.2600403421875 0.5592044921875 0.2590979453125 0.550470234375 0.25580638125 0.541167196875 0.253148690625 0.5319938750000001 0.248777496875 0.5238788 0.24489039687499997 0.5153344546875 0.240332875 0.50726930625 0.23350465781250002 0.5019095046875 0.23119382812499997 0.50222913125 0.227322859375 0.507160621875 0.21856722187500002 0.5110044828125 0.2114849546875 0.511404375 0.20697294375 0.51021689375 0.20380177812500003 0.5080710140625 0.1944291 0.4947057828125 0.1871479578125 0.484674396875 0.18276780312500002 0.46907274687499995 0.178727340625 0.4569747859375 0.1730153 0.44981810937500005 0.1623766640625 0.43769077031250003 0.15491815625 0.435195884375 0.1456748390625 0.4364743875 0.14061280468749998 0.442923259375 0.1354465 0.4556908125
3 0.1206825984375 0.7031883203125 0.1131162359375 0.704017484375 0.105222728125 0.7118241656250001 0.0993476578125 0.7241825125 0.096156075 0.73612138125 0.0936001578125 0.7496872765625 0.0923904640625 0.766786721875 0.09226039999999999 0.782698203125 0.092435271875 0.8042196015625 0.09529004375 0.8223268890625001 0.09687527500000001 0.8386774359375 0.10095945625 0.8561557453124999 0.1058584625 0.869221896875 0.1137111359375 0.8895847109374999 0.11864490000000001 0.900544634375 0.12824403906249998 0.9162456578124999 0.1333569609375 0.9211663953125001 0.140932284375 0.9278238062499999 0.1455664890625 0.9376657609375 0.1538211984375 0.95133055 0.164162065625 0.9638372343749999 0.17833735312500001 0.9720213421875 0.1941093296875 0.9749846718749999 0.20569823125000003 0.9712803171875001 0.22283864062499997 0.9651897625 0.25339289531250003 0.9540071828125001 0.25853340625 0.9508324328125 0.2644575703125 0.94834638125 0.2690301328125 0.937834834375 0.273533184375 0.931535740625 0.276388659375 0.919087815625 0.2766355390625 0.907338859375 0.27721315 0.8916070171875001 0.2754050421875 0.8759153078124999 0.273448946875 0.8611619296875 0.26966432500000004 0.8448015890624999 0.2672571 0.8268739406250001 0.26589474375 0.80986455625 0.2597226125 0.7920470328125 0.2541094640625 0.77407973125 0.2504488265625 0.7678711781249999 0.24451032343749998 0.758378709375 0.239879703125 0.751531384375 0.23065251718750002 0.7662857234375 0.22450368437499998 0.7679332984375 0.20783840781250001 0.76610800625 0.1847612890625 0.7642034062499999 0.170850803125 0.759243496875 0.1563010671875 0.7496619265625 0.1453994203125 0.7358077062499999 0.132515884375 0.7167929078124999 0.1258704109375 0.70838855 0.1206825984375 0.7031883203125
0 0.226534215625 0.5645877234375 0.2271680890625 0.5647174359375 0.2281362796875 0.5638588906249999 0.22873181250000002 0.5631002015625 0.22932734687499998 0.5623415109375001 0.22955022343749998 0.561682671875 0.22876656875 0.5609939749999999 0.227834928125 0.5612436078124999 0.2269781765625 0.5617727328125001 0.2263826421875 0.5625314218749999 0.22615976718750003 0.5631902609375 0.22619810624999998 0.5640786640625 0.226534215625 0.5645877234375
3 0.271108696875 1 0.26860876718750004 0.9906701375000001 0.2644496984375 0.972912334375 0.2583943796875 0.9592573390625001 0.25339289531250003 0.9540071828125001 0.22283864062499997 0.9651897625 0.20569823125000003 0.9712803171875001 0.1941093296875 0.9749846718749999 0.17833735312500001 0.9720213421875 0.164162065625 0.9638372343749999 0.1538211984375 0.95133055 0.1471044171875 0.945641328125 0.13621531874999998 0.9422683125000001 0.12242344218750001 0.94296824375 0.11317833125000001 0.9427494328125 0.10360786875000001 0.9510054515625 0.1166107453125 1 0.271108696875 1