3 0.23436565625 0.234999978125 0.22869836875 0.237340975 0.2214568328125 0.239062796875 0.2152533140625 0.2453344703125 0.21052319375 0.24940079375000002 0.205972634375 0.2540375890625 0.19891557499999998 0.2676140640625 0.19302444375 0.2820775515625 0.190498265625 0.29158074375 0.1888502203125 0.3044998046875 0.18914538593750002 0.318897225 0.191194359375 0.3344842890625 0.19367133125 0.34924 0.1967042125 0.35950151875 0.20058325156249998 0.368382084375 0.2014343234375 0.37828531249999997 0.20574136250000002 0.386334525 0.215617296875 0.39486030781250003 0.228341634375 0.40179295625 0.23923345000000001 0.40979001249999997 0.24929387187500002 0.4073203296875 0.2600405671875 0.40233570625 0.2720023859375 0.39682931718750003 0.280855065625 0.388957553125 0.2868593453125 0.382678921875 0.2916460421875 0.3712799671875 0.2961916859375 0.355358990625 0.29837596093749996 0.338509253125 0.2993869265625 0.32669634687500004 0.2994287515625 0.30836129218749997 0.2971215015625 0.294457809375 0.291933875 0.2773506390625 0.270538884375 0.26165219687499996 0.2626233796875 0.2483991703125 0.25833602031249997 0.239786446875 0.25103299375 0.23755671562499997 0.24469665 0.23620704531249997 0.23879814531250002 0.2337442625 0.23436565625 0.234999978125
3 0.180691165625 0.3724831421875 0.1707094578125 0.3726987734375 0.162434821875 0.38115492500000003 0.15175207500000001 0.39573318749999997 0.144896715625 0.4149587078125 0.1397435 0.4539906875 0.1400337421875 0.4799540453125 0.1482837671875 0.5064774640625 0.15721515156250002 0.519201765625 0.16379500625 0.53071555 0.1745662953125 0.5364515953125 0.196467996875 0.5490646296875 0.21441932968750002 0.549127303125 0.2263417890625 0.544747940625 0.24084208125 0.53509869375 0.247921275 0.526600796875 0.2539009609375 0.509601496875 0.25638286718750003 0.4899411515625 0.25746025 0.47051385625000003 0.2564984890625 0.4580678625 0.25537684375 0.44448788125 0.251237071875 0.43164880625 0.2486125125 0.42111944687499997 0.2464774421875 0.41371028125000003 0.228341634375 0.40179295625 0.215617296875 0.39486030781250003 0.20574136250000002 0.386334525 0.2014343234375 0.37828531249999997 0.1974273765625 0.37306758281249996 0.18910846718750002 0.371366578125 0.180691165625 0.3724831421875
3 0.5044326546875 0.098867203125 0.5057633796875 0.11217238437499999 0.5074925859375 0.12549148125 0.5093718375 0.1402263171875 0.5127343234375 0.15247405 0.5173242296875 0.169560346875 0.521036003125 0.183230775 0.5256037734375 0.19523849531249998 0.5340973203125 0.20907590781250002 0.5411814296874999 0.21186219374999998 0.5505752546875 0.21134393125 0.5582226546875 0.20371217968750002 0.5629380203125 0.1886434296875 0.5700147578125 0.17450344375 0.5739331625 0.1594068640625 0.5780729421874999 0.14939581875000002 0.5797332843749999 0.14183709375 0.581410846875 0.1280727640625 0.5842740140625 0.11463193593750001 0.5865320765625001 0.10709408281249999 0.588541703125 0.1009580546875 0.5882981921875 0.09079394375 0.5841313609375 0.08444222812499999 0.5773055265625 0.0799723625 0.566745775 0.0796036078125 0.5446399078125 0.078549553125 0.5350468421875 0.07906085625 0.529687025 0.0783094875 0.52305305 0.079770425 0.5157328 0.0837463 0.507108878125 0.090779753125 0.5044326546875 0.098867203125
3 0.8984890406250001 1 0.9094933390625 0.9926007765625 0.9224980984375 0.9800783015625001 0.9328020406249999 0.9649226109375 0.9419203796875 0.949443415625 0.94915454375 0.9307953234375 0.9508493265625001 0.9108253890625001 0.9503081921875 0.8806217671875001 0.94627911875 0.8474753406250001 0.9409070125 0.8185135171875 0.9359579828125 0.8002862796875 0.9293166359375 0.78482094375 0.9148261921874999 0.7713383171875 0.8951505687499999 0.769240728125 0.8809749703125 0.7695920046875 0.8759545984375 0.770545090625 0.8674807203125001 0.778994284375 0.861107478125 0.78441373125 0.8545743531250001 0.7886991921875001 0.8505305046875 0.7902505796875 0.8419336421875 0.790796671875 0.82590584375 0.7927758703125 0.8200885078125 0.793701125 0.8160864765625 0.7997675765625 0.808301328125 0.8113439234375001 0.8029169093749999 0.8227220046875001 0.7964969296875 0.8351923250000001 0.79342468125 0.8489079515625001 0.793641134375 0.865559425 0.795950840625 0.8851049968750001 0.800471871875 0.9041635921875001 0.80939341875 0.9171696484374999 0.81870360625 0.9304713781249999 0.8189569578125001 0.9403537343749999 0.820688621875 0.959314921875 0.8239723953125001 0.9738167046875 0.8305030546875001 0.9867392718750001 0.8420540843750001 0.998708753125 0.8448108781249999 1 0.8984890406250001 1
3 0.04966695 0.748460896875 0.0350584265625 0.7612094671875 0.0260901328125 0.7781044015624999 0.020415453125 0.8092193640625001 0.01645768125 0.8482930890624999 0.0148391453125 0.883216996875 0.019106815625000002 0.9152433546875001 0.025802273437500002 0.9405840859374999 0.04114133125 0.9583278515625 0.057134690625 0.9687598609375 0.0709806828125 0.966422371875 0.08252925625 0.9727497609375 0.094835434375 0.9802320078125 0.114638965625 0.9786667609374999 0.12811108124999998 0.9641859046875 0.134959059375 0.9508842312500001 0.142840140625 0.9308482281250001 0.14416350312499998 0.9043770171875 0.144286496875 0.8894299999999999 0.15407143125 0.8719993828125 0.1588950296875 0.8538313109375 0.164230253125 0.8438620125 0.1693539421875 0.8285254234374999 0.1718063296875 0.8097103453125 0.170362459375 0.7882203062500001 0.15784474375 0.7753707671875001 0.1434256328125 0.7655579328125001 0.1352641484375 0.7593488234375 0.1203407828125 0.7582634859375 0.10766564062499999 0.7499220546875 0.0924987625 0.73867260625 0.0850850453125 0.733900109375 0.07161785625 0.736815028125 0.0625044421875 0.740728284375 0.04966695 0.748460896875
3 0.41899532968750003 0.1119633796875 0.42368362656249997 0.1262321109375 0.427525765625 0.14188179375 0.43388424375 0.1483100421875 0.43724673281250004 0.1605577734375 0.44122661875 0.1722628640625 0.44559514843750003 0.184263625 0.4498234734375 0.19456689062500002 0.45268663125 0.20397618281250002 0.4603487828125 0.207346853125 0.46891612812499994 0.20764603125 0.4762265375 0.2039519125 0.48346315781250004 0.190945909375 0.48945514062499995 0.1793069453125 0.4931767609375 0.1698455 0.4953044578125 0.1603283921875 0.498817 0.15114174375 0.5020122312499999 0.1453292203125 0.503960365625 0.135241640625 0.5053009390625001 0.12541494687500002 0.504449865625 0.11551171874999999 0.50302075 0.10502410312499999 0.5008955187499999 0.0973331828125 0.49592188750000005 0.09123539375 0.49269222343749997 0.0866090078125 0.4868921109375 0.081328659375 0.48038604375 0.0791267609375 0.4703354625 0.0813146890625 0.460144675 0.08180511875 0.45194629218750004 0.0823651265625 0.44104955312499994 0.0859340078125 0.43258551250000005 0.09410144375 0.42333435 0.1019592921875 0.41899532968750003 0.1119633796875
3 0.7288659578125001 0.49261771249999997 0.728870871875 0.5039018937499999 0.73051890625 0.5138329515625 0.7371602546875 0.5292982875 0.7449257125 0.541135571875 0.7525804828125 0.550430090625 0.763054140625 0.5589767453125 0.7720027453125 0.5654954421875 0.7825231406250001 0.5669912234375001 0.7954418046875 0.5626466484375 0.8042969421875 0.560416975 0.81636945 0.557453353125 0.8269857765624999 0.550489478125 0.8335164453124999 0.540561925 0.839001715625 0.5320083671875 0.84424593125 0.5189327890625 0.847062359375 0.512542834375 0.8506240953124999 0.5019474046875 0.8548130734375 0.49052757812500003 0.8578066062499999 0.4790660046875 0.8594349734375 0.46671045624999996 0.8592800140625 0.45401053593749996 0.856365203125 0.44036793750000003 0.8525845562500001 0.42866980468750004 0.8447600625 0.4185230578125 0.8380719765625001 0.41010859843749997 0.8273006875 0.40437255156249996 0.8176067734375 0.4020593296875 0.8093567374999999 0.39838602968750003 0.801037828125 0.39668502656250004 0.7965586015625 0.404991615625 0.7874943828125 0.40749608750000005 0.7718970374999999 0.4142860234375 0.7577337359375 0.41999763437500004 0.7520270890625 0.42346565781249995 0.745129915625 0.43817611718749994 0.7409015812499999 0.45072296874999995 0.736382996875 0.46015658593750003 0.7322235390625 0.47073114374999997 0.7296776828125 0.4807978484375 0.7288659578125001 0.49261771249999997
3 0.3529704359375 0.11755654687499999 0.34541159062500004 0.1226524890625 0.3394073125 0.128931121875 0.332318278125 0.137710775 0.3293911625 0.1415579609375 0.330490671875 0.1500593640625 0.3345591125 0.15922864375 0.344865503125 0.1725651625 0.3503581453125 0.1809378765625 0.35788500624999997 0.19389523125000002 0.365967775 0.20235839531250002 0.373263421875 0.21051197031250002 0.3828909203125 0.220439578125 0.389697075 0.2254729578125 0.3966114609375 0.22740701562500001 0.4059733125 0.222091934375 0.4125531765625 0.21075559843749997 0.416720015625 0.19425719375 0.420380146875 0.180844196875 0.424495334375 0.160112484375 0.42720107343749997 0.1511797640625 0.427525765625 0.14188179375 0.42368362656249997 0.1262321109375 0.414968703125 0.10730916406249999 0.4087479734375 0.0969363203125 0.40210170156249997 0.093036925 0.39050639062500003 0.09376040937499999 0.37650297187500004 0.1006060046875 0.3622707953125 0.10828991406249999 0.3529704359375 0.11755654687499999
3 0.2901899609375 0.1387785234375 0.28293120312500003 0.1467059484375 0.2757241 0.15886668125 0.2679709296875 0.1752398484375 0.2664015984375 0.18590485625 0.2609261578125 0.21702677656249997 0.260016040625 0.23166420625 0.2626233796875 0.2483991703125 0.270538884375 0.26165219687499996 0.291933875 0.2773506390625 0.30047170156249997 0.27849508749999996 0.3095974125 0.27994216562499996 0.32195032968750004 0.2803735390625 0.33174263593750003 0.2798691921875 0.338585690625 0.27813345625 0.346572534375 0.27220615625 0.350672959375 0.26332214062500003 0.35544981875000004 0.2522049421875 0.35719625625 0.2364683140625 0.3576882140625 0.2223804828125 0.35819001093749997 0.20801089374999998 0.35872378125000004 0.19843812656249998 0.35788500624999997 0.19389523125000002 0.3503581453125 0.1809378765625 0.344865503125 0.1725651625 0.3345591125 0.15922864375 0.330490671875 0.1500593640625 0.3293911625 0.1415579609375 0.3221151953125 0.132840871875 0.31490071875000003 0.1280753328125 0.30668265781250004 0.12919885312499998 0.296393478125 0.13250685 0.2901899609375 0.1387785234375
3 0.7467385265625001 0.609185034375 0.7399594234375 0.6205144109375 0.7389681359375 0.6317638046875 0.736124646875 0.64464111875 0.7356523671875 0.6581654375 0.7354088453125 0.6708514453125 0.7380038890625 0.6822260765625 0.7397995109375 0.687930784375 0.74495270625 0.69459904375 0.7479339328125 0.7006272546875 0.7524008546875 0.7098104515625 0.7563118671875 0.7234878390625 0.7600925140625 0.735185971875 0.763644403125 0.747722415625 0.768022771875 0.759441421875 0.7708957703125 0.7685689578125 0.777175534375 0.7772512593750001 0.781192321875 0.7821872328125 0.7870022734375001 0.787185825 0.791665978125 0.7907338875 0.798162203125 0.7932175421875 0.8063113890625001 0.7940663171875 0.8200885078125 0.793701125 0.82590584375 0.7927758703125 0.8419336421875 0.790796671875 0.8505305046875 0.7902505796875 0.8545743531250001 0.7886991921875001 0.861107478125 0.78441373125 0.8674807203125001 0.778994284375 0.8759545984375 0.770545090625 0.8805838703125 0.76365424375 0.88537056875 0.7522552890624999 0.8889913406250001 0.7399693171874999 0.8942158765625001 0.727457253125 0.8985032468749999 0.7132198578125 0.9027906140624999 0.6989824640625 0.9063105374999999 0.6838719703125 0.9070312546875 0.668945825 0.90603751875 0.651703009375 0.9039393484374999 0.6375247265625 0.9029456124999999 0.6202819109375 0.8993346890625 0.6094360046875 0.8948849875 0.5940472046874999 0.8921103828125 0.582102103125 0.8862266406250001 0.567791628125 0.87797415 0.5584762359375001 0.8658770499999999 0.550719190625 0.8504543546875001 0.546795415625 0.8383695515625 0.5443987031249999 0.8315855328125 0.5444439 0.8269857765624999 0.550489478125 0.81636945 0.557453353125 0.8042969421875 0.560416975 0.7954418046875 0.5626466484375 0.7825231406250001 0.5669912234375001 0.77688536875 0.5684869484374999 0.7685885953125 0.5718645234374999 0.764566884375 0.5784944875 0.758941409375 0.5853505484375 0.756065946875 0.5934310421875 0.7508192734375 0.6008645296874999 0.7467385265625001 0.609185034375
3 0.68218230625 0.144286290625 0.6764879578125 0.1531146484375 0.67378221875 0.16204736875 0.6690250359375 0.17260105312500001 0.6625140468749999 0.1819650921875 0.6557349421875001 0.1932944703125 0.6559464703125 0.22151188125000001 0.658785025 0.2430506234375 0.6592991078125 0.2568914875 0.6648040468749999 0.2706245359375 0.6736149046875 0.2810878265625 0.6863589218749999 0.28745696249999997 0.6959224703125 0.287790928125 0.7064108890624999 0.2844898890625 0.7140607453125 0.28250022656249996 0.7229552406249999 0.279143525 0.7301844796875 0.2720613703125 0.738687875 0.26276690625 0.7450020828125 0.2590380015625 0.751294153125 0.250230515625 0.7527823140625001 0.2361774734375 0.7543122890625 0.22663949218749999 0.751936165625 0.21470830625 0.75215016875 0.20286757031249997 0.7498355375 0.19488793437500002 0.7458458125 0.1834646 0.744893890625 0.1707368484375 0.741433009375 0.1613066828125 0.7327500625 0.14718055624999998 0.725235496875 0.1395835359375 0.7134483265625 0.134376215625 0.70328705625 0.1340213765625 0.6948697562499999 0.1351379375 0.6883169515625001 0.1399869125 0.68218230625 0.144286290625
3 0.738687875 0.26276690625 0.7301844796875 0.2720613703125 0.7229552406249999 0.279143525 0.7136450437499999 0.2886919140625 0.7104645656249999 0.305506865625 0.7084155828124999 0.31276991875000004 0.7079752781249999 0.33109105781250003 0.7081892734374999 0.342100440625 0.7080957953125 0.3562021875 0.7097856453125 0.3706483109375 0.7123314921875 0.3834317234375 0.7175658578124999 0.3934880203125 0.7242342640625 0.4024659953125 0.7359624015625 0.40936385625 0.7480693375 0.41683914531250005 0.7577337359375 0.41999763437500004 0.7718970374999999 0.4142860234375 0.7874943828125 0.40749608750000005 0.7965586015625 0.404991615625 0.801037828125 0.39668502656250004 0.8082818312500001 0.3777551765625 0.8130562343750001 0.3609958890625 0.815274940625 0.3545850609375 0.8193630671875001 0.340340709375 0.8202731859375 0.3257032796875 0.8194590109375 0.3090309328125 0.817719965625 0.2959935953125 0.8144878437499999 0.28572511718750004 0.8092731578125001 0.2751053078125 0.8037608374999999 0.2672961078125 0.7989470875 0.262332303125 0.788812878125 0.255490103125 0.7808309578125 0.24985146406249997 0.764522746875 0.24843566718750001 0.7555274015625 0.2489678453125 0.751294153125 0.250230515625 0.7450020828125 0.2590380015625 0.738687875 0.26276690625
3 0.1001093484375 0.5321589 0.09427725 0.54493185 0.08650440000000001 0.5618685296875 0.0797203703125 0.5847638468749999 0.0738931875 0.6088209765625 0.071157921875 0.6414490859375 0.0720139078125 0.662636496875 0.077410615625 0.6794688671875 0.08024917031249999 0.7010076109375001 0.08514900625 0.72064363125 0.0924987625 0.73867260625 0.10766564062499999 0.7499220546875 0.1203407828125 0.7582634859375 0.1352641484375 0.7593488234375 0.14258439843749998 0.7553729484375 0.15030804375 0.76269516875 0.16057261875 0.7715166234375 0.1784009671875 0.7636761953125 0.1870937640625 0.7546704484375 0.19556518437499998 0.7405791640625 0.20207617500000002 0.7312151234375001 0.20770903281250003 0.71843521875 0.21327055625 0.7019855171875 0.21918136875 0.6869585125000001 0.22617693437500003 0.6694304890625 0.22995759062499999 0.658278503125 0.233366825 0.640625240625 0.23413427968749997 0.618648221875 0.23328813125 0.59717905625 0.22751262187500002 0.57976925625 0.2237418140625 0.5677893671875001 0.21114538437500002 0.55719388125 0.196467996875 0.5490646296875 0.1745662953125 0.5364515953125 0.16379500625 0.53071555 0.15157738125 0.5206974921875 0.1452090625 0.514551 0.12439210625 0.5222870625 0.11594528906249998 0.524248896875 0.1001093484375 0.5321589
3 0.600574853125 0.0991214609375 0.595136321875 0.10062414374999999 0.588541703125 0.1009580546875 0.5865320765625001 0.10709408281249999 0.5842740140625 0.11463193593750001 0.581410846875 0.1280727640625 0.583681196875 0.14874536249999998 0.58636725 0.163226275 0.5880989140625 0.1821874609375 0.594044146875 0.2004494890625 0.5971385203125 0.21466255781250002 0.604972853125 0.224527546875 0.610524528125 0.231209721875 0.6214729218749999 0.23187414843749998 0.631223415625 0.22685473906250003 0.6404204671875 0.209121490625 0.65008733125 0.195071953125 0.6557349421875001 0.1932944703125 0.6625140468749999 0.1819650921875 0.6690250359375 0.17260105312500001 0.67378221875 0.16204736875 0.6764879578125 0.1531146484375 0.6731869625 0.1448184671875 0.6665579125 0.1347134671875 0.6587039015625 0.125411990625 0.647662040625 0.11599919375000001 0.6416208734375 0.1061968234375 0.631176734375 0.0968048984375 0.621682059375 0.094498634375 0.61208899375 0.0950099390625 0.6084042703125 0.09770226875 0.600574853125 0.0991214609375