3 0.2700211296875 0.1252313015625 0.26002390625 0.14875505625000002 0.2552343625 0.1680871109375 0.2535497640625 0.20947509687500002 0.25459736093749996 0.235126978125 0.2592683921875 0.250348953125 0.25674147187499996 0.257098846875 0.260044640625 0.283528978125 0.26478174375 0.30020902031249996 0.277659471875 0.312373046875 0.291495509375 0.31358354374999997 0.298287434375 0.3156300453125 0.312344384375 0.309888896875 0.3261718421875 0.295704415625 0.33335515781249997 0.2844241328125 0.350925084375 0.271728903125 0.3524467859375 0.2698288328125 0.3401324484375 0.26671826875 0.32679120156249997 0.2620655765625 0.3217131453125 0.25813581874999997 0.319763728125 0.24721835312499998 0.3224202703125 0.2323469984375 0.3275341296875 0.215947890625 0.33937736875 0.1934570125 0.3491980625 0.1719510125 0.3485842328125 0.16347405312500002 0.3390237859375 0.1510193359375 0.326716503125 0.1345483609375 0.315209165625 0.1222137703125 0.30147753125 0.11317006562500001 0.2861702296875 0.11328313593749999 0.2700211296875 0.1252313015625
3 0 0.82291151875 0.00323889375 0.83732833125 0.0092611484375 0.8570253796875 0.015646046875 0.8703641 0.0257986328125 0.8849038218749999 0.0353025890625 0.8935776531249999 0.0449265859375 0.8964528421875 0.0563713796875 0.9006491609375 0.069860409375 0.91025255625 0.0811165625 0.9077518546875 0.0916832328125 0.897638946875 0.1038941671875 0.8908649234375 0.1205310015625 0.8888349734375 0.1296672625 0.88179195 0.1370679640625 0.8702402265625 0.1459182390625 0.8509729859374999 0.15099124375 0.832827559375 0.15668513281250002 0.8097986828125 0.1572601109375 0.7810937296875 0.159756759375 0.752556903125 0.159843 0.7316515359375 0.155777215625 0.709511540625 0.1484748625 0.7088726671875001 0.13131801875 0.714633065625 0.12044619999999999 0.717167390625 0.10779443749999999 0.7201269046875 0.09823651562499999 0.7187097812500001 0.0895072828125 0.7144605859375 0.081055453125 0.7070406328125001 0.0733637140625 0.68429295 0.0695334796875 0.674953678125 0.06786399531250001 0.6719030453125 0.058340875 0.6678748531250001 0.041004971875000004 0.6646154156249999 0.031245299999999997 0.665504296875 0.01939348125 0.6726001968750001 0.012002362499999999 0.6818291000000001 0.007118996875 0.6889537453125001 0.002937228125 0.7124053734375 0.00044763437500000005 0.7275817890625 0 0.729865821875 0 0.82291151875
3 0.114207471875 0.4586956421875 0.1024696375 0.45563551406249997 0.08988395 0.46005309375000003 0.08332757187499999 0.470807315625 0.0733747328125 0.48939718125000004 0.0667235359375 0.5056617906249999 0.0577880234375 0.5281166046875 0.053287990625000003 0.5529926734374999 0.052567757812500004 0.5877845171875 0.056882196875 0.6137222078125 0.06252617187500001 0.63774301875 0.06743980625 0.65240530625 0.06911181875 0.6664935296875 0.0695334796875 0.674953678125 0.0733637140625 0.68429295 0.081055453125 0.7070406328125001 0.0895072828125 0.7144605859375 0.09823651562499999 0.7187097812500001 0.10779443749999999 0.7201269046875 0.12044619999999999 0.717167390625 0.13131801875 0.714633065625 0.1484748625 0.7088726671875001 0.155777215625 0.709511540625 0.1586788875 0.7051180890625 0.169121990625 0.707484028125 0.182618078125 0.7037270125 0.1927943578125 0.68922309375 0.200169840625 0.677959621875 0.2050158765625 0.6624084531250001 0.212467015625 0.6502802296875 0.2164591453125 0.6378493828125 0.2211573984375 0.6173475125000001 0.22662431875000003 0.5969128921875 0.2282922796875 0.5712081359375001 0.22879412656250003 0.554405528125 0.22719171718750003 0.535095165625 0.22114424375000002 0.5156863671874999 0.2169513671875 0.5127054234374999 0.2031622375 0.51759863125 0.1925330234375 0.519573265625 0.16745041562500002 0.51854065 0.1493554265625 0.5128911453125 0.137277640625 0.504863503125 0.1288580859375 0.4837948890625 0.123928815625 0.467098034375 0.114207471875 0.4586956421875
0 0 0.77951084375 0.0018715093750000002 0.7843455031250001 0.0045522687499999995 0.786903696875 0.006067915625 0.780646240625 0.0040836984375 0.77233984375 0.0015890515625 0.7654410781250001 0 0.76952516875 0 0.77951084375
3 0.5256993109375 0.12436367343750002 0.52136723125 0.1318270078125 0.51854726875 0.1397130921875 0.515393409375 0.1469890515625 0.511086546875 0.1541641359375 0.508468334375 0.1597442140625 0.506795321875 0.1633737875 0.5071352734375 0.1683413 0.5076482265625 0.1779712625 0.507675971875 0.188720603125 0.5062516171875 0.196147875 0.5025368921875 0.2054079640625 0.500929953125 0.2104956015625 0.500592528125 0.21656568125 0.501190721875 0.2230080734375 0.5029262812499999 0.22751677187500002 0.505263559375 0.2317876578125 0.50926426875 0.23475178749999998 0.5145188562499999 0.23666379062499998 0.5172813265625 0.24271461875 0.52153069375 0.249476446875 0.5284547671875 0.25443908125000003 0.5360309984375 0.2585874015625 0.54511329375 0.2588010859375 0.5527182703125 0.2559809484375 0.5593972125 0.25046568125 0.5655500906250001 0.2443234734375 0.5702004328125 0.235435696875 0.5710291203125 0.232603628125 0.5746454953125 0.23553413281250002 0.5803096375 0.23719150937500003 0.5850729625 0.2358655046875 0.5890267625 0.23272593125 0.5919440703125 0.2303670484375 0.5936170828125 0.2267374765625 0.5952336046875 0.2193270171875 0.59565626875 0.21006936875 0.5945163765625 0.20096546875 0.5922138968749999 0.1940835140625 0.5893444999999999 0.184828303125 0.5890297671875 0.179572540625 0.5877289796875 0.174520965625 0.5844248109375 0.16580862968750001 0.5837761796875001 0.159942740625 0.5817163062499999 0.152501096875 0.5800564046875001 0.1471276453125 0.5778704375 0.14112725625 0.575643615625 0.1333805484375 0.5750202046874999 0.12722640624999998 0.5727333625 0.1223790203125 0.5633206984375 0.1148750046875 0.560472990625 0.11201174843749999 0.5501055453125 0.1087810578125 0.5410893234375 0.110025440625 0.535021684375 0.1129800765625 0.5299809546875001 0.117476840625 0.5256993109375 0.12436367343750002
3 0.21224340000000003 0.20353760156249998 0.19775773125 0.2141790125 0.1848371453125 0.2357042625 0.1777320109375 0.2571573859375 0.1694294921875 0.283443521875 0.1667850578125 0.30702965 0.167851821875 0.3280358921875 0.168663871875 0.3408870515625 0.170675834375 0.3599427890625 0.1763329203125 0.374960575 0.18482560312500002 0.384126846875 0.1944208515625 0.3939704921875 0.20770813281249997 0.4058798921875 0.22452402500000002 0.412869778125 0.23975567031249997 0.413621459375 0.24715284375 0.40874994375 0.255460415625 0.404538990625 0.265056665625 0.3966648390625 0.2721643265625 0.3862493078125 0.280318059375 0.37273026875 0.2853562640625 0.3571959125 0.29318215625 0.3474241328125 0.29357102031250004 0.3230597546875 0.291495509375 0.31358354374999997 0.277659471875 0.312373046875 0.26478174375 0.30020902031249996 0.260044640625 0.283528978125 0.25674147187499996 0.257098846875 0.252171315625 0.24072386875000001 0.2485993234375 0.232859475 0.233906853125 0.22373170781249999 0.2216152078125 0.2092952984375 0.21224340000000003 0.20353760156249998
3 0.7985878671875 0.2853340921875 0.7912315484375 0.2919519265625 0.7843352203125 0.2977386328125 0.778050196875 0.3009647078125 0.7726503499999999 0.30513959687500003 0.7726432937500001 0.3185000078125 0.7716249640624999 0.3323528578125 0.7672989375 0.344173578125 0.7603834468749999 0.354605921875 0.7539123078125 0.3621725703125 0.7450030140624999 0.3666213359375 0.7338068796874999 0.3662227171875 0.7257298046875 0.36115920625000003 0.7220125546875 0.359381703125 0.7168674203125 0.37171167656250004 0.708785815625 0.3910461703125 0.709582228125 0.40186276093749995 0.711238603125 0.413916415625 0.714321859375 0.42958039374999996 0.7176729374999999 0.44439643125000006 0.7260768546875 0.463430478125 0.7337912875 0.47485231875 0.7444891015625 0.485373340625 0.760029425 0.4870234 0.7831843093749999 0.4835305046875 0.8031671703125 0.4742414078125 0.819451946875 0.45852917031249996 0.8322464390625001 0.43844517187500004 0.83726900625 0.4208762484375 0.8398282 0.40047769375 0.8413821765625 0.3849289640625 0.8412258109374999 0.364583284375 0.8391886296875001 0.3458157984375 0.8369148984375 0.33196538593749997 0.8271885031249999 0.301487809375 0.8226713125 0.295573921875 0.8186897671875 0.287964153125 0.8174898546874999 0.28175957500000004 0.8094284140625 0.278730634375 0.8058685296875 0.2795810109375 0.7985878671875 0.2853340921875
3 0.8246107546875001 0.5943335296875001 0.8156762437499999 0.5990705468749999 0.8094572921875001 0.6037546875 0.799521090625 0.6066613234375 0.7916735078125 0.61004115 0.78209036875 0.6089122765625 0.7708942328124999 0.60851365625 0.7605928609375 0.6067410328125 0.7526670984375 0.5999480171875 0.74818470625 0.5914230578125 0.7453970187500001 0.5856604828124999 0.744183996875 0.588458928125 0.741115375 0.592547315625 0.737117190625 0.6006207765625 0.73402940625 0.6093548015625 0.731584196875 0.6195973296874999 0.728568540625 0.6341468078125 0.7273928453125 0.645371775 0.7261823484375001 0.6592078140625001 0.7266352828125 0.671737096875 0.7280334171875 0.682315875 0.7281872546875 0.6916239609375 0.7283723656250001 0.705001184375 0.730605240625 0.717105278125 0.7326555328125 0.726869740625 0.7348631921875 0.739262084375 0.73922554375 0.7535856828124999 0.743748790625 0.763856959375 0.7476546796875 0.7723314796875 0.7526222796875001 0.779737059375 0.761761065625 0.7837316265625 0.77382674375 0.7830444937500001 0.7786057046875 0.7837530562499999 0.788614034375 0.7866618734374999 0.7947946578125 0.7912690062500001 0.805016846875 0.8005865890624999 0.8156833890625 0.807038475 0.8254082578125 0.8087606640624999 0.832896725 0.8050589625000001 0.8423573 0.8009488843750001 0.8520796453124999 0.791633478125 0.860056846875 0.7801321953125 0.8652428359375 0.7695485375 0.868148034375 0.7584748828125 0.870401078125 0.7482155421875001 0.8760183093749999 0.7437692140625 0.882048621875 0.73238805625 0.8874363593749999 0.71949839375 0.8940875578125 0.7032337859375 0.89806405 0.6887683703125 0.9039753234375001 0.6654680546875 0.9038189609374999 0.6451223765625 0.902185278125 0.6217428765624999 0.8979777656250001 0.59900956875 0.894378028125 0.5803958328125 0.88583238125 0.560768471875 0.8787796890624999 0.5462094984375 0.8669001234374999 0.5425560593750001 0.8560595765624999 0.5491595171875 0.8507954078125 0.549570334375 0.8445633453125 0.5632574984375001 0.8398434015625 0.5773674140625 0.8316079578125001 0.5873938203125 0.8246107546875001 0.5943335296875001
3 0.6075519484374999 0.15156639375 0.6006172921874999 0.166644375 0.5933487375000001 0.181112228125 0.5897444703125 0.18689649531250002 0.5922138968749999 0.1940835140625 0.5945163765625 0.20096546875 0.59565626875 0.21006936875 0.5952336046875 0.2193270171875 0.5936170828125 0.2267374765625 0.5919440703125 0.2303670484375 0.5890267625 0.23272593125 0.5850729625 0.2358655046875 0.5833843125 0.23746050937500002 0.5843164015625 0.2445130265625 0.5854154390625 0.251870609375 0.5877683546875 0.25817606249999997 0.5920525249999999 0.2623268203125 0.596002796875 0.265867453125 0.5984818062499999 0.270731653125 0.6061241109375 0.2763380390625 0.614661178125 0.280570421875 0.625381684375 0.27976560156249997 0.63294580625 0.275199146875 0.6390482468750001 0.2696334421875 0.6467697359375 0.26769487187499996 0.6559529046875 0.2667555515625 0.66299701875 0.265919546875 0.670248934375 0.2671349203125 0.674810509375 0.2681149203125 0.6800842609375 0.2653812859375 0.6832189546875 0.262750965625 0.685225865625 0.2597315171875 0.6882884328125 0.25128574531250003 0.688301540625 0.24228272031250003 0.6868686078125 0.23431501250000003 0.6844496171875 0.22655149218749998 0.680528090625 0.21604240468749997 0.6767891500000001 0.20787294687500002 0.6720233 0.1981613609375 0.6698721328125 0.1895499015625 0.6676200921875 0.18209144531250002 0.6654689265625 0.1734799859375 0.66355078125 0.16663165625 0.6613996156249999 0.158020196875 0.657392853125 0.1506986796875 0.6503149406250001 0.1364279578125 0.6433343765624999 0.1276844375 0.636410303125 0.122721803125 0.6272367156249999 0.121338303125 0.6183526421875001 0.12549881875 0.6125805703125 0.13835485625 0.6075519484374999 0.15156639375
3 0.431385075 0.1355728734375 0.425779953125 0.14873397500000002 0.42134346875000006 0.1640305171875 0.41769481875 0.1747486734375 0.4175243421875 0.181123815625 0.41607476875 0.1888393359375 0.4137173234375 0.2069318859375 0.41589976406250007 0.21961248125 0.42014913125 0.226374309375 0.4242254984375 0.2284736890625 0.42811927968749997 0.2282334359375 0.435425159375 0.22219210312499998 0.44555352968750006 0.21930227812499997 0.44963947656250003 0.21907883906249997 0.458104415625 0.21749576718750002 0.4645059515625 0.21515125781250002 0.47163530312499996 0.21112768124999998 0.47701598437500004 0.21159842968749998 0.48522873593750004 0.2128978671875 0.4959144421875 0.21470411562499997 0.4997265140625 0.2109712296875 0.5025368921875 0.2054079640625 0.5062516171875 0.196147875 0.507675971875 0.188720603125 0.5076482265625 0.1779712625 0.5071352734375 0.1683413 0.506855340625 0.1604744671875 0.505907615625 0.1513873796875 0.5050920375 0.145216428125 0.502572171875 0.138605909375 0.49908541875 0.1275539453125 0.4977942125 0.1201795515625 0.49602738124999995 0.1116017171875 0.4943770609375 0.103905446875 0.49158937343750003 0.09814287031249999 0.486753921875 0.09365342343750001 0.47871769999999997 0.09033623125 0.47049536718749996 0.09135961249999999 0.46041743437499993 0.09367293593750001 0.45140726718749996 0.09927470625 0.44654306874999994 0.1017537140625 0.441776215625 0.10975992500000001 0.43636325937500003 0.1229378390625 0.431385075 0.1355728734375
0 0.770439775 0.567228984375 0.770206753125 0.5654658546875 0.7689624562499999 0.5641951640625 0.7670312015625 0.5663498578125 0.7663033890625 0.5680289265625 0.767547684375 0.5692996156250001 0.769277190625 0.569450928125 0.770439775 0.567228984375
3 0.363451709375 0.14182867500000002 0.355045790625 0.158230221875 0.3491980625 0.1719510125 0.33937736875 0.1934570125 0.3275341296875 0.215947890625 0.3224202703125 0.2323469984375 0.319763728125 0.24721835312499998 0.3217131453125 0.25813581874999997 0.32679120156249997 0.2620655765625 0.3401324484375 0.26671826875 0.3524467859375 0.2698288328125 0.35895525156249997 0.270688709375 0.36633931406250003 0.27482021562500003 0.3768772359375 0.2716757640625 0.38426482812499996 0.269127065625 0.39637488906249996 0.2635060453125 0.40184686249999996 0.26514661093749997 0.41208216093749994 0.2654611671875 0.418836759375 0.2590811484375 0.4244166640625 0.24620829687499998 0.42811927968749997 0.2282334359375 0.4242254984375 0.2284736890625 0.42014913125 0.226374309375 0.41589976406250007 0.21961248125 0.4137173234375 0.2069318859375 0.41607476875 0.1888393359375 0.4175243421875 0.181123815625 0.41769481875 0.1747486734375 0.41014128124999993 0.1592745109375 0.4076945453125 0.14076165000000002 0.40115580937499995 0.11811484375 0.3865163015625 0.1194481671875 0.3743305859375 0.12593394062500002 0.363451709375 0.14182867500000002
3 0.760297903125 0.86464115625 0.7610968437500001 0.8864953390625001 0.7621383890625 0.9077898328125 0.764625978125 0.9280490109375 0.767633578125 0.9445777421875 0.77350199375 0.954966703125 0.7832641921875 0.9651154140625 0.7958367703125 0.96970085625 0.8036651859375 0.97096666875 0.8082771984375 0.9713701671875 0.811055303125 0.9794555624999999 0.8180106500000001 0.988487334375 0.8247990484375001 0.9972140406250001 0.83303701875 0.9982252265625 0.845966184375 0.9920949531250001 0.857064971875 0.9869663734375 0.8689228453125001 0.984227859375 0.8756330609375 0.9827817281250001 0.8827719937499999 0.97643533125 0.8894100796875 0.9691737453125 0.8961621531249999 0.951756134375 0.9027472765625 0.9340334578125 0.906742934375 0.91492240625 0.9094342765625001 0.8974399843749999 0.91167168125 0.885146075 0.912876125 0.86695265 0.9137779421875001 0.852218234375 0.9149571671875 0.8343130625 0.9164450687500001 0.817306265625 0.9176051281250001 0.80404673125 0.9169948265625001 0.788889565625 0.9152975968750001 0.775089590625 0.9081248640625 0.766329259375 0.8994364859375 0.76382638125 0.885074384375 0.7619889468750001 0.8765529531249999 0.7597911328125 0.868148034375 0.7584748828125 0.8652428359375 0.7695485375 0.860056846875 0.7801321953125 0.8520796453124999 0.791633478125 0.8423573 0.8009488843750001 0.832896725 0.8050589625000001 0.8254082578125 0.8087606640624999 0.8156833890625 0.807038475 0.805016846875 0.8005865890624999 0.7947946578125 0.7912690062500001 0.788614034375 0.7866618734374999 0.7786057046875 0.7837530562499999 0.77382674375 0.7830444937500001 0.7734484625 0.78736825625 0.7711197656250001 0.79849235 0.76463904375 0.8083818171875 0.7627859734375 0.8207093515624999 0.7615502578125 0.8348336390625001 0.7604154171874999 0.8478049234375 0.760297903125 0.86464115625
3 0.15354268437500002 0.336659546875 0.14115521875 0.3454513265625 0.1315206375 0.362616753125 0.12678153125 0.3813723046875 0.12195112968749999 0.3989580421875 0.12192138125 0.42364429374999996 0.122603809375 0.4446169125 0.123928815625 0.467098034375 0.1288580859375 0.4837948890625 0.137277640625 0.504863503125 0.1493554265625 0.5128911453125 0.16745041562500002 0.51854065 0.1925330234375 0.519573265625 0.2031622375 0.51759863125 0.2169513671875 0.5127054234374999 0.2277006203125 0.504932146875 0.2403150546875 0.493546109375 0.2481348921875 0.47941694375 0.2548965453125 0.4596765125 0.2591000078125 0.44261684062500006 0.26014708125 0.421795534375 0.255460415625 0.404538990625 0.24715284375 0.40874994375 0.23975567031249997 0.413621459375 0.22452402500000002 0.412869778125 0.20770813281249997 0.4058798921875 0.1944208515625 0.3939704921875 0.18482560312500002 0.384126846875 0.1763329203125 0.374960575 0.170675834375 0.3599427890625 0.168663871875 0.3408870515625 0.1636771078125 0.338127109375 0.15354268437500002 0.336659546875
3 0.6955468796875001 0.192667521875 0.6922069093750001 0.2042840546875 0.6873644 0.21315501874999998 0.6840183734374999 0.2204141640625 0.6828053515625 0.22321260937499998 0.6844496171875 0.22655149218749998 0.6868686078125 0.23431501250000003 0.688301540625 0.24228272031250003 0.6882884328125 0.25128574531250003 0.685225865625 0.2597315171875 0.6832189546875 0.262750965625 0.6800842609375 0.2653812859375 0.674810509375 0.2681149203125 0.670248934375 0.2671349203125 0.66299701875 0.265919546875 0.6587875015625 0.27862183125 0.6570005046875 0.29240743281250003 0.6591385609375 0.31002191562500003 0.6630757218750001 0.322565571875 0.6703553828125 0.33453028749999997 0.67777071875 0.34273093125 0.691111965625 0.3473836234375 0.7039115109375 0.3493748109375 0.7136520171875 0.353131565625 0.7185883453125 0.356468009375 0.7257298046875 0.36115920625000003 0.7338068796874999 0.3662227171875 0.7450030140624999 0.3666213359375 0.7539123078125 0.3621725703125 0.7603834468749999 0.354605921875 0.7672989375 0.344173578125 0.7716249640624999 0.3323528578125 0.7726432937500001 0.3185000078125 0.7728016625 0.303410090625 0.7711140140625 0.28728729999999997 0.76726561875 0.2648758671875 0.764034578125 0.24426118749999998 0.7616791359375 0.22691814375 0.758397659375 0.20687996718749999 0.7565551703125 0.19916688437500002 0.7541770375 0.19314968125 0.7519406328125 0.18772579375 0.749036434375 0.181081653125 0.7414445671875 0.1748987640625 0.73315010625 0.17010669375 0.725948628125 0.16831481718750002 0.716447196875 0.170678578125 0.708432665625 0.173753340625 0.700843325 0.17860804531250002 0.6955468796875001 0.192667521875
3 0.725546784375 0.5336747296875 0.7266866765625 0.542778628125 0.728453509375 0.5513564625 0.7313733453125 0.5600351703124999 0.7357800796875 0.56942488125 0.7396955515625 0.575576584375 0.744395328125 0.583830103125 0.74818470625 0.5914230578125 0.7526670984375 0.5999480171875 0.7605928609375 0.6067410328125 0.7708942328124999 0.60851365625 0.78209036875 0.6089122765625 0.7916735078125 0.61004115 0.799521090625 0.6066613234375 0.8094572921875001 0.6037546875 0.8156762437499999 0.5990705468749999 0.8246107546875001 0.5943335296875001 0.8316079578125001 0.5873938203125 0.8398434015625 0.5773674140625 0.8445633453125 0.5632574984375001 0.8507954078125 0.549570334375 0.8545857874999999 0.5394454921875 0.8579509765625 0.5275407109375 0.8612248765625001 0.5144661109374999 0.863745740625 0.5033588296875 0.865208425 0.48664028437500007 0.8664345578124999 0.47483881562499997 0.8659876765625001 0.46666691875 0.8656764734375001 0.45473094999999997 0.86382793125 0.44266048125 0.861509815625 0.433743959375 0.8598342765625 0.4263359390625 0.8552257937500001 0.41925223593750005 0.8492277546875 0.4169847328125 0.8430436046875001 0.419057803125 0.83726900625 0.4208762484375 0.8322464390625001 0.43844517187500004 0.819451946875 0.45852917031249996 0.8031671703125 0.4742414078125 0.7831843093749999 0.4835305046875 0.760029425 0.4870234 0.7444891015625 0.485373340625 0.7337912875 0.47485231875 0.730483590625 0.4728201890625 0.7276984296875 0.4780952046875 0.72526885625 0.49037230000000004 0.7244679125 0.5039537125 0.7240861046875 0.5149576796875001 0.7243660375000001 0.5228245125 0.725546784375 0.5336747296875
0 0.12413461562500001 0.5045850093750001 0.1252624 0.504974134375 0.1265162765625 0.50392200625 0.12675888125 0.5033623171875 0.1255650234375 0.5015151265625 0.12413461562500001 0.5045850093750001
0 0.19164631875 0.48986906250000006 0.1917724125 0.4884278078125 0.1911298375 0.4869193046875 0.1899516140625 0.4871066796875 0.18968379062500001 0.4879546203125 0.1903263671875 0.489463125 0.1906854828125 0.489785 0.19164631875 0.48986906250000006
0 0.7257474875 0.43842235 0.726475303125 0.43674328281249997 0.7257822890625001 0.4358112796875 0.7247962343750001 0.43601546874999997 0.724311025 0.437134846875 0.7241597140625 0.43886435312499994 0.72514576875 0.4386601625 0.7257474875 0.43842235
0 0.7667236578125001 0.87972619375 0.76704191875 0.8783017515625 0.765848059375 0.876454559375 0.76474549375 0.875777184375 0.7641846296875 0.8777613140625 0.7643167765625 0.8806774468749999 0.764934134375 0.8824742015625 0.7659958453125 0.8814052609375 0.7667236578125001 0.87972619375