3 0.408342328125 0.2860390296875 0.39922279375 0.2933648125 0.39101844531249996 0.30267267656249996 0.384694425 0.3153007421875 0.381662171875 0.3318443546875 0.378807121875 0.3423445015625 0.37555730781249996 0.3504170609375 0.368964184375 0.3577444421875 0.36229534375 0.36730096562500003 0.3550803046875 0.3788881796875 0.360362078125 0.40851495312499997 0.36320434218750003 0.41822610625 0.3692368875 0.43566712656249995 0.375912321875 0.4548423671875 0.38496752968750003 0.47089825 0.3968971671875 0.48497445 0.4051386734375 0.4952339296875 0.425243690625 0.5066402765625 0.4390358703125 0.512989803125 0.4511459078125 0.5159697140625 0.4609518890625 0.51983984375 0.48247314062499996 0.5242622953125 0.49745760624999996 0.525262525 0.5161639640625 0.5158622296875001 0.5301655140625 0.5044774578125 0.541394125 0.49125804375 0.5535443156250001 0.46991506093749996 0.5581829968750001 0.4589702046875 0.5641590015625 0.44832341875 0.5634999296875 0.433015909375 0.5620755 0.41379445312499996 0.55921385625 0.3955628375 0.554247934375 0.375645615625 0.547822225 0.35325059375 0.5417671046875 0.33234193125 0.5383802421875 0.3221350609375 0.5299421515625 0.3093985828125 0.5233618124999999 0.296514665625 0.5174469390625 0.288832609375 0.507323509375 0.277779340625 0.48781303749999994 0.26622475625 0.4729284609375 0.263936615625 0.46371223125 0.2674974875 0.45149591093749997 0.27591113749999996 0.44024632500000005 0.2831364984375 0.42716955468749995 0.281344875 0.408342328125 0.2860390296875
1 0.2535183765625 0.47304428749999994 0.25042159375 0.4741321546875 0.2506181765625 0.4766091546875 0.255097434375 0.48275464062499995 0.26074160625 0.487662425 0.2676731578125 0.4935122359375 0.272548778125 0.499558896875 0.27380878750000004 0.5046125203125 0.271972015625 0.510754009375 0.2686770515625 0.5118912875 0.26439118125 0.5132756281249999 0.25733077187500003 0.5153517375 0.2523504671875 0.518172225 0.2468223671875 0.52554981875 0.245555965625 0.53060184375 0.2487977890625 0.5351613453125 0.255858196875 0.5330852359375 0.2633649140625 0.530266346875 0.2672044765625 0.5296247875 0.2673511140625 0.53274574375 0.26791509375 0.541761928125 0.270190184375 0.54750971875 0.2734110296875 0.5460751687500001 0.276709190625 0.5398850640624999 0.27882145937499997 0.5289386109375 0.2855144734375 0.5203233171874999 0.2881649484375 0.51997823125 0.2922752125 0.52211094375 0.29239448125 0.5293434968749999 0.2956105328125 0.5354881828125 0.3056662375 0.53613853125 0.3126493328125 0.538817975 0.31881552812499997 0.5407538390625 0.32806891718750003 0.556760309375 0.33237736406249996 0.558843609375 0.334908571875 0.551265971875 0.32786254375 0.5306043703125 0.322671071875 0.5148481578124999 0.3197836578125 0.49820172500000004 0.31988993906249996 0.486808165625 0.3243546140625 0.4768539484375 0.3316663453125 0.46903164531249997 0.339372840625 0.46363693125000005 0.34294330156249997 0.4576946890625 0.339683696875 0.44208830781249997 0.332136625 0.43039268125 0.33108938125 0.44138934687500003 0.3307107984375 0.45253504843750003 0.3221342625 0.46288296406249996 0.3093233984375 0.47144484999999997 0.30241122656249997 0.474115503125 0.29461283125 0.4681660703125 0.2884030828125 0.45676851249999995 0.282639640625 0.44462817499999996 0.27063109218750003 0.43783394062500003 0.2712434171875 0.4487325796875 0.27713251875 0.457999821875 0.28569467187500003 0.4703896171875 0.290215884375 0.48852320625 0.28486338906249997 0.49238374687500003 0.2828799796875 0.49540428125 0.276468853125 0.4891089609375 0.270231734375 0.481823 0.2640671375 0.47736072500000004 0.2580008296875 0.47413694843750004 0.2535183765625 0.47304428749999994
3 0.2086936484375 0.7365059765625 0.2022681390625 0.752948365625 0.19325668437500002 0.7851915875000001 0.1898780140625 0.8011900687500001 0.1886261953125 0.8223417953125001 0.190812784375 0.850530025 0.19481516875 0.8665827109375 0.23326394218750002 0.8544703406249999 0.274484059375 0.8467190265625 0.3015849546875 0.8405935171875001 0.343323896875 0.83492310625 0.36789838124999996 0.8287959984375 0.3760511828125 0.8226585046875 0.3723195015625 0.8093800890624999 0.363430309375 0.8049656281249999 0.3447029734375 0.8083718703124999 0.3240405734375 0.8166811031250001 0.310019646875 0.819545409375 0.30759472187500003 0.8157294859374999 0.3042046609375 0.810575440625 0.304059621875 0.8049280718749999 0.3015396015625 0.7948208250000001 0.29699581406250003 0.77321959375 0.29007065625 0.7572641328125 0.2835144890625 0.7453214453125 0.26157749375 0.7324773515625 0.24486253906250002 0.7262250515625001 0.23309732031250002 0.726316684375 0.2215576546875 0.7222473093749999 0.21333233125 0.7255611203125001 0.2086936484375 0.7365059765625
3 0.53299518125 0.2600116109375 0.533559159375 0.269027796875 0.5390519 0.27839386093749996 0.5481828234375 0.2922206046875 0.5529343828125 0.2986139484375 0.5550096921875001 0.3069375640625 0.5537674625 0.3129308171875 0.551805028125 0.32194540312500003 0.5539238921875 0.33973071093749996 0.5592346328125 0.362719478125 0.5633095375 0.38159584999999996 0.5667657234375 0.39967922968749997 0.5684946156249999 0.4074577125 0.5688845875 0.4174645375 0.567890484375 0.422764421875 0.5697933843749999 0.42955226562500004 0.579298096875 0.43981254375 0.5893779734375 0.44140411874999996 0.604662109375 0.43854061250000004 0.6199478421875 0.43315069375000004 0.634816234375 0.42186554374999996 0.642659578125 0.395912846875 0.64739815 0.383680078125 0.6512457031250001 0.37040645781250003 0.63942075 0.34746310937499997 0.6275716250000001 0.32357853125 0.6199794015625 0.30494762343750004 0.621002471875 0.2930097296875 0.6256169796875 0.2811236453125 0.6278517140625001 0.27235691875 0.626665821875 0.2676005671875 0.621517903125 0.2613060453125 0.6137694515625001 0.25471265625 0.6015884921875 0.24638264687500003 0.5873258296875 0.23983467187500002 0.574050878125 0.2380924625 0.5614172187500001 0.24061088437499997 0.5502433484375 0.24560710624999998 0.5407274484375 0.2530317125 0.53299518125 0.2600116109375
1 0.5684946156249999 0.4074577125 0.5701332078125 0.401365634375 0.57169768125 0.394976284375 0.572345365625 0.3891312671875 0.573365240625 0.382246196875 0.5734683265625 0.3759054609375 0.573795365625 0.367930128125 0.5741465765625 0.3608960234375 0.5739274187500001 0.3549513828125 0.5736840875 0.3480655140625 0.5752227890625 0.3432613484375 0.5761411765625 0.3401906046875 0.5761443734375 0.3351377796875 0.5748585921875 0.33166934062500003 0.5698830796875 0.326910590625 0.564314625 0.3197736671875 0.559314940625 0.3140736890625 0.5550096921875001 0.3069375640625 0.5537674625 0.3129308171875 0.551805028125 0.32194540312500003 0.5539238921875 0.33973071093749996 0.5592346328125 0.362719478125 0.5633095375 0.38159584999999996 0.5667657234375 0.39967922968749997 0.5684946156249999 0.4074577125
3 0.25172615 0.369608821875 0.23824662343749997 0.37802167343750004 0.2303387515625 0.388518625 0.22307216875 0.40327620781249995 0.2184560640625 0.41768870468749997 0.216443684375 0.427347246875 0.2141316359375 0.4408695265625 0.20976046093749998 0.4596414796875 0.20915313124999999 0.4800010140625 0.210923978125 0.4997676015625 0.2151970640625 0.5185945609375 0.2226941921875 0.5309341453124999 0.231995928125 0.5488230703125 0.2479553203125 0.5748403609375 0.261273825 0.586044265625 0.27847544375 0.6060683015625 0.2853312796875 0.6141472546875 0.294442825 0.6194535328125 0.3098252515625 0.617828525 0.33122723593750003 0.6150184249999999 0.3509260984375 0.6028446578125 0.3726615140625 0.581953575 0.3915966203125 0.5633394468749999 0.4007257453125 0.5408551890625 0.4036419265625 0.5120262015625 0.4051386734375 0.4952339296875 0.3968971671875 0.48497445 0.38496752968750003 0.47089825 0.375912321875 0.4548423671875 0.3692368875 0.43566712656249995 0.36320434218750003 0.41822610625 0.360362078125 0.40851495312499997 0.3550803046875 0.3788881796875 0.341339665625 0.369368284375 0.3244539 0.3590538 0.31036524375 0.3515151859375 0.28688315468750003 0.35358090625 0.27013443593750003 0.361545853125 0.25172615 0.369608821875
3 0.720529646875 0.243881934375 0.7161648656249999 0.2525482390625 0.710238803125 0.26255106875 0.7097877015625 0.270873084375 0.7131761640625001 0.27855354375 0.7172574593750001 0.287324265625 0.7196550140625 0.295251784375 0.7237604859375 0.304963734375 0.7300701234375 0.3150733796875 0.738263284375 0.3234504015625 0.7479404046875 0.3352464515625 0.7560320765624999 0.3474378 0.7629346609375001 0.35992561875 0.768994575 0.37325504375 0.7746823 0.38762452187499996 0.7780691625 0.397831390625 0.7825678 0.41249734218749995 0.7889016109375 0.4235482140625 0.7949147765625 0.4324687703125 0.8011051453125001 0.4353458625 0.8068508062499999 0.436439321875 0.8131442609375 0.43297567656249997 0.818374290625 0.42693540937499996 0.8242987515625 0.419458990625 0.8305003078125001 0.404651196875 0.8339241312500001 0.39558799843750003 0.8165934515625001 0.3446524703125 0.8006919953124999 0.3053591625 0.7858797390625 0.26705729218749996 0.7725272703125 0.2312332234375 0.760093390625 0.2311758203125 0.7499619703125 0.2327546125 0.74282744375 0.2345334484375 0.7313329265624999 0.2373993546875 0.7265508046875 0.24017042968750002 0.720529646875 0.243881934375
0 0.48058761875 0.4508465046875 0.48239542343749997 0.451343025 0.48868728125 0.45040579062499997 0.487749515625 0.44495607187499997 0.4882989078125 0.43787255468749997 0.48411452656250004 0.43544256875 0.48015090000000005 0.4364308109375 0.47774695312500004 0.4386089421875 0.4774472828125 0.44247267968750004 0.4782126390625 0.44638662656249994 0.48058761875 0.4508465046875
3 0.6545061 0.22813677812500002 0.6440218703125 0.2392760875 0.6348733640625001 0.2532398796875 0.6306068734375 0.26314468281250003 0.6278517140625001 0.27235691875 0.6256169796875 0.2811236453125 0.621002471875 0.2930097296875 0.6199794015625 0.30494762343750004 0.6275716250000001 0.32357853125 0.63942075 0.34746310937499997 0.6512457031250001 0.37040645781250003 0.6586912875000001 0.3859164109375 0.667577284375 0.395383696875 0.6798307640625 0.40653739062499994 0.6888923640625 0.4124876234375 0.6985984546874999 0.41764566406250003 0.711378753125 0.41824819843750005 0.72552374375 0.415037209375 0.7399716015625 0.40290965625 0.747610371875 0.38711202031249997 0.7516319328125001 0.3728477609375 0.754242053125 0.35798815781250004 0.7560320765624999 0.3474378 0.7479404046875 0.3352464515625 0.738263284375 0.3234504015625 0.7300701234375 0.3150733796875 0.7237604859375 0.304963734375 0.7196550140625 0.295251784375 0.7172574593750001 0.287324265625 0.7131761640625001 0.27855354375 0.7097877015625 0.270873084375 0.710238803125 0.26255106875 0.7161648656249999 0.2525482390625 0.720529646875 0.243881934375 0.7265508046875 0.24017042968750002 0.7313329265624999 0.2373993546875 0.7170928390625 0.2343190203125 0.7040176671875 0.23000098593749999 0.690372125 0.226772415625 0.6761078640625 0.22275085312499998 0.6632760234374999 0.22531868593749999 0.6545061 0.22813677812500002
0 0.46409321718749996 0.409175021875 0.4673865828125 0.41056415625 0.46892049062499996 0.4133392265625 0.47010797968749996 0.415569165625 0.47176755000000004 0.41547114062499996 0.47283417187500004 0.41299493906249996 0.474000684375 0.40923082656250004 0.4719721234375 0.4053160796875 0.4685305203125 0.40333240156250005 0.46461683750000005 0.40367668749999996 0.461296103125 0.4063991515625 0.4609722609375 0.40932165937500004 0.46409321718749996 0.409175021875
3 0.2003516484375 0.6110221734375 0.1965652265625 0.6059669515625 0.1909210546875 0.6010591671875 0.17737699843750002 0.5940162734375 0.17071455156249998 0.5934671453125 0.159220034375 0.5963330515624999 0.15409149375 0.59855899375 0.1491853078125 0.601676753125 0.1386301546875 0.6074659671875 0.1308705171875 0.6185574609375 0.1224695875 0.6253883250000001 0.11971282968750001 0.637126971875 0.1152417640625 0.6571868375000001 0.11589125 0.6876528203125 0.11760256250000001 0.7232218390625 0.12209800156249999 0.7429406125 0.1318444484375 0.7626131703125 0.152050953125 0.7702051937500001 0.17396856875 0.7745288218749999 0.1948727015625 0.7756318703125 0.2022681390625 0.752948365625 0.2086936484375 0.7365059765625 0.21333233125 0.7255611203125001 0.2215576546875 0.7222473093749999 0.23309732031250002 0.726316684375 0.24486253906250002 0.7262250515625001 0.26157749375 0.7324773515625 0.2835144890625 0.7453214453125 0.29007065625 0.7572641328125 0.29699581406250003 0.77321959375 0.2989970078125 0.7812459375 0.30564806718750004 0.7606425390625 0.3076894140625 0.7443459859375 0.30683056249999996 0.731614303125 0.30149245156250004 0.7127371328125001 0.295060346875 0.7004477609374999 0.29419989687500003 0.6902424875000001 0.2915831828125 0.676370328125 0.283916840625 0.657442146875 0.27567533593750004 0.64718266875 0.260523253125 0.63706743125 0.247246703125 0.6378516328125 0.2427884234375 0.6377002015625 0.2338508859375 0.6314032828125 0.22489396875 0.6165859 0.21761280312500003 0.6152437796875 0.20386896718749997 0.610776709375 0.2003516484375 0.6110221734375
1 0.490628940625 0.47423456406250003 0.489816834375 0.4659117484375 0.49029211093749997 0.458530959375 0.487749515625 0.44495607187499997 0.48805397812500007 0.43351309843749997 0.4866988734375 0.42216814999999996 0.484327090625 0.412655446875 0.48170718125 0.4038361109375 0.47871348437499994 0.398583240625 0.4764142203125 0.391894221875 0.47720854375000005 0.3891701625 0.4774614640625 0.3808975578125 0.4725874421875 0.37232448281249997 0.4646408109375 0.36578050625 0.4552811375 0.3611675953125 0.448296446875 0.361014565625 0.44155828125 0.362694578125 0.43400161875 0.3661574234375 0.43072923125000007 0.37076234218750004 0.42428434218750005 0.37868426718750003 0.41962308593750003 0.386161484375 0.4150617203125 0.39235078749999996 0.4074519171875 0.4015104140625 0.403681678125 0.41002848125 0.40481283125 0.42300802656250003 0.40490153281249996 0.4394050015625 0.40754242031250004 0.4542183875 0.41147068593749997 0.469973803125 0.41703754374999996 0.47963713906249994 0.429025115625 0.48043732187500005 0.43917271874999997 0.4924318203125 0.4491463140625 0.5054169578125001 0.4609518890625 0.51983984375 0.48247314062499996 0.5242622953125 0.49745760624999996 0.525262525 0.50105863125 0.510155859375 0.500070921875 0.5053500953125 0.49693218437500003 0.49444985781249995 0.4957978359375 0.4865231375 0.490628940625 0.47423456406250003
1 0.2782493015625 0.8069427828125001 0.28381615937500004 0.8166061203125 0.2875332578125 0.8137848328124999 0.2855594359375 0.8016468937499999 0.284649040625 0.792085578125 0.278884 0.782471653125 0.2683336421875 0.780681628125 0.2594170796875 0.7803787625 0.25557591875 0.783546734375 0.2612652421875 0.7953897984375 0.265994225 0.798315503125 0.271219459375 0.799854471875 0.2782493015625 0.8069427828125001