0 0.30980739687500003 0.5246543328125 0.307171175 0.5249502515625 0.3045329625 0.528498953125 0.3035104140625 0.5320061890625001 0.30316845937500003 0.534982371875 0.3042718515625 0.5383209171875001 0.30614132656250004 0.5403843609375001 0.308264615625 0.5445527140624999 0.309792134375 0.5495923390625 0.312001575 0.5519323859374999 0.315146746875 0.5536777609375 0.319058003125 0.5541480375 0.3227996078125 0.55393788125 0.32807205 0.55334604375 0.3307082703125 0.5530501265625001 0.33359896875 0.5537748546875 0.3349581625 0.5559655265625 0.33597673125 0.5589638546875 0.3369111375 0.5605377078125 0.3394605421875 0.56315435625 0.3419257859375 0.564346528125 0.3453260984375 0.5660282921875 0.34974696875 0.5674556015625 0.35297763125000003 0.568456934375 0.3548484328125 0.56835185625 0.35527454999999997 0.5668001515625 0.35493657500000003 0.5632707671875 0.3545986015625 0.5597413796875 0.3546854171875 0.5568288124999999 0.355283175 0.5527047578125 0.354519746875 0.5496428140625 0.35222481875 0.5480468140625 0.350100203125 0.5460469812500001 0.349080971875 0.5441329140625 0.3494216015625 0.5433252546875 0.348997475 0.541624175 0.34653223125 0.5404320046875 0.3455991515625 0.536689628125 0.3432193984375 0.5347534125 0.341264434375 0.5334340125 0.34067065625000004 0.5310525015625001 0.335995309375 0.52860454375 0.330383565625 0.5278355171875 0.323496125 0.5273845578125 0.315246834375 0.529079971875 0.312100334375 0.52950311875 0.3115072203125 0.5260373453125 0.30980739687500003 0.5246543328125
0 0.42603844375 0.40171971875 0.425363821875 0.3924924234375 0.4230735375 0.3833065953125 0.41984685624999996 0.37579969687500003 0.415855421875 0.367399378125 0.41160818125 0.360146934375 0.4035331859375 0.35493295156250004 0.404041475 0.3580585078125 0.40539934375 0.36241770156249997 0.40930728125 0.36830928125 0.41534116093750006 0.37403217187500004 0.418825634375 0.3771384125 0.41975805 0.3819650484375 0.4200111984375 0.3851542171875 0.4205181609375 0.390448296875 0.4206851578125 0.3954657734375 0.42119211874999996 0.40075985156250005 0.41923516562499996 0.40269323593750006 0.4140468859375 0.40470955000000003 0.407753221875 0.40664010156249997 0.401629871875 0.4081668234375 0.40647420624999997 0.41237947343750003 0.4132761578125 0.41357447968749994 0.41837894843749995 0.4123022109375 0.4233982421875 0.408521203125 0.42603844375 0.40171971875
0 0.33314176875 0.46716119218749996 0.3266784546875 0.46841131249999995 0.3215756640625 0.46968358125 0.31927874375 0.47134036406249996 0.3173204625 0.47544227031249997 0.315872459375 0.47941694999999995 0.318166725 0.4820972125 0.3187605015625 0.4844787234375 0.31833438593749996 0.486030428125 0.3200328828125 0.48958196249999997 0.32266711406250004 0.49253882656250003 0.32538683281249997 0.494751646875 0.32878648125 0.49751767031250005 0.3317620046875 0.49858261718749997 0.3360973859375 0.5007539703125 0.3389032578125 0.501138484375 0.3427296875 0.5012685453125 0.3453659078125 0.5009726265625 0.347917303125 0.5003364921875 0.3507211859375 0.5039737875 0.3525051703125 0.5067812765624999 0.3551394015625 0.5097381421875 0.3577742953125 0.511610746875 0.3611746078125 0.513292509375 0.36278894375 0.5154195671874999 0.3649997109375 0.5155910921875 0.3698473625 0.5143824359375 0.37214428125 0.5127256546875001 0.3756320734375 0.5104105890625 0.3794604953125 0.5072878656250001 0.3826096484375 0.502527675 0.3849927203125 0.49904258749999997 0.3859304421875 0.495195134375 0.38559246875 0.49166574687500003 0.38363883125 0.4881778265625 0.3803240078125 0.48575201874999996 0.37743397343749996 0.483943028125 0.374117825 0.4836857421875 0.369865278125 0.4851073859375 0.36714356718749996 0.48614734843749996 0.3629758453125 0.487909209375 0.3597451828125 0.48690787812499997 0.35558210625000003 0.4810799109375 0.351418365625 0.47633620312499997 0.3456389625 0.4716339609375 0.33883833750000003 0.4682704359375 0.33314176875 0.46716119218749996
3 0.42701597812500003 0.3328165984375 0.4282883578125 0.3379198359375 0.42862235000000004 0.3479547890625 0.42810676406250003 0.35675610625 0.42980128124999994 0.36681320624999997 0.43472778593749994 0.3757031171875 0.4395707921875 0.382084290625 0.44339390625 0.38763565624999996 0.448662365625 0.39354938437500003 0.4542734453125 0.395402671875 0.46337298125000004 0.3938566328125 0.4674552140625 0.39283881875 0.4742624734375 0.38535973437500004 0.47401065156250005 0.38000204375 0.4701955 0.36143954375 0.46969318437499996 0.34855563749999996 0.46425772656250003 0.3376244328125 0.45712244375 0.3253102125 0.4470938125 0.3166083109375 0.43612745625000005 0.311753859375 0.42490264218749996 0.3123843296875 0.4243022296875 0.32084542968749996 0.42701597812500003 0.3328165984375
3 0.3382028625 0.3950717359375 0.3347992328125 0.398811278125 0.33088266875 0.407015090625 0.330453234375 0.4139881015625 0.3332518078125 0.42629948593749994 0.33545859375 0.432976578125 0.339876146875 0.43982519218749994 0.3456542234375 0.44669595781250004 0.350668871875 0.450504778125 0.3578942875 0.454485121875 0.3635901921875 0.45667862656249997 0.3697122140625 0.457320425 0.37830080625 0.4569858765625 0.3834035984375 0.4557136078125 0.38799677187500003 0.4534843046875 0.39191001875000003 0.4507017953125 0.3938683 0.44659988906250003 0.39582989999999996 0.43707667656250004 0.3945615 0.425467871875 0.388447440625 0.4118149375 0.3817336296875 0.40553884531250006 0.3735744734375 0.3989003859375 0.36430860468750004 0.3943446859375 0.35521172343749996 0.3915536796875 0.3451777828125 0.39152586718750004 0.3382028625 0.3950717359375
0 0.37806955468750003 0.41801608906250004 0.3829132234375 0.423313 0.3858860921875 0.4287149890625 0.388773471875 0.434861025 0.390300990625 0.43990064999999995 0.3913188953125 0.443983240625 0.3935309890625 0.4419862421875 0.3925992375 0.4360753453125 0.3931950046875 0.43520407343749995 0.395066471875 0.434014734375 0.3945615 0.425467871875 0.3915038078125 0.41972566718750004 0.3892950296875 0.4163013578125 0.3862353453125 0.4138119359375 0.386828459375 0.41727770781249995 0.3874222375 0.4196592203125 0.386232690625 0.41814898125 0.3835997875 0.41302359375000003 0.382750871875 0.410705696875 0.379435384375 0.4093641484375 0.37382563125 0.40534233750000004 0.369064796875 0.40363842656250004 0.3661714453125 0.407250740625 0.36846504687500004 0.411015265625 0.37313973125 0.414547484375 0.37806955468750003 0.41801608906250004
3 0.38525128125 0.3544320296875 0.3811677203125 0.3576183671875 0.37878199375 0.36544049843750004 0.37767262968750004 0.37186030468750003 0.3790285078125 0.37947227968749997 0.38268064218750003 0.3865117359375 0.3860776390625 0.3936148046875 0.3897304359375 0.39957 0.394914071875 0.4051435125 0.4003535109375 0.4095691515625 0.40647420624999997 0.41237947343750003 0.4132761578125 0.41357447968749994 0.41837894843749995 0.4123022109375 0.4233982421875 0.408521203125 0.42603844375 0.40171971875 0.425363821875 0.3924924234375 0.4230735375 0.3833065953125 0.41984685624999996 0.37579969687500003 0.415855421875 0.367399378125 0.41160818125 0.360146934375 0.4035331859375 0.35493295156250004 0.3950314078125 0.352354934375 0.38525128125 0.3544320296875
0 0.3599240203125 0.61153429375 0.362559578125 0.612322634375 0.3625615671875 0.6090698515625 0.350663459375 0.5983045046875 0.3447137421875 0.5940060921875 0.340974128125 0.590963465625 0.340632171875 0.593939646875 0.34564549375000003 0.5999169906249999 0.35168003593749997 0.6045556171875 0.353890140625 0.6058114031249999 0.35609891718750003 0.6092357109375001 0.3599240203125 0.61153429375
3 0.3051850265625 0.574591125 0.299654790625 0.57958361875 0.2957395546875 0.5856189109375001 0.295396271875 0.5907636140625 0.29981448906249997 0.59652796875 0.3095024921875 0.6060375296875 0.31952979843749996 0.6169079546875 0.330239025 0.6250788015625 0.335083359375 0.6292914515625 0.3482604828125 0.6343174265625 0.3637318703125 0.6420236625 0.371382740625 0.645536565625 0.37622840156250004 0.6475806937499999 0.37640070625 0.64392408125 0.376233709375 0.6389066046874999 0.374706853125 0.6327827203124999 0.37326548593750003 0.6259147875 0.3691037359375 0.6179182984375 0.3625615671875 0.6090698515625 0.350663459375 0.5983045046875 0.3447137421875 0.5940060921875 0.3371496890625 0.5875806234375001 0.33213636874999997 0.5816032796874999 0.3195550125 0.5757060328125 0.31130837499999997 0.573064403125 0.3051850265625 0.574591125
0 0.45049279843749995 0.320458596875 0.44862133125000003 0.3216479359375 0.44896063281250004 0.32300879843749997 0.4492131171875 0.3272822296875 0.444961234375 0.3276196140625 0.44172924687500004 0.32878680312499997 0.4439386859375 0.33112685000000003 0.44810441718750005 0.33261777187499997 0.45303556718750004 0.33391785625 0.456095915625 0.3353230171875 0.4584736796875 0.3405120171875 0.46272158125 0.3466802015625 0.46645920468749996 0.3529756109375 0.46909078125 0.360269521875 0.4701955 0.36143954375 0.46969318437499996 0.34855563749999996 0.46425772656250003 0.3376244328125 0.45712244375 0.3253102125 0.45049279843749995 0.320458596875
3 0.37311717031249997 0.4514123609375 0.368270184375 0.4515367546875 0.3618075328125 0.451702615625 0.35866036874999996 0.45321002187500004 0.3578942875 0.454485121875 0.3635901921875 0.45667862656249997 0.3697122140625 0.457320425 0.37830080625 0.4569858765625 0.3834035984375 0.4557136078125 0.38799677187500003 0.4534843046875 0.39191001875000003 0.4507017953125 0.39148721875 0.44683219375 0.3875746375 0.448530440625 0.3840888359375 0.447592721875 0.38043272031250003 0.44705883437500005 0.37856191875 0.44716391250000004 0.376179509375 0.4495647390625 0.37311717031249997 0.4514123609375