3 0.5316179437499999 0.5698339734375 0.5306104421875 0.58480241875 0.5292244 0.6001989265625001 0.5272268671875 0.626164878125 0.5256567515625 0.6329499359375 0.526857478125 0.6367427734375 0.5300216343749999 0.6467821390624999 0.5314449140625 0.6580845609375 0.534623003125 0.6573129765625 0.53910955625 0.6572490078125 0.5441187890625 0.6561000859375 0.550346221875 0.6547730609375 0.5520814828125 0.6502001843749999 0.5530407312500001 0.64008416875 0.5534793796875 0.62752291875 0.5539334203124999 0.6145209203124999 0.5545218203125 0.604612596875 0.5542963546874999 0.5763626015625001 0.5529290234375 0.559987378125 0.5512503328125 0.545587053125 0.549177709375 0.5320555406249999 0.5485381375 0.5260758828125 0.5469301640625 0.520062409375 0.5429242734375 0.513303271875 0.539469765625 0.5081078828125001 0.5354484828125 0.5017894921875 0.5326335453125 0.5025737593749999 0.5260506578124999 0.503667728125 0.5232357203125 0.5044519953125 0.5266671421875 0.5103085046875 0.5303924546875 0.51816105 0.5322733109375 0.5233014875 0.5318710609374999 0.5382910671875 0.5319432359375 0.5570481218750001 0.5316179437499999 0.5698339734375
3 0.5168766 0.3568413578125 0.5123761124999999 0.367716275 0.5075278640625001 0.378137765625 0.503920903125 0.3877200375 0.500754046875 0.3951112625 0.501274646875 0.3975565 0.50201571875 0.4110415140625 0.501854946875 0.43993994687500004 0.501552740625 0.45206467968749997 0.5008391296875 0.46902916250000004 0.5000275546874999 0.485328296875 0.4998617890625 0.4970165125 0.49930624999999995 0.5025131515625 0.5023017234375 0.503500321875 0.5066056624999999 0.505195109375 0.5098740203125 0.50530924375 0.515192534375 0.5057156125 0.520935765625 0.5043716796875 0.5260506578124999 0.503667728125 0.5326335453125 0.5025737593749999 0.5392626046875 0.5001575515625001 0.5432670374999999 0.49654648281249997 0.546176403125 0.48958755 0.548094278125 0.48325591718750005 0.550273803125 0.46943160937500006 0.55211888125 0.45824332031250004 0.5528401875 0.441058465625 0.553492234375 0.4258569671875 0.5530163484374999 0.4117192875 0.5532052015625 0.39936995625 0.5532786203125 0.3903262140625 0.553292553125 0.3795152640625 0.5527761124999999 0.3700096421875 0.5526746109375 0.36250428437500004 0.5523946546875 0.349697296875 0.5508944203125 0.3405986015625 0.5469388609375 0.32545684375 0.543559228125 0.3215879171875 0.538436640625 0.322512240625 0.5325374187499999 0.3317938234375 0.5287883984375 0.3385027921875 0.5212539578125 0.3494924046875 0.5168766 0.3568413578125
3 0.3047396203125 0.5488933546875 0.29664256718750004 0.5516995812500001 0.29400816406249997 0.554255284375 0.2899596375 0.5556583984375 0.2860013796875 0.55794723125 0.283163353125 0.559392615625 0.2792645796875 0.5634486578125 0.27588848593750004 0.56641974375 0.27287554062499997 0.5694035125 0.27049863125 0.5715269234375 0.26831764687500004 0.5749810265625 0.265513940625 0.5823849328125 0.2633421125 0.59598886875 0.263351265625 0.6061387 0.2636984046875 0.620492525 0.2655884125 0.6357827953124999 0.2676841234375 0.6486531906249999 0.268684765625 0.658175721875 0.279886490625 0.66364165 0.2879639953125 0.6683365546875 0.294779209375 0.6710016046875 0.2996653125 0.673378646875 0.304929959375 0.6753276234375 0.30626920625 0.6751537515625 0.3079505984375 0.6721234828125 0.312043840625 0.659027928125 0.3132969796875 0.6509079515625 0.31515536875 0.642809109375 0.3180745078125 0.6320996109375 0.319781065625 0.6248780328125 0.32098033593749997 0.6183006640625 0.32058848125 0.61563928125 0.319353434375 0.6058879234375001 0.3189811296875 0.595725409375 0.3195156625 0.587359696875 0.320678534375 0.578354 0.3226271921875 0.571140878125 0.3235284140625 0.56962785625 0.3224487359375 0.5658392484375 0.31965126875 0.562652575 0.316536821875 0.5581309859375 0.3148441984375 0.5545416125 0.3118431078125 0.550244621875 0.3090974296875 0.5490455328125 0.3047396203125 0.5488933546875
3 0.17547459375000002 0.5161371984375 0.1819769859375 0.5104069453125 0.18817779375000002 0.5029010281249999 0.194409384375 0.49451361718750003 0.1959774203125 0.4912587515625 0.19465564375 0.4874616859375 0.1930287421875 0.47504894531249997 0.19348278125 0.46204694843749994 0.19391373437499998 0.44970607031250004 0.1928521484375 0.42804612343750004 0.15077243125 0.4773242296875 0.1517940828125 0.489715834375 0.15099228125 0.5022644046875 0.15230428437500002 0.509812034375 0.1602509640625 0.5182532765625 0.16826336718749998 0.5178711515625001 0.17547459375000002 0.5161371984375
3 0.346467178125 0.339637809375 0.333481940625 0.3435971859375 0.3235537421875 0.3467807515625 0.3124227359375 0.349701671875 0.3094482703125 0.351583575 0.3095169078125 0.36350061718750004 0.30829039375 0.3777994890625 0.3065048015625 0.3907549875 0.3043406671875 0.40413855 0.3036676140625 0.416470975 0.30276785 0.42835419999999996 0.3018260734375 0.434499275 0.3007493109375 0.45145107500000003 0.300635334375 0.4651268734375 0.3026617859375 0.4799806234375 0.3052283859375 0.48977848125 0.3090593578125 0.498076 0.31366280468749996 0.5050766453125 0.322018809375 0.51220833125 0.330943665625 0.5169328265625001 0.33950745000000004 0.5181144453125001 0.347331621875 0.51618125625 0.35605909375 0.5092048546875 0.36282875312499996 0.49929174375 0.367419509375 0.48930254375000004 0.371186 0.4786226359375 0.37350758281249996 0.467671628125 0.374793584375 0.45513996562500003 0.37334368125 0.43765865000000004 0.36948670625 0.409281840625 0.3640750078125 0.38724934375000003 0.3602404984375 0.37211181249999997 0.357189696875 0.36229704687500003 0.3539849859375 0.3568897375 0.3490799515625 0.348113428125 0.346467178125 0.339637809375
3 0.5709022453125 0.38542560625 0.5709057828125 0.39226561718749997 0.5712955562500001 0.39845719218750003 0.5711990515625 0.40816205156249996 0.5711774234375 0.41919337656250005 0.5707849484375 0.4304323890625 0.568893696875 0.4429429171875 0.56729071875 0.454139659375 0.56565134375 0.4629080734375 0.5632702734375 0.472091871875 0.5612026453125 0.47577057500000003 0.558892915625 0.479440825 0.557945521875 0.48227608125000004 0.5607296765625 0.48237330624999997 0.56327173125 0.4824620765625 0.56584456875 0.48166935625 0.56860418125 0.47205749375000006 0.5702512515625 0.46306870624999996 0.5718773171875 0.4512108453125 0.5732899828125 0.44199322968750004 0.5748236999999999 0.43277984218750004 0.5763077062499999 0.4180486796875 0.576509871875 0.40878879218749997 0.5775306859375 0.396909796875 0.5785955921875 0.3872387546875 0.5792070812500001 0.3766693125 0.57923640625 0.365417615625 0.57882000625 0.353047146875 0.5785631359375001 0.33957903906250003 0.5776373703125001 0.3313829734375 0.5762519484374999 0.33287908437499997 0.5748490562499999 0.33834613281250003 0.57177246875 0.34662307812500004 0.569735621875 0.3494202890625 0.571063015625 0.3565271734375 0.5715948484375 0.36559205 0.57123315625 0.3759495734375 0.5709022453125 0.38542560625
3 0.355440746875 0.544265271875 0.3523606203125 0.5457022015625 0.35038533906249997 0.54673643125 0.3487752875 0.5442531515625 0.3463983765625 0.5463765625 0.3423113703125 0.5488815406249999 0.339751846875 0.5527637078125001 0.3346348734375 0.5569978515625 0.33004058125 0.5601470390625 0.32773085156250004 0.5638172875 0.324846653125 0.5665849093750001 0.3226271921875 0.571140878125 0.320678534375 0.578354 0.3195156625 0.587359696875 0.3189811296875 0.595725409375 0.319353434375 0.6058879234375001 0.32058848125 0.61563928125 0.3219830578125 0.624293003125 0.32334684999999996 0.633828215625 0.32560770625 0.64891079375 0.32771111249999996 0.661560815625 0.32930161562500004 0.6715452281250001 0.33059053125000004 0.6797539765625 0.340282246875 0.6798717765625 0.348454178125 0.6783920140624999 0.3569046078125 0.679349034375 0.36391013125 0.68003495625 0.3713172828125 0.67963169375 0.37552325937500003 0.6806611375 0.37780636562500003 0.67081199375 0.379501690625 0.6569707765625 0.3810010875 0.64179886875 0.38219681875 0.6283814875 0.38403274375 0.6070433671875 0.3837373953125 0.594677125 0.3828367953125 0.5822897484375 0.38200545625000004 0.567919015625 0.3799251359375 0.5546078734375001 0.3789665078125 0.550823490625 0.37780987499999996 0.5492386078125 0.3746107796875 0.5471411203125001 0.3729909515625 0.548408403125 0.369807246875 0.5458701687499999 0.365178634375 0.5430608359375 0.3602904515625 0.5442139859374999 0.355440746875 0.544265271875
3 0.5024679203125 0.5681541078125 0.5015296796875 0.5811391968749999 0.500766359375 0.592585903125 0.499897378125 0.6035876359375 0.49912074375 0.6119448953125 0.49808661875000004 0.6207344453125 0.4969006625 0.6304012609375 0.497336609375 0.6352705984375 0.5003587078125 0.6424366640625 0.505240653125 0.651874090625 0.5069906859375 0.6607608671875 0.5099994703124999 0.6648374828125 0.5167341890625 0.6628662484375 0.5189669625 0.6613997281249999 0.5207637890625 0.65506386875 0.521872790625 0.6476007828125 0.5238753171874999 0.63884505 0.5256567515625 0.6329499359375 0.5272268671875 0.626164878125 0.5292244 0.6001989265625001 0.5306104421875 0.58480241875 0.5316179437499999 0.5698339734375 0.5319432359375 0.5570481218750001 0.5318710609374999 0.5382910671875 0.5322733109375 0.5233014875 0.5303924546875 0.51816105 0.5266671421875 0.5103085046875 0.5232357203125 0.5044519953125 0.520935765625 0.5043716796875 0.515192534375 0.5057156125 0.5098740203125 0.50530924375 0.5066056624999999 0.505195109375 0.5023017234375 0.503500321875 0.49930624999999995 0.5025131515625 0.50006895 0.5049668421875 0.5023724421875 0.511887171875 0.5033884750000001 0.5209689562500001 0.5037761703125 0.530690725 0.5035719265624999 0.543480803125 0.5029142640625001 0.5553724828125 0.5024679203125 0.5681541078125
3 0.2669933328125 0.3699587578125 0.2566019390625 0.3759944875 0.250969984375 0.38109321406249996 0.24999888124999997 0.3984899859375 0.24897453125000002 0.403528971875 0.24606268125000003 0.46608949375000003 0.24726840625 0.48709254843750005 0.250203771875 0.5002129078124999 0.254845696875 0.5061116875 0.2618547578125 0.5136376203124999 0.2672845484375 0.5177987828124999 0.271663365625 0.5208200359374999 0.27495480781250003 0.52027305 0.2806847265625 0.51583966875 0.285559596875 0.5115970734374999 0.2920102015625 0.5038792359375 0.295826403125 0.498717103125 0.2987798625 0.49396612500000003 0.3052283859375 0.48977848125 0.3026617859375 0.4799806234375 0.300635334375 0.4651268734375 0.3007493109375 0.45145107500000003 0.3018260734375 0.434499275 0.2955593265625 0.4126575625 0.2903911859375 0.4010037234375 0.2843064328125 0.3913036515625 0.280135396875 0.38233233437499997 0.272876540625 0.37501831874999997 0.2669933328125 0.3699587578125
3 0.2039530203125 0.5405196937500001 0.1967340984375 0.5424740203125 0.18673871875 0.544110746875 0.17926230781250002 0.5464973640624999 0.1712401296875 0.5506300562499999 0.168451815625 0.5575932156250001 0.165590703125 0.5596997203125 0.1620648546875 0.560017878125 0.15846974687499998 0.562319390625 0.15895186875 0.5658664921875001 0.16425291250000001 0.5702437984375 0.16901588750000002 0.5761468062499999 0.173923 0.5813929234375 0.1795046234375 0.5846768203125 0.1855991515625 0.590626325 0.1911115125 0.595893578125 0.1967680140625 0.6005039390625 0.2007836796875 0.603512509375 0.20080114999999998 0.5995415703125 0.20107819062500001 0.5916081484375 0.20128597187500002 0.58565808125 0.2041435453125 0.5767115656249999 0.20886866406250001 0.569816040625 0.21269256250000002 0.564433534375 0.2143431703125 0.562284759375 0.21427806875000002 0.55720773125 0.21245108125 0.5505246828125 0.21150015 0.5465199265625 0.21003423593749998 0.5433797546875 0.206752565625 0.5401761734375 0.2039530203125 0.5405196937500001
3 0.3889117203125 0.3389135890625 0.382610871875 0.3492843546875 0.37467064375 0.36842353437500003 0.36939768125 0.3805953265625 0.368912859375 0.394478815625 0.36948670625 0.409281840625 0.37334368125 0.43765865000000004 0.374793584375 0.45513996562500003 0.37350758281249996 0.467671628125 0.3749770359375 0.4776518125 0.377422584375 0.48744544375 0.3793937078125 0.4934715984375 0.381979859375 0.49576832499999995 0.38652381875 0.501001759375 0.39612318750000003 0.503764034375 0.408212821875 0.504627496875 0.41716284375 0.5051606796875 0.4270448703125 0.503299353125 0.43206949375 0.501709684375 0.4348998234375 0.5004846703125 0.436863871875 0.49283080312500005 0.43688758125 0.47826928593750007 0.43586800937500003 0.4623474890625 0.4348043453125 0.4442177359375 0.4324916984375 0.42714757499999995 0.43058629843749996 0.4122980515625 0.42854445625000004 0.3978850453125 0.4261954109375 0.37838655781249997 0.42323903749999997 0.362397125 0.41926600937499997 0.3512263046875 0.414587684375 0.3428991953125 0.40758632031250003 0.3351528890625 0.4034573 0.33191971875 0.3950355734375 0.3336113984375 0.3889117203125 0.3389135890625
3 0.4699110203125 0.5703268203125 0.4691036046875 0.57956556875 0.4682941109375 0.5923345125 0.46737126093750003 0.60487885625 0.466584853125 0.61698668125 0.46889604062499995 0.6236866375 0.470699940625 0.6310308015625 0.47241149218749995 0.6410194406249999 0.47491860781249995 0.6490500890625001 0.47814994375 0.6606362921875 0.48006719843749995 0.6682050578125 0.48355456874999997 0.6689887640625 0.4873840828125 0.666916078125 0.48919421874999997 0.663669665625 0.49082590000000004 0.6551216234374999 0.4921616109375 0.6481077359375 0.494988403125 0.6400427125 0.4969006625 0.6304012609375 0.49808661875000004 0.6207344453125 0.49912074375 0.6119448953125 0.499897378125 0.6035876359375 0.500766359375 0.592585903125 0.5015296796875 0.5811391968749999 0.5024679203125 0.5681541078125 0.5029142640625001 0.5553724828125 0.5035719265624999 0.543480803125 0.5037761703125 0.530690725 0.5033884750000001 0.5209689562500001 0.5023724421875 0.511887171875 0.50006895 0.5049668421875 0.49930624999999995 0.5025131515625 0.49807827656250003 0.5064418171875 0.49387791718749996 0.508722196875 0.4883613953125 0.5105153296875 0.48261046875 0.5120796359375 0.473969728125 0.5131017421874999 0.4685455546875 0.5122504015625 0.470063259375 0.5173781578125001 0.47010319375 0.5266464984375 0.46957635625 0.5347918390624999 0.469600903125 0.544500925 0.469880859375 0.5573079125 0.4699110203125 0.5703268203125
3 0.26019313125 0.5473377578124999 0.25644057343750004 0.547206715625 0.2523997421875 0.54838945625 0.246406715625 0.5499453062499999 0.24309218437500002 0.5511534109375 0.23781214843749998 0.549645178125 0.232622378125 0.5490226640625 0.226781184375 0.5497012515625 0.2188261875 0.5553807796875 0.216122525 0.5599198390625 0.21269256250000002 0.564433534375 0.20886866406250001 0.569816040625 0.2041435453125 0.5767115656249999 0.20128597187500002 0.58565808125 0.20107819062500001 0.5916081484375 0.20080114999999998 0.5995415703125 0.2007836796875 0.603512509375 0.215332175 0.6172590484375 0.22332502656250003 0.6243780531249999 0.2309547296875 0.6314843781249999 0.2397949359375 0.6386329734375 0.2477359984375 0.643764396875 0.2581498578125 0.6509679453125 0.2604385796875 0.644428621875 0.263453603125 0.6379146625 0.2645759171875 0.6335410218749999 0.2636984046875 0.620492525 0.263351265625 0.6061387 0.2633421125 0.59598886875 0.265513940625 0.5823849328125 0.26831764687500004 0.5749810265625 0.27049863125 0.5715269234375 0.27121161875 0.5684628390625 0.2707833671875 0.5633731281250001 0.2692061765625 0.5564781640625001 0.26744637187500003 0.551341953125 0.26508693125 0.5494944265624999 0.2625910484375 0.54808341875 0.26019313125 0.5473377578124999
3 0.42981093281250005 0.5212679125 0.430913696875 0.5243954046875 0.43156096406250005 0.5301546890625 0.4319948328125 0.5385542203125 0.431246903125 0.5495601796875 0.43032967031249997 0.5654143421875 0.4297294140625 0.5826034234375 0.42931385312500003 0.5945035578125 0.428898290625 0.606403690625 0.43012564218750005 0.616375421875 0.4312914296875 0.6281101359375 0.4344114890625 0.6359415453125 0.4388708 0.64359908125 0.4431859734375 0.651913509375 0.446413771875 0.6566596984374999 0.451009521875 0.6638807171875001 0.4517281296875 0.664126453125 0.4543030453125 0.6598035390625 0.45874196874999995 0.6506916031250001 0.4619088234375 0.643300378125 0.4642975890625 0.633896209375 0.4655738140625 0.6251151140625 0.466584853125 0.61698668125 0.46737126093750003 0.60487885625 0.4682941109375 0.5923345125 0.4691036046875 0.57956556875 0.4699110203125 0.5703268203125 0.469880859375 0.5573079125 0.469600903125 0.544500925 0.46957635625 0.5347918390624999 0.47010319375 0.5266464984375 0.470063259375 0.5173781578125001 0.4685455546875 0.5122504015625 0.46586705625 0.51259815 0.4604121 0.5126283 0.45662876093750004 0.51337875 0.45013052499999995 0.51204861875 0.4477095203125 0.5119640750000001 0.4434419796875 0.5126976156249999 0.43779671249999996 0.51470689375 0.4356178078125 0.5146308046875 0.43203039531250004 0.5167119453125 0.4301530765625 0.5184115203124999 0.42981093281250005 0.5212679125
3 0.44981954531249996 0.3335387234375 0.44569551875 0.34751577031249997 0.44157149375 0.3614928171875 0.43784348125 0.3710708609375 0.434261684375 0.376461821875 0.4328644078125 0.385238690625 0.43165120625000003 0.4026270078125 0.43058629843749996 0.4122980515625 0.4324916984375 0.42714757499999995 0.4348043453125 0.4442177359375 0.43586800937500003 0.4623474890625 0.43688758125 0.47826928593750007 0.436863871875 0.49283080312500005 0.4410636109375 0.504450821875 0.4447833078125 0.5089935484375 0.45013052499999995 0.51204861875 0.45662876093750004 0.51337875 0.4604121 0.5126283 0.46586705625 0.51259815 0.473969728125 0.5131017421874999 0.48261046875 0.5120796359375 0.4883613953125 0.5105153296875 0.49387791718749996 0.508722196875 0.49807827656250003 0.5064418171875 0.4998617890625 0.4970165125 0.5000275546874999 0.485328296875 0.5008391296875 0.46902916250000004 0.501552740625 0.45206467968749997 0.501854946875 0.43993994687500004 0.50201571875 0.4110415140625 0.501274646875 0.3975565 0.5002012062500001 0.38317731093749996 0.498113190625 0.37008654375 0.49563332187500003 0.35433439375 0.493254953125 0.3460876 0.48848844218750004 0.3333445796875 0.48298585312500003 0.3243267640625 0.47742731718750003 0.3203817484375 0.4639081671875 0.318806440625 0.45982885781249994 0.3210910453125 0.45306335625000005 0.3239437703125 0.44981954531249996 0.3335387234375
3 0.5549633328125 0.355964959375 0.5524653734375 0.3580841453125 0.5526746109375 0.36250428437500004 0.5527761124999999 0.3700096421875 0.553292553125 0.3795152640625 0.5532786203125 0.3903262140625 0.5532052015625 0.39936995625 0.5530163484374999 0.4117192875 0.553492234375 0.4258569671875 0.5528401875 0.441058465625 0.55211888125 0.45824332031250004 0.550273803125 0.46943160937500006 0.548094278125 0.48325591718750005 0.5467452546875 0.4871803578125 0.5498848656249999 0.4875106359375 0.552192515625 0.48737057968749997 0.555107496875 0.48372146718750003 0.558892915625 0.479440825 0.5612026453125 0.47577057500000003 0.5632702734375 0.472091871875 0.56565134375 0.4629080734375 0.56729071875 0.454139659375 0.568893696875 0.4429429171875 0.5707849484375 0.4304323890625 0.5711774234375 0.41919337656250005 0.5711990515625 0.40816205156249996 0.5712955562500001 0.39845719218750003 0.5709057828125 0.39226561718749997 0.5709022453125 0.38542560625 0.57123315625 0.3759495734375 0.5715948484375 0.36559205 0.571063015625 0.3565271734375 0.569735621875 0.3494202890625 0.56713678125 0.33013371875 0.5662124734375 0.33230785625000003 0.56437925 0.3362153875 0.562044353125 0.34407694843750003 0.5590447234375 0.3501501625 0.5568560421875001 0.3538246390625 0.5549633328125 0.355964959375
3 0.194803721875 0.441573409375 0.19391373437499998 0.44970607031250004 0.19348278125 0.46204694843749994 0.1930287421875 0.47504894531249997 0.19465564375 0.4874616859375 0.1959774203125 0.4912587515625 0.1999217484375 0.49978086875 0.20708825625 0.5097393593749999 0.21070229375 0.5138371125 0.21663937187500001 0.5173540625 0.22273036249999997 0.5164635578125 0.2297246515625 0.5105298390625 0.2346610890625 0.504524259375 0.24051413593749998 0.4965649140625 0.2452238625 0.4901101328125 0.24726840625 0.48709254843750005 0.24606268125000003 0.46608949375000003 0.24897453125000002 0.403528971875 0.2354308375 0.392244578125 0.2294455046875 0.39358005625 0.21890020156249998 0.40402324375000004 0.2076824640625 0.4128984578125 0.1981055609375 0.42337546093749995 0.194803721875 0.441573409375
3 0.40310084375 0.52607185625 0.3981664875 0.5285472437500001 0.3915143390625 0.5316245703125 0.3865645921875 0.534540703125 0.3830597515625 0.537727934375 0.3804176546875 0.5405040125 0.37909941406250003 0.543546959375 0.3789665078125 0.550823490625 0.3799251359375 0.5546078734375001 0.38200545625000004 0.567919015625 0.3828367953125 0.5822897484375 0.3837373953125 0.594677125 0.38403274375 0.6070433671875 0.3845645765625 0.6161082437500001 0.385482646875 0.6245246843750001 0.38666382499999996 0.6358186515625001 0.38876723125 0.6484686734375 0.39210630625 0.65696965625 0.39478064375 0.66368229375 0.3989670703125 0.6722128671875 0.40196046562500004 0.6767302296875 0.4069368375 0.679992990625 0.4117942375 0.6797213328125 0.41675168124999995 0.6765848265625001 0.4195323 0.6698420390625001 0.4237522109375 0.66006053125 0.42611435000000003 0.644477465625 0.427308003125 0.6345902796875 0.428190296875 0.6266779921875 0.4287059015625 0.6119130125 0.42931385312500003 0.5945035578125 0.4297294140625 0.5826034234375 0.43032967031249997 0.5654143421875 0.431246903125 0.5495601796875 0.4319948328125 0.5385542203125 0.43156096406250005 0.5301546890625 0.430913696875 0.5243954046875 0.42981093281250005 0.5212679125 0.4284352875 0.5190134578125 0.423691240625 0.5195097171875 0.41959861875 0.518704875 0.4162456109375 0.52101484375 0.41404361874999995 0.521599871875 0.4081408609375 0.5240414421875 0.40310084375 0.52607185625