0 0.2452945453125 0.37692574375 0.24595401562500002 0.3768094609375 0.24647074062500002 0.3758836359375 0.246327996875 0.3750740953125 0.2450147640625 0.374053584375 0.243992728125 0.3733990859375 0.24333325781249998 0.37351536875 0.241942946875 0.37334316093750003 0.24084383125 0.373536965625 0.240689671875 0.3752335703125 0.24141480781250002 0.3767751328125 0.24243684375000002 0.3774296328125 0.24397560624999998 0.3771583078125 0.2452945453125 0.37692574375
3 0.6468063890625 0.5703145796875 0.6490246296875 0.58160940625 0.651819553125 0.5948893265625 0.6558734578125 0.6050257640625001 0.6649062156250001 0.6151190078125001 0.6753407 0.622878309375 0.684952959375 0.6182619171875 0.696435128125 0.6049686953125 0.70290990625 0.5979840359375 0.7074947703125 0.5879937734375 0.7135470234375 0.5773274140625 0.71981339375 0.5678753703125 0.7205670640624999 0.5631515640625 0.7182603296875001 0.5552111875 0.7160363828125 0.5451694359375 0.7126533609375 0.5324105671875 0.7089134796875001 0.5176278453125 0.705047975 0.49827636093749994 0.7048566875 0.49204975468749995 0.7056817296875 0.48773072031250003 0.7066381015625 0.4867273734375 0.7025784890625 0.47784400937499993 0.695541259375 0.46364269843750006 0.6893604953125 0.45429864062499997 0.683388140625 0.4474219671875 0.683941996875 0.45441935468750005 0.6844787296875 0.465175965625 0.683856390625 0.473215459375 0.6812499359374999 0.4828568765625 0.6793143640625 0.48987586250000004 0.675868565625 0.49090080468749997 0.6681804625 0.4910043578125 0.6609320046875 0.49103039062500003 0.655210896875 0.4932912421875 0.6519078406250001 0.495125728125 0.6467034578125 0.49646075625 0.6449448734375001 0.4967708421875 0.6429265140625 0.5058912046875 0.6427267 0.5176124 0.6430436109375 0.5284077703125 0.6440142843750001 0.54033993125 0.6454959765625 0.5525993421875001 0.6468063890625 0.5703145796875
3 0.2685615578125 0.3803355453125 0.2611674703125 0.3641103796875 0.2553606859375 0.3530309546875 0.2506416046875 0.344263871875 0.2482292578125 0.3434371671875 0.24146328437500003 0.350055815625 0.23686700468750002 0.36255222656249997 0.2379147578125 0.373636084375 0.2375836140625 0.3820415890625 0.23622472656250001 0.3910456703125 0.23550818593749998 0.4036926890625 0.236287571875 0.40939824375 0.23770930625000003 0.4187467359375 0.24027299218749998 0.4345715640625 0.2507903296875 0.47236587343750003 0.2582929203125 0.496919021875 0.267602640625 0.52657915 0.2731496515625 0.5464688515625 0.27692377343749996 0.5537331328125 0.281363075 0.55962805625 0.2851543203125 0.563133115625 0.2895336609375 0.5661171203124999 0.2947266296875 0.5672882390625 0.2995627390625 0.566435503125 0.3042561046875 0.5647732249999999 0.3092463734375 0.5622238828125 0.31256655 0.5566301765625 0.31573256562499996 0.552733075 0.3171514125 0.5466399140625 0.31513016718750003 0.540318621875 0.3136427671875 0.5293122828125 0.311704309375 0.520889615625 0.31056235625 0.5144132796875 0.3088265984375 0.5097110703125 0.30630575000000004 0.5005563828125 0.3047355640625 0.4916514203125 0.30522086718749997 0.4815493109375 0.3058260859375 0.4772690359375 0.304695546875 0.468286553125 0.30326810625 0.46019113437500003 0.301655084375 0.44461603437499997 0.29368431250000004 0.4264057734375 0.286981115625 0.41924061406249996 0.2813056625 0.4114768765625 0.276466665625 0.396887959375 0.2685615578125 0.3803355453125
3 0.6177777718749999 0.32084608281250004 0.613424146875 0.3282914359375 0.612696190625 0.3434446015625 0.60813704375 0.36386422500000004 0.6051394875 0.379000228125 0.602598696875 0.3902994890625 0.6010970640625 0.3984940265625 0.6055021218750001 0.411907390625 0.6096102765625 0.426207821875 0.6119055984374999 0.43665434531249997 0.616068003125 0.4551187671875 0.619522396875 0.4682824046875 0.6208128 0.47431520781250003 0.625175021875 0.48105843437500007 0.63333419375 0.490053646875 0.6404170796875001 0.49423036875 0.6467034578125 0.49646075625 0.6519078406250001 0.495125728125 0.655210896875 0.4932912421875 0.6609320046875 0.49103039062500003 0.6681804625 0.4910043578125 0.675868565625 0.49090080468749997 0.6793143640625 0.48987586250000004 0.6812499359374999 0.4828568765625 0.683856390625 0.473215459375 0.6844787296875 0.465175965625 0.683941996875 0.45441935468750005 0.6827515 0.4425259546875 0.6811984359375 0.429861771875 0.6784035125 0.41658185156250005 0.6745208875 0.4009895890625 0.66975896875 0.38555236718749997 0.6657164796874999 0.372909784375 0.6628216484375 0.3654904609375 0.6553961359375 0.34008900937500003 0.6498262968749999 0.3252116015625 0.6447560625000001 0.313167590625 0.637399103125 0.3048656390625 0.632146175 0.300783603125 0.62321050625 0.301524490625 0.6177777718749999 0.32084608281250004
3 0.470140078125 0.6661557625000001 0.47390849375000005 0.6746731171875 0.48283275156250005 0.676438375 0.4929332015625 0.677161528125 0.502242853125 0.6746852734375001 0.5107445859374999 0.6727688328125 0.5184012640625 0.6634889937499999 0.52290905 0.6543470359375 0.523862534375 0.6379020343749999 0.523771153125 0.6258148296875 0.5231630468749999 0.6146534484374999 0.5208848484375 0.6004477046875001 0.519468821875 0.5898461375 0.5152464578125 0.5684707984374999 0.5124401187500001 0.5576970265625001 0.5108956499999999 0.5592214249999999 0.5091741953125 0.5674547234375 0.504332378125 0.569560534375 0.4956222390625 0.5690095875 0.486840725 0.5680538703125 0.48325218281250004 0.568269271875 0.478487446875 0.5695267796875 0.47050814687500003 0.569264321875 0.4613640671875 0.5675378234374999 0.45352180625000005 0.56933798125 0.4432557828125 0.57281758125 0.44525420000000004 0.5841511671874999 0.44941660624999996 0.6026155890625 0.452651175 0.6158179875 0.45750158750000003 0.627900759375 0.46587205625 0.6548050125 0.470140078125 0.6661557625000001
3 0.4359468890625 0.34497801250000004 0.429083828125 0.34076253125 0.41826394999999994 0.3372447421875 0.4102132796875 0.33657751406249997 0.400915040625 0.336547621875 0.3929186203125 0.340044384375 0.3840257875 0.3474554125 0.379589375 0.3570021421875 0.3756069109375 0.379406859375 0.374108165625 0.40304305156250003 0.3727807015625 0.42122341875 0.370799471875 0.43826699375 0.3713362078125 0.449023603125 0.3737343203125 0.46905118437500004 0.37691182031250003 0.49478431875 0.380611753125 0.51833855625 0.38379777812500004 0.5261238890625 0.387960184375 0.5445883109375 0.3901184671875 0.55297221875 0.3937327265625 0.5631861781249999 0.3970015375 0.5688701359375 0.400852740625 0.5752861125 0.405292040625 0.5811810375 0.41100744375 0.5801732578125 0.42111930937500003 0.5783902624999999 0.43093997812499996 0.5762412578125 0.440980471875 0.574053490625 0.45352180625000005 0.56933798125 0.4613640671875 0.5675378234374999 0.47050814687500003 0.569264321875 0.478487446875 0.5695267796875 0.48325218281250004 0.568269271875 0.486840725 0.5680538703125 0.4956222390625 0.5690095875 0.504332378125 0.569560534375 0.5091741953125 0.5674547234375 0.5108956499999999 0.5592214249999999 0.511012678125 0.54960160625 0.508663109375 0.5349910921875 0.5029961828125 0.5092795531250001 0.49941045781250004 0.49280022656250005 0.494314509375 0.47032685625 0.48060543750000007 0.42600028749999996 0.47037647656250003 0.4052667171875 0.461520703125 0.388464575 0.45578529375 0.3777899203125 0.44969302187500004 0.36509141093749997 0.4411826953125 0.35281927031250004 0.4359468890625 0.34497801250000004
3 0.3200720265625 0.5966249796875001 0.31982366875 0.6029291078125001 0.3215365984375 0.6126436125 0.3237662515625 0.6214322906249999 0.3325963078125 0.6278050734375 0.34495495 0.6310515375 0.355917571875 0.6353788687499999 0.3660893953125 0.6365067921875001 0.3729039140625 0.6353052078125 0.378185375 0.6331218765625 0.3806319671875 0.626430140625 0.382310584375 0.6115267015625 0.38286155312500003 0.603082434375 0.3803092796875 0.584751459375 0.377311653125 0.5677510781249999 0.37326345625 0.5563615671875 0.368984021875 0.5475169640625001 0.3672197296875 0.5490801249999999 0.3636026515625 0.55556089375 0.35751326875 0.558304040625 0.35163800156249997 0.5622614984375 0.34482348281249997 0.56346308125 0.33385515312499997 0.560388825 0.32559607343749997 0.557254209375 0.3201946953125 0.5536157046875 0.31779946875 0.549029778125 0.3171114640625 0.5554114296875 0.3175225734375 0.5615992765625 0.318307665625 0.56605175625 0.31921838281250003 0.575073 0.319612371875 0.5850200671875 0.3200720265625 0.5966249796875001
3 0.5460390265624999 0.6556942203125 0.5537471375 0.667273103125 0.56075865 0.6710450531250001 0.5704251625000001 0.670592653125 0.5820101249999999 0.6668804890625 0.5882536671875 0.6624407375 0.5943002125 0.6530274515625 0.597917290625 0.6465466828124999 0.59696085 0.6154136453125 0.5955391171875 0.606065153125 0.5963584515625 0.6029991921875 0.5953049921875 0.59316840625 0.5937804640625 0.57423885625 0.5936234171875 0.5604938078124999 0.59334934375 0.556368575 0.58596955625 0.5530789171875 0.5804197265625 0.5498839453125 0.5744730875 0.5534366312500001 0.5701365828125 0.557122765625 0.5644925515625 0.558535315625 0.5530617484375 0.560550875 0.5326895656249999 0.5645603968749999 0.5208248234374999 0.5654004031250001 0.517319065625 0.563514428125 0.5149124265625 0.5614346484375 0.51748181875 0.576006403125 0.5228147140625 0.5946817921875 0.52823039375 0.6112558046875 0.5325526640625 0.626770546875 0.5384850703125 0.642418734375 0.5460390265624999 0.6556942203125
3 0.22068005781250002 0.3800138734375 0.217394125 0.3780891375 0.216200809375 0.3828904640625 0.2172542703125 0.39272125 0.217862375 0.40388262968750005 0.2182449515625 0.4163358453125 0.21836486718749998 0.42215768281250005 0.2200777953125 0.43187218437499997 0.22163656718750002 0.44328329375 0.2223103375 0.45610251718750006 0.2227757 0.46645435781250005 0.2270266 0.48156432968749996 0.23160582343749997 0.5049635234375 0.2345492 0.5177999125 0.23902562968750002 0.5316180484374999 0.2439474125 0.544105590625 0.24568316874999999 0.5488077984374999 0.24726476874999997 0.5552066124999999 0.24995689843750002 0.5589054765625 0.2543305328125 0.5631425546875 0.25973761875 0.5655279859375 0.2632547890625 0.5649078140625 0.26898160625 0.5613938875 0.269735275 0.55667008125 0.27232460937499997 0.5507878859375 0.2731496515625 0.5464688515625 0.267602640625 0.52657915 0.2582929203125 0.496919021875 0.2507903296875 0.47236587343750003 0.24027299218749998 0.4345715640625 0.23770930625000003 0.4187467359375 0.236287571875 0.40939824375 0.2330358796875 0.3999550640625 0.229190384375 0.3922860140625 0.2243171453125 0.3852155390625 0.22068005781250002 0.3800138734375
3 0.613330559375 0.6221264078125001 0.6216438906249999 0.6294250140625001 0.6312047890625 0.6360862859374999 0.635381428125 0.63534983125 0.6406914265625 0.62690113125 0.6435119968749999 0.6184740296875 0.6478770375 0.608522528125 0.6501095109375 0.600616478125 0.6483423312500001 0.5867379828125 0.6468063890625 0.5703145796875 0.6454959765625 0.5525993421875001 0.6440142843750001 0.54033993125 0.6430436109375 0.5284077703125 0.6427267 0.5176124 0.6429265140625 0.5058912046875 0.6404170796875001 0.49423036875 0.63333419375 0.490053646875 0.625175021875 0.48105843437500007 0.6208128 0.47431520781250003 0.62113541875 0.48385750468750005 0.6215122875 0.49756379375000004 0.6207843343749999 0.512716959375 0.61904005 0.5259625531250001 0.619297003125 0.5338470046875 0.6167019625 0.5409822734375 0.61455798125 0.545533871875 0.609995946875 0.5505118390625 0.6028731125 0.555106634375 0.59334934375 0.556368575 0.5936234171875 0.5604938078124999 0.5937804640625 0.57423885625 0.5953049921875 0.59316840625 0.5963584515625 0.6029991921875 0.5986651859375 0.61093956875 0.602681959375 0.6131527921875 0.613330559375 0.6221264078125001
3 0.726404928125 0.4227253609375 0.7266276390625 0.4381282546875 0.725993884375 0.44867389687500003 0.7280750874999999 0.4579061078125 0.7321347 0.46678947031250007 0.7356119203125 0.47494081406250005 0.7383811296875 0.47779137499999996 0.7428261359375 0.482433225 0.7495407468749999 0.4870922390625 0.75414561875 0.488784409375 0.7579425718749999 0.49103639687499995 0.761245625 0.4892019109375 0.7654136703125001 0.47427687656249995 0.7660360093749999 0.46623738125 0.7667867921875 0.44607191874999996 0.7666240390625 0.43357994375000003 0.7635064984375 0.41075772656250004 0.7618991828125 0.393929553125 0.75987505 0.37216660625000003 0.757097246875 0.35512746562499997 0.7541652875 0.3397849296875 0.7503597390625 0.3233443625 0.7469110546875 0.30892765 0.745009725 0.3084281953125 0.741172825 0.314947725 0.736813490625 0.323646153125 0.7337673890625 0.3333650890625 0.7310895625 0.3426017359375 0.7276694796875 0.3540560390625 0.7258538234375 0.36689686093749996 0.7239296656249999 0.3714096984375 0.725988040625 0.3856542046875 0.72703579375 0.3967380625 0.72675319375 0.410560634375 0.726404928125 0.4227253609375
3 0.5070297359375 0.3470516421875 0.5045974484375 0.3666788859375 0.500572146875 0.3824134625 0.49515653437499996 0.397975834375 0.49224176406250003 0.4110104609375 0.48869035156249996 0.41914907343749996 0.4879795171875 0.43054301875 0.49054891093749997 0.44511477343749994 0.4957933125 0.4671446125 0.4989279765625 0.4862076078125 0.5036014015625 0.504999278125 0.5056654828125 0.5179907109374999 0.508663109375 0.5349910921875 0.511012678125 0.54960160625 0.5124401187500001 0.5576970265625001 0.517319065625 0.563514428125 0.5208248234374999 0.5654004031250001 0.5326895656249999 0.5645603968749999 0.5530617484375 0.560550875 0.5644925515625 0.558535315625 0.5701365828125 0.557122765625 0.5744730875 0.5534366312500001 0.5804197265625 0.5498839453125 0.58596955625 0.5530789171875 0.59334934375 0.556368575 0.6028731125 0.555106634375 0.609995946875 0.5505118390625 0.61455798125 0.545533871875 0.6167019625 0.5409822734375 0.619297003125 0.5338470046875 0.61904005 0.5259625531250001 0.6207843343749999 0.512716959375 0.6215122875 0.49756379375000004 0.62113541875 0.48385750468750005 0.619522396875 0.4682824046875 0.616068003125 0.4551187671875 0.6119055984374999 0.43665434531249997 0.6096102765625 0.426207821875 0.6055021218750001 0.411907390625 0.6010970640625 0.3984940265625 0.59669200625 0.38508066093750004 0.5886498625 0.3664656296875 0.5728225265625 0.3371200203125 0.5660108265625 0.3216268765625 0.5550881546875 0.30852802968750004 0.54837925 0.3026159421875 0.538492915625 0.303107103125 0.5273418921874999 0.3079948203125 0.5188829968750001 0.3165813984375 0.5112034890625 0.3308735328125 0.5070297359375 0.3470516421875
3 0.6764591421875 0.313003109375 0.6777752609375 0.329465271875 0.6763878375 0.3447347203125 0.673650053125 0.351060446875 0.67246244375 0.3546087015625 0.6717687328124999 0.362243425 0.6713005515625 0.3685863140625 0.6692878984374999 0.376453603125 0.66975896875 0.38555236718749997 0.6745208875 0.4009895890625 0.6784035125 0.41658185156250005 0.6811984359375 0.429861771875 0.6827515 0.4425259546875 0.683388140625 0.4474219671875 0.6893604953125 0.45429864062499997 0.695541259375 0.46364269843750006 0.7025784890625 0.47784400937499993 0.7066381015625 0.4867273734375 0.7144518265625 0.4911925828125 0.7186056390625 0.49546842343749997 0.72087524375 0.4954855875 0.7232447546875 0.489642153125 0.7232019171874999 0.48297201406249995 0.7232589875000001 0.47044127812500003 0.723607253125 0.45827655 0.725993884375 0.44867389687500003 0.7266276390625 0.4381282546875 0.726404928125 0.4227253609375 0.72675319375 0.410560634375 0.72703579375 0.3967380625 0.725988040625 0.3856542046875 0.7239296656249999 0.3714096984375 0.7215144312499999 0.3551413390625 0.7185567546875 0.32936944375 0.7163385140625 0.3180746171875 0.71225889375 0.2975088203125 0.7030148390625001 0.2695065359375 0.6958491671875 0.267431190625 0.690935978125 0.2691322296875 0.6870334125 0.27399391562500003 0.6818376234375 0.289517525 0.678922853125 0.3025521515625 0.6764591421875 0.313003109375
3 0.325467221875 0.376561878125 0.3202028796875 0.3749859875 0.31404783125 0.3760712890625 0.309265971875 0.38108801875 0.304823853125 0.39188782187500004 0.302865453125 0.40391910312499996 0.3030824578125 0.4205750703125 0.30266281875 0.4323350265625 0.30219463750000003 0.438677915625 0.301655084375 0.44461603437499997 0.30326810625 0.46019113437500003 0.304695546875 0.468286553125 0.3058260859375 0.4772690359375 0.30522086718749997 0.4815493109375 0.3047355640625 0.4916514203125 0.30630575000000004 0.5005563828125 0.3088265984375 0.5097110703125 0.31056235625 0.5144132796875 0.311704309375 0.520889615625 0.3136427671875 0.5293122828125 0.31513016718750003 0.540318621875 0.3171514125 0.5466399140625 0.3201946953125 0.5536157046875 0.32559607343749997 0.557254209375 0.33385515312499997 0.560388825 0.34482348281249997 0.56346308125 0.35163800156249997 0.5622614984375 0.35751326875 0.558304040625 0.3636026515625 0.55556089375 0.3672197296875 0.5490801249999999 0.37141919687499997 0.5433313765625 0.37461945625 0.531915834375 0.3764179921875 0.52283423125 0.3795126375 0.5185323609375 0.380611753125 0.51833855625 0.37691182031250003 0.49478431875 0.3737343203125 0.46905118437500004 0.3713362078125 0.449023603125 0.3656407453125 0.4295774328125 0.35895466875 0.4186530515625 0.3492138984375 0.403259025 0.3414344125 0.391275371875 0.334154534375 0.38212511718750003 0.325467221875 0.376561878125
3 0.38914229218749996 0.6387022796874999 0.3951232421875 0.659767534375 0.3999308171875 0.665180165625 0.41031675625 0.6675224015625 0.4216590671875 0.6688612921875 0.43110004843749994 0.6697007265625 0.4374749203125 0.6685766656250001 0.44231673593750004 0.6664708546875 0.445434209375 0.6571566890625 0.447903628125 0.6454526578124999 0.4505386171875 0.629545875 0.45016175 0.615839584375 0.4476523125 0.6041787484375 0.440980471875 0.574053490625 0.43093997812499996 0.5762412578125 0.42111930937500003 0.5783902624999999 0.41100744375 0.5801732578125 0.405292040625 0.5811810375 0.400852740625 0.5752861125 0.3970015375 0.5688701359375 0.3937327265625 0.5631861781249999 0.3901184671875 0.55297221875 0.387960184375 0.5445883109375 0.38379777812500004 0.5261238890625 0.380611753125 0.51833855625 0.3795126375 0.5185323609375 0.3764179921875 0.52283423125 0.37461945625 0.531915834375 0.3731235328125 0.5388572968750001 0.3746166375 0.5486105609374999 0.377311653125 0.5677510781249999 0.3803092796875 0.584751459375 0.38286155312500003 0.603082434375 0.38518829375 0.6227052453125 0.38914229218749996 0.6387022796874999