3 0.2502363421875 0.51105615625 0.25034072812499997 0.5298205515625 0.2505386875 0.5470158875 0.251515153125 0.5622934359375 0.2531765515625 0.5772222593749999 0.25469985781250004 0.5962251234375 0.2562868046875 0.6030242390625 0.26403816406249997 0.6066848125 0.2758546109375 0.6107580046875001 0.286871675 0.6129961046875 0.29781151562499997 0.6171152375 0.3072506875 0.6194360328124999 0.315523484375 0.6196281359375 0.31836861875 0.6135352375 0.321657965625 0.6058549046875 0.3261255125 0.5971743296875001 0.32978638125000004 0.5932285 0.3326760359375 0.58463061875 0.33393422500000003 0.5717386046875 0.3340096859375 0.5564059265625 0.3338534828125 0.5467163484374999 0.33153984687500004 0.5327602015624999 0.3297639984375 0.515647559375 0.3271932921875 0.5001407296875 0.3193647109375 0.498361190625 0.3065899078125 0.49277406875 0.29619238124999997 0.4889393421875 0.2888525359375 0.4830673859375 0.281699834375 0.474057309375 0.2779599828125 0.4664325296875 0.27477602968750003 0.4694148734375 0.26999783437499997 0.47216793749999997 0.26461645625 0.4768296 0.2595693671875 0.48116090937499995 0.25508094375 0.4860886046875 0.2518896953125 0.49564078437500003 0.2502363421875 0.51105615625
3 0.24378140625000003 0.47510603749999997 0.25049995625 0.469122975 0.2605659578125 0.463277309375 0.2663425015625 0.4560922875 0.27246969062500004 0.44888889218749994 0.2706075640625 0.4267754734375 0.270070784375 0.406469584375 0.2692932859375 0.384924984375 0.26974303437499997 0.36331606875 0.26967587656249997 0.3486165265625 0.2696250671875 0.33422895937499997 0.2716436515625 0.305655540625 0.26363974843750004 0.3038851890625 0.24725312812500003 0.3031798203125 0.23270146875000003 0.30394244062500003 0.21688986250000003 0.3041454296875 0.20549398437500002 0.3047426625 0.2014615953125 0.304953990625 0.191292965625 0.30548690624999997 0.19126101874999998 0.34177698749999996 0.1924354421875 0.374249871875 0.1951414734375 0.3956934015625 0.19726067187500002 0.4193575015625 0.200967821875 0.42635833281249996 0.2066170859375 0.44358080937500005 0.212196425 0.456114484375 0.2176449640625 0.466152365625 0.227411134375 0.47471264375000005 0.23501534531249998 0.47556544843750004 0.24378140625000003 0.47510603749999997
3 0.1380715359375 0.3298614671875 0.1382903734375 0.35080968281249997 0.141458728125 0.38442939374999996 0.14455263125 0.4099194 0.1493625171875 0.431252671875 0.1537873015625 0.43852872343750005 0.16407943593750002 0.44706143750000005 0.1713003046875 0.44730867031250005 0.1778153609375 0.4441517515625 0.18703292968750002 0.43553507031249994 0.192650503125 0.4286712125 0.19726067187500002 0.4193575015625 0.1951414734375 0.3956934015625 0.1924354421875 0.374249871875 0.19126101874999998 0.34177698749999996 0.191292965625 0.30548690624999997 0.1827958 0.3043680671875 0.16924249062500002 0.30069873125 0.15881678906250002 0.2996809625 0.149842709375 0.2995256125 0.139531459375 0.30069166406250003 0.1380715359375 0.3298614671875
3 0.42723855312500003 0.6043884640625 0.42935599062499996 0.6146009203125 0.4444172625 0.6134987609375 0.456547125 0.6134887234375 0.4691866015625 0.6131391484375001 0.4770315328125 0.6152306624999999 0.4850963078125 0.6148080046875 0.48890432500000003 0.613669940625 0.4915814328125 0.601016396875 0.49383797031250004 0.5836924265625 0.49561759375000003 0.5673319421875 0.4976706390625 0.5528341171875 0.4987371578125 0.539639315625 0.498646353125 0.5311976359374999 0.497996884375 0.5221595703124999 0.497966953125 0.51152488125 0.4987854546875 0.5036612078125 0.49724479062500004 0.50780875625 0.4940608375 0.5107910999999999 0.48875667968750003 0.513571728125 0.4748781328125 0.5171145515625 0.46358035312499996 0.5195836296875 0.45307743125 0.5204468953125 0.43460330625 0.520163759375 0.4238923625 0.520412265625 0.4118233734375 0.5182292937499999 0.41190965 0.52323006875 0.41369732187499997 0.53721378125 0.41578658593749995 0.5502431953125 0.419519140625 0.5644378109375 0.42262763281250004 0.57678814375 0.4256752515625 0.5913314875 0.42723855312500003 0.6043884640625
3 0.6280160515625 0.329523884375 0.621220278125 0.33738798124999997 0.621163934375 0.3430218921875 0.6235547921875 0.35509700781250003 0.6257049296875 0.3659334109375 0.6280140359375 0.37644865312500003 0.630213221875 0.38822097968749997 0.63282845 0.401222828125 0.634917715625 0.41425224062500005 0.6365137140625 0.4279331671875 0.63737573125 0.44102689687499996 0.6373938421875 0.4547905140625 0.6376317953124999 0.46603996406250003 0.6402543171875 0.4724719765625 0.6441531390625 0.47977559375 0.6484471234375 0.4845558546875 0.65903179375 0.485252459375 0.6693593953125 0.48439838125 0.67860236875 0.482975484375 0.6846241609375 0.48047007812500003 0.692361940625 0.4738079375 0.6981221343749999 0.4663109421875 0.7042656703125 0.45941952031250005 0.7083898703125 0.4441874875 0.7109034796875 0.4284142 0.7117247484375 0.41053978593749996 0.7116412390625 0.39552826875 0.7108355671875 0.3768006265625 0.7105930875 0.3621102734375 0.7096865484375 0.351521525 0.7089671546874999 0.337794659375 0.70768456875 0.3200305046875 0.702780103125 0.323728678125 0.6952294703125 0.3272527015625 0.688506390625 0.3297948609375 0.6768743203125 0.3325942890625 0.6681082609375 0.3330537 0.6576380390625001 0.3345409125 0.6496504859375001 0.3330825359375 0.6390004140625 0.331138034375 0.6308211906250001 0.329376871875 0.6280160515625 0.329523884375
3 0.32699886718750004 0.2918054078125 0.3191911640625 0.293778746875 0.309394053125 0.298046165625 0.3007587921875 0.30100136875 0.2927267171875 0.30204797499999997 0.2825907875 0.3032048390625 0.2796266765625 0.3036730109375 0.2716436515625 0.305655540625 0.2696250671875 0.33422895937499997 0.26967587656249997 0.3486165265625 0.26974303437499997 0.36331606875 0.2692932859375 0.384924984375 0.270070784375 0.406469584375 0.2706075640625 0.4267754734375 0.27246969062500004 0.44888889218749994 0.2779599828125 0.4664325296875 0.281699834375 0.474057309375 0.2888525359375 0.4830673859375 0.29619238124999997 0.4889393421875 0.3065899078125 0.49277406875 0.3193647109375 0.498361190625 0.3305080453125 0.49965417968750003 0.3400080890625 0.499781965625 0.3482808859375 0.49997406875 0.35133856875 0.4979368359375 0.35535007812499997 0.493972628125 0.3594506328125 0.48499845625000004 0.35951150468750004 0.48280545 0.3577283609375 0.47226264218749997 0.357025315625 0.45884775 0.3566193375 0.441037653125 0.356405028125 0.42353034375 0.35684119375 0.3915987125 0.3583028765625 0.37588055468750003 0.35969915937499997 0.35891449999999997 0.3574463953125 0.3427653453125 0.35181071249999996 0.3358655828125 0.34588525937500003 0.32679118906250004 0.3408527609375 0.31798282968749997 0.3352570734375 0.3051371828125 0.3294578921875 0.2951176765625 0.32699886718750004 0.2918054078125
3 0.5206832593749999 0.3076198203125 0.517878121875 0.30776683125000004 0.5161249078125 0.30785871249999996 0.5117509328125001 0.3149702265625 0.505347559375 0.33032170625 0.5011697828125 0.34117691250000004 0.4982356046875 0.3522797734375 0.4963624078125 0.3702093171875 0.49605352031249994 0.37773345156250004 0.4960925078125 0.3952499484375 0.4973187484375 0.4186480171875 0.4972596359375 0.4342926703125 0.49788093125 0.44614769218749994 0.4985394546875 0.46206756562500007 0.4999156109375 0.4782626609375 0.50037340625 0.48699794062499996 0.5030168078125 0.49718283124999996 0.507719540625 0.509762446875 0.5144353234375 0.5137901234375 0.5221212828125 0.5162027984375 0.5327831765625 0.5150183703125 0.5441627046875 0.5141091640625 0.555892875 0.5131815796875 0.5651685484375 0.51238263125 0.5767233968750001 0.5114642359375 0.5894564453125 0.5095456015625001 0.597170578125 0.5091413203124999 0.60897796875 0.5063327046875 0.6194600140625 0.5017165593749999 0.62576705 0.4979448796875 0.6302554734375 0.49301718437500003 0.6329579859375001 0.48755742187499995 0.635590571875 0.4774088609375 0.6376317953124999 0.46603996406250003 0.6373938421875 0.4547905140625 0.63737573125 0.44102689687499996 0.6365137140625 0.4279331671875 0.634917715625 0.41425224062500005 0.63282845 0.401222828125 0.630213221875 0.38822097968749997 0.6280140359375 0.37644865312500003 0.6257049296875 0.3659334109375 0.6235547921875 0.35509700781250003 0.621163934375 0.3430218921875 0.6175576515625 0.32788216718749996 0.6096963703125 0.3254786796875 0.5965427515624999 0.322726890625 0.5814115531249999 0.31914024531249996 0.5667736156250001 0.314902090625 0.552935065625 0.312499028125 0.5429045296874999 0.3089579015625 0.53356345625 0.3085089515625 0.5285890625 0.307518325 0.5206832593749999 0.3076198203125
3 0.10295623281249999 0.3776879546875 0.112094565625 0.4178770765625 0.11783287499999999 0.4300895890625 0.1215027984375 0.4330255671875 0.1293877234375 0.4291711953125 0.13612262343749998 0.42350010468750005 0.14400755 0.41964573125 0.14455263125 0.4099194 0.141458728125 0.38442939374999996 0.1382903734375 0.35080968281249997 0.1380715359375 0.3298614671875 0.139531459375 0.30069166406250003 0.12980704375000002 0.2996371453125 0.1198909578125 0.2982798375 0.1035742640625 0.3022632703125 0.099590925 0.303410521875 0.0999304984375 0.34343510625 0.10295623281249999 0.3776879546875
3 0.1470674890625 0.5283505890625 0.147599740625 0.5452155734375 0.1487887546875 0.5645487874999999 0.1498987859375 0.5723113921875 0.1617524609375 0.5804494375 0.175195846875 0.585375859375 0.18587861875 0.587944309375 0.195935565625 0.575216834375 0.1971001828125 0.5638938796875 0.1973700828125 0.5388532484375 0.198708259375 0.5140694609375001 0.20185599375000002 0.4835598765625 0.205870271875 0.4695849296875 0.2096720015625 0.45155431718749994 0.2066170859375 0.44358080937500005 0.200511784375 0.43107470000000003 0.192650503125 0.4286712125 0.18703292968750002 0.43553507031249994 0.1778153609375 0.4441517515625 0.1713003046875 0.44730867031250005 0.16407943593750002 0.44706143750000005 0.16151501562499998 0.44844715781250005 0.15966093750000002 0.45667793437500004 0.1570937515625 0.4680743953125 0.153911559375 0.48450838437500005 0.15171589218749998 0.499639346875 0.1486436203125 0.51481625 0.1470674890625 0.5283505890625
3 0.342243240625 0.599457946875 0.34720304375 0.6135882453125 0.35079574375 0.61840525625 0.36290925625 0.618083246875 0.3753734109375 0.6177428578125 0.3857010125 0.61688878125 0.3972395109375 0.6156584125 0.400919496875 0.6020138140625 0.40463218124999994 0.588993165625 0.41035967656250005 0.5808722234375 0.4113980203125 0.5704943796874999 0.41371266406249996 0.560988140625 0.41578658593749995 0.5502431953125 0.41369732187499997 0.53721378125 0.41190965 0.52323006875 0.4118233734375 0.5182292937499999 0.401446721875 0.5181474484375 0.3920893 0.5173865265625001 0.38338411093749997 0.515652928125 0.37373691875000004 0.512717375 0.3704339890625 0.51007499375 0.36775059374999997 0.5058359890624999 0.36276261718749997 0.49452264687499997 0.35951150468750004 0.48280545 0.3594506328125 0.48499845625000004 0.35535007812499997 0.493972628125 0.35133856875 0.4979368359375 0.3482808859375 0.49997406875 0.3400080890625 0.499781965625 0.3305080453125 0.49965417968750003 0.3271932921875 0.5001407296875 0.3297639984375 0.515647559375 0.33153984687500004 0.5327602015624999 0.3338534828125 0.5467163484374999 0.33774676875 0.574041446875 0.3397424625 0.58863991875 0.342243240625 0.599457946875
3 0.815859253125 0.38818944843750003 0.815856484375 0.3982001890625 0.8204030140624999 0.4010902265625 0.8267236312499999 0.40764126093749997 0.8319804984375001 0.41737635468749995 0.836714171875 0.4171282734375 0.8395638328125001 0.41447628124999997 0.8483608328125 0.401189175 0.850055940625 0.3932795609375 0.8512887234375001 0.3731937625 0.8538705 0.34865763125 0.8548135125 0.326397203125 0.8547790531249999 0.312321609375 0.8540224296875 0.2945298890625 0.8495086031250001 0.2922638 0.8422223343749999 0.2907686703125 0.8328649109375 0.2900077484375 0.8228716031250001 0.290531475 0.818904615625 0.2919907015625 0.8153700171875 0.29499142031250003 0.8170404734375 0.316802053125 0.8165389062499999 0.34748578750000003 0.8166478203124999 0.3696910875 0.815859253125 0.38818944843750003
3 0.5955587234374999 0.5924388656249999 0.601079959375 0.597154809375 0.6149303328125 0.5964289421875 0.625208884375 0.5946389421875 0.63903838125 0.59016019375 0.650303459375 0.5870671671875 0.6614704390624999 0.5821022953125 0.663939525 0.5688339906250001 0.665674628125 0.5549784890625 0.6676949734375001 0.5398567140625 0.6677822578125 0.52139510625 0.6685099546875 0.5050897515624999 0.6682020750000001 0.4891515 0.667320940625 0.4857565359375 0.65903179375 0.485252459375 0.6484471234375 0.4845558546875 0.6441531390625 0.47977559375 0.6402543171875 0.4724719765625 0.6376317953124999 0.46603996406250003 0.635590571875 0.4774088609375 0.6329579859375001 0.48755742187499995 0.6302554734375 0.49301718437500003 0.62576705 0.4979448796875 0.6194600140625 0.5017165593749999 0.60897796875 0.5063327046875 0.597170578125 0.5091413203124999 0.5894564453125 0.5095456015625001 0.5856811265624999 0.5113076140625 0.5857973359375 0.526943078125 0.585766396875 0.5397707734375 0.5848470296875 0.5557733421875 0.5847298125 0.5636002625 0.59310246875 0.57911585625 0.5955587234374999 0.5924388656249999
3 0.712890628125 0.3153780296875 0.70768456875 0.3200305046875 0.7089671546874999 0.337794659375 0.7096865484375 0.351521525 0.7105930875 0.3621102734375 0.7108355671875 0.3768006265625 0.7116412390625 0.39552826875 0.7117247484375 0.41053978593749996 0.7109034796875 0.4284142 0.71034934375 0.4312587203125 0.71475325 0.43478189531250006 0.7230351015625 0.44185580625 0.7273290875 0.4466360671875 0.7319573640625 0.451085975 0.7399494468750001 0.45598525624999997 0.7454543296875 0.460389225 0.75015983125 0.4629581 0.7537643546874999 0.46464618125 0.7567448140625 0.46448998281250004 0.76043838125 0.46116809999999997 0.7636668578125 0.4556807734375 0.767624790625 0.4473397375 0.7696705390624999 0.439411746875 0.7718916109375 0.43147456875 0.7738274390625001 0.4248036625 0.7760203390625 0.41968344062499996 0.776488196875 0.41183814375 0.777164078125 0.40460760625000003 0.7776928078124999 0.394569303125 0.7780371640625 0.3776583765625 0.7781126265625 0.362325696875 0.7780009437500001 0.35013113749999997 0.77821173125 0.3407351578125 0.77912380625 0.33130242656250003 0.778551559375 0.3203833265625 0.778965840625 0.30816120156250004 0.7733228640625 0.3078312765625 0.7676026625000001 0.3093823828125 0.7564384515625 0.304336515625 0.7468566578125 0.3026488578125 0.7349184671875 0.30296168125 0.72682551875 0.30620129375 0.7169511875000001 0.312349746875 0.712890628125 0.3153780296875
3 0.5021862296874999 0.5685518515625 0.5063629984375 0.58115903125 0.5095859375 0.595693184375 0.5133748375 0.6042538875 0.5168367390624999 0.60657510625 0.531323 0.6045645890625 0.5412672578125 0.6031049390625001 0.5524224156249999 0.601268996875 0.5612538734375 0.6020574843750001 0.5713125812500001 0.6027816546875 0.5783090796875 0.6021021531249999 0.5798243390625 0.590760821875 0.5821581 0.5715558171875 0.5827967515625 0.560260428125 0.5830357125 0.5480474921875 0.5846208984375 0.5413949625 0.5857973359375 0.526943078125 0.5856811265624999 0.5113076140625 0.5767233968750001 0.5114642359375 0.5651685484375 0.51238263125 0.555892875 0.5131815796875 0.5441627046875 0.5141091640625 0.5327831765625 0.5150183703125 0.5221212828125 0.5162027984375 0.5144353234375 0.5137901234375 0.507719540625 0.509762446875 0.5030168078125 0.49718283124999996 0.50122636875 0.493209859375 0.4996857046875 0.4973574078125 0.4987854546875 0.5036612078125 0.497966953125 0.51152488125 0.497996884375 0.5221595703124999 0.498646353125 0.5311976359374999 0.4987371578125 0.539639315625 0.4997581453125 0.552411884375 0.5003912609375 0.5611379750000001 0.5021862296874999 0.5685518515625
3 0.7541119734375 0.5350149609375 0.768214890625 0.532398871875 0.784311740625 0.530929609375 0.7920376953125 0.5273963968750001 0.793276765625 0.5242031500000001 0.7893925359375 0.5037598609375 0.7848724203125 0.4846012234375 0.7814132859375 0.47226926406249997 0.77587846875 0.45723060625 0.7710612875 0.44246717343749997 0.7696705390624999 0.439411746875 0.767624790625 0.4473397375 0.7636668578125 0.4556807734375 0.76043838125 0.46116809999999997 0.7567448140625 0.46448998281250004 0.7537643546874999 0.46464618125 0.75015983125 0.4629581 0.7454543296875 0.460389225 0.7399494468750001 0.45598525624999997 0.7319573640625 0.451085975 0.7273290875 0.4466360671875 0.7230351015625 0.44185580625 0.7202744859375 0.4394978359375 0.718408584375 0.45085754375000003 0.7214189765625 0.46133603437500004 0.7320499296875 0.4729793015625 0.7383232578125 0.4920460578125 0.7467648328125 0.5357128390625 0.7541119734375 0.5350149609375
3 0.6688457515625 0.5785874609375 0.681688721875 0.5754117421875 0.6918037734375 0.570501996875 0.7047239640625 0.5654452437499999 0.71534863125 0.5601959625 0.7309104640624999 0.5518724546875 0.7382485484375 0.5442927671875 0.74289594375 0.539043909375 0.7467648328125 0.5357128390625 0.7383232578125 0.4920460578125 0.7320499296875 0.4729793015625 0.7214189765625 0.46133603437500004 0.7156451984375 0.45851031249999996 0.7067274625 0.45272104999999996 0.7042656703125 0.45941952031250005 0.6981221343749999 0.4663109421875 0.692361940625 0.4738079375 0.6846241609375 0.48047007812500003 0.67860236875 0.482975484375 0.6693593953125 0.48439838125 0.667320940625 0.4857565359375 0.6682020750000001 0.4891515 0.6685099546875 0.5050897515624999 0.6677822578125 0.52139510625 0.6676949734375001 0.5398567140625 0.66735061875 0.5567676406250001 0.6676866703125001 0.569888934375 0.6688457515625 0.5785874609375
3 0.7943168703125 0.52727695 0.802552440625 0.5234042015625 0.8116155656249999 0.5185495875 0.822892465625 0.51232763125 0.8196695249999999 0.4977934765625 0.8182324953125001 0.4837913875 0.81430374375 0.46585308124999997 0.8095756046875 0.4460796828125 0.8063408421875 0.43467445937500004 0.8035311765625 0.43138056562499993 0.7983814625 0.4303991265625 0.7931826984375 0.42848176406249994 0.7889214109375 0.424325453125 0.7848963203125 0.4179669453125 0.779545878125 0.4098009109375 0.777164078125 0.40460760625000003 0.776488196875 0.41183814375 0.7760203390625 0.41968344062499996 0.7738274390625001 0.4248036625 0.7718916109375 0.43147456875 0.7696705390624999 0.439411746875 0.7710612875 0.44246717343749997 0.77587846875 0.45723060625 0.7814132859375 0.47226926406249997 0.7848724203125 0.4846012234375 0.7893925359375 0.5037598609375 0.793276765625 0.5242031500000001 0.7943168703125 0.52727695
3 0.37335811875 0.2975094296875 0.37071647812499997 0.3007761828125 0.3669220421875 0.31223696093750003 0.36326293593750003 0.3296344375 0.36095281875 0.34258158125 0.3603913890625 0.3519959375 0.35969915937499997 0.35891449999999997 0.3583028765625 0.37588055468750003 0.35684119375 0.3915987125 0.356405028125 0.42353034375 0.3566193375 0.441037653125 0.357025315625 0.45884775 0.3577283609375 0.47226264218749997 0.35951150468750004 0.48280545 0.36276261718749997 0.49452264687499997 0.36775059374999997 0.5058359890624999 0.3704339890625 0.51007499375 0.37373691875000004 0.512717375 0.38338411093749997 0.515652928125 0.3920893 0.5173865265625001 0.401446721875 0.5181474484375 0.4118233734375 0.5182292937499999 0.4238923625 0.520412265625 0.43460330625 0.520163759375 0.45307743125 0.5204468953125 0.46358035312499996 0.5195836296875 0.4748781328125 0.5171145515625 0.48875667968750003 0.513571728125 0.4940608375 0.5107910999999999 0.49724479062500004 0.50780875625 0.4987854546875 0.5036612078125 0.4996857046875 0.4973574078125 0.50037340625 0.48699794062499996 0.4999156109375 0.4782626609375 0.4985394546875 0.46206756562500007 0.49788093125 0.44614769218749994 0.4972596359375 0.4342926703125 0.49578990625 0.41966663437499996 0.49436922812499995 0.4059765203125 0.493250140625 0.39133210625000003 0.49174771093749997 0.376082121875 0.4903152109375 0.3655209390625 0.48657083281249996 0.3544552546875 0.4830626484375 0.3411873734375 0.480243928125 0.3310116703125 0.47086386718749995 0.313046221875 0.4679724515625 0.30819245781250004 0.46468587031249997 0.3058620515625 0.45204639531249996 0.3062116265625 0.43736393749999997 0.304478453125 0.42381515625 0.304250021875 0.4104580453125 0.3043243765625 0.40148396406250003 0.3041690265625 0.3893822734375 0.30136210625 0.38027739375 0.2987109625 0.37335811875 0.2975094296875
3 0.1970292484375 0.5826674625 0.1980130078125 0.5913751781250001 0.207260509375 0.5933931859375 0.224621834375 0.595924459375 0.23863570781250001 0.598318334375 0.24215848125 0.5984465453125 0.24633173125000002 0.5841504343749999 0.2522436015625 0.5829021140624999 0.2531765515625 0.5772222593749999 0.251515153125 0.5622934359375 0.2505386875 0.5470158875 0.25034072812499997 0.5298205515625 0.2502363421875 0.51105615625 0.2518896953125 0.49564078437500003 0.25508094375 0.4860886046875 0.2595693671875 0.48116090937499995 0.26461645625 0.4768296 0.26999783437499997 0.47216793749999997 0.27477602968750003 0.4694148734375 0.2779599828125 0.4664325296875 0.27246969062500004 0.44888889218749994 0.2663425015625 0.4560922875 0.2605659578125 0.463277309375 0.25049995625 0.469122975 0.24378140625000003 0.47510603749999997 0.23501534531249998 0.47556544843750004 0.227411134375 0.47471264375000005 0.2176449640625 0.466152365625 0.212196425 0.456114484375 0.2096720015625 0.45155431718749994 0.205870271875 0.4695849296875 0.20185599375000002 0.4835598765625 0.198708259375 0.5140694609375001 0.1973700828125 0.5388532484375 0.1971001828125 0.5638938796875 0.1970292484375 0.5826674625
3 0.778965840625 0.30816120156250004 0.778551559375 0.3203833265625 0.77912380625 0.33130242656250003 0.77821173125 0.3407351578125 0.7780009437500001 0.35013113749999997 0.7781126265625 0.362325696875 0.7780371640625 0.3776583765625 0.7776928078124999 0.394569303125 0.777164078125 0.40460760625000003 0.779545878125 0.4098009109375 0.7848963203125 0.4179669453125 0.7889214109375 0.424325453125 0.7931826984375 0.42848176406249994 0.7983814625 0.4303991265625 0.8035311765625 0.43138056562499993 0.808615490625 0.4311141078125 0.81125713125 0.4278473546875 0.813396453125 0.418350303125 0.8154821968749999 0.40447642500000003 0.815859253125 0.38818944843750003 0.8166478203124999 0.3696910875 0.8165389062499999 0.34748578750000003 0.8170404734375 0.316802053125 0.8153700171875 0.29499142031250003 0.8120670875 0.292349040625 0.805661953125 0.2942488734375 0.8007738375000001 0.2982590234375 0.7942914796875 0.30203989062500003 0.78572161875 0.3062429921875 0.778965840625 0.30816120156250004
3 0.0614662375 0.3172961328125 0.04864414375 0.32422473281249997 0.052638298437499995 0.34341093749999996 0.055662271875 0.3642121390625 0.059885323437500006 0.3877659828125 0.064975925 0.40439207499999996 0.0741270875 0.41798988125000003 0.081455109375 0.4269907703125 0.08766127968750001 0.4313579859375 0.095852325 0.42999021718749997 0.10562126406250001 0.4285397546875 0.11157765625 0.42478645156250006 0.112094565625 0.4178770765625 0.10295623281249999 0.3776879546875 0.0999304984375 0.34343510625 0.099590925 0.303410521875 0.08966754375 0.30862305 0.076857275 0.31242271875 0.0614662375 0.3172961328125