0 0.5227816015625 0.5212577234375 0.5231552578125 0.5211606375 0.523231946875 0.521353446875 0.5233445328124999 0.521377378125 0.5235289109375 0.5210635515625001 0.5238666703125 0.5211353437499999 0.524015153125 0.5209903953125 0.5240869453125 0.5206526375 0.5240461515625 0.520290946875 0.5239694625 0.5200981375 0.5237801859375 0.519881396875 0.523524015625 0.5205329828124999 0.52318625625 0.5204611906250001 0.522551534375 0.52067929375 0.5223312578125 0.521162 0.5224079484375 0.521354809375 0.5227816015625 0.5212577234375
3 0.4434823828125 0.6463154546875 0.4463052109375 0.6518577203125 0.4458940421875 0.656006540625 0.44842969843749997 0.6628998390625 0.4494087390625 0.671580375 0.4509980171875 0.67738996875 0.45379640468750004 0.692458528125 0.45850547500000005 0.703520490625 0.465288403125 0.7120226093750001 0.47454004687499995 0.716107215625 0.482236690625 0.71809620625 0.4919419140625 0.714510825 0.5011723078125 0.708176878125 0.506834228125 0.704791121875 0.5097320843750001 0.702229915625 0.5145324890625 0.7028972546875 0.5242458890624999 0.704255865625 0.5302961546875 0.7023647265624999 0.5367967640625 0.700569309375 0.54309340625 0.6969654484375 0.5493133593749999 0.6931687765625 0.5549361015625001 0.6855384734375 0.5586138843749999 0.6782007921875 0.5622769734374999 0.66927140625 0.5661603390625001 0.6598593140625 0.568519703125 0.647652159375 0.5697173140625 0.6353745734375 0.5717699203125 0.6223961796874999 0.5721794265625 0.6099510765625 0.5716311421875 0.5992439921875 0.5709033765625 0.5893813 0.5684199249999999 0.580027971875 0.5657700640625001 0.5769936 0.5604067265625 0.57620660625 0.5529336375 0.5781483328125 0.5512269203125 0.5839633765625 0.54548669375 0.5910391828125 0.5406438765625 0.593893009375 0.53517285 0.5936126515625 0.5279216531250001 0.5911888171874999 0.5245652749999999 0.5887103046875 0.5155012906249999 0.5887252953125001 0.5045053703125 0.5823283328125 0.49976696406250004 0.5802620984375 0.48515854062499997 0.5842173453124999 0.4735866640625 0.5844053031249999 0.47096618437500004 0.5845543390625 0.46037986093749994 0.590070546875 0.44984740468749995 0.6014230031250001 0.44252445781249994 0.6115160625 0.441225675 0.620947996875 0.4412094125 0.635418284375 0.4434823828125 0.6463154546875
0 0.509739725 0.5610242750000001 0.5098115171875001 0.5606865171875001 0.5092844828125 0.560397984375 0.5082761078125 0.5607131734374999 0.5074619015625 0.561775671875 0.5069854546875 0.5629099656250001 0.506949559375 0.56307884375 0.507656075 0.56252298125 0.50873624375 0.5618700343749999 0.509739725 0.5610242750000001
0 0.47439027187500005 0.36305721874999997 0.4750853765625 0.365323078125 0.4749303796875 0.36882031406250004 0.4739872796875 0.3721500328125 0.4734390390625 0.3736220828125 0.4752404171875 0.374004978125 0.47749865312499995 0.3711313078125 0.476930825 0.370481084375 0.4771364109375 0.3684066734375 0.4771739234375 0.3643549390625 0.47528116562499995 0.36218753124999997 0.47439027187500005 0.36305721874999997
0 0.4294682609375 0.30479224375 0.42710067343749997 0.299876271875 0.42327926250000003 0.29571033281250003 0.422881121875 0.2931545796875 0.4222170171875 0.2901892734375 0.42247970312499994 0.28618540000000003 0.42187270000000004 0.2812906328125 0.42030790781249994 0.27813387968750003 0.4192783234375 0.280209653125 0.419203296875 0.2883131234375 0.4224846453125 0.2988951046875 0.4281890203125 0.304167315625 0.4294682609375 0.30479224375
3 0.48079114531249995 0.3058167515625 0.47356771249999996 0.31045918125 0.46647317343749994 0.312834390625 0.4644645953125 0.3184087640625 0.4636275671875 0.3251147015625 0.45910458125 0.3342143296875 0.454003975 0.341602596875 0.4513084703125 0.3498551046875 0.45391758125 0.3647069234375 0.4608424765625 0.37641638125 0.4719036734375 0.38582787500000004 0.48542055937499995 0.39752643125 0.4967738234375 0.40611746093749995 0.50542174375 0.40972072343750005 0.5144498328125 0.4098746125 0.5218315437500001 0.4061483703125 0.529854490625 0.39885173749999997 0.5358182265625 0.383527515625 0.540333034375 0.36948389531250003 0.544412190625 0.3569362578125 0.5479072109375 0.346029546875 0.55065981875 0.335847578125 0.5514495390625 0.3321322375 0.5418241953125 0.31596558125 0.5318235812500001 0.30377886875 0.5195647296875 0.29446582499999996 0.5103147031249999 0.2864983625 0.502095921875 0.28475140625 0.4980004125 0.287411059375 0.490682365625 0.2980346875 0.48079114531249995 0.3058167515625
3 0.4192783234375 0.280209653125 0.419203296875 0.2883131234375 0.4224846453125 0.2988951046875 0.4281890203125 0.304167315625 0.4362740109375 0.3076509234375 0.4465650296875 0.31072089375 0.45495839687500006 0.3110928859375 0.4652053453125 0.3093877421875 0.4711169203125 0.30870268749999996 0.47831425312500003 0.305290271875 0.4818109328125 0.3026798421875 0.48647916718750006 0.301200978125 0.49271053125000003 0.2945825875 0.49672279062499997 0.282903275 0.4993514015625 0.2755190953125 0.49303840625 0.269234971875 0.478568628125 0.2598049984375 0.46172313125000003 0.25269419531250004 0.45068969843750006 0.2503489671875 0.437471440625 0.2466567953125 0.4315092765625 0.24591902499999999 0.426051325 0.25111322812500003 0.4215871015625 0.266579671875 0.4192783234375 0.280209653125
0 0.4309480984375 0.2784539234375 0.4316676859375 0.283372621875 0.43565550625 0.2812196046875 0.43915057031250004 0.28249203125 0.4428903953125 0.28593459062500004 0.44598080468749995 0.28800355 0.4500893875 0.29081845624999997 0.45209962812500004 0.2935403640625 0.450906871875 0.29416938125000003 0.44681298125 0.29294618125 0.44384984687499995 0.29249285625 0.4434288859375 0.295580540625 0.44618153749999995 0.29757770781250004 0.4488689109375 0.2965603453125 0.450347221875 0.2984631515625 0.45316677031249997 0.2995919921875 0.45592103906250003 0.2977063015625 0.45851213749999997 0.29437385781250003 0.4587895125 0.2919616890625 0.45419469062499995 0.2892199375 0.4502231796875 0.289081803125 0.45050055625 0.28666963437500004 0.44905814375 0.28459795 0.44588614531250004 0.2818056125 0.44159808125 0.2798351 0.438385290625 0.2766810734375 0.4367992921875 0.27528490625 0.43260750625 0.2756294765625 0.4309480984375 0.2784539234375
0 0.561382709375 0.6413694 0.5621561203125001 0.6399452125 0.563600153125 0.638134040625 0.5633912890625 0.635795028125 0.5608980875 0.6375597 0.5602878484375 0.64043064375 0.560312334375 0.6430834828124999 0.5612130234375 0.64327493125 0.561382709375 0.6413694
3 0.45872512656250003 0.5325298796875 0.4588279625 0.5436718109374999 0.46003545468749996 0.5568136328125 0.4631177328125 0.5661177375 0.4679344921875 0.5766730609375 0.4735866640625 0.5844053031249999 0.48515854062499997 0.5842173453124999 0.49976696406250004 0.5802620984375 0.5045053703125 0.5823283328125 0.5155012906249999 0.5887252953125001 0.5245652749999999 0.5887103046875 0.5279216531250001 0.5911888171874999 0.53517285 0.5936126515625 0.5406438765625 0.593893009375 0.54548669375 0.5910391828125 0.5512269203125 0.5839633765625 0.5545473546874999 0.57443163125 0.558337721875 0.56711788125 0.5613089890625 0.5603360625 0.5646539078125 0.5534571546875 0.56850299375 0.5403310875 0.5684295406250001 0.532372565625 0.5655887421875 0.520825171875 0.563165671875 0.51395580625 0.5628001484375 0.506817746875 0.5571822578125001 0.5027994828125 0.552345953125 0.5023010218749999 0.5445057249999999 0.5009875484374999 0.543933 0.49980675625000004 0.539042875 0.5056511828125 0.5328800234375 0.5075183921875001 0.525694103125 0.5081090875000001 0.5180382531250001 0.5064817859375 0.5098553671875 0.50456595 0.5058267546875 0.5063572781250001 0.49950073125000005 0.5067777312499999 0.49112367343749996 0.5041145874999999 0.487863575 0.503951159375 0.482033584375 0.5053595921875 0.47781079843749996 0.5064036125 0.46880719531250004 0.5089025640625 0.4628173109375 0.513277665625 0.45968776875 0.5191432953125 0.45872512656250003 0.5325298796875
0 0.46327299843749997 0.6356953171875 0.46300213437500004 0.6347551984375001 0.46281285937499994 0.6345384578125 0.4623674125 0.6349733015625 0.46144551875 0.6365424390625 0.461158346875 0.6378934703125 0.46190565625 0.6376992968749999 0.46249958593749996 0.6371195046875 0.4629809296875 0.63651578125 0.46327299843749997 0.6356953171875
0 0.47372949062499997 0.376684475 0.4736381109375 0.374899959375 0.472215284375 0.37495054843750003 0.4709556328125 0.376447890625 0.47010553125000004 0.37767926875 0.47135377343749996 0.37900364375 0.47269011406250006 0.37769911093749997 0.47372949062499997 0.376684475
3 0.495262896875 0.4087969578125 0.4893562171875 0.41001258125 0.48190761249999997 0.41460714843749996 0.47287300937500004 0.4178055484375 0.46425774999999997 0.42179911875 0.4574895578125 0.4270678390625 0.4549556078125 0.44064995781249994 0.45546147968749995 0.45487821093749997 0.4552102515625 0.46823950156249994 0.4563638765625 0.475545075 0.4577883640625 0.48379076718749997 0.4635988109375 0.49243919687500004 0.47095607968750003 0.49823925156250004 0.48227016875000006 0.5025857359375 0.49112367343749996 0.5041145874999999 0.49950073125000005 0.5067777312499999 0.5058267546875 0.5063572781250001 0.5098553671875 0.50456595 0.5180382531250001 0.5064817859375 0.525694103125 0.5081090875000001 0.5328800234375 0.5075183921875001 0.539042875 0.5056511828125 0.543933 0.49980675625000004 0.546444128125 0.491868078125 0.5530246609375 0.482499759375 0.5553922015625 0.47523659687500003 0.5582720875 0.4666702625 0.551786125 0.457878246875 0.5491900859375 0.4485009890625 0.5468094265625 0.4381104546875 0.5450846953124999 0.42574123437500005 0.5443667234375 0.41693968124999997 0.5425261265625 0.40013310312500006 0.5328682125 0.4007278875 0.529854490625 0.39885173749999997 0.5218315437500001 0.4061483703125 0.5144498328125 0.4098746125 0.50542174375 0.40972072343750005 0.495262896875 0.4087969578125
0 0.5186416203124999 0.409530040625 0.5221839921875 0.40781186875 0.523479540625 0.4061456453125 0.5242480546875 0.4041908890625 0.523419159375 0.403661684375 0.5202912359375 0.40564445937500004 0.5154794171875 0.4077988375 0.51073449375 0.40908489374999996 0.5064970171875001 0.4085372078125 0.5038765390625 0.40868624374999996 0.5040397109375 0.41013299999999997 0.5034963703125 0.41213561875 0.5058916765625 0.4119387203125 0.5097554984375 0.41258349218749996 0.5116906671875 0.41122973281249997 0.5145363171875 0.4111285578125 0.5186416203124999 0.409530040625
0 0.5031293640625 0.445417825 0.5024277453125 0.446504253125 0.501443853125 0.4494722859375 0.5011256828125 0.45152276406249997 0.501171371875 0.452415021875 0.5018680953125 0.45079802343750003 0.5030151609375 0.44927675 0.5041671234375 0.4482860421875 0.5046745687499999 0.44645230468749997 0.5065901484374999 0.4429762734375 0.50866400625 0.44041643124999996 0.5106301734375001 0.4383632265625 0.5118131359375 0.43667307187500004 0.5125457546875001 0.43488719531250003 0.509729484375 0.43817177812499997 0.50750225 0.4403460015625 0.5054642890625 0.44273696406249996 0.5042503265625 0.445126565625 0.5032109499999999 0.446141203125 0.5031293640625 0.445417825
0 0.465753125 0.6284560859375 0.466741915625 0.626018621875 0.46660974062499994 0.62387241875 0.4665232578125 0.6226184734375 0.4653925 0.6218485953124999 0.46543167656250006 0.6260931421875 0.46467295625 0.6291090328125 0.46357158125 0.6315225640625 0.4639142359375 0.6321249250000001 0.4648051296875 0.6312552375 0.465753125 0.6284560859375
0 0.510560178125 0.4835346734375 0.510406796875 0.4831490515625 0.5103301078125 0.4829562421875 0.5100282468749999 0.4827155703125 0.5095779015625 0.48261984687500004 0.5094702125 0.48312648437499994 0.50951100625 0.4834881734375 0.5099254531249999 0.48375277499999997 0.5102632125000001 0.48382456874999996 0.510560178125 0.4835346734375
0 0.5151959265625 0.5231755203125 0.5154569953125 0.523054503125 0.51526771875 0.5228377609375 0.5146280984375 0.5225252968749999 0.5142136515625 0.5222606953125 0.5141369609375 0.5220678859375 0.51428544375 0.5219229359375 0.514321340625 0.5217540578125 0.514280546875 0.5213923687500001 0.5138661 0.521127765625 0.513538134375 0.522117109375 0.5135071359375 0.52281655625 0.5137013078125 0.523563865625 0.5140749625 0.5234667796875 0.514561203125 0.5233936234375001 0.5151959265625 0.5231755203125