3 0.7454485921875 0.4839785609375 0.7327153703125 0.48768520468750004 0.72254074375 0.49358197031250006 0.7119662531250001 0.5051970734375 0.7065689734375 0.51774883125 0.7024709312499999 0.5349884828125 0.7004518281250001 0.5483510953125 0.702230615625 0.5668636390625 0.706368178125 0.5826679718750001 0.7114453140625 0.5927917093749999 0.7182815328125 0.601027246875 0.72465805 0.6054955468750001 0.7285759015625 0.6089299734375 0.7336730671875 0.6161819609375 0.7381505140625 0.627125709375 0.7431876640625 0.637821278125 0.7513031640625 0.64844479375 0.762496978125 0.661582084375 0.77321120625 0.66348055625 0.789742284375 0.667509671875 0.7986975015625 0.6661246765625 0.8063334875000001 0.6603377078125 0.8123903640625001 0.6512798531249999 0.8181074640625001 0.6393250874999999 0.8222054359375001 0.6272571015625 0.8258836546874999 0.613435875 0.828562390625 0.6009813328125 0.8296819781250001 0.5875558187500001 0.8294623031249999 0.572600078125 0.830481959375 0.5580183171875001 0.8317214328125001 0.5480489671875 0.8324811765625 0.537184125 0.8317816656250001 0.529090390625 0.8270243484375 0.5195636484375 0.8208077765624999 0.5128080140625 0.81143288125 0.507268103125 0.7999791203125 0.5004335640625001 0.7895047749999999 0.497689921875 0.7796100906250001 0.49699801875 0.7727937578125 0.49623405781249996 0.7652578453125 0.4928339453125 0.754963440625 0.4875170515625 0.7454485921875 0.4839785609375
3 0.79294501875 0.3476647625 0.78366998125 0.34845276406250003 0.772156059375 0.3554051359375 0.7636805359375 0.36027145312500003 0.75862310625 0.37054845625 0.7537655359375 0.38313795625 0.75140661875 0.3961894921875 0.7506068890625001 0.4076261671875 0.752865478125 0.4218625375 0.7555039421874999 0.4306664859375 0.7560834578125 0.443061553125 0.7588618375 0.4524499140625 0.767277128125 0.466542171875 0.7771316828125 0.4781492375 0.7839479078125 0.4866706953125 0.7915836781250001 0.4963987171875 0.7999791203125 0.5004335640625001 0.81143288125 0.507268103125 0.8208077765624999 0.5128080140625 0.8276240749999999 0.5161578046875 0.842396178125 0.514317621875 0.8530704921875 0.5116162625 0.8613661109375 0.506737365625 0.8687222640625001 0.49978156875 0.8723604593750001 0.48911800781250003 0.87455943125 0.47835380625 0.8753592328125 0.46174546562499996 0.8748797546875 0.44274915000000004 0.875719615625 0.4203973109375 0.8754798750000001 0.410899153125 0.8750802625 0.3985166671875 0.8736011937500001 0.38864453125 0.86970340625 0.3797525234375 0.865905515625 0.3746025953125 0.8521929828125 0.3664608453125 0.8419385281249999 0.36315795156249997 0.8332232296875001 0.3611119421875 0.819890425 0.35788110156249997 0.8100357640625001 0.3540315328125 0.800081171875 0.349025715625 0.79294501875 0.3476647625
3 0.09278291718750001 0.17429728125 0.0891045546875 0.1984618375 0.086805509375 0.21841311874999997 0.08752490625 0.23397843125 0.0884442359375 0.2466845765625 0.08748452343749999 0.26299441875 0.087224359375 0.2848121640625 0.08958288125 0.3002047796875 0.09679879218750001 0.315937059375 0.1113308328125 0.32787120625 0.121745196875 0.3314726 0.1296609453125 0.33202612343750004 0.1406551140625 0.32733592499999997 0.1582457265625 0.32396894062500003 0.16933990000000002 0.315263328125 0.1776955328125 0.30694084843749997 0.1912283796875 0.299555021875 0.2014830140625 0.28992875625000003 0.2184340953125 0.27761028906249996 0.2303478453125 0.2675254109375 0.23934315625 0.2578110859375 0.24354102187499999 0.2494851796875 0.247199284375 0.23336403749999998 0.24861880468750003 0.2130639375 0.244881109375 0.191541265625 0.24204278750000002 0.1804248234375 0.23868478125 0.166398890625 0.23652608593750002 0.1559046 0.2334479515625 0.1404616640625 0.2292904328125 0.122357415625 0.22479302968749998 0.109113753125 0.21733727187500002 0.0916408109375 0.21367936875 0.0819036328125 0.2051840328125 0.0741267078125 0.191451434375 0.071442540625 0.1847550609375 0.0689630796875 0.1770790875 0.07532188281249999 0.1608676140625 0.0874047546875 0.147394603125 0.10427615781249999 0.1331620671875 0.116497409375 0.1253462140625 0.119685965625 0.11838989062500001 0.1235092578125 0.1106539765625 0.128139978125 0.10605639062500001 0.13184089375000002 0.10001950468750001 0.14061283125 0.095741559375 0.1578399015625 0.09278291718750001 0.17429728125
3 0.8630905312499999 0.1227178453125 0.846119709375 0.11722140625 0.840582690625 0.1162595890625 0.8292886234375001 0.1252385390625 0.8212128218749999 0.1347298484375 0.810018540625 0.155208375 0.80468113125 0.17465987968750002 0.8008229375000001 0.19364019062499999 0.7999632265625001 0.2059346171875 0.796045159375 0.2180151828125 0.7887488796875 0.23187072656250002 0.7818323265625 0.250637175 0.7798330015625 0.279228865625 0.78518975625 0.30603642343750004 0.7967233109375 0.32465645468750004 0.8120348734375 0.3409548359375 0.8287057250000001 0.35591169375 0.8419385281249999 0.36315795156249997 0.8521929828125 0.3664608453125 0.865905515625 0.3746025953125 0.86970340625 0.3797525234375 0.8719821359375001 0.3833596453125 0.8806973953125 0.3879914875 0.8929708453125 0.3856892640625 0.9157388140625 0.372915609375 0.928931953125 0.357461209375 0.9360886046875001 0.322334596875 0.9385475234375 0.30526764375000004 0.9431654265624999 0.278008321875 0.942166303125 0.25351668437499997 0.9413869968749999 0.233637459375 0.9329522171875 0.18362946875 0.9267356796874999 0.1742880015625 0.9125033953124999 0.1684084296875 0.8966920015625 0.1592579703125 0.8847185937500001 0.146928109375 0.8719256796874999 0.1308058484375 0.8630905312499999 0.1227178453125
3 0.45831706250000004 0.8802197453125 0.45749737343749997 0.8893565062500001 0.4554382859375 0.9032909531250001 0.459076121875 0.9184857140625 0.466711821875 0.9333854015625 0.4777057734375 0.9442101984375 0.49101851406249997 0.9528986187499999 0.5044312921875 0.9549857921875 0.5202228 0.9566646703125 0.5322763593750001 0.954921703125 0.5465087890625 0.9504579484375 0.5547244359375 0.9467227171875001 0.5611410484375 0.9428616875 0.5666581796875 0.9363519218749999 0.5734946140625 0.9290724687499999 0.579331603125 0.920573865625 0.5841891375 0.9105702000000001 0.586528059375 0.89780458125 0.5875077296875 0.8837946515624999 0.58580880625 0.8718959390625001 0.5826906140625 0.8621964999999999 0.5790527046875 0.852173403125 0.5749349921875 0.84642648125 0.5705974265625 0.8386529796875 0.5655202546875 0.8311150765624999 0.5607828953125 0.8238882484375001 0.5568051359374999 0.8161399062499999 0.5529273078125 0.8095478140625 0.5469506187500001 0.801947009375 0.540714053125 0.7954772906249999 0.5344175078125 0.7898653234374999 0.52596205 0.7892740609375 0.5184660171875 0.7930596125 0.5098705359375 0.79964143125 0.4967973203125 0.8159661609375 0.484543646875 0.833497459375 0.473309415625 0.8519619859375 0.46081578749999996 0.87551011875 0.45831706250000004 0.8802197453125
3 0.2098341171875 0.607421125 0.2022181609375 0.6103363453124999 0.19490199531250002 0.6167203078125 0.190064490625 0.623852225 0.18504708281249999 0.6309715640625 0.1811090578125 0.6407522140624999 0.177470825 0.65400160625 0.1754917078125 0.6667923859375 0.1764110375 0.6794985312499999 0.1774102703125 0.6962326703125 0.1799687953125 0.7035944546875 0.1829070484375 0.7158671453125 0.1860052109375 0.728438334375 0.1878041015625 0.7389074625000001 0.1925213953125 0.751591871875 0.1989977359375 0.7649739140625 0.20491444531249997 0.7734324703125 0.211950596875 0.7788088390625 0.21686792968750002 0.7808765828124999 0.2229246640625 0.78216205625 0.22852166093749998 0.782266121875 0.233918834375 0.7774718593750001 0.24249432187500003 0.77117595625 0.25098983750000003 0.766023721875 0.2581061421875 0.7573272640625001 0.266281875 0.7489922015625 0.27187897968749997 0.741338771875 0.27795595781250004 0.724237503125 0.2819140828125 0.7064134390625 0.28455290624999996 0.6893590656249999 0.2853926578125 0.674764725 0.286432271875 0.662482878125 0.2864124578125 0.6498396328125 0.28609281875 0.6363134796875001 0.2846537 0.6284553421875 0.2781373359375 0.6182309640625 0.2700018421875 0.6078933671875 0.262006159375 0.6058976796875 0.253310890625 0.6009799234375001 0.24095746718750002 0.6044258124999999 0.22970349375 0.60507543125 0.2200486921875 0.6035383578125 0.21447168906249997 0.603148375 0.2098341171875 0.607421125
3 0.1387331359375 0.54354969375 0.13887283749999998 0.5596491 0.14045180156249998 0.573263315625 0.144249584375 0.5861707390625 0.1492267546875 0.5977240609375001 0.15258483125 0.6065783296875 0.1591411796875 0.6162308734375 0.167136828125 0.6208123921875 0.177511278125 0.6198139546875 0.18844543281249998 0.6185673406250001 0.19490199531250002 0.6167203078125 0.2022181609375 0.6103363453124999 0.2098341171875 0.607421125 0.21447168906249997 0.603148375 0.2206485265625 0.59237501875 0.226785378125 0.5821734953125 0.2312030953125 0.57587416875 0.23598062031249997 0.5696000015625 0.24295697343749997 0.5629049625 0.24813425625000002 0.5586699546875 0.25591022812499997 0.548295734375 0.2612075078125 0.5397593921875 0.2652654921875 0.5282632406250001 0.26812413125 0.515821278125 0.2698434078125 0.501575753125 0.26800456875 0.48909262499999995 0.265266175 0.47913242968749997 0.2577903875 0.46453123906249993 0.2528531671875 0.45499191562499997 0.24565710468750002 0.4493170484375 0.23398345312500002 0.44304176406250007 0.2259077953125 0.44218974375000003 0.21591310937500002 0.44551325625000004 0.2025402109375 0.45061174687500005 0.1909863375 0.4555501203125 0.1889474578125 0.45368365781250003 0.1822310171875 0.456661778125 0.1723562546875 0.46085562187500007 0.1620017265625 0.4667398078125 0.14940838437499998 0.4736166984375 0.14856877500000001 0.4778677125 0.1429717078125 0.4829353109375 0.1386939046875 0.489819053125 0.1373744578125 0.500932071875 0.135934978125 0.5189322562500001 0.1371141859375 0.5305073124999999 0.1387331359375 0.54354969375
3 0.622650696875 0.753512575 0.6144550078125001 0.759547721875 0.607318709375 0.768530096875 0.602780959375 0.7817165890625 0.5982032234375 0.7954749156250001 0.5941452046875 0.8095568999999999 0.589987253125 0.8224826359374999 0.58816811875 0.8304002484374999 0.5844099968750001 0.840193478125 0.581131678125 0.8457105359374999 0.5811715203125 0.8554820296875001 0.5827505578125 0.86392458125 0.58580880625 0.8718959390625001 0.5926249609375 0.8855890578125001 0.604178653125 0.893579846875 0.61421321875 0.8974419953125 0.62584695625 0.8991174515625 0.6366211640625 0.900158171875 0.6459961671875 0.8979405859374999 0.6570903375 0.8892349718749999 0.66374686875 0.8819429390625 0.6693240171875 0.8719895921875 0.674681309375 0.8600096671875 0.6781196109375001 0.84961944375 0.6810182375 0.8366056468749999 0.6827574000000001 0.8298317015625001 0.6842567500000001 0.8187312625000001 0.684256859375 0.8109737656249999 0.68297765 0.8034141265624999 0.6772209218749999 0.790082403125 0.6717040421875 0.7784913421875 0.6633686515624999 0.76842708125 0.6499359171875 0.76403999375 0.640181221875 0.758760840625 0.6309262515625 0.754091259375 0.622650696875 0.753512575
3 0.10601251874999999 0.411682596875 0.1071316734375 0.42928706875 0.10799091718750001 0.45060846093749996 0.11196860312500001 0.4635284640625 0.11612626562499999 0.47128938593749997 0.12732018750000001 0.47666918125 0.13269729375 0.4773325 0.14387133125 0.47524071562500003 0.14940838437499998 0.4736166984375 0.1620017265625 0.4667398078125 0.1723562546875 0.46085562187500007 0.1822310171875 0.456661778125 0.1889474578125 0.45368365781250003 0.19574386875 0.44956187031250006 0.207477753125 0.4368785796875 0.21467403125 0.4270384546875 0.222649903125 0.41639089843750005 0.22974624999999999 0.405394525 0.23266479687500002 0.39726647656249997 0.2352835546875 0.3856696828125 0.23666308906250003 0.3659414171875 0.23656333906250002 0.351856009375 0.23384501093750001 0.33643823125 0.2266690515625 0.3227199515625 0.2166945375 0.3128283875 0.20226235625000002 0.3072221515625 0.1866307203125 0.3084276 0.1741573390625 0.313588990625 0.16933990000000002 0.315263328125 0.1582457265625 0.32396894062500003 0.1406551140625 0.32733592499999997 0.1296609453125 0.33202612343750004 0.123384284375 0.3338857359375 0.115968153125 0.3416992828125 0.111090625 0.3519888671875 0.108571834375 0.3621560734375 0.1070524203125 0.37871409375 0.10717212812500002 0.3950994171875 0.10601251874999999 0.411682596875
3 0.3964717 0.7744729140625 0.3843380953125 0.7825312156249999 0.37266412031249996 0.79952841875 0.3628292359375 0.8109079250000001 0.3533342359375 0.8174268437500001 0.34491869375 0.8214354109374999 0.341940203125 0.8278353796875001 0.33560341875 0.8408960703125 0.3289667734375 0.8556596828125 0.32668782812499997 0.867567553125 0.326647734375 0.8758968828125001 0.32764700156250004 0.8900451921875 0.33512278906250004 0.9046463828125001 0.34303839375 0.9155432343750001 0.3523532734375 0.9245267281249999 0.3646065859375 0.9328537515624999 0.3731419453125 0.9374730124999999 0.37823918125 0.9395533359374999 0.3864747125 0.9432896843749999 0.3986881109375 0.9470168781250001 0.4126006484375 0.94712779375 0.4224953671875 0.9452338640625 0.4330298 0.9393622593750001 0.43916657968750006 0.9343324015625001 0.44412400781250005 0.9280708140625 0.44860170625 0.9209137359374999 0.4522398671875 0.91283600625 0.4554382859375 0.9032909531250001 0.45749737343749997 0.8893565062500001 0.45831706250000004 0.8802197453125 0.45823719687500003 0.8736059171875 0.455998528125 0.8642552953125 0.44958216718750005 0.8500155015624999 0.44170665937500003 0.83078931875 0.4374091875 0.8146864875000001 0.4306130265625 0.80070745 0.42459642343750004 0.788506815625 0.418140003125 0.7800105203125 0.4063263984375 0.775736653125 0.3964717 0.7744729140625
3 0.7047682140625 0.6417429734375 0.6948535 0.64392281875 0.6878172390625 0.6463039453125 0.6805810484375 0.651544240625 0.672785115625 0.6596185453125 0.665508865625 0.6706023390625 0.6597717000000001 0.688014684375 0.658652078125 0.7040260296875 0.6593314890624999 0.7201631765625 0.6614701203125 0.736115046875 0.6648880312500001 0.75445489375 0.6678062921875 0.7670135015625 0.6717040421875 0.7784913421875 0.6772209218749999 0.790082403125 0.6827578671875 0.7962158828125 0.6932121453125 0.8044171062500001 0.7074244390625 0.810582596875 0.7201375609375 0.814919365625 0.7288728875 0.8140936218749999 0.737468334375 0.8100976359375001 0.7453642312500001 0.800593746875 0.75276040625 0.790480284375 0.7562386562500001 0.782104059375 0.759437075 0.7725590062500001 0.76205583125 0.7609622125 0.7645746578125 0.7482091734375 0.7666937640625 0.7308311421875 0.7663941890625 0.7118474078125 0.7648552484375 0.6950755265625 0.763995896875 0.6815116328124999 0.762896628125 0.671378740625 0.7574397625 0.6563440953125 0.7513031640625 0.64844479375 0.7437273390625 0.6404448515625 0.7375507171875 0.635703215625 0.7237780953125 0.636176715625 0.714443078125 0.6378224671875 0.7047682140625 0.6417429734375
3 0.309379028125 0.7298825984375 0.30370195 0.7386796953125 0.30184289999999997 0.7419974781249999 0.29388713125 0.7446016203125 0.291328534375 0.742411503125 0.2847920328125 0.7428163703124999 0.27983464062499996 0.746492125 0.273637953125 0.7472080703125 0.266281875 0.7489922015625 0.2581061421875 0.7573272640625001 0.25098983750000003 0.766023721875 0.24673199375000002 0.775207378125 0.24147462968750003 0.78834355 0.238615990625 0.8007855140625001 0.2385958171875 0.8140005921875 0.24103438437500002 0.8230778765625001 0.24529197656249999 0.8319950437499999 0.254586790625 0.84643611875 0.26815929843749997 0.86175095 0.27955308125 0.8694432390625 0.28928781875 0.8724224796875 0.2985028765625 0.872492228125 0.308737409375 0.8709093765624999 0.31417453281249996 0.8681291124999999 0.3229099296875 0.8621317078124999 0.3289667734375 0.8556596828125 0.33560341875 0.8408960703125 0.341940203125 0.8278353796875001 0.34491869375 0.8214354109374999 0.3448789234375 0.8064922515624999 0.3432999234375 0.79546386875 0.3407814921875 0.7797727546875 0.340162096875 0.760192025 0.33860312656249997 0.7462918937499999 0.334585453125 0.733943721875 0.324550925 0.727495740625 0.31519595 0.7268415765625 0.309379028125 0.7298825984375
3 1 0.033807620312499995 0.8320885421875 0.023150204687500002 0.8262114593750001 0.0399781359375 0.8204742578124999 0.0599763140625 0.8259309796875 0.0853542859375 0.843920953125 0.1124706140625 0.846119709375 0.11722140625 0.8630905312499999 0.1227178453125 0.8719256796874999 0.1308058484375 0.8847185937500001 0.146928109375 0.8966920015625 0.1592579703125 0.9125033953124999 0.1684084296875 0.9267356796874999 0.1742880015625 0.9329522171875 0.18362946875 0.9477242484374999 0.1869609484375 0.9644152734375 0.188702728125 0.9739102000000001 0.187355475 0.9937804046875 0.1255356421875 1 0.0977477234375 1 0.033807620312499995
3 0.0785095359375 0 0.07825310625000001 0.002041540625 0.0780126125 0.0468458578125 0.0772527609375 0.0654681953125 0.0786516765625 0.089413159375 0.08540781562500001 0.10654986250000001 0.1014191046875 0.11542698437500001 0.11711064687499999 0.11853545000000001 0.1331620671875 0.116497409375 0.147394603125 0.10427615781249999 0.1608676140625 0.0874047546875 0.1770790875 0.07532188281249999 0.1847550609375 0.0689630796875 0.1988075859375 0.06448674374999999 0.21014160468749998 0.057521790625 0.22095597812499998 0.04506151875 0.2287720109375 0.0289438015625 0.23197057187499998 0.009055418749999999 0.23243051406249998 0 0.0785095359375 0
0 0.8100760375 0.33277304218750003 0.8149333562500001 0.33828436875 0.8215496859375 0.3470791609375 0.826826790625 0.3517578953125 0.8329834187499999 0.35678545 0.8325836625 0.35474629062499996 0.8280062125000001 0.34781795937500004 0.8224292828124999 0.3422563125 0.8188712734375001 0.336261215625 0.814133878125 0.33162021875000003 0.8091965859375 0.3272525609375 0.8100760375 0.33277304218750003
0 0.189469259375 0.30402905156250004 0.1939468875 0.3020436375 0.2038817015625 0.29182037968749996 0.19766498593749998 0.29540807343750003 0.1909685390625 0.2981002765625 0.18353245 0.303613909375 0.17949453124999998 0.3096524796875 0.1818732625 0.3092441875 0.189469259375 0.30402905156250004