3 0.49626724843750003 0.7577749515625001 0.4934124921875 0.765000821875 0.49135320781249997 0.7804503640625 0.491162646875 0.79157528125 0.49376332031250003 0.7991826343749999 0.50296046875 0.8020534093749999 0.509429903125 0.8047334453125 0.517692690625 0.8097665328125 0.5281761890625 0.813841084375 0.532410925 0.8148797546875001 0.5366973328125 0.8151794890625 0.5379395859375 0.8030142890624999 0.5381419968750001 0.7889200015625 0.539501578125 0.7778768281249999 0.5404058296875001 0.7649454437500001 0.5411830390625 0.7594306703125 0.53468563125 0.75155083125 0.527749015625 0.7499519515624999 0.5173968343750001 0.74959933125 0.5107465484375 0.7495055734375 0.503213575 0.7508351890625 0.498772153125 0.7527522640625001 0.49626724843750003 0.7577749515625001
3 0.5404058296875001 0.7649454437500001 0.539501578125 0.7778768281249999 0.5381419968750001 0.7889200015625 0.5379395859375 0.8030142890624999 0.539061209375 0.8149735124999999 0.5436220984375 0.8197477390625 0.5538709390625 0.8215782328125 0.56791316875 0.825159084375 0.5763449578125 0.8305752640625 0.580995203125 0.831271715625 0.5831222828125 0.8232524109374999 0.584857553125 0.8096365859375 0.5868393296875001 0.7952954484375 0.5883539265625 0.78203546875 0.5882064859375 0.7701443640625001 0.588136553125 0.7571448578125 0.5872377390625 0.7503990593750001 0.582535821875 0.7504415437499999 0.572807971875 0.75236023125 0.566742196875 0.7523073453125 0.5572866921874999 0.7531312515625 0.5499743890625 0.754105025 0.546389821875 0.754968190625 0.5438709312500001 0.7573909765625 0.5404058296875001 0.7649454437500001
3 0.4523654640625 0.7584177859375 0.4569716125 0.7457452625000001 0.4615616359375 0.7249035671875 0.46458111718749995 0.7069222453124999 0.4604357375 0.7018057984375 0.4504473921875 0.7018498953125001 0.4415107390625 0.700853709375 0.43592613125 0.7023195703125 0.43088835000000003 0.707165140625 0.4248666734375 0.72048123125 0.424246615625 0.729348465625 0.4351122140625 0.747558178125 0.4427151203125 0.7592280671875 0.45092623749999994 0.7650000921875 0.4523654640625 0.7584177859375
3 0.76465546875 0.3551456125 0.7610611890625 0.36454741875 0.7583635859375 0.37512575312499996 0.759027740625 0.37962749218749997 0.7590061796875001 0.3911355015625 0.7571934031249999 0.4058597328125 0.754535621875 0.4186684984375 0.7512276734375 0.429575428125 0.74761940625 0.43637733437500004 0.7420864703125 0.43710425781250006 0.7451564625 0.449199725 0.7488228125 0.45836669687500003 0.752163009375 0.46379811249999997 0.7557874 0.46516537968750005 0.76231821875 0.45856783749999996 0.7668016 0.46445046874999996 0.7710105015625001 0.46585860781250005 0.77571241875 0.4658161234375 0.7807362140625 0.45837065 0.7855910078125 0.45054208593749995 0.7873682359374999 0.4447259640625 0.791558875 0.432395659375 0.795007853125 0.416672021875 0.798015484375 0.40166006875000004 0.7995042453125001 0.38876955625 0.8009671703125001 0.3762485125 0.8024322328125001 0.3692967390625 0.7985129625 0.34414726562500003 0.7943557328125 0.342000190625 0.7879379703125 0.33858121875 0.7796116625 0.3372564375 0.7762994375 0.3370248234375 0.7707288171875 0.341090584375 0.76465546875 0.3551456125
3 0.43247613281249997 0.3092696078125 0.4280873578125 0.34683274218750004 0.42629497968749996 0.3808646875 0.4288740921875 0.39998005000000003 0.4318246171875 0.4053842171875 0.4454513390625 0.4093072875 0.45074961562500004 0.40633630624999995 0.46307600000000004 0.4064557015625 0.4728834953125 0.4089978828125 0.4826931265625 0.417109334375 0.4909516390625 0.4110038796875 0.49677634218750005 0.39210489375 0.49288931874999997 0.38329376718749997 0.4884597453125 0.382241471875 0.47790301562500004 0.39041386718750004 0.46572193281249996 0.39661630468750003 0.455059721875 0.40069730156250005 0.4506118859375 0.3859065625 0.4520683984375 0.3566777046875 0.453564734375 0.3296792796875 0.45098775937499996 0.3161331890625 0.44612441562500005 0.3016846703125 0.44062916406249997 0.2990727546875 0.43247613281249997 0.3092696078125
3 0.5713323609375001 0.29187632343750003 0.5683064671875 0.29314983125 0.563376303125 0.30765607031250003 0.55893915625 0.3207116875 0.5562415515625 0.331290021875 0.554311446875 0.344892221875 0.55032963125 0.359836053125 0.5479539046874999 0.36301139843749997 0.548908665625 0.3801568015625 0.55199050625 0.3892829 0.5562811890625 0.40072117656249995 0.560569734375 0.40659018125 0.5677151734375 0.4108025875 0.5740812640625 0.4149604953125 0.5859286203125 0.41913041562500003 0.5972689718749999 0.4221510609375 0.60632295625 0.424269275 0.6123370578125 0.42506109687500004 0.617635334375 0.422090115625 0.6209335734375 0.41972182656249996 0.6237302437500001 0.3965270796875 0.6260478859374999 0.37738285625 0.6269779718749999 0.364082003125 0.629995315625 0.340531409375 0.6295636828125 0.33270445625 0.6228887249999999 0.30216444062500003 0.6143417437500001 0.30119550156249997 0.6031962281250001 0.2981884828125 0.5942854093750001 0.2968228296875 0.586128103125 0.2958811390625 0.5787759796875 0.2946244796875 0.5713323609375001 0.29187632343750003
3 0.637601521875 0.3269548453125 0.63326771875 0.3385325890625 0.6294269296875 0.348659709375 0.6269779718749999 0.364082003125 0.6260478859374999 0.37738285625 0.6237302437500001 0.3965270796875 0.6224922671875001 0.41983082187500004 0.622597746875 0.423922221875 0.625456778125 0.42783489062499996 0.6340177437500001 0.4314037296875 0.6441890765625 0.4343426265625 0.653346403125 0.4349829703125 0.6633228984375 0.43790824375000004 0.67092153125 0.4384395921875 0.6788441781250001 0.43713722343750006 0.6864406734374999 0.43209929999999996 0.6892458953125 0.43118163593750003 0.693530165625 0.4259121 0.6967229234375 0.4194524140625 0.698669153125 0.4140193859375 0.6996411984375001 0.40851823437499996 0.7015314828125 0.3926856015625 0.702694090625 0.376059534375 0.7028469671875001 0.368273453125 0.7028308421875 0.3601042828125 0.7022302078125 0.3518942359375 0.7012657359375 0.3432874734375 0.69914195625 0.326060325 0.6985929921875 0.3171113421875 0.6801868468750001 0.31433916093750003 0.67004135 0.3110307953125 0.65967518125 0.3080782734375 0.6511281999999999 0.3071093359375 0.6476211390625 0.3068640984375 0.6429095109375 0.3154452234375 0.637601521875 0.3269548453125
3 0.5889180374999999 0.7627686265625 0.5882064859375 0.7701443640625001 0.5883539265625 0.78203546875 0.5868393296875001 0.7952954484375 0.584857553125 0.8096365859375 0.5867488109375001 0.8301889484375 0.59050451875 0.8352781453125001 0.60114089375 0.8315666140625 0.6099343828125 0.8318102406250001 0.6197020546875 0.8321219875000001 0.6264556812500001 0.830737875 0.6297517828125 0.8228003140625001 0.63068186875 0.8094994609375 0.63341715625 0.795582290625 0.63507491875 0.78307486875 0.636486171875 0.7712927609375 0.636587378125 0.7642456156249999 0.6353645484375 0.7593335359375 0.6300124625 0.7574741828125 0.6162823984375 0.755028984375 0.6097612921875 0.753087884375 0.6043833703125 0.7515979984375 0.5982519390625 0.7496841484375001 0.5929138390625 0.750424696875 0.590798609375 0.7554746328124999 0.5889180374999999 0.7627686265625
3 0.46914628281250004 0.7228350125 0.4615616359375 0.7249035671875 0.4569716125 0.7457452625000001 0.4523654640625 0.7584177859375 0.457111478125 0.7717442765625 0.4667004375 0.7802115734374999 0.4758599015625 0.7864211875 0.4848901859375 0.794478140625 0.4897094328125 0.7955576859375 0.49135320781249997 0.7804503640625 0.4934124921875 0.765000821875 0.49626724843750003 0.7577749515625001 0.499678540625 0.7453901484375 0.4971155515625 0.7344439578124999 0.49125432656249995 0.7258660578125 0.4875244546875 0.7204073921874999 0.48222404062499996 0.717809103125 0.47622392500000005 0.7196171812500001 0.46914628281250004 0.7228350125
3 0.797508296875 0.4677115140625 0.800625684375 0.467929503125 0.8081586578125 0.46659988593749996 0.8121049265625 0.46056416406249995 0.8151760796874999 0.44184390625000003 0.8179511906249999 0.43015716875 0.819958803125 0.4154465625 0.8217177703124999 0.3958919984375 0.82210316875 0.3847807046875 0.8222539078125 0.37142535468750004 0.8195100703125 0.363065440625 0.8152355109375 0.3597963375 0.8114044343750001 0.361384815625 0.80539246875 0.366162265625 0.8024322328125001 0.3692967390625 0.8009671703125001 0.3762485125 0.7995042453125001 0.38876955625 0.798015484375 0.40166006875000004 0.795007853125 0.416672021875 0.791558875 0.432395659375 0.7873682359374999 0.4447259640625 0.7855910078125 0.45054208593749995 0.7807362140625 0.45837065 0.77571241875 0.4658161234375 0.7710105015625001 0.46585860781250005 0.7668016 0.46445046874999996 0.766205240625 0.4673789640625 0.7689490796875 0.47573887812500004 0.7777565546874999 0.47858240468749996 0.7816791249999999 0.47848542343749995 0.788406915625 0.47747077656250003 0.7928601875 0.4725843328125 0.797508296875 0.4677115140625
3 0.5224638890625 0.2795485109375 0.515930934375 0.28057678125 0.5106627687499999 0.2943168375 0.5040824171875 0.3072225875 0.49790572656250004 0.322755484375 0.49563761875 0.3355915015625 0.4919421328125 0.3520404515625 0.49124884375000005 0.37315463437499996 0.4958000203125 0.3864675015625 0.49891954531250005 0.3922547609375 0.51179275625 0.39575386875 0.5212482625 0.3949299609375 0.5287037296875 0.39470875 0.5351333421875 0.3951583515625 0.5407954562499999 0.3925840875 0.545884909375 0.3869995796875 0.548908665625 0.3801568015625 0.5479539046874999 0.36301139843749997 0.5492973625 0.34379905312500003 0.553471878125 0.3232995765625 0.549883034375 0.3130242015625 0.5460197109375 0.2982743359375 0.543651559375 0.28734176875 0.5354027578125 0.28490858281250003 0.528400484375 0.2814487375 0.5224638890625 0.2795485109375
3 0.493002559375 0.3060765328125 0.49024259687500005 0.289547446875 0.48814678906250003 0.2775201015625 0.48221019375 0.27561987499999996 0.47509272812500003 0.276607271875 0.4700011375 0.27662250781250003 0.46406667968750004 0.280291553125 0.45874897968750006 0.300339815625 0.45601369218750004 0.3142569875 0.453564734375 0.3296792796875 0.4520683984375 0.3566777046875 0.4506118859375 0.3859065625 0.455059721875 0.40069730156250005 0.46572193281249996 0.39661630468750003 0.47790301562500004 0.39041386718750004 0.49124884375000005 0.37315463437499996 0.4919421328125 0.3520404515625 0.49563761875 0.3355915015625 0.49790572656250004 0.322755484375 0.4972157359375 0.3186232140625 0.494239375 0.3135885140625 0.493002559375 0.3060765328125
3 0.635657290625 0.777546471875 0.63507491875 0.78307486875 0.63341715625 0.795582290625 0.63068186875 0.8094994609375 0.6297517828125 0.8228003140625001 0.6319509328125 0.8333497875000001 0.6403289125 0.8339356328124999 0.6510826171875 0.8313461328124999 0.6623433249999999 0.8299059109375 0.6704866453125 0.8282476984375 0.675240234375 0.8274662765624999 0.6781886203124999 0.8273011718750001 0.6802102203125 0.81519046875 0.681452471875 0.8030252687500001 0.6829035484375 0.79347359375 0.6836151 0.7860978546874999 0.679612884375 0.7817339703124999 0.6734416296875 0.777589684375 0.6649064984375 0.7736513781250001 0.65507316875 0.771478665625 0.6486435562499999 0.7710290640624999 0.6434088 0.7702917390625 0.6383053609375 0.77327634375 0.635657290625 0.777546471875
3 0.69342589375 0.76339358125 0.6911933328125001 0.7673214875000001 0.6863364015625 0.7695807828125 0.680845425 0.778107409375 0.679612884375 0.7817339703124999 0.6836151 0.7860978546874999 0.6829035484375 0.79347359375 0.681452471875 0.8030252687500001 0.6802102203125 0.81519046875 0.681799025 0.8260685375 0.7003042390625 0.8162243046875 0.7160817390625 0.8061893328125 0.7152443078124999 0.7901659578125 0.7137706953125 0.774840646875 0.7099611796875 0.764921115625 0.704024584375 0.7630208890625 0.69837431875 0.7626257843750001 0.69342589375 0.76339358125
3 0.7192004265625 0.33600227031249996 0.7135286015625 0.347115175 0.708272284375 0.3578858609375 0.704795334375 0.368409696875 0.702694090625 0.376059534375 0.7015314828125 0.3926856015625 0.6996411984375001 0.40851823437499996 0.7014485374999999 0.41347118906249997 0.7038543749999999 0.42106491718749994 0.707466915625 0.42540155312500005 0.7114949671875 0.42939596875 0.71825073125 0.4335811265625 0.724551165625 0.43587807031250003 0.731605109375 0.43859897812500004 0.7357225171875 0.43851562031249997 0.740138103125 0.43696801562500004 0.7420864703125 0.43710425781250006 0.74761940625 0.43637733437500004 0.7512276734375 0.429575428125 0.754535621875 0.4186684984375 0.7571934031249999 0.4058597328125 0.7590061796875001 0.3911355015625 0.759027740625 0.37962749218749997 0.7575821015625 0.369501984375 0.7557069656250001 0.35711879375 0.7536606921875 0.338783240625 0.7497058734375 0.322541878125 0.74445713125 0.3192046515625 0.7376895171875 0.31798886406250004 0.7316237421875 0.317935978125 0.7283255046875 0.32030426562500003 0.7244707296875 0.327831484375 0.7192004265625 0.33600227031249996