3 0.6556131921875 0.3919598984375 0.653012990625 0.40921385 0.6527118921875 0.42258330624999996 0.657948525 0.4364680640625 0.6657918609375 0.44677453125 0.6762511953125 0.4521891328125 0.6885310421875 0.44839245937500005 0.695390246875 0.4469896734375 0.7012532359375 0.450180446875 0.7107005578125001 0.44782651875 0.716952925 0.44949415937500004 0.7200289265625 0.452556221875 0.72815570625 0.44712396875 0.7373604828125 0.4352688171875 0.741823940625 0.42222136875 0.745554178125 0.41064872656249995 0.7492212203124999 0.3982782734375 0.74955763125 0.3896473484375 0.743478115625 0.3830074578125 0.7368103500000001 0.3768108453125 0.727953140625 0.36872867187499997 0.7177103328125 0.36676318750000003 0.7035579375000001 0.3676669328125 0.690699134375 0.3705933125 0.68058178125 0.3752198578125 0.6689617421875 0.38305390156249997 0.6570341015625 0.39058173906250004 0.6556131921875 0.3919598984375
3 0.626182034375 0.5627026125000001 0.633953815625 0.5685284312500001 0.6398623406249999 0.5701477484375 0.6480783296875 0.5715654078125 0.6586017875 0.5727814062500001 0.6661486796875 0.57147526875 0.6674162531250001 0.5674458 0.66786139375 0.5580412265625 0.667004578125 0.54293118125 0.6660938640625 0.525709753125 0.6644852390625 0.5147016640625 0.6617354234375 0.509318659375 0.6571846156250001 0.5055233734375 0.6506878406250001 0.504347334375 0.6435665703125 0.5038724578125 0.6403539609375 0.5055247625 0.6397833656249999 0.5083373046874999 0.6328702625 0.5076287078124999 0.6172198171875001 0.5354084375 0.6189929328125 0.537761440625 0.623271453125 0.54598905 0.6257043734375001 0.5523794203125 0.626182034375 0.5627026125000001
3 0.5324253390625 0.4801003234375 0.5267788765625 0.48035866875 0.5217206671875 0.480173734375 0.5179922921875 0.481753553125 0.51668940625 0.4810444921875 0.5132240265625 0.47950556093749996 0.51047328125 0.47911896875000004 0.5076769999999999 0.4803038328125 0.5059029546875 0.48294724375 0.5028985078125 0.4843658265625 0.5020212453124999 0.4818757515625 0.50050183125 0.4777175734375 0.49848430937500005 0.47585617343750003 0.4950551734375 0.4740593609375 0.491001540625 0.4729637078125 0.48619703124999997 0.47097359843750003 0.4829305234375 0.4705145203125 0.47966401249999996 0.4700554421875 0.47566428125 0.47107117187499997 0.47180022812500005 0.472368946875 0.4682790875 0.47871145625 0.4654093890625 0.485408496875 0.46327198281250004 0.4956271421875 0.45991997187500006 0.5169830484375 0.4579897984375 0.5319643859375 0.4568198 0.5465266046874999 0.45539702968749995 0.5578975890625 0.45764873437500003 0.5655773703125 0.46219861250000005 0.57436906875 0.46563518125 0.58484513125 0.46714530156249995 0.590316884375 0.48392205781250003 0.5882041124999999 0.5004636984374999 0.5852693703125 0.51062565625 0.5840677796875 0.5187245546875 0.5825762484375 0.5258644125 0.580423978125 0.531574996875 0.5759670296875 0.5347606578125 0.5732590328125 0.5386275031250001 0.556972025 0.5407918578124999 0.5478090718749999 0.5434357359375 0.5389764859375 0.5452385921875 0.52739594375 0.54573763125 0.520102753125 0.5450322875 0.517636840625 0.5471511078125 0.51004534375 0.5469717546874999 0.50134193125 0.5451456718750001 0.491881134375 0.543228515625 0.4855632484375 0.5401618078125 0.48118761250000003 0.5324253390625 0.4801003234375
3 0.5372428921875 0.363490121875 0.5279572671875 0.372178196875 0.5223173078125 0.386112203125 0.52032115 0.41528496718749996 0.5195014953125 0.44357117187500006 0.5234975046875 0.462541090625 0.5290519625 0.47042206875000003 0.5386247375 0.47466016875 0.5467868296875 0.47396644375 0.55445174375 0.47057308750000004 0.5570482234374999 0.4733047828125 0.5646852578125 0.47385214531250003 0.5688476171875 0.4741741515625 0.57653855 0.47683289687499997 0.5905729234375 0.478016371875 0.6062902703125 0.4796993484375 0.6152125328125 0.4785865078125 0.6264339015625 0.4735891703125 0.6357381125 0.462273946875 0.6421112953125 0.44686513124999994 0.6467652625 0.43121469531249995 0.6506776453125 0.41335623125 0.6522453875 0.40095371875 0.6522927843749999 0.3893894375 0.653299225 0.37848589375 0.6526217625 0.3720792609375 0.6475830703125001 0.36427076875000003 0.6358933359375001 0.35763134218750003 0.6200588984375 0.3530391734375 0.60410736875 0.34553781250000004 0.595239934375 0.34376562499999996 0.5838745265624999 0.34479808125 0.5650886125000001 0.348732290625 0.551912915625 0.35266603750000003 0.5372428921875 0.363490121875
3 0.394838890625 0.33637619375 0.3899591015625 0.349891084375 0.386297628125 0.380933609375 0.38288242499999997 0.40149170781250004 0.3821110984375 0.413217221875 0.3842968171875 0.43508843124999996 0.388783503125 0.44308231875 0.3967987609375 0.45341294843749996 0.411176046875 0.45964115781250003 0.42205264062500003 0.45959190781250003 0.42680325156250004 0.45947063593750004 0.4361409140625 0.4628867671875 0.44446563437500003 0.46353077656249997 0.449433703125 0.461862209375 0.45168726875000004 0.4595491703125 0.45593977187499996 0.461724675 0.466110090625 0.4642059234375 0.476732984375 0.46596184999999996 0.484777053125 0.46735534687499997 0.49715633437499995 0.4640985984375 0.5051307109375001 0.45101862343750004 0.5112864359375 0.437157103125 0.5153707390625 0.41932279843750003 0.5174458828125 0.403309934375 0.520679871875 0.38404124687499996 0.5198676625 0.37235615625 0.5138792203125 0.36257335468749996 0.5036652234375001 0.3516707375 0.49083616250000006 0.340663571875 0.46736562187499997 0.3305276296875 0.45313330937499996 0.3232678890625 0.4444470890625 0.32020628906250004 0.42844909375 0.319272796875 0.41500203750000003 0.32264245625 0.4022872765625 0.32953371875 0.394838890625 0.33637619375
3 0.299285825 0.327680653125 0.2988323234375 0.3334023875 0.298676196875 0.3457403140625 0.29922448125 0.36554056562500004 0.3014845484375 0.3769031859375 0.30940037187499997 0.3866938890625 0.315570959375 0.39019086718749996 0.3231448015625 0.389940421875 0.32711758281250003 0.387869 0.3315327140625 0.3913822421875 0.3374951390625 0.395112940625 0.3414130890625 0.39592655 0.34746751875 0.391517925 0.34946738437499997 0.391010059375 0.352850984375 0.3943783296875 0.3570849 0.39918098125 0.363301025 0.40110650468750003 0.3711285671875 0.3990508828125 0.3773186734375 0.394924303125 0.3826947078125 0.3891054578125 0.3874499734375 0.364002125 0.3888550859375 0.35026187656249996 0.38811443125 0.343057434375 0.380840759375 0.3349348359375 0.37041766875 0.3292623515625 0.362473965625 0.32341236875 0.34619717968749997 0.3132355390625 0.33181989375 0.307007328125 0.317948146875 0.3071615890625 0.3066905375 0.312416809375 0.299285825 0.327680653125
3 0.3699817796875 0.48330498593750004 0.3650239359375 0.47866356718749997 0.35591209375 0.47738298281249997 0.3487722375 0.4795352515625 0.343713096875 0.48434673124999994 0.3408443296875 0.4860473578125 0.33782222812499996 0.485096678125 0.3336691609375 0.48346109843749996 0.3300857578125 0.4840093890625 0.3243212734375 0.4863549546875 0.3189099265625 0.487435271875 0.315435253125 0.4872099125 0.3109104625 0.48946673125 0.3051998796875 0.493923678125 0.2977421984375 0.5020797265625 0.293850265625 0.5073182218750001 0.290799353125 0.5153046734375 0.28968511406249997 0.521985453125 0.289856103125 0.5270060265625001 0.2958185265625 0.5307367265625 0.308549084375 0.5362075515625 0.3259940078125 0.5418149875 0.3361187921875 0.5458676921875 0.36292832812500003 0.5559469499999999 0.36769845624999997 0.548202115625 0.370922221875 0.5352434140625 0.3731962359375 0.520310403125 0.3737965734375 0.503564315625 0.37328360156249996 0.48850259375 0.3699817796875 0.48330498593750004
3 0.5561737375 0.504476015625 0.550182503125 0.50968245 0.5474940187499999 0.515090078125 0.54573763125 0.520102753125 0.5452385921875 0.52739594375 0.5434357359375 0.5389764859375 0.5407918578124999 0.5478090718749999 0.5386275031250001 0.556972025 0.538318040625 0.566658640625 0.5381990875 0.5737422734375001 0.5411394109375001 0.5765222921875 0.544396625 0.57829494375 0.5570649203125 0.5779715484375 0.573144696875 0.577075703125 0.588328621875 0.5763169296874999 0.601548925 0.5758081390625 0.613258175 0.57482400625 0.618461359375 0.5739774109375 0.6238912937500001 0.5702699484375 0.6254302234375 0.5668045671875 0.626182034375 0.5627026125000001 0.6257043734375001 0.5523794203125 0.623271453125 0.54598905 0.6189929328125 0.537761440625 0.6172198171875001 0.5354084375 0.6148854015625 0.5345544062500001 0.6115742859375 0.530670371875 0.6067790703125 0.5273666875 0.602073996875 0.5259165046875001 0.5986987593750001 0.5262310734375 0.5959396515625001 0.52216164375 0.5936963078125 0.5181647 0.589615728125 0.51601335625 0.586801790625 0.5148289562499999 0.5820688374999999 0.51731949375 0.5788748125 0.51634465 0.5786675796875 0.5115819593750001 0.576252315625 0.507560853125 0.57200910625 0.5040717734375 0.566896996875 0.5017754578125 0.560671578125 0.5011635078125 0.5561737375 0.504476015625
3 0.38615542187499996 0.46427699375 0.3834938875 0.4707403125 0.3810042765625 0.47722779531250004 0.3792562484375 0.48592330781250004 0.378811109375 0.4953278796875 0.3786642765625 0.5063522328125 0.3759915875 0.52412195 0.37481322499999997 0.5350013312499999 0.3744405703125 0.5438901406250001 0.37583266875 0.5514491140625 0.379450453125 0.5606357656250001 0.3839826734375 0.5670581968749999 0.39708402343750004 0.5736330390625 0.404286140625 0.577274990625 0.4119584875 0.5825608843750001 0.41956764062499996 0.5870489671875 0.42801874531250006 0.5892885953125 0.43179265625 0.586137321875 0.438191859375 0.5767806109375 0.44478063749999996 0.569817325 0.4501204296875 0.5642563609375 0.45291764062500006 0.558075084375 0.45448538281250006 0.545672571875 0.4566051328125 0.5330846625000001 0.4581905328125 0.5230514140625 0.45991997187500006 0.5169830484375 0.46327198281250004 0.4956271421875 0.4633909359375 0.488543509375 0.463274775 0.48063790624999997 0.46183714218749994 0.4746503890625 0.460552840625 0.47131418125 0.4559657890625 0.467776778125 0.453088659375 0.46579456874999997 0.44896254375 0.46521468125 0.44176878750000004 0.46525556874999996 0.43769657031250003 0.4667870625 0.4340676296875 0.46890680781249994 0.43195903593749996 0.4701883203125 0.4302760640625 0.4696888171875 0.42912744218750004 0.46663465468750004 0.42766192812500003 0.4645878578125 0.42471231249999997 0.46312141249999994 0.42205264062500003 0.45959190781250003 0.415890415625 0.45977776875 0.41354670625 0.46023730937499996 0.41102178125 0.46198626093749995 0.40852473749999996 0.45979449375000003 0.40334014218750003 0.45801394218749997 0.3983637125 0.455999671875 0.3954772890625 0.455331034375 0.39053616875 0.45805529375000004 0.38615542187499996 0.46427699375
3 0.282685603125 0.4507871625 0.2755085734375 0.4581937265625 0.269145615625 0.46729255625 0.263396925 0.4820002109375 0.259015246875 0.49321832343749994 0.255955040625 0.502518346875 0.25409921562500004 0.5069910953125001 0.256288659375 0.50887665625 0.26671174999999997 0.5145491421874999 0.273850675 0.517393284375 0.28177672343750004 0.5208740015625 0.2858665953125 0.5217117703125 0.290799353125 0.5153046734375 0.293850265625 0.5073182218750001 0.2977421984375 0.5020797265625 0.3051998796875 0.493923678125 0.309246078125 0.48634008125 0.307809375 0.475356153125 0.30544987031250004 0.46345360468749996 0.3027548875 0.455185571875 0.297842578125 0.44897269843750004 0.29065811875 0.4477000109375 0.282685603125 0.4507871625
3 0.2527294703125 0.3308676921875 0.251965575 0.35127245625 0.2531021109375 0.3706294296875 0.2543929109375 0.38764129999999997 0.255711590625 0.4007124484375 0.262297578125 0.40873839843750004 0.2739250515625 0.4095836046875 0.2820425359375 0.405464925 0.2875087140625 0.40149957968749994 0.29098525 0.39173211406249997 0.2955472125 0.3842210015625 0.3014845484375 0.3769031859375 0.29922448125 0.36554056562500004 0.298676196875 0.3457403140625 0.2988323234375 0.3334023875 0.299285825 0.327680653125 0.2949710625 0.3197109265625 0.2849643 0.313571 0.272731853125 0.305803396875 0.266479484375 0.30413575625 0.25888705624999997 0.3070133484375 0.2536820125 0.3178527671875 0.2527294703125 0.3308676921875
3 0.23213322500000003 0.48365482968749995 0.23760590312500002 0.493365146875 0.243169653125 0.49993255000000003 0.24800111406249997 0.5029783515624999 0.25664458749999997 0.492622171875 0.263396925 0.4820002109375 0.269145615625 0.46729255625 0.2755085734375 0.4581937265625 0.27603456249999997 0.4519562265625 0.269783125 0.4452921734375 0.254798071875 0.44713079999999994 0.2425535375 0.45566600468749996 0.23466094062499998 0.46691664218750006 0.230641690625 0.47555593125 0.23213322500000003 0.48365482968749995