1 0.665036215625 0.453760078125 0.6475391968750001 0.386253690625 0.630217225 0.35340160468750004 0.6231834093749999 0.3194681875 0.5939461078125 0.3052048046875 0.5602529875 0.314524875 0.52836208125 0.340991878125 0.4863580625 0.40319451093750003 0.4783972515625 0.5253856734375 0.5015515640625 0.5807398890625 0.5061824265625 0.5918107328125 0.50498095 0.580379446875 0.506608121875 0.5628720734375 0.5106382453125 0.5682272734375 0.5352446843750001 0.571419815625 0.5324160375 0.577495903125 0.5410770234375 0.5939219453125 0.5319903421875 0.606434559375 0.5485365328125 0.598916703125 0.5547945671875001 0.5924801734375 0.5644819859375 0.5856832015625 0.555821 0.5692571578125001 0.5649076796875 0.55674454375 0.5596760796875 0.5399580562499999 0.568162021875 0.5217298 0.5669605453125001 0.5102985125 0.5697891937499999 0.5042224265625 0.5760472265625001 0.4977858984375 0.5851339078125 0.48527328281250004 0.5919926796875 0.484552396875 0.6063109609375 0.4888262671875 0.6178005953125 0.499176225 0.6270623203125 0.5213179125 0.6288645359375 0.538464840625 0.6385519546875 0.5316678671874999 0.6369247828125 0.549175240625 0.6461865078125 0.571316928125 0.6576761421875 0.5816668843749999 0.6719944250000001 0.5859407562500001 0.670967990625 0.6091637703125 0.6820319296874999 0.6484523875 0.6857119671875 0.5844989843749999 0.6724201171875 0.557002096875 0.6682149500000001 0.516992596875 0.660580396875 0.4773435375 0.665036215625 0.453760078125
0 0.49554418125 0.523583459375 0.4971713515625 0.5060760859375 0.5006007390625 0.50571564375 0.5046308625 0.51107084375 0.5149190203125 0.5099895140624999 0.5217777906250001 0.509268628125 0.5338681640625 0.5253342296875 0.543555584375 0.5185372562499999 0.54698496875 0.5181768140624999 0.5554709124999999 0.49994855625 0.5508400484375 0.4888777125 0.534293859375 0.49639557031250003 0.522804225 0.4860456125 0.5181733609375 0.47497476875 0.5038550796875 0.4707008984375 0.498197784375 0.48285307031249997 0.4947683984375 0.48321351406249996 0.492966184375 0.46606658437500004 0.48773458437499995 0.4492800984375 0.48405454687500005 0.5132335015625 0.490487625 0.5414512734375 0.506608121875 0.5628720734375 0.516295540625 0.5560751015625 0.5013765203125 0.5460855875 0.49554418125 0.523583459375
0 0.6530452796875 0.5705960421875 0.6478136796875 0.5538095546874999 0.646011465625 0.5366626250000001 0.6631583921875001 0.5348604109374999 0.6682149500000001 0.516992596875 0.661181134375 0.4830591796875 0.656550271875 0.4719883375 0.6531208875 0.4723487796875 0.646687809375 0.44413100781250003 0.631943834375 0.46879579375 0.6321188765625 0.503450096875 0.6385519546875 0.5316678671874999 0.6409549078125 0.554530440625 0.6496158953125 0.570956484375 0.6530452796875 0.5705960421875
3 0.84098515625 0.643303296875 0.834301428125 0.6786784828125 0.8492204484375 0.688667996875 0.865941684375 0.715804440625 0.876229840625 0.7147231109375001 0.9070943140625 0.711479125 0.9395859578125 0.6907277656249999 0.9583600578125001 0.6714181796875 0.955356365625 0.6428399625 0.9511511984375 0.6028304624999999 0.945744553125 0.551389675 0.94839815625 0.5106592859375 0.9470216375 0.4645737 0.94281646875 0.424564196875 0.9204379375 0.4095799265625 0.8764566609375001 0.419981328125 0.8497973562500001 0.4632348171875 0.805390384375 0.5025748765625 0.8037632125 0.5200822484375001 0.8073676437499999 0.5543761078125 0.81259924375 0.57116259375 0.8299212171875 0.6040146796875 0.84098515625 0.643303296875
1 0.69154430625 0.6070011125 0.699178859375 0.646650171875 0.6894914421875 0.65344714375 0.69069291875 0.664878428125 0.698152428125 0.6698731859375 0.6969509515625 0.6584419015625 0.7133220984374999 0.6162697406250001 0.7326969359375 0.6026757968750001 0.7371527546875 0.5790923390625 0.7369777109375 0.5444380375 0.7482923015625 0.5201336921874999 0.745288609375 0.491555478125 0.7297688515625 0.47585032031249996 0.7146747875 0.43120650625 0.6712942484375 0.44732354843750005 0.6599796578125 0.47162789375 0.6676142109375001 0.511276953125 0.6947986484374999 0.57198636875 0.69154430625 0.6070011125
3 0.3194440265625 0.5305347640625 0.31516325156249997 0.5887725234375 0.3165397734375 0.6348581109375 0.3195434640625 0.6634363265625 0.3288051890625 0.6855780140625 0.3455264234375 0.71271445625 0.3661027390625 0.7105517984375 0.3929370875 0.7019526109374999 0.43348897812500004 0.6919116515625 0.4827018578125 0.6982967375 0.49924804843750004 0.6907788781249999 0.5065325140625 0.6611193359375 0.5063574703125 0.6264650328125 0.498722915625 0.586815975 0.48946119218749995 0.5646742890625001 0.4783972515625 0.5253856734375 0.48285307031249997 0.5018022156249999 0.48490593593750003 0.455356184375 0.47847285937499995 0.4271384125 0.4554935890625 0.406438496875 0.4456311265625 0.37858116875 0.4238533359375 0.369312540625 0.408333578125 0.35360738281250004 0.39221308125 0.33218658125 0.373864675 0.32255751093749996 0.3492582359375 0.31936496875 0.3407722921875 0.3375932265625 0.34137303124999996 0.34330886875 0.3288569640625 0.356181928125 0.31754237500000004 0.380486271875 0.31831815625000004 0.42085621562500003 0.30357418125 0.445521003125 0.2991183625 0.4691044625 0.310182303125 0.5083930765625 0.3194440265625 0.5305347640625
3 0.507133253125 0.666834978125 0.5089354671875 0.68398190625 0.5266831359374999 0.6878953343750001 0.5718658890625 0.6889252203125 0.6148207343750001 0.7017468328125 0.647487421875 0.7156497765625 0.6600034890625001 0.7027767171875 0.6759489421875 0.6895432171875 0.6832334078125 0.6598836734375 0.6836591015625 0.6309450140624999 0.6846855359374999 0.6077219984375 0.6857119671875 0.5844989843749999 0.6718193796875 0.5512864546875 0.6682149500000001 0.516992596875 0.660580396875 0.4773435375 0.6690663390625 0.45911527812499997 0.6580023984375 0.4198266640625 0.6475391968750001 0.386253690625 0.630217225 0.35340160468750004 0.6225826718749999 0.31375254531249996 0.5939461078125 0.3052048046875 0.5568236015625 0.31488531875 0.5277613437500001 0.335276234375 0.507360071875 0.3720931953125 0.48352941562499996 0.409270596875 0.484305196875 0.4496405421875 0.4783972515625 0.5253856734375 0.502152303125 0.5864555328125001 0.5057567328125 0.620749390625 0.507133253125 0.666834978125
1 0.28026865624999997 0.5866613093749999 0.2710069296875 0.5645196234375 0.287978815625 0.5280631078125 0.29003168125 0.48161707812500004 0.279142784375 0.47698276406250006 0.26259659375 0.484500621875 0.25068126562500004 0.503089321875 0.2548864328125 0.5430988234374999 0.240743196875 0.573479253125 0.25120639843750003 0.6070522265625 0.2477770125 0.60741266875 0.24675057968749997 0.6306356859375 0.2675019375 0.6631273281250001 0.283196740625 0.7134867859375 0.2900555125 0.7127659000000001 0.29511206875 0.6948980859375 0.2862760390625 0.6438177406250001 0.2867017328125 0.6148790828124999 0.28026865624999997 0.5866613093749999
1 0.43278880312499995 0.5532944468750001 0.4471070859375 0.5575683171875 0.4495100390625 0.580430890625 0.4759186921875 0.6007703625 0.4874083265625 0.6111203187500001 0.4966700515625 0.6332620046875 0.501901653125 0.6500484921874999 0.5029280843749999 0.6268254765625 0.49812217812500004 0.5811003328125001 0.4783972515625 0.5253856734375 0.484305196875 0.4496405421875 0.48190224375 0.42677796875 0.4514634671875 0.401083296875 0.4456311265625 0.37858116875 0.4198232125 0.3639573390625 0.40087406718749996 0.348612625 0.39161234375 0.3264709390625 0.3704352890625 0.3229179546875 0.3498589734375 0.3250806125 0.3407722921875 0.3375932265625 0.34137303124999996 0.34330886875 0.3288569640625 0.356181928125 0.3169416359375 0.3747706296875 0.3142880328125 0.415501015625 0.30357418125 0.445521003125 0.298517625 0.46338881875000004 0.310182303125 0.5083930765625 0.31884328906250003 0.5248191203125 0.315763990625 0.5944881671875 0.3191933765625 0.5941277234375 0.3355645234375 0.5519555656249999 0.334012959375 0.4712156765625 0.36487743125 0.46797168906250003 0.399346334375 0.49902155937500003 0.4217248640625 0.51400583125 0.43278880312499995 0.5532944468750001
3 0.045268203125 0.594024503125 0.053678539062499996 0.67404350625 0.0675711265625 0.7072560359375 0.078460021875 0.7118903515625 0.11335461875 0.7140015640625 0.138561796875 0.7229097484375 0.157936634375 0.70931580625 0.180140121875 0.689645775 0.185196678125 0.671777959375 0.18039077187500002 0.626052815625 0.17395769375 0.5978350421874999 0.16915178749999998 0.5521098984374999 0.16554735781250002 0.5178160390625 0.13570931875 0.4978370109375 0.10930066406250001 0.47749753906250003 0.0942066015625 0.432853725 0.082116228125 0.4167881234375 0.052878925 0.4025247375 0.0300747015625 0.41647912500000006 0.025618884375 0.440062584375 0.028622575 0.4686407984375 0.0374586046875 0.5197211421875 0.045268203125 0.594024503125
3 0.1910290171875 0.6942800890624999 0.20029074218749998 0.7164217749999999 0.222669271875 0.731406046875 0.2444470625 0.740674675 0.263821903125 0.72708073125 0.283797478125 0.7192024296875 0.291682684375 0.6952585296875 0.28927973125 0.67239595625 0.28567529999999997 0.638102096875 0.28610099375 0.6091634406249999 0.2796679171875 0.5809456671875 0.2710069296875 0.5645196234375 0.28009361093749996 0.552007009375 0.28857955468749996 0.5337787515625 0.2867773390625 0.516631821875 0.28720303281250004 0.4876931625 0.2848000796875 0.464830590625 0.26242155 0.44984631875 0.2372143734375 0.44093813437499996 0.21260793281249998 0.4377455921875 0.18577358593749999 0.446344778125 0.1700031765625 0.49423258125 0.1792649015625 0.5163742671875 0.185272284375 0.573530696875 0.1791892953125 0.6146215296875 0.18176729062500002 0.6721384031250001 0.1910290171875 0.6942800890624999
3 0.6947986484374999 0.57198636875 0.6909435687500001 0.60128546875 0.6957494750000001 0.647010615625 0.700981075 0.6637971 0.7108435375 0.6916544296875 0.7297926828125 0.7069991453125 0.7521712125 0.7219834171875 0.7842371609375001 0.7301707140625 0.8110715109375001 0.7215715281249999 0.8320735203125 0.6904702125 0.8375557703125001 0.6436637390625 0.8305219562499999 0.6097303234375 0.80796838125 0.56009175 0.8037632125 0.5200822484375001 0.804789646875 0.496859234375 0.8177314062500001 0.45504751718750003 0.8187578406249999 0.4318245015625 0.804439559375 0.42755063125000003 0.7895205375 0.41756111718750005 0.768343484375 0.41400813125 0.7477671703125 0.41617078906250005 0.7243622078125 0.4244095328125 0.707816015625 0.43192739218750004 0.6850117906250001 0.44588177656249994 0.6718949859375 0.4530391921875 0.66400978125 0.47698309375000003 0.6664127343749999 0.4998456671875 0.6768759375 0.5334186390625 0.6861376625 0.555560325 0.6947986484374999 0.57198636875
0 0.7183786546875 0.598401925 0.7159757015625 0.5755393546875001 0.714774225 0.5641080671875 0.7200058265625 0.5808945546875 0.7246366875 0.5919653968749999 0.73312263125 0.5737371390625 0.7301189390625 0.5451589234374999 0.7242866 0.52265679375 0.719055 0.5058703078125 0.7063638890624999 0.4840890640625 0.6954749921875 0.47945475000000004 0.6886162203125 0.4801756359375 0.6829589265625 0.492327809375 0.6835596640625 0.4980434515625 0.67730163125 0.50447998125 0.679704584375 0.5273425515625 0.6941979109374999 0.5662707250000001 0.702858896875 0.58269676875 0.7115198828125 0.5991228109375 0.7127213593749999 0.6105540984375 0.7183786546875 0.598401925
1 0.8705487156249999 0.49572646093749995 0.8715751484375 0.4725034453125 0.859484775 0.45643784375 0.846968709375 0.46931090312499996 0.81224915625 0.501853990625 0.8065918609375 0.5140061625000001 0.8107970296874999 0.5540156640625 0.8339513406249999 0.6093698796875 0.8432130656249999 0.6315115671875 0.860785690625 0.60077069375 0.864465725 0.5368172906249999 0.8705487156249999 0.49572646093749995
0 0.8537518734375 0.5668372781250001 0.8444901484375 0.5446955921875001 0.8410607640625001 0.545056034375 0.8319740828125 0.55756865 0.833175559375 0.5689999359375 0.8355785125 0.5918625078125 0.8333506015625 0.6036542375 0.83575355625 0.626516809375 0.8436387609375 0.6025729078125 0.848094578125 0.5789894484375 0.8537518734375 0.5668372781250001