1 0.65817083125 0.4339918890625 0.6325772749999999 0.36912103281249997 0.6113807546875 0.3386248390625 0.6002639265624999 0.3058015640625 0.569506284375 0.295207628125 0.5372001390625 0.30856438750000004 0.508772459375 0.3387206328125 0.47466212656250006 0.4055786171875 0.48165201093750004 0.527829165625 0.5113797171875001 0.579948978125 0.5173252578125 0.590372940625 0.5147396125 0.579173284375 0.51422104375 0.5615981078125001 0.5188737625 0.5664222421875 0.5436858609375 0.5665922171875 0.5416187875 0.5729677390625 0.5522170484375 0.5882158359375 0.5447230015625 0.6017425703125 0.5602296640625 0.592264278125 0.565656634375 0.5851130625 0.574443503125 0.5771861546875 0.56384524375 0.5619380578125 0.5713392875000001 0.548411321875 0.564100925 0.5323875296875 0.5703021484375 0.5132609687499999 0.5677165046875 0.5020613125 0.5697835796875 0.49568579062499996 0.5752105515625 0.48853457499999997 0.582704596875 0.4750078390625 0.589424390625 0.473456453125 0.6041567999999999 0.4759535078125 0.616822134375 0.484826084375 0.6287132171875001 0.5056740093750001 0.6325916828125 0.5224734921875 0.6413785515625 0.514546584375 0.641897121875 0.5321217625 0.653788203125 0.5529696875 0.6664535390624999 0.5618422640625 0.681185946875 0.56433931875 0.6829973390624999 0.5875143234375 0.6987668874999999 0.6251617328125 0.694625534375 0.561236546875 0.6780817328125 0.5355644859375001 0.669031978125 0.49636569062499997 0.6566223265625 0.4579425875 0.65817083125 0.4339918890625
0 0.4984514953125 0.5239506984375 0.497932925 0.506375521875 0.501292821875 0.505599828125 0.5059455421875 0.5104239625 0.51602523125 0.5080968828125 0.5227450250000001 0.5065454968750001 0.5367031812499999 0.5210179 0.54549005 0.5130909921875 0.548849946875 0.5123153 0.5550511703125001 0.49318873593749996 0.5491056296875 0.482764771875 0.53359896875 0.49224306718750005 0.5209336328124999 0.48337049062500004 0.5149880921875 0.47294652812500004 0.5002556828125 0.47044947343750004 0.49612153281250004 0.483200515625 0.49276163593750005 0.483976209375 0.48888316875 0.467176725 0.4816448078125 0.45115293593750005 0.485786159375 0.5150781234374999 0.49561016875 0.54230156875 0.51422104375 0.5615981078125001 0.5230079125 0.5536711999999999 0.5069826796875 0.5455743171874999 0.4984514953125 0.5239506984375
0 0.6605079968750001 0.5514183015625 0.653269634375 0.5353945109375 0.6493911671875 0.5185950265625 0.66619065 0.5147165593749999 0.669031978125 0.49636569062499997 0.6579151484375 0.463542415625 0.65196960625 0.453118453125 0.6486097109375 0.4538941453125 0.638785703125 0.4266707 0.6271575078125 0.4529484765625 0.63155454375 0.4873231390625 0.6413785515625 0.514546584375 0.646549840625 0.536945896875 0.6571481 0.5521939953125 0.6605079968750001 0.5514183015625
3 0.855907784375 0.6006794984375 0.8535850265624999 0.6366055453125 0.86961025625 0.644702428125 0.8895139562500001 0.66959879375 0.8995936453125 0.6672717140625 0.929832715625 0.660290475 0.95955321875 0.6357340578125 0.9758341328125001 0.6142804140625 0.9693700218749999 0.5862812734375 0.960320265625 0.5470824796875 0.9486848671875 0.49668402812499995 0.9463549046875 0.45593384531250003 0.939372225 0.410359528125 0.9303224703125 0.37116073125 0.906284621875 0.359015409375 0.8638987874999999 0.37469925000000004 0.8427094703125 0.42087928437500005 0.8034278499999999 0.46533795937500005 0.8039464187500001 0.48291313437500005 0.8117033515625 0.516512103125 0.8189417156250001 0.53253589375 0.8401382359375 0.5630320875 0.855907784375 0.6006794984375
1 0.7031567203125 0.5828601640625 0.7155663718749999 0.6212832671874999 0.7067795046875001 0.629210175 0.7093651484375 0.6404098296875 0.7173777640625 0.6444582703124999 0.7147921203125 0.633258615625 0.7259017453125 0.589405659375 0.7434754796874999 0.57355184375 0.7450239859375001 0.549601146875 0.74062695 0.5152264843750001 0.7488952484375 0.48972439999999995 0.7424311375 0.4617252609375 0.725113084375 0.44802854999999997 0.704690815625 0.40555700625 0.6635978015624999 0.4268406734375 0.6553295046875001 0.452342759375 0.6677391546875 0.4907658625 0.7021195812500001 0.5477098093749999 0.7031567203125 0.5828601640625
3 0.324511115625 0.5523114 0.327359646875 0.610636759375 0.33434232812500003 0.6562110765625 0.34080643906249997 0.6842102156250001 0.3526975203125 0.7050581421875 0.3726012171875 0.7299545078125 0.3927605984375 0.7253003484375 0.4183469515625 0.7134949734375 0.45737288906250007 0.6985868265625 0.5069970890625 0.6989267765625 0.52250375 0.68944848125 0.5261193296875 0.6591222625000001 0.52172229375 0.6247476015625 0.5093126421874999 0.5863245 0.49742155937500004 0.5654765734375 0.48165201093750004 0.527829165625 0.483200515625 0.5038784671875 0.47957773281250005 0.45752845625000005 0.469753725 0.43030500937499994 0.4444230546875 0.41255985781250004 0.43123915156250003 0.3861121046875 0.4084941265625 0.3795666078125 0.3911760734375 0.365869896875 0.372565196875 0.3465733578125 0.35318006875 0.3392521703125 0.32836796874999996 0.3390821953125 0.3221667453125 0.3582087578125 0.3234595671875 0.3638085859375 0.312605625 0.378111015625 0.3043373265625 0.4036131 0.310027184375 0.44358758906249995 0.298398990625 0.46986536718750005 0.29685048593749996 0.493816065625 0.3126200328125 0.531463475 0.324511115625 0.5523114
3 0.5274121515625 0.664722090625 0.5312906171875 0.6815215734375 0.549382925 0.6832429359375001 0.5943544046875 0.6787587515625 0.6385516328125 0.686249915625 0.6726691703125 0.696068159375 0.6835231125 0.68176573125 0.697736953125 0.6666876078125 0.70135253125 0.6363613890625001 0.6982483171875 0.60758655625 0.6964369265625 0.58441155 0.694625534375 0.561236546875 0.6767889109375 0.5299646578125 0.669031978125 0.49636569062499997 0.6566223265625 0.4579425875 0.6628235499999999 0.43881602343750004 0.6470540015624999 0.4011686140625 0.6325772749999999 0.36912103281249997 0.6113807546875 0.3386248390625 0.598971103125 0.3002017359375 0.569506284375 0.295207628125 0.5338402421875 0.3093400796875 0.5074796375 0.3331208046875 0.49171729218750004 0.372149625 0.4725950515625 0.4119541390625 0.478284909375 0.451928628125 0.48165201093750004 0.527829165625 0.5126725390625 0.58554880625 0.520429471875 0.6191477734374999 0.5274121515625 0.664722090625
1 0.2924678578125 0.6127938640624999 0.2805767734375 0.5919459390624999 0.292979221875 0.5536928125 0.28935643906249997 0.507342803125 0.277983925 0.5040700546875 0.2624772640625 0.5135483484375001 0.25291614375 0.5334506046875 0.2619658984375 0.5726494015625 0.25163052656249996 0.60452700625 0.266107253125 0.6365745890625 0.2627473546875 0.63735028125 0.2645587484375 0.6605252875 0.2891151640625 0.6902457875 0.310830253125 0.738317159375 0.317550046875 0.736765771875 0.3203913734375 0.718414903125 0.30539607812499997 0.66879214375 0.30229186406249997 0.6400173125 0.2924678578125 0.6127938640624999
1 0.43978474375000004 0.5610881828125 0.45451715468750004 0.5635852375 0.45968844375 0.5859845499999999 0.4883790078125 0.602954009375 0.5010443437500001 0.6118265828125 0.512935425 0.6326745093749999 0.5201737890625 0.6486983000000001 0.518362396875 0.6255232953125 0.50801981875 0.580724671875 0.48165201093750004 0.527829165625 0.478284909375 0.451928628125 0.47311362187499995 0.4295293171875 0.4397703359375 0.40773572187499996 0.43123915156250003 0.3861121046875 0.4038414078125 0.3747424734375 0.3831634578125 0.36182145625 0.371272375 0.34097353125 0.349820171875 0.34002786406249996 0.3296607921875 0.3446820234375 0.3221667453125 0.3582087578125 0.3234595671875 0.3638085859375 0.312605625 0.378111015625 0.3030445046875 0.398013271875 0.30537446562500004 0.438763453125 0.298398990625 0.46986536718750005 0.2955576625 0.4882162375 0.3126200328125 0.531463475 0.32321829375 0.546711571875 0.32865246875 0.6162365875 0.33201236562499997 0.61546089375 0.343121990625 0.5716079390625 0.331742275 0.49165896093750006 0.3619813453125 0.48467772187499997 0.3999773484375 0.51129545 0.42401519531250004 0.5234407734375 0.43978474375000004 0.5610881828125
3 0.060116409375 0.6487415234375 0.07821591875 0.727139115625 0.09605254375 0.7584110046875 0.10742505468750001 0.761683753125 0.1423168453125 0.7595266484375001 0.1684217671875 0.76529645 0.185995503125 0.749442634375 0.2056363140625 0.727213296875 0.20847764062500002 0.7088624265625 0.1981350640625 0.664063803125 0.18831105625 0.63684035625 0.177968478125 0.592041734375 0.1702115453125 0.558442765625 0.13816108437500002 0.542249 0.1094705171875 0.5252795406249999 0.0890482515625 0.4828079984375 0.07509009375 0.46833559375 0.0443324515625 0.45774165624999996 0.0233988203125 0.4743711640625 0.021850315625 0.4983218640625 0.0283144265625 0.526321003125 0.043309721875 0.5759437609375 0.060116409375 0.6487415234375
3 0.2170088265625 0.7304860453125 0.22889990937500002 0.7513339703125 0.25293775625000003 0.7634792953125 0.2756827796875 0.7700247906250001 0.2932565171875 0.754170975 0.312123075 0.7439169875 0.317031478125 0.7191905968750001 0.3118601890625 0.6967912843749999 0.30410325625 0.663192315625 0.3009990421875 0.634417484375 0.29117503437500003 0.6071940359375 0.2805767734375 0.5919459390624999 0.28807082031250003 0.5784192046875 0.2942720453125 0.5592926406250001 0.290393578125 0.54249315625 0.28728936250000003 0.513718321875 0.28211807499999997 0.49131901093749997 0.258080228125 0.4791736875 0.23197530624999999 0.473403884375 0.20716320625 0.47323390937500004 0.1815768546875 0.48503928281249997 0.17176005156250002 0.5344920671875 0.183651134375 0.5553399921875 0.1965793546875 0.6113382703125 0.1955494203125 0.652864146875 0.20511774374999997 0.7096381203125001 0.2170088265625 0.7304860453125
3 0.7021195812500001 0.5477098093749999 0.7018638984375001 0.5772603359375 0.712206475 0.622058959375 0.7194448375 0.6380827499999999 0.7326287421875 0.6645305031250001 0.7533066921875 0.677451521875 0.7773445390625 0.6895968453125 0.8101692546875 0.6938152609375 0.8357556078125 0.6820098859375 0.852810775 0.6485808937499999 0.8525478859375 0.6014551921875 0.8414310578125 0.5686319156249999 0.8129961734375 0.52211193125 0.8039464187500001 0.48291313437500005 0.8021350281249999 0.45973813124999996 0.8098847546875 0.4166608671875 0.8080733640625001 0.3934858625 0.7933409546875 0.39098880937499997 0.7773157234375 0.38289192656250004 0.7558635203125 0.3819462578125 0.735704140625 0.3866004171875 0.713477684375 0.39763009843749997 0.6979710234375001 0.4071083921875 0.6770373890625 0.4237379 0.664890625 0.43244050156249997 0.659982221875 0.45716689375 0.6651535109375 0.47956620625 0.6796302390625 0.5116137859375 0.6915213203125 0.5324617125 0.7021195812500001 0.5477098093749999
0 0.728743071875 0.5710547890625 0.7235717828125 0.5486554781249999 0.7209861390625 0.537455821875 0.728224503125 0.5534796125 0.7341700421875 0.563903575 0.7403712671875 0.5447770125 0.73390715625 0.516777871875 0.7253759703125 0.49515425312500005 0.7181376078125 0.4791304625 0.702886628125 0.45905823124999995 0.691514115625 0.45578548281250003 0.684794321875 0.45733686875 0.6806601734375 0.47008791250000004 0.6819529953125001 0.475687740625 0.6765260234375 0.4828389546875 0.6816973125 0.505238265625 0.7008267578125 0.54210998125 0.71142501875 0.5573580796875001 0.722023278125 0.5726061765625 0.724608921875 0.5838058312500001 0.728743071875 0.5710547890625
1 0.8672658875 0.45059978593750005 0.8654544968750001 0.42742478124999994 0.8514963390625001 0.41295237656249995 0.840642396875 0.42725480625 0.81014764375 0.46378657187499994 0.8060134937500001 0.47653761406250006 0.81506325 0.515736409375 0.844790953125 0.5678562234375 0.8566820359375 0.5887041484375 0.87037730625 0.5560508484375 0.8662359515625001 0.4921256609375 0.8672658875 0.45059978593750005
0 0.8592604765624999 0.5232275750000001 0.84736939375 0.5023796484374999 0.8440094984375 0.5031553421875 0.8365154515625 0.516682078125 0.8391010953125001 0.527881734375 0.8442723843750001 0.5502810453125 0.84349813125 0.5622563953124999 0.8486694203124999 0.5846557078125 0.853577821875 0.559929315625 0.8551263265625 0.535978615625 0.8592604765624999 0.5232275750000001