3 0.3307398828125 0.4995581109375 0.33293774374999996 0.5066442671875 0.3481650625 0.51901663125 0.355233471875 0.5224798265625 0.3642882046875 0.5244998734374999 0.3748745421875 0.521782203125 0.387030353125 0.5190201562500001 0.397988275 0.51518950625 0.4052072640625 0.5078370796875 0.4076178296875 0.500016034375 0.4110390046875 0.47594936875 0.415205421875 0.4558092 0.41701600625 0.4443776203125 0.41367498593749996 0.43711040624999997 0.40954345937500003 0.4262024828125 0.4061382390625 0.416874390625 0.403459328125 0.40912612499999995 0.4007446203125 0.4028369859375 0.398175175 0.3968638109375 0.395153084375 0.39374852968749996 0.3874130984375 0.38959305 0.3798731078125 0.38664108124999996 0.3742383796875 0.383990875 0.365457309375 0.3864085546875 0.3555277625 0.399776759375 0.34879189843749997 0.41394375468750005 0.3418581140625 0.43305969843750003 0.33806120625 0.445934425 0.3333684734375 0.465698275 0.3307398828125 0.4995581109375
3 0.658286503125 0.4846418234375 0.6502317390625 0.48863933125000003 0.64916225 0.49169248593750003 0.64809366875 0.524334609375 0.6446177625 0.54751373125 0.6460987828125 0.5541933921875 0.6541029609375 0.5616132625 0.665108221875 0.5636492828125 0.6750608546875 0.564932665625 0.6807313796875001 0.566123746875 0.684008196875 0.5713300828125 0.690631353125 0.5726720453125 0.702043996875 0.5721359609375 0.7110155921875 0.5697484609375 0.717381946875 0.5628469078125 0.7216430453125 0.55444008125 0.7258999921875 0.533728334375 0.72949275625 0.507345175 0.7304938953125 0.4899262203125 0.7311761078125001 0.46835533125 0.7292267484375 0.4449028484375 0.727479459375 0.4288063375 0.72703213125 0.4205326453125 0.7194732046875 0.41523400781250003 0.7096942375 0.4177865921875 0.6978573531250001 0.42470057499999997 0.6861583375 0.43690964687499995 0.6765382484375 0.45325645468750003 0.668695025 0.465783265625 0.662094953125 0.47909289218750006 0.658286503125 0.4846418234375
3 0.3807279359375 0.5810080640625 0.380890965625 0.60710720625 0.378856134375 0.6261201921875 0.378743425 0.64162915 0.38121495 0.6531530296875 0.3866064921875 0.6610379734375 0.396523328125 0.66378048125 0.40784336562499995 0.657663515625 0.42023081875 0.6423409328125 0.43084880312499996 0.62585921875 0.44112360625 0.614010490625 0.4491047 0.606778771875 0.452213171875 0.5970175515625 0.45381221875 0.5770566671874999 0.453705996875 0.5579975312500001 0.43985970312499995 0.5517030734375 0.4118807390625 0.55078714375 0.406143940625 0.5413827234374999 0.4058072453125 0.5114476125 0.404092509375 0.5111760249999999 0.3935893078125 0.5183012406249999 0.38645345625 0.5300612140625 0.3801238046875 0.5650926109375 0.3789374578125 0.5713498015625 0.3807279359375 0.5810080640625
3 0.40646935468749995 0.5109665624999999 0.4068965765625 0.5403300953125 0.41243338281249997 0.5485310046875 0.4186849546875 0.5509859484375 0.4289186421875 0.5517279312500001 0.4383807578125 0.5511758718750001 0.44641126406250003 0.5559632828125001 0.4756975828125 0.5597229046875001 0.48216600937500004 0.5595755671875 0.4882533828125 0.559367878125 0.498887059375 0.56251688125 0.5094112703125 0.5638907921875 0.5147723359375 0.562103275 0.5195334171875 0.5567052234375 0.5234229296875 0.5494113781250001 0.530546334375 0.5007366421875 0.53302226875 0.47153996875 0.5309613703125 0.4401599359375 0.526501446875 0.42392674374999995 0.5178857421874999 0.40557055000000003 0.5065479359375 0.3859043375 0.49351432968750003 0.3683132078125 0.480022759375 0.364711559375 0.4633227203125 0.3702693765625 0.45011842968750004 0.3845837078125 0.43987203125 0.399952440625 0.4299256234375 0.4171264375 0.420796053125 0.4353086859375 0.4156296640625 0.4494313015625 0.40646935468749995 0.5109665624999999
3 0.5252309140625 0.6378782921874999 0.52750244375 0.6481986609375 0.52861395625 0.6621437640625001 0.530278109375 0.6738327281250001 0.5324422484375 0.68853046875 0.5342969296875 0.7002496078125 0.538879028125 0.7021471765625 0.5480053546875 0.701248975 0.5570485453125 0.6959432265625 0.5643485953125 0.6868458875 0.572046559375 0.674003109375 0.5887362234375 0.637682990625 0.59288578125 0.6213486140625 0.5954563953124999 0.60388528125 0.5998964765625 0.5881828375 0.5999943984375 0.58263213125 0.5883175609375 0.5799038265625 0.5663881015625 0.5740868703124999 0.5348491906249999 0.56235355 0.527073409375 0.55965719375 0.528147046875 0.5689089593750001 0.5253616531249999 0.595127034375 0.5206615265625001 0.6198700109375 0.522759390625 0.6263544125 0.5252309140625 0.6378782921874999
3 0.68458924375 0.5725939453125 0.6804955890625 0.5663793593750001 0.6797882140625 0.5671461984375 0.679552425 0.5674018125 0.6763966124999999 0.571296359375 0.67483868125 0.5786665328125 0.6738712640625 0.5884739046874999 0.6713533078125 0.6006723203125001 0.6631521140625 0.62779036875 0.661605725 0.6424863375000001 0.6692477875 0.652192521875 0.6754751046874999 0.6634323859375 0.684090809375 0.6817885796875001 0.6886243999999999 0.7012559859375 0.691331715625 0.7125242515625 0.695968546875 0.7153093640625 0.703344340625 0.7155986999999999 0.709067521875 0.7115248656250001 0.7125475781249999 0.700650665625 0.716516078125 0.685459446875 0.7194919984375 0.6592715484375 0.7228679078125 0.6354906703125 0.724354509375 0.57801326875 0.7214525187499999 0.5544099046875 0.7171008921875 0.563388309375 0.7112513828125 0.569492846875 0.7090198 0.570018275 0.6961566171875 0.5735471624999999 0.68458924375 0.5725939453125
3 0.46272324062500003 0.690964159375 0.47613374999999997 0.6963107203125001 0.48631062968750005 0.690012696875 0.49494968124999994 0.66999500625 0.5083288078125 0.6360801359375 0.5193015140624999 0.6222912328125 0.5230605500000001 0.6047231703125 0.5265891140625001 0.5762791328125 0.52723760625 0.5623198281249999 0.5221987109375 0.5509752328124999 0.516141815625 0.5608553859375001 0.510544959375 0.5628985171875 0.4999849515625 0.5629837281250001 0.4851049640625 0.5582833 0.47212284687499995 0.5588637624999999 0.45388705468749996 0.5568543734375 0.45363855312499995 0.5732207 0.4524605046875 0.6040877328125001 0.45342675468750004 0.6177168703125 0.45362557968750006 0.6423568890625 0.4562897046875 0.66006340625 0.4614854046875 0.679049759375 0.46272324062500003 0.690964159375
3 0.7926190859375 0.51324198125 0.792168515625 0.5222523375 0.785210478125 0.5501531984375 0.7770882718750001 0.5693738734375 0.7748850921875 0.5734193046875 0.77815244375 0.57745230625 0.7815197921875 0.5820870640625 0.7866924046875 0.586421828125 0.7930608343750001 0.5856727375 0.7988198125 0.5801397796875001 0.803969340625 0.5698229546875 0.8089094078124999 0.5571292859375 0.8148284359375 0.5419540421875 0.8198022234375 0.5216487890625 0.824340225 0.5003956390625001 0.8262792109375001 0.49308581875 0.8275519359375 0.4739521265625 0.8223287406249999 0.48103473750000003 0.816950815625 0.4866280484375 0.8117992125000001 0.4907924125 0.802963409375 0.4923225453125 0.7979138765625 0.5032411234375 0.7926190859375 0.51324198125
3 0.533676984375 0.47603804375000003 0.5231513421875 0.551126115625 0.5270018140625 0.562575440625 0.5951859765624999 0.582163509375 0.6051838734375 0.5831611046875 0.6255965171875 0.5837575203125 0.6333702234375 0.5803014171875 0.639806096875 0.5643291578125 0.6440461828124999 0.5474232015625 0.6474768234375 0.52452986875 0.6483042984375 0.5032749453124999 0.6486412546875 0.48018458124999996 0.648725559375 0.46115562031249996 0.6466972140625 0.44560051093749997 0.640603615625 0.42735081875 0.6344742203125 0.4105602515625 0.625460603125 0.3959494953125 0.611116396875 0.39279871875 0.5951763890625 0.3923247796875 0.58897215625 0.39573650625 0.5778973781250001 0.40277119375000003 0.5680846890625 0.4129353625 0.5572045859375 0.432305146875 0.54700345 0.44738809062499996 0.537702290625 0.46788683124999997 0.533676984375 0.47603804375000003
3 0.7304587437500001 0.5739997875 0.724218715625 0.5788706359375 0.7242722781250001 0.603194690625 0.7231752921875 0.632316809375 0.738004696875 0.6484346140625 0.7496383437499999 0.6576011687500001 0.758195165625 0.6627648984375 0.764210946875 0.66547545625 0.766795178125 0.661490378125 0.76820785 0.653804240625 0.7707710703124999 0.6413200328124999 0.7715911515625 0.6250442375 0.7691997828125 0.5821864765625 0.7601228703125 0.5951038078125 0.7530302078125 0.60042553125 0.747621803125 0.5963463796874999 0.7343260765624999 0.5816433203125 0.7304587437500001 0.5739997875
3 0.7259020656249999 0.53988079375 0.7231483187500001 0.5523348234375 0.7266366734374999 0.5660704640625001 0.7290229859374999 0.5670343359375 0.7336092359374999 0.581236825 0.7454712812500001 0.5951268953125 0.752268103125 0.600304825 0.760032340625 0.5956753859374999 0.7777861765625 0.5674337015625001 0.7855820640625 0.5490402171875 0.791968521875 0.5210488265625 0.7928244 0.50331390625 0.7931856093749999 0.4714386234375 0.7947846562499999 0.45147773906250005 0.7895132140625 0.423104709375 0.776978425 0.43195886406249995 0.7584962046875 0.4524682609375 0.7476329625 0.4680322546875 0.73611708125 0.4852506296875 0.731646521875 0.49128061250000005 0.7259020656249999 0.53988079375
3 0.310547721875 0.614715284375 0.309137125 0.6285538828125 0.3103296984375 0.6407540734375 0.314397025 0.6496011171875 0.325509675 0.6472597671875 0.333800228125 0.643006646875 0.3420171140625 0.6355193140625001 0.34545398125000004 0.6310833625 0.3519425109375 0.6098461875 0.3614794625 0.589091834375 0.3687889796875 0.581167828125 0.378156415625 0.568882428125 0.38121015625 0.5582336640625 0.3852481734375 0.5339717375 0.3862987265625 0.5285719140625 0.3833292921875 0.5201917171875 0.362337678125 0.5244838984375 0.35218505 0.5219970046875 0.3453882296875 0.516819071875 0.33561457968749997 0.5082400703125 0.327268128125 0.535042153125 0.320636409375 0.5621158234375 0.3177658046875 0.577773890625 0.316000484375 0.5889196796875 0.312139375 0.599733528125 0.310547721875 0.614715284375
3 0.282063978125 0.5158712140625 0.284807090625 0.5256803578125 0.2915133828125 0.53142986875 0.2980534015625 0.528364284375 0.3085018703125 0.5203515234375 0.3216250984375 0.50778210625 0.3303588296875 0.4994977578125 0.3314599671875 0.48268055781249997 0.3336400609375 0.46398353906249995 0.3373180375 0.4481603890625 0.33835912343749996 0.4415872296875 0.3323823828125 0.4201335015625 0.327658265625 0.4006359203125 0.3252225375 0.38765291562500004 0.31964786093750003 0.3747586703125 0.3181384359375 0.36455900625000004 0.31618583437500003 0.358390571875 0.3141616375 0.35514038281250004 0.3123732328125 0.3516345828125 0.303346903125 0.3531345390625 0.2958131375 0.36863995 0.283798175 0.41243851875 0.27869066875000004 0.43975359999999997 0.274430478125 0.477749396875 0.2785040296875 0.5050538203125 0.282063978125 0.5158712140625
3 0.642944521875 0.6702913515625 0.6509445515625 0.6654063 0.6551751703125 0.6473270109375 0.66077734375 0.6341522921875 0.665662678125 0.6205710796874999 0.6725943859375 0.595302675 0.674188115625 0.586473378125 0.6737934453125 0.5729347703125 0.672348221875 0.5647959859375 0.6525334875000001 0.5616576390625 0.645527203125 0.5541028625 0.6441367109375 0.5468516218749999 0.6416187546875001 0.5590500390625001 0.6401418828125001 0.5646753 0.6338418046875 0.579790190625 0.626222828125 0.5847355953125 0.6047575562499999 0.5833865406250001 0.600665975 0.583324415625 0.600249125 0.5847231875000001 0.5930236484375 0.62664370625 0.601718340625 0.637102528125 0.6123088265625001 0.6466897796875 0.62332563125 0.6560515953125 0.63301821875 0.6663755109375 0.642944521875 0.6702913515625