3 0.4463380640625 0.6535358718750001 0.439346815625 0.65409830625 0.4360139890625 0.65415648125 0.4320145984375 0.654226290625 0.42100090312500005 0.6535377328124999 0.39333845156249997 0.6540205828125 0.392745903125 0.6773722156249999 0.3959137046875 0.744257984375 0.399600034375 0.7644521203125 0.3947132375 0.79008071875 0.3988586421875 0.79837599375 0.4272030296875 0.7987620453125001 0.4409521484375 0.803366471875 0.45657031875 0.8004514453124999 0.48394560000000003 0.80261601875 0.4907342078125 0.8095439499999999 0.5039579234375 0.8031475046875001 0.5104314515625 0.7920244671875001 0.517497528125 0.7575497921875 0.5189552390625 0.650066325 0.5137946171875 0.6409079671875 0.5074084546875001 0.6379366265625 0.48982132656250005 0.6426476296875 0.48145852343750006 0.6410319953125 0.4715676359375 0.647370265625 0.4463380640625 0.6535358718750001
3 0.516956765625 0.382777359375 0.504006875 0.42396076093749996 0.4957383109375 0.465943253125 0.493720415625 0.48403494687500004 0.4939432765625 0.4968027078125 0.49515547031249996 0.5280500703125 0.49961878593750003 0.5354589921875 0.505748515625 0.5428388265625 0.514103634375 0.54401419375 0.5200873515625 0.5430289453125 0.5297371765625 0.5419797015625 0.5367591640625 0.5431783390625 0.5480830859375 0.5425402781249999 0.55572553125 0.541085671875 0.5593839546875 0.5405814125 0.56470110625 0.5396077984375001 0.5814420828125 0.5437196 0.5887973546875 0.54491241875 0.5954399515625 0.5434752656249999 0.6014774625 0.545571890625 0.6125603203125001 0.55022285625 0.6159162 0.5514854859375 0.6325956984375 0.552075146875 0.6392613484375 0.5519587968749999 0.6540256859375 0.5574263078125 0.6650240109375 0.55723433125 0.6692029859375 0.548353353125 0.676630253125 0.5345712546875 0.676671509375 0.5178352687500001 0.680253084375 0.512928334375 0.6817581140625 0.503653628125 0.6806814171875 0.499268403125 0.677412903125 0.48391139531249994 0.6766694890625 0.47952035468750004 0.6744008218750001 0.46414589375000004 0.6736420375 0.45887431875000007 0.6705915328125001 0.436907478125 0.6701660296874999 0.4316300828125 0.66173689375 0.40711471718750003 0.6586067078125 0.39968252656250003 0.6502313671875 0.378249034375 0.6409483953125 0.3621162046875 0.6388641671874999 0.357308165625 0.6354621781249999 0.35340393125 0.624279415625 0.3430294859375 0.6208851109375 0.339565521875 0.6074615890625 0.334515009375 0.589736134375 0.33130119375 0.57711750625 0.33416386249999996 0.5596225968749999 0.344158075 0.5441811796875 0.35719925625000004 0.540568865625 0.3603451234375 0.5303600640624999 0.36756974375 0.51889498125 0.3792203140625 0.516956765625 0.382777359375
3 0.3639788453125 0.6527714484375 0.352942096875 0.6507620875 0.34115425 0.6439214171875001 0.33383740156249997 0.6449299374999999 0.3301482390625 0.6436731265625 0.3248157171875 0.6437662046875 0.310638265625 0.6528217093750001 0.2974837171875 0.6631805625 0.2880721234375 0.6778781 0.28023189375 0.7062006609375 0.27857801875 0.7260476078125 0.27876730781250003 0.7559916203125 0.27941283906250003 0.7929740984375 0.3351478765625 0.7964052578125 0.3852094265625 0.7994950453125 0.39503115 0.7891943671874999 0.39888735937500003 0.76182215 0.39515491875 0.738986409375 0.3914281421875 0.678276021875 0.38522156406249997 0.6664935109375001 0.382198965625 0.665225065625 0.3801454765625 0.6621780968750001 0.3727210421875 0.6570228703125001 0.3700317265625 0.65574860625 0.3639788453125 0.6527714484375
3 0.33017736875 0.39704764843749996 0.32858780468750004 0.40147941249999997 0.321880896875 0.41833174843750004 0.315676340625 0.4448641515625 0.3160298453125 0.4651164625 0.3145862953125 0.477913309375 0.3126808390625 0.5215463390624999 0.3126031796875 0.574395903125 0.31545873125 0.6042933765625 0.318271003125 0.6126119203125 0.323106028125 0.6222163625 0.3289178453125 0.6304825515625 0.34013903125 0.643058334375 0.3485556296875 0.647755840625 0.35728245625 0.6511267265625 0.3616304984375 0.6519316359375 0.37099314843750003 0.6535298171874999 0.37565910625 0.6534483718749999 0.37932521406249997 0.6533843796875 0.39398196093750004 0.6526881437500001 0.410979371875 0.652391453125 0.41431988437499995 0.6527735453125 0.42734095781250003 0.6538674671875 0.447004628125 0.6535242375 0.45065536718750004 0.6525797109375 0.4665991359375 0.649218596875 0.479179340625 0.644154590625 0.48145852343750006 0.6410319953125 0.49295434687500006 0.631142496875 0.4952335296875 0.6280199015625 0.496910459375 0.6094937578125 0.49829253125 0.5931747703125 0.49771616406249997 0.5601547 0.49676525624999995 0.543876434375 0.49598341718750005 0.5372840562500001 0.4937301203125 0.5227901296875 0.4936455859375 0.5179471859375 0.49374832343749997 0.5047333421875 0.49366378906249997 0.49989039843749994 0.48985449843750006 0.47265198281250004 0.48115355937500004 0.451664575 0.47908470000000003 0.44773707187499995 0.4773183828125 0.4420426796875 0.47062482499999997 0.4214606359375 0.46954044375 0.41663514375000005 0.46094709375000004 0.4018114828125 0.45753741718749996 0.39746698125 0.4456266125 0.3835820296875 0.4330338703125 0.368828178125 0.42426093593749997 0.3628156859375 0.41046570625 0.3555696546875 0.40741236875000003 0.3525401375 0.40138254375000004 0.3508837828125 0.388725490625 0.3515451125 0.3819983609375 0.348139321875 0.3527847671875 0.355255271875 0.349846703125 0.358829771875 0.3410248265625 0.369112996875 0.33910198125 0.37355057812500003 0.33017736875 0.39704764843749996
3 0.19221455625 0.7059754015624999 0.18970199375000002 0.71482729375 0.1884687671875 0.7205740421875 0.1801722953125 0.7418581421875 0.17543434375 0.7569145015625 0.1681454046875 0.778621415625 0.1669429171875 0.7861292343749999 0.2060061421875 0.7894109984375001 0.22336757343750002 0.7908695609375 0.25140941875 0.7930224984375001 0.272049884375 0.7913410125 0.2763671875 0.7903848499999999 0.2776368171875 0.7485245234375 0.2492653328125 0.6701878406249999 0.242151125 0.6637059953125 0.22678170312499998 0.661772259375 0.209271425 0.6708859375 0.20600007812499999 0.6744662531250001 0.199495809375 0.6838282203125 0.1934477828125 0.7002286546875001 0.19221455625 0.7059754015624999
3 0.8019299375 0.4742511140625 0.797161246875 0.48754640312499997 0.7955486296875 0.4906573625 0.7923387609375 0.49775981874999997 0.7910747953125 0.5017454984375 0.790259384375 0.512329371875 0.7909874296875 0.5158398765625 0.7935760296875001 0.5686429015625001 0.792470615625 0.6008115218750001 0.8152616406250001 0.6268378078125 0.8255137187500001 0.6411921140625 0.827567209375 0.6442390828125 0.8326894062499999 0.6511961015625001 0.8357273734374999 0.6533450828125 0.8411213734375 0.65677414375 0.8441439718750001 0.6580425890625 0.8511890140625 0.660562028125 0.8602644921874999 0.66480763125 0.8665661234375 0.6629360296875 0.8783260625 0.6490783046875 0.8847025203125 0.6132944640625 0.8859664859375 0.6093087859375 0.8839801390625001 0.5719093109375 0.88731094375 0.5335362203125 0.8879006593750001 0.5291219109374999 0.8872061875 0.5084351500000001 0.886803740625 0.5044785609375 0.8865885640625001 0.49215106718749996 0.882668853125 0.47768622968749996 0.8779288812500001 0.4544276734375 0.8768598687500001 0.45048271875 0.8713121703125 0.43824830625000005 0.8692586796875 0.43520133593750004 0.8637417218750001 0.42472799375000003 0.8613933749999999 0.42388818125 0.840024865625 0.4220591609375 0.8312337281250001 0.4341034578125 0.8198454953125 0.4501567015625 0.8123567484375 0.46041665781249996 0.8100698812499999 0.4630989859375 0.8038681546875001 0.47069406718750006 0.8019299375 0.4742511140625
3 0.1019758828125 0.4256934171875 0.0989197140625 0.441601225 0.0980044 0.4464616203125 0.09190743125 0.4791577734375 0.09208620625 0.5275988421875 0.093318621875 0.5791043328125001 0.09718170468750001 0.609424621875 0.104395815625 0.6216299484375 0.1151453921875 0.6262867328125 0.1282125765625 0.6300222578125 0.1322119671875 0.6299524484375 0.1493351671875 0.617762715625 0.1673275734375 0.5980709796875 0.1702886921875 0.5958172859374999 0.18172303437499998 0.5824056468750001 0.1853353484375 0.57925978125 0.1908781953125 0.572116603125 0.1918319328125 0.5694575453125 0.19220161875 0.53333815 0.1985934453125 0.49843484374999997 0.1988680796875 0.4759695625 0.1991322 0.47200133749999995 0.1814249453125 0.4507307328125 0.16708125625 0.43116302500000003 0.1577521765625 0.412388590625 0.144772359375 0.3945586828125 0.12428842343749999 0.38610819687500003 0.11997112031249998 0.38706435781250004 0.1163280671875 0.3884491546875 0.1098622234375 0.4000124609375 0.1086059421875 0.40443840625 0.10321679531250001 0.4203869375 0.1019758828125 0.4256934171875
3 0.6810943796875 0.48472793750000004 0.6781255765624999 0.48654136562500006 0.6814555703125 0.5054205140625 0.6783148671875 0.5164853796875 0.676725303125 0.52091714375 0.6759406328125 0.5332620875 0.667257084375 0.5514701296875 0.676563109375 0.5689237625 0.6855589078125 0.5877040140625 0.7015997484375001 0.60900370625 0.716648425 0.6307611171875 0.71936848125 0.63379645 0.7332328734375 0.645004890625 0.7359298734374999 0.6467194203125 0.754314209375 0.6494813328125 0.7576470343749999 0.6494231578125 0.7686223046875 0.6479103796875 0.7715987921874999 0.64653721875 0.778149171875 0.6398168562500001 0.7881658500000001 0.62158554375 0.7894067609375 0.6162790625000001 0.7923937671875 0.596408846875 0.7923169171875 0.5920061703124999 0.7932196921875 0.567327915625 0.7931197890624999 0.5616044375 0.793050625 0.557642028125 0.7904361375 0.5224555265624999 0.7903669734375 0.51849311875 0.7902824390625 0.513650175 0.7882010421875 0.4899048125 0.7877985953125 0.4859482203125 0.787062865625 0.4819974484375 0.7859966875 0.4591151671875 0.78182054375 0.44905882343750003 0.780743846875 0.44467359999999995 0.777203528125 0.43284455 0.7761422015624999 0.4293398609375 0.7702996453125001 0.419312603125 0.7679205578125 0.4167117203125 0.7517539265625001 0.40730507187500004 0.7467239484375 0.40563126250000003 0.73308241875 0.4071905828125 0.7258501046875 0.4130420453125 0.7142697499999999 0.41808860000000003 0.705445040625 0.44730915 0.70041223125 0.464572665625 0.6886753453125001 0.47975119218750006 0.6810943796875 0.48472793750000004
3 0.20367034374999998 0.44549801875000006 0.20106273125000002 0.4680040234375 0.19818331250000001 0.49403798437499996 0.1928681828125 0.533326515625 0.1912652703125 0.5751926578125001 0.2008172125 0.6067348531250001 0.21509173750000002 0.622340153125 0.23189419375 0.6299740968750001 0.25087593125 0.6287619656250001 0.26692243437499996 0.612187009375 0.282458903125 0.5854917140625 0.28572256406249996 0.5814711328125 0.292862659375 0.5703364578125 0.30499430625 0.558674253125 0.31201912656249997 0.540935565625 0.3137526828125 0.5065539718750001 0.313050525 0.4854269453125 0.304380325 0.46620060781249995 0.3016525859375 0.46272500625 0.293664321875 0.44436757031249996 0.292587625 0.43998234687500004 0.28391742343750004 0.42075600937499996 0.2818331953125 0.4159479703125 0.274301171875 0.4046289984375 0.271581115625 0.4015936640625 0.2611187140625 0.39428945625 0.25708089843750004 0.3921579296875 0.24765676874999998 0.38703760625 0.23565859687500001 0.38724703437499997 0.22612404375 0.394900290625 0.2182405359375 0.40164392343750005 0.2159767234375 0.40564705468750006 0.209269815625 0.4224993890625 0.20834681718749998 0.42691951718750004 0.20367034374999998 0.44549801875000006
3 0.635055678125 0.6357085359375 0.63204845 0.6353206265625 0.6290335359375 0.6344924484375001 0.6256776546875 0.6332298203125 0.6226627421875001 0.6324016421875001 0.6193222328125 0.6320195484375 0.6103082328125 0.6312960859375 0.60364258125 0.6314124343749999 0.600635353125 0.6310245250000001 0.5863272578125 0.632595478125 0.5823278671875001 0.6326652875 0.5713295421875 0.6328572640625 0.5669968703125 0.632932890625 0.5583315234375 0.6330841453125 0.5546654140625 0.6331481375 0.5446669375 0.6333226609375 0.541659709375 0.6329347515625 0.5369937546875 0.633016196875 0.52868474375 0.6344824359375 0.5250647453124999 0.637188034375 0.5231188453125 0.6403048109375 0.5187449140625 0.657116425 0.517974803125 0.72759414375 0.5207555265625 0.79140385625 0.5235293750000001 0.7975210640625 0.5270005296875 0.8053877046875 0.6028583109375 0.7965767734375 0.6071909843750001 0.7965011453125 0.640109109375 0.791522540625 0.64227301875 0.78179593125 0.6529425140625 0.6481679703125 0.652176046875 0.6424561265625 0.6480998062500001 0.6381232609375 0.645092578125 0.63773535 0.6413957296875 0.6360382718750001 0.6383885031250001 0.6356503625000001 0.635055678125 0.6357085359375
3 0.8580095734375 0.7648181843749999 0.8534233 0.75036498125 0.8523542875000001 0.746420025 0.8480321312499999 0.7279985953125 0.84696311875 0.7240536390625001 0.83953383125 0.699520821875 0.8367753515624999 0.69428415 0.8302585453125 0.6838282609374999 0.8264848484374999 0.6777285046875 0.8223624984375 0.670754034375 0.818627228125 0.66685561875 0.8155815750000001 0.6642663703125 0.8105131734375 0.6603912234375 0.802119628125 0.6570145203125 0.777541253125 0.6622879562499999 0.7535364125 0.719518784375 0.75526349375 0.780264078125 0.7879098156250001 0.7788134296875 0.8148826484375 0.7770214125 0.8601168578125 0.7709470265625 0.8597374671875 0.7683112375000001 0.8580095734375 0.7648181843749999
2 0.540448328125 0.5444351484375 0.5690107234374999 0.5382113687500001 0.5851312453124999 0.5449764109374999 0.6028259609375 0.54642915625 0.61923365625 0.550546775 0.636602775 0.5524456046874999 0.647608784375 0.5526938953125 0.6586839578125 0.5569045953125 0.674366440625 0.5385743859375001 0.67667919375 0.5182755375 0.6794943 0.5076567578125 0.66793983125 0.495086790625 0.6365190515625 0.490350421875 0.6161811296875 0.49026502031249997 0.555036721875 0.48252426562500006 0.5135608390625 0.493817871875 0.49847575781250003 0.5081740375 0.4965423953125 0.531108675 0.5054767140624999 0.5463667859375 0.540448328125 0.5444351484375
3 0.7541406875 0.7732372484375001 0.7540715234375 0.769274840625 0.7543279578125001 0.764866346875 0.7542357390625 0.7595831359375 0.753833290625 0.7556265453125001 0.7530648015625 0.7115997859375 0.7539878 0.7071796578125 0.751285946875 0.686087534375 0.7466919875 0.6711940640625 0.745297378125 0.66769519375 0.7401137015625 0.657216034375 0.73361995 0.6480809468750001 0.73092295 0.646366415625 0.7208322546875 0.641257728125 0.71780965625 0.6399892828125 0.7058037984375 0.63975844375 0.6907907140625 0.6391396953124999 0.6877834859374999 0.6387517859375 0.6724294328125 0.6376985859375 0.659144240625 0.6405728890625 0.6506940703125 0.6530516359375 0.6440344828125 0.76811273125 0.6499769421875 0.7838634671875 0.663431203125 0.79067505 0.7004101984375 0.7891487765625 0.7548764171875 0.777188021875 0.7541406875 0.7732372484375001