3 0.828050478125 0.53052335625 0.8265976484375 0.5252130890625 0.8205821421874999 0.50603546875 0.8171237640625 0.4890903296875 0.8159747015625 0.48411319375 0.80966661875 0.46661617343749995 0.8039884531249999 0.4538128796875 0.8021546578125 0.449800353125 0.7977301609375 0.43751415156249995 0.786672571875 0.41909732499999997 0.783260096875 0.4259341015625 0.7733862828125 0.43426259375000004 0.7591265703125 0.42948945 0.7537695281250001 0.42790338125 0.740409928125 0.422115903125 0.7391512328125 0.4284554390625 0.746530040625 0.43683347968749997 0.7531855140625 0.44699156718750005 0.755284478125 0.4521526640625 0.7606040609375 0.47028116249999996 0.7689948890625 0.49778217812500003 0.782058028125 0.527833875 0.79197158125 0.534416934375 0.8051991671875 0.547493621875 0.8161236015625001 0.5574726671875 0.8249429109375 0.55342025625 0.8286865609375 0.5440874453125 0.828050478125 0.53052335625
3 0.46462470156249996 0.38214737187500003 0.46603893125000007 0.388273078125 0.4673647734375 0.3940159265625 0.4993555734375 0.5237396578125 0.5051221296875 0.536925809375 0.5097284296875 0.5431210921875 0.5160739734375 0.5440756859375 0.526776865625 0.54523409375 0.5496069343750001 0.5399633578125 0.5586802171875 0.535045784375 0.574414003125 0.53342966875 0.5817144734374999 0.52771159375 0.5880214171875 0.5294816234375 0.6042681812499999 0.51927855625 0.6076968734375 0.5075988828125 0.608480046875 0.4933038703125 0.60345806875 0.46663814375 0.5909341796875001 0.40944333750000006 0.5893543609375 0.40456565 0.57985306875 0.3712720609375 0.5769809828125 0.366692715625 0.569286078125 0.34024082031249997 0.557664578125 0.3134856625 0.546364203125 0.2979477296875 0.5432879296875 0.29543183906250003 0.5324904828125 0.2850202140625 0.5297179765625 0.2828374578125 0.5208813140624999 0.2760057765625 0.517766440625 0.2743053234375 0.5051027640625 0.26956696875 0.50191069375 0.269497390625 0.49923776875000003 0.269711221875 0.49315739374999995 0.26990519687500003 0.49023049218750003 0.270984190625 0.47983753125 0.2790292734375 0.4734981546875 0.286945040625 0.467346746875 0.29764025312500003 0.46681138437499997 0.3021997421875 0.46130108437499995 0.3196024109375 0.45849111875000004 0.3339620828125 0.460116840625 0.362621684375 0.46462470156249996 0.38214737187500003
3 0.6606974171875 0.6615070625 0.6537196796875 0.6244047593750001 0.649326478125 0.5867057703125 0.6441601546875 0.549588534375 0.6371488421875 0.506445040625 0.6336580296875 0.49918569843749994 0.61545550625 0.498952190625 0.6120530843750001 0.4920757078125 0.6065130984375 0.4808535625 0.609071365625 0.498813034375 0.60747646875 0.5145052359375 0.6046217390625 0.5208099828125 0.5880214171875 0.5294816234375 0.5815986750000001 0.53015790625 0.5755792828125 0.53356390625 0.5836389359374999 0.563560959375 0.587368646875 0.590525028125 0.59590268125 0.6127505640625001 0.6039611953125 0.6270206265625 0.615836671875 0.6529106234375 0.62609373125 0.6747383703125001 0.64111035 0.6837726609375 0.6551983078125 0.6809234609375 0.6606974171875 0.6615070625
3 0.608031934375 0.48251922656249996 0.6166207859374999 0.4990864265625 0.634431153125 0.498603946875 0.645327040625 0.49568517031250003 0.6608890734374999 0.4864467109375 0.6741479546875 0.474110609375 0.6792884796875 0.4600194125 0.6787905765625 0.44803647656249995 0.6754966484375 0.4141163296875 0.67138094375 0.39530663125 0.6607082078125 0.35300844374999996 0.650898121875 0.32623835 0.6405800828125 0.30119858125 0.6337254453125001 0.28624731875 0.6197247375 0.27375238281250003 0.600339578125 0.262500546875 0.589283128125 0.25981071093749997 0.581966440625 0.27037168437500003 0.5768980890625001 0.28968863906250003 0.5719405078124999 0.3134159078125 0.5685341984375001 0.3291230453125 0.5882550890625 0.4007868078125 0.608031934375 0.48251922656249996
3 0.7380875421875001 0.6871925375 0.7457963859375 0.677347553125 0.7468497546874999 0.6573444796875 0.7427664859374999 0.628848984375 0.7354251390625001 0.6039285171875 0.7275422640625 0.5746971765625 0.7204325125000001 0.5448840859375 0.7152175375 0.522295546875 0.708003178125 0.49694249843750005 0.6987234296875 0.47246954375000005 0.694017546875 0.46387767343749997 0.682408378125 0.45486323593750005 0.6791055359375 0.4503833390625 0.6787419265625 0.462565171875 0.6735130125000001 0.4762735125 0.66428533125 0.48445283437500003 0.6492424437500001 0.49397470156249995 0.63818096875 0.49814149687500003 0.634431153125 0.498603946875 0.6371488421875 0.506445040625 0.64999499375 0.5905840609374999 0.661401115625 0.61738894375 0.6720105921874999 0.6250211250000001 0.6871827453125 0.6465206578125 0.70402310625 0.673280734375 0.7234306484374999 0.688560034375 0.7380875421875001 0.6871925375
3 0.66145941875 0.2786346375 0.6620294921875 0.2958433296875 0.662450196875 0.3094571421875 0.6585795578125 0.31922253437500003 0.653693009375 0.33244856875 0.6734799078125 0.40046772812500003 0.6780498875000001 0.43893243125000003 0.6784644281250001 0.44367588125 0.6791055359375 0.4503833390625 0.6884725359375 0.4595121578125 0.701920525 0.46568249218749996 0.714418615625 0.471668865625 0.7198914546874999 0.4708086234375 0.7286721625 0.4675716484375 0.7336034734375 0.46240053750000004 0.7384626125 0.45200366875000003 0.7384776921875 0.43143377968749996 0.7396306390625 0.4138272953125 0.7380496828124999 0.393222615625 0.736021753125 0.377560284375 0.7333476875 0.362047125 0.732287015625 0.3574528453125 0.7293701640625 0.3448185765625 0.7252656515625 0.328022609375 0.7242049796875001 0.32342833125000003 0.7203880171875 0.311808396875 0.71673664375 0.29894044375 0.70959445625 0.27881315 0.704650815625 0.266243540625 0.6996075921875 0.25127734375 0.6946365421875 0.241536903125 0.688610984375 0.23607254375000003 0.6775047437499999 0.2321844140625 0.674196875 0.23456114687500002 0.672888390625 0.23970239062499998 0.6669635515625 0.2523616078125 0.6656936671875 0.2566874125 0.662337146875 0.27359284375000004 0.66145941875 0.2786346375
3 0.24117491875 0.5393897 0.24987956718749998 0.553510590625 0.25432028125 0.56095389375 0.2617936421875 0.57858515 0.2755342078125 0.5830748859375 0.288876453125 0.577978271875 0.29805937031249996 0.5617440265625 0.3040725984375 0.549467665625 0.301625103125 0.5359185125 0.2819081 0.441671128125 0.2771949125 0.4084819046875 0.2731614328125 0.3811847046875 0.2540240875 0.3601973453125 0.23831040625000002 0.3343869421875 0.2200457625 0.3152144171875 0.2028641734375 0.3046636359375 0.19388544375 0.31883442500000003 0.19462110625 0.3347951 0.200764740625 0.36926713125 0.20703536250000001 0.40330657968750006 0.214637990625 0.4519592390625 0.220008503125 0.4870130203125 0.24117491875 0.5393897
3 0.589137575 0.61390915 0.5819707281250001 0.5583004140625001 0.5755792828125 0.53356390625 0.5694989078125 0.53375788125 0.5515067359375 0.5403312796875 0.53023410625 0.5464522421875 0.5097284296875 0.5431210921875 0.5157003125 0.5699707796875 0.5168493749999999 0.5749479140625 0.5306979640625 0.6221585796875 0.53206240625 0.6270859921875 0.5454516921875 0.66149828125 0.5618014546875 0.7008727718750001 0.5713340421875001 0.7087535734375 0.5812028312499999 0.7072817109375 0.58798415625 0.7012802265625 0.5920365999999999 0.68542391875 0.5921836921875 0.65756481875 0.589137575 0.61390915
3 0.48171716093750006 0.6871006562499999 0.4903558015625 0.70486615 0.4954426484375 0.7121602796875 0.50216413125 0.7186737625 0.5052292140625 0.7191759203125 0.514109503125 0.718335534375 0.516517259375 0.716973134375 0.5211336125 0.7094551578125 0.523202890625 0.6859914421875 0.5235877437500001 0.6621100796875 0.52326159375 0.6577494859375 0.5225421484375 0.6369459109375 0.5223429875 0.6321527359375 0.5225460359375 0.614362290625 0.521827728125 0.6092857078125 0.5174630734375001 0.584484540625 0.516225621875 0.5791245484374999 0.5129826234375 0.5621296859375 0.5120489375 0.5571028250000001 0.5083477734375 0.5430365796875 0.5005432359374999 0.52790135625 0.49947251093749995 0.5370203359375 0.49988705 0.5417637875 0.4990591109375 0.5480038765625 0.48528610937499994 0.5531999375 0.45162113593750003 0.5646014765625 0.4418407359375 0.566456196875 0.44272462968750004 0.5702847625 0.45038093593750006 0.59755209375 0.46379763125 0.6291352171875 0.466101921875 0.6479598484375 0.4726527890625 0.6625779781250001 0.473928840625 0.667122534375 0.48171716093750006 0.6871006562499999
3 0.7241579359375 0.2839194265625 0.7195365578125 0.2982940328125 0.7183052703125 0.3018044015625 0.7336900546875 0.36156481875 0.7340162046875001 0.365925415625 0.7393430890625 0.4086512640625 0.7403987359374999 0.4201021734375 0.7444249109375 0.4228020234375 0.7518585343749999 0.425521728125 0.756707621875 0.42883811875 0.763798878125 0.43204012968749994 0.7712213125 0.43274610312500006 0.77510930625 0.433864803125 0.7787595406250001 0.431005765625 0.782867940625 0.4252181109375 0.7862418156250001 0.4191967734375 0.7870585640625001 0.4109429546875 0.784357090625 0.39825896250000004 0.7806447359375001 0.3821789859375 0.7796774796875 0.37111093125 0.779262940625 0.36636748125 0.77820729375 0.354916571875 0.775803421875 0.33369535156249996 0.77084745 0.303385021875 0.7620918718749999 0.2723388484375 0.754038384375 0.2512121546875 0.75066336875 0.24150650312500002 0.7458690984375 0.232531775 0.74269324375 0.22761929687500002 0.73705984375 0.22287092656250002 0.732470896875 0.22755973593749998 0.73023489375 0.23654447968749998 0.7287496296875 0.2409200078125 0.7265746078124999 0.25311677499999996 0.7261662328125 0.2572436859375 0.7252062796875001 0.270772984375 0.7241579359375 0.2839194265625
3 0.765008721875 0.2849731140625 0.7712121984375 0.306930178125 0.7810257015625 0.38088124218749997 0.7825507046875 0.3914172671875 0.784357090625 0.39825896250000004 0.79279040625 0.402360921875 0.801593496875 0.40315140781250003 0.8077622609375 0.4033402890625 0.8128815421875 0.400948621875 0.8169949671875001 0.38830433750000004 0.8173697671875001 0.3781362359375 0.8168058578125 0.369797903125 0.816258165625 0.356616671875 0.8115623359375 0.334311540625 0.8103248828125 0.32895154843749996 0.8077392078125 0.31382124375 0.8043804109374999 0.29927269375 0.8031429593749999 0.2939127 0.8000107296875001 0.2813281578125 0.7987346796875 0.2767836015625 0.7945915671875 0.26080307187499996 0.7917245078125 0.2493670984375 0.7845823203125 0.2292398046875 0.777126315625 0.22249263749999998 0.773426290625 0.22415338281250002 0.7699539734374999 0.2435051234375 0.7683042609374999 0.264855659375 0.765521703125 0.27638616250000003 0.7645941828125 0.2802296640625 0.765008721875 0.2849731140625
3 0.3968753859375 0.5623198015625 0.4226334953125 0.5716970625 0.48029381718749997 0.555159025 0.48541309843749997 0.5527673578125001 0.49895953125 0.5456072890625 0.49807449843749996 0.5260517328125001 0.46923214062499996 0.404069646875 0.4668954171875 0.3949308109375 0.452886265625 0.34211153437499997 0.44530829687500006 0.32894031875 0.4182405625 0.3089773078125 0.39670665 0.2913660796875 0.36906609375 0.2925049875 0.35948485625000004 0.29915288281249997 0.351042628125 0.3244911734375 0.3492609 0.353130921875 0.3701902265625 0.48702144843750006 0.387309225 0.54839780625 0.3968753859375 0.5623198015625
3 0.251367778125 0.666080625 0.25521603593750003 0.652287771875 0.25699273749999996 0.6305046546875 0.255517525 0.6211669234375 0.2509699265625 0.5867296828125 0.25140456875 0.5640466156249999 0.24944881093750002 0.5536100390625001 0.2441465859375 0.5463656328125001 0.2379727953125 0.5530333828125 0.23276512500000002 0.5550421953125 0.22308933125000002 0.552436871875 0.21689818593750002 0.5482205296875 0.2184478484375 0.594237996875 0.21992306093749997 0.603575728125 0.22391794062499998 0.631688365625 0.230281978125 0.6592540421875001 0.23983694687499998 0.6711623046875 0.251367778125 0.666080625
3 0.4531451984375 0.714666684375 0.4544027546875 0.6926001578125 0.4540156234375 0.6850275390625 0.45440664062499997 0.6700165375 0.45701744531250005 0.6508636906249999 0.4586682984375 0.6452401437499999 0.45939665625000004 0.63660346875 0.45784424531249995 0.6288966140625 0.45251347343750004 0.608754384375 0.4440118734375 0.5768430484375 0.43911802031249997 0.5654717328125 0.4226334953125 0.5716970625 0.3972675421875 0.5630357906250001 0.3968753859375 0.5623198015625 0.387309225 0.54839780625 0.3869293984375 0.5654225390625001 0.3803908609375 0.56854513125 0.37476362343749997 0.5726671203125 0.39187645781249997 0.6251731203124999 0.3981521046875 0.6523559390625 0.40757003437500006 0.6784100421875 0.41981026093749996 0.7078451968749999 0.42307450312499995 0.71314053125 0.4323754953125 0.7259139546875 0.44338215468750003 0.7274054953125 0.4531451984375 0.714666684375
3 0.21445685625 0.5435417375 0.22633119218750003 0.55370474375 0.23959624062499998 0.5502390046875 0.24074416250000003 0.5394891484375 0.228957075 0.513982009375 0.21912460937499997 0.4831844546875 0.21371549843749998 0.448946109375 0.2041683015625 0.39187060625000003 0.201931159375 0.3851283578125 0.15914471875 0.34621157343750003 0.1676586484375 0.39586363125 0.1751605578125 0.42639271250000005 0.178143415625 0.435382375 0.1920093625 0.49347713125 0.2032224875 0.5243591984375 0.21445685625 0.5435417375
3 0.1788623921875 0.525950540625 0.18756704062500001 0.54007143125 0.193382246875 0.5387288859375 0.20077110468749998 0.533393665625 0.2012342953125 0.5236084203125 0.1876508734375 0.47754632656249996 0.1766855609375 0.436928734375 0.1726968453125 0.41768645781249997 0.16535047187500002 0.39962261875 0.1369843046875 0.3710875921875 0.14091934374999998 0.411715196875 0.14395199218750002 0.421903153125 0.156231953125 0.4662498609375 0.15878405625 0.47533897031250005 0.16815219374999998 0.50019478125 0.1788623921875 0.525950540625
3 0.3748047015625 0.7585618390625 0.382651725 0.75029800625 0.383175896875 0.743724784375 0.382197446875 0.7306429999999999 0.38284244218749997 0.7147668390625 0.38712145468750003 0.7008745359375 0.3907879078125 0.6931726 0.3926155375 0.6883147671875001 0.3959508140625 0.6831088656250001 0.4000815953125 0.6813486734375 0.3982080609375 0.66242459375 0.3965286625 0.65515031875 0.3931860828125 0.6357588671875 0.390031471875 0.6191468609374999 0.3829166921875 0.5961904 0.37758089375 0.5829048015625 0.3718753203125 0.5729306765625 0.3467532921875 0.5771175015625001 0.3235137125 0.57078815625 0.307033075 0.554429865625 0.305272590625 0.5713700859374999 0.309803971875 0.610650225 0.3218859125 0.665930746875 0.32352168593749997 0.680877090625 0.3348455828125 0.7161694765625 0.34324760312499997 0.745684225 0.34613088125 0.7522773 0.35727069375 0.762206621875 0.36185461406249997 0.76437444375 0.3748047015625 0.7585618390625
3 0.803823065625 0.6103170703125 0.8006896984375 0.5820055359375 0.7942322453124999 0.5609136328125001 0.7885316984374999 0.544082878125 0.7764794421875 0.51742716875 0.768199384375 0.49433646875 0.7599579265624999 0.47043033437500004 0.75171646875 0.4465241984375 0.74449205625 0.43488440781250004 0.73820133125 0.4282714796875 0.737650890625 0.45340085781250006 0.73107991875 0.4662092484375 0.7219182453124999 0.470743965625 0.7154955046875 0.471420246875 0.7045162515625 0.46709953593750003 0.6957019718749999 0.46429531874999996 0.703147925 0.48475574374999997 0.710179340625 0.5004727203125 0.7275422640625 0.5746971765625 0.7372790375 0.580514525 0.7445246921875001 0.5804547859375 0.7717255796875 0.6088555765625 0.781976471875 0.6218129609374999 0.7932594921875 0.626466803125 0.803823065625 0.6103170703125
3 0.2808119734375 0.7100940234374999 0.2886663015625 0.726427540625 0.300606646875 0.7329459421875 0.308646665625 0.7206049203125 0.3095904015625 0.711918521875 0.3152886703125 0.6972952968749999 0.32257795 0.6895634890625 0.3238416703125 0.6763673234375001 0.3218859125 0.665930746875 0.3175822390625 0.64434160625 0.309273634375 0.6083530859375 0.3040725984375 0.549467665625 0.2893184015625 0.5798925546875 0.2675154328125 0.583716378125 0.252155309375 0.5594374015625 0.2522347859375 0.5892605078125001 0.25594828125 0.6210674765624999 0.2576388703125 0.6303554828125 0.25736365 0.642920171875 0.269648640625 0.68041025 0.2808119734375 0.7100940234374999
3 0.3057956234375 0.549069875 0.309678590625 0.5570452046875001 0.3235137125 0.57078815625 0.34162282187500004 0.5774954390625 0.36469065 0.576202440625 0.3788944046875 0.5709069296875 0.3880834875 0.5635430453125 0.387309225 0.54839780625 0.374648296875 0.5053488421875 0.372085003125 0.49424599999999996 0.3670468078125 0.47242317343750007 0.3598425 0.43335686406249996 0.353615503125 0.39164534687499997 0.34680951875 0.3621653890625 0.32943995937500004 0.3488351625 0.299135390625 0.32074765 0.29370115 0.3207924546875 0.2835073515625 0.3336307140625 0.2732649015625 0.3609976703125 0.283957271875 0.44563393125 0.30263598593749996 0.5393144984375 0.3057956234375 0.549069875