3 0.2789147453125 0.148638353125 0.2723416171875 0.1524828734375 0.267034921875 0.158080096875 0.2608009875 0.1674140625 0.255155678125 0.17475330312499998 0.24974459062499998 0.1860550546875 0.24785794375 0.1947275171875 0.24309249687499998 0.21097566875 0.23939143125 0.2238150390625 0.2385217875 0.24172437812499997 0.2386521921875 0.2586228796875 0.24083065625 0.2680855203125 0.2444048 0.2817364359375 0.25307626562499996 0.2939677203125 0.262336359375 0.30420427656250004 0.2721043734375 0.31182780625 0.281630271875 0.3175964359375 0.2861632421875 0.3190801671875 0.29152695156249997 0.3204240734375 0.2962292265625 0.321036796875 0.30334302343749997 0.3206117421875 0.322183709375 0.314632196875 0.34490208437500003 0.2856032 0.3561994359375 0.2543541796875 0.358995209375 0.21723433281250001 0.345427309375 0.1971212328125 0.339134615625 0.177819678125 0.33674562343750003 0.15807169999999998 0.33655994375 0.1559264625 0.3210811265625 0.1435771890625 0.3167496328125 0.140023475 0.311135909375 0.138932278125 0.306183621875 0.13857226250000002 0.29729547031250003 0.1398576453125 0.2883672546875 0.1444496078125 0.2789147453125 0.148638353125
3 0.661916421875 0.15017020625 0.6566097265625 0.1557674296875 0.654989465625 0.167203428125 0.6555312953125 0.185085821875 0.6562661203125 0.1957743796875 0.6575252375 0.2068661546875 0.6584051 0.215775065625 0.660527128125 0.22552804218750003 0.6666572484375 0.2291300671875 0.6727630984374999 0.23182345781249997 0.6776832203125001 0.23338244375 0.6857649015625 0.233145525 0.6953788203125 0.23019338125000002 0.7033628421875 0.2190904515625 0.7132504625 0.20956277031249998 0.721186525 0.2038740328125 0.7275988234375 0.2060243765625 0.7376320640625 0.2019485140625 0.7467538546875 0.19739417812499999 0.7525684703125 0.189183928125 0.755850215625 0.177468275 0.7545989921875 0.164268890625 0.7477583171875 0.15088694375 0.738594721875 0.13705346875 0.73136689375 0.12359626875 0.7123952203125 0.10544584374999999 0.6915290062499999 0.09807549374999999 0.6856009375000001 0.09963495156249999 0.676649034375 0.11054974375 0.67624666875 0.121921171875 0.6727470765625 0.1326905609375 0.66531161875 0.1451053453125 0.661916421875 0.15017020625
3 0.43409133750000006 0.087204503125 0.4291960671875 0.0937856171875 0.42365573437500004 0.10265179531249999 0.4189297703125 0.10836190000000001 0.41659953437499997 0.1172494421875 0.4140836171875 0.1239917515625 0.41264845625 0.130341521875 0.4116004484375 0.13676655 0.412851090625 0.1427344703125 0.41531962812499995 0.1486378203125 0.42157899375 0.15467541875 0.42566837187499995 0.15637423125 0.43108851875000004 0.1574278015625 0.43355705625 0.16333115 0.43838067968749994 0.16848705625 0.44300282968750004 0.17571294531249998 0.446366440625 0.179078521875 0.45031078437499994 0.18255698125 0.45408581875 0.18690644843749998 0.45755440625 0.1917989625 0.4625151703125 0.1972828328125 0.4708468625 0.1967932046875 0.476476378125 0.193669184375 0.48110584375 0.19155599843749999 0.48621106562499994 0.18802875624999998 0.48977556875 0.1820928875 0.4943158546875 0.17423754687499998 0.50002549375 0.16450035937500002 0.5042028953125001 0.1574784 0.5075010140625 0.1487789921875 0.5092505203125001 0.139778565625 0.5115807546875 0.13089102187499999 0.5130159171875001 0.1245412484375 0.5118781453125 0.11799265625 0.5061509703125 0.11025066718750001 0.50559393125 0.10381495624999999 0.5060126703125001 0.09545977343749999 0.5051249109375 0.088658471875 0.506043675 0.07979787187500001 0.501897278125 0.0711579296875 0.49592009218750005 0.06366865000000001 0.4923386328125 0.0593568078125 0.4882571515625 0.055550384375 0.48215977656250003 0.057980851562500005 0.4772881953125 0.0582391375 0.4703279125 0.062008403125 0.4656741765625 0.063212953125 0.459520365625 0.0659337546875 0.45497950156250005 0.0665576328125 0.45092286875000004 0.070891309375 0.44639837812499994 0.07453143281249999 0.44087383593749996 0.07918239218749999 0.43409133750000006 0.087204503125
3 0.1963176640625 0.2790179828125 0.18822077343750002 0.290701584375 0.18455977031249998 0.30023437343750004 0.1795601046875 0.3125200140625 0.17657690937499998 0.32580023125 0.1745537046875 0.34137619531249996 0.171410259375 0.3678827421875 0.1707985234375 0.3834317625 0.17230765625 0.394270828125 0.1751797203125 0.403265678125 0.180915371875 0.41613152343750004 0.18869118437500002 0.4236691140625 0.1953213296875 0.42676572031250004 0.2037585765625 0.4350344953125 0.2110179921875 0.440061259375 0.2186160203125 0.4433460046875 0.2246089984375 0.446620065625 0.24049018125 0.4475979109375 0.2574515375 0.4409517546875 0.2706785015625 0.4338810140625 0.2770817421875 0.42367603750000005 0.284783584375 0.41402479062499997 0.2895496125 0.405008103125 0.2919283875 0.39793783125000004 0.297944475 0.3876576 0.3005969515625 0.3740117921875 0.30239499531249997 0.3668286375 0.3051039078125 0.35289249375 0.30432844062500003 0.33827905468749997 0.303109965625 0.3311121609375 0.30052855625 0.325789484375 0.295834178125 0.3230691515625 0.282695234375 0.32141911875 0.2744679375 0.31620421875 0.27077360625 0.31247305000000003 0.26294135937499996 0.3052257953125 0.2590777234375 0.3023656359375 0.252931228125 0.2957473640625 0.24973692343749998 0.2915107796875 0.24516331249999998 0.2861021640625 0.24400974999999997 0.283768790625 0.2370798921875 0.2646446890625 0.2298210578125 0.2668493890625 0.2244737203125 0.2685217296875 0.21807779374999997 0.26938763125 0.212843328125 0.2704793 0.20599591718750002 0.27366789375 0.1963176640625 0.2790179828125
0 0.7128807171875 0.9287091046875 0.7131950609375 0.92605845 0.7126464953125 0.9247465937499999 0.7113157296875 0.9253918375 0.7107756421875 0.9292038375 0.7104934640625 0.9306555203125001 0.7110098609375 0.9331663484374999 0.711671296875 0.9338975312500001 0.7122356546875 0.9309941671875 0.7128807171875 0.9287091046875
3 0.7331003671875 0.5177405937499999 0.733810921875 0.5275205125 0.732021353125 0.539827521875 0.73165963125 0.5551238328125 0.73329800625 0.5683984734374999 0.736533534375 0.58379140625 0.7431241984375 0.5974260609375001 0.749892065625 0.608082096875 0.7526670515625 0.6134424015625 0.7631444609375 0.616382921875 0.774154059375 0.6176190515625 0.7828407375 0.6184036515625 0.7892931015625 0.6172474125 0.797076228125 0.61544593125 0.8078273390625 0.6118109140625 0.8160376828125001 0.6067781046875 0.8267238796875 0.5983095703125 0.8358050296874999 0.58983035 0.8431439875000001 0.5810124859375 0.8580617 0.5363057953125 0.86635100625 0.510196890625 0.8683651578125 0.48226560625000003 0.863370484375 0.456286315625 0.8495204078124999 0.43762489843749997 0.831019496875 0.4563253546875 0.8086300984375001 0.46402554843750005 0.7810299234375 0.4664945828125 0.7678266484375 0.46724249531249995 0.7548728062500001 0.46050623437500005 0.750372584375 0.46505499375000003 0.7443643921875001 0.4732276171875 0.7408563234375001 0.47887314999999997 0.7363324125 0.48974473749999997 0.733761221875 0.511240309375 0.7331003671875 0.5177405937499999
3 0.598870121875 0.07765398125 0.5981206671875 0.085643571875 0.59568545625 0.0930041796875 0.5939517421875 0.0977893875 0.588935703125 0.10705878437500001 0.58644405625 0.114709728125 0.5866060484375 0.12317779375 0.587486490625 0.13931816875 0.5868741749999999 0.1476357234375 0.587108975 0.1588296984375 0.5878595921875001 0.1653030375 0.5893523515625 0.1731258578125 0.591055059375 0.1840025515625 0.595556440625 0.1939167234375 0.6030494953125001 0.19567453125 0.613647671875 0.19592676874999998 0.622414475 0.1900982046875 0.630818396875 0.1851030234375 0.6379637781249999 0.176247528125 0.6419476015625001 0.169187940625 0.6469235796875 0.163225128125 0.6533996296875 0.1557460609375 0.6578998515625 0.1511973015625 0.66495663125 0.14383111875000001 0.67113413125 0.1347874859375 0.67531095 0.12053406250000001 0.6739632296875 0.1109315953125 0.671970446875 0.10361419218750001 0.6666304265624999 0.0959474578125 0.661241865625 0.08646345 0.6568939968749999 0.0798934890625 0.65328826875 0.0746730140625 0.6493439265625 0.0711945546875 0.6492067859375 0.0708665890625 0.6274612890625 0.061818792187500006 0.6230332953125 0.061861995312499994 0.6187181749999999 0.061324528125 0.610685034375 0.06337871875 0.605111953125 0.0662124046875 0.60086174375 0.07050845624999999 0.598870121875 0.07765398125
3 0.7999560781249999 0.3195202890625 0.79595588125 0.32356363125 0.7888827265625 0.3279135703125 0.778002371875 0.3291130125 0.7691463859375001 0.329199421875 0.76449265 0.330403971875 0.7605409937500001 0.3362645859375 0.7540813156249999 0.3467599 0.7477102390625 0.3557659015625 0.7438471843750001 0.36013720781249997 0.740258409375 0.365164440625 0.7374281484375 0.37455740312499997 0.7351142859375 0.38646119375 0.7360020453125 0.393262496875 0.7377453953125 0.408064071875 0.7394802703125001 0.41774179375 0.7407309125 0.4237097140625 0.7427801296875 0.43073678125 0.74901580625 0.44309720781250006 0.752855753125 0.45228019531249997 0.75596145625 0.4580060890625 0.7619950796875 0.465205034375 0.772222475 0.46839826406249996 0.7833528421875 0.46694611249999995 0.795838246875 0.4657573515625 0.8083800859375 0.4642782578125 0.8129531171875 0.46245540781249994 0.820099078125 0.46083137812499997 0.829728790625 0.45366401562499997 0.8402214125 0.445157853125 0.850149096875 0.4323235890625 0.8527457171874999 0.42619958125 0.8590840468750001 0.4111610859375 0.8657434546875 0.3769013984375 0.8658540046875001 0.347394865625 0.8656192046875001 0.3362008921875 0.83735353125 0.2873184890625 0.8329012671875 0.2864530578125 0.8226095390625 0.2856577734375 0.816157178125 0.2868140125 0.8104802843750001 0.302583690625 0.8053513734375001 0.312433759375 0.7999560781249999 0.3195202890625
3 0.8464679328125 1 0.8551934593749999 0.976860728125 0.8658293765625 0.9448805265625 0.8741423734374999 0.9124487953125 0.8788502234375001 0.8820280500000001 0.8787932062499999 0.8750869218749999 0.8769691515625 0.8596670453125 0.8722820875 0.8476076390625 0.8690635140625 0.8424624156249999 0.8631913015625001 0.836500071875 0.8589969484375001 0.8332743203125 0.8506889453125 0.8274411203125001 0.8401065609374999 0.8229736624999999 0.835710734375 0.8218178953124999 0.83095991875 0.8193878968750001 0.826289809375 0.8175762015625001 0.816273525 0.8318997749999999 0.80786170625 0.8390025671875 0.8027564859374999 0.8425298078125 0.789650290625 0.8469122656250001 0.7806571625000001 0.8466707109374999 0.776511346875 0.845262234375 0.7656868484375 0.838939875 0.76099246875 0.8362195421875 0.752264565625 0.8242785953125 0.743215003125 0.824327375 0.7389405250000001 0.8277147906250001 0.7346581484375 0.8332098140624999 0.7312872203125 0.839183309375 0.725795428125 0.8498667609374999 0.7229245234375 0.8553348406250001 0.7200214546875 0.8620018937499999 0.7185862921874999 0.8683516656249999 0.71460305 0.8826427171875 0.710506934375 0.8975144421874999 0.7071365875 0.9107194046875 0.7056692609375 0.91826815 0.7037747171875 0.929048221875 0.70420309375 0.9402798234375 0.7030828578125 0.9512104062500001 0.7029954171874999 0.9671626453125001 0.70331881875 0.976867309375 0.70326354375 0.991620575 0.7038205843750001 0.9980562859375001 0.704119703125 1 0.8464679328125 1
3 0.509778065625 0.08022245781250001 0.50684283125 0.08808848281250001 0.5074241421875 0.0954328296875 0.5070940046875 0.102298703125 0.5076431484375 0.1108420234375 0.51282965625 0.11516454843749999 0.5159189859375 0.117874196875 0.518653909375 0.126541084375 0.523606778125 0.1341325625 0.526035253125 0.14334249375000002 0.52724583125 0.1526169953125 0.5284242453125 0.163090471875 0.5316349234375 0.1703433046875 0.5363456765625 0.17607988125000001 0.5403786203125 0.1780690328125 0.54837111875 0.172089959375 0.553194159375 0.1700144 0.55754934375 0.16724528593750002 0.564388278125 0.1589328375 0.5694528578125 0.15148071406250002 0.5725816703125 0.1436523171875 0.5784606171875 0.133044121875 0.5827830546875 0.124242515625 0.5860569046874999 0.1146344734375 0.5890164078125 0.10767708437500001 0.59320170625 0.0985475140625 0.598201371875 0.0862618734375 0.5969264609375 0.079385315625 0.5934008562499999 0.0675516734375 0.5899723328124999 0.059352578125 0.5867616531250001 0.0520997453125 0.583760925 0.0479007875 0.578437278125 0.0432502984375 0.5745172046875 0.0406804765625 0.5698228265624999 0.03796014375 0.565620575 0.036842003125 0.55565166875 0.03851991875 0.5372946328125 0.040977799999999995 0.5334073078125 0.04444046875 0.5265441046875 0.051844279687499994 0.5220924218749999 0.058210314062500004 0.516559984375 0.06496888125 0.511987534375 0.0740231953125 0.509778065625 0.08022245781250001
3 0.716335140625 0.65669835 0.7127712171875 0.669865684375 0.711360325 0.67712409375 0.7092722046875 0.6878665374999999 0.7079741859375 0.6945442734375 0.706813884375 0.7087814375 0.7067337609375001 0.715394603125 0.7062185234375 0.727346703125 0.7060819625 0.734250203125 0.7053488796875 0.745256040625 0.7063021328125 0.7641223265625 0.7075211890624999 0.778520684375 0.7118210984375 0.7905048359375 0.7178225546875 0.7989027546874999 0.72048466875 0.8048437296875001 0.724945409375 0.81083301875 0.7372942515625 0.8165477593749999 0.748288059375 0.8219991078125 0.7569510484374999 0.8291065375000001 0.760145353125 0.833343121875 0.768396921875 0.8394666609374999 0.7770435390625 0.84355784375 0.7816893781250001 0.844460903125 0.78968245625 0.84571329375 0.8032079718749999 0.8402071171875001 0.8131684015625 0.8334053453125 0.826709128125 0.816452484375 0.8397972109375 0.787359384375 0.84901491875 0.771976665625 0.861716428125 0.7500397750000001 0.871111340625 0.7316784375000001 0.873359709375 0.7077096640625 0.8732462578125 0.701058871875 0.8750832031250001 0.67610620625 0.8749285296875 0.6582990671875 0.8739431109375 0.6406317546875 0.872360590625 0.6198353140624999 0.8693508046874999 0.6032810343749999 0.8639944109375 0.5925980546875 0.8600179015625 0.59031856875 0.850822721875 0.58491553125 0.8421603125000001 0.585039565625 0.8211508000000001 0.6011432546875 0.8053836515624999 0.6140476671874999 0.8008106203124999 0.6158705171875 0.7880752046875 0.6173119859375 0.7833971984375 0.6176078984375 0.7718875749999999 0.6168771859375 0.76240231875 0.6150334390625 0.749626259375 0.612550025 0.743624803125 0.6041521078125001 0.7338500531250001 0.6130991171875 0.7300112671875 0.6183790578125 0.7263581609374999 0.6258042374999999 0.72414869375 0.6320034984375 0.7185446078125 0.6504990859374999 0.716335140625 0.65669835
3 0.723905075 0.20952467343749998 0.7200905578125 0.21571325156249999 0.716211709375 0.22429977656250003 0.7117284421875001 0.23909624687500003 0.70900315625 0.2500161453125 0.7075922640625001 0.2572745546875 0.7056333890625 0.2704525703125 0.704642396875 0.28381872656249996 0.7037315296875 0.29057171875 0.7043613796875 0.29973333750000003 0.710354940625 0.3102388640625 0.7206472484375 0.3182656140625 0.7327454984374999 0.3170015984375 0.737479940625 0.31641535 0.7458359031249999 0.3168343578125 0.7542082375 0.3202696140625 0.7623627265625 0.3227586046875 0.7670085671875 0.32366166406249997 0.7795588828125 0.327306425 0.7897778015625 0.3253757984375 0.79829459375 0.31979994375 0.8054721421875 0.30974547812500003 0.8095609406250001 0.304212825 0.8142383656250001 0.296685446875 0.8173587 0.28373319375 0.818051721875 0.276033940625 0.8180026015624999 0.2669852015625 0.8183163656250001 0.2571030828125 0.8154922609374999 0.2426940421875 0.8153788078125 0.2360432484375 0.8155311609375 0.22492452968749999 0.814546325 0.21448868281250003 0.8095206484374999 0.2041712921875 0.8048827046874999 0.2011606234375 0.7960825734375 0.19372523125000002 0.7930818453125 0.18952627187499999 0.7890003609375 0.18571985 0.7850238546874999 0.1834403625 0.7782808375 0.180924428125 0.762132109375 0.16272011718749999 0.756994721875 0.16744633125 0.7555200796875 0.18433415 0.7500525546875 0.1959262359375 0.7403178671874999 0.20156666250000002 0.728260259375 0.20675555937499998 0.723905075 0.20952467343749998
3 0.105576315625 0.4337268703125 0.09596355625 0.45114194375 0.0886088046875 0.464175028125 0.083528434375 0.47584237187499995 0.0801575046875 0.48181586718749997 0.0775044484375 0.4882302125 0.0755692625 0.49508540156249997 0.0734574546875 0.512150675 0.073725 0.5293771406250001 0.07372558125 0.53660860625 0.07525898125 0.548356309375 0.0767686921875 0.5664268406249999 0.077075721875 0.573115259375 0.07738275 0.5798036796875 0.07857695625 0.5860619359375 0.079674665625 0.5959171109375 0.0807802703125 0.603664678125 0.08201511875 0.6138478171874999 0.082322146875 0.6205362359375 0.0839277765625 0.6277783859375 0.089389146875 0.6399883015625 0.09708425312499999 0.6469075937500001 0.10094789062500001 0.6497677515625 0.1062794359375 0.65231063125 0.11036881406250001 0.6540094437499999 0.11985407031249999 0.655853190625 0.1342430734375 0.6562396796875001 0.146623503125 0.653523984375 0.1579231765625 0.6512008234375 0.1688278015625 0.6509100171875 0.1760059296875 0.648087015625 0.1814661390625 0.6458340015624999 0.189539340625 0.6404732281250001 0.19351526875 0.6355212515625001 0.20113640625 0.625251703125 0.20995906562500002 0.6119013375 0.21387855781249998 0.6072396953125 0.21674946093749997 0.6017716156249999 0.2235477515625 0.5895342859375 0.22620080781250002 0.5831199421875 0.229418221875 0.573802234375 0.23452286249999998 0.5630435296875 0.2378853140625 0.551946178125 0.23951405312500001 0.5456340328125 0.24209429999999998 0.5364937796875 0.2448032125 0.522557634375 0.2463670375 0.5114119703125 0.2468179421875 0.501857815625 0.24543805624999998 0.493454321875 0.2443002859375 0.4869057296875 0.2425253484375 0.48053459062500004 0.2405161921875 0.470200940625 0.2362890921875 0.4609426984375 0.23126399531250003 0.45785677343750003 0.2218430703125 0.45361508125 0.20988138125 0.44797559531250003 0.20593704062499998 0.44449713593749995 0.1976854734375 0.4383735984375 0.192660375 0.435287675 0.1837473734375 0.4284329546875 0.18013374843750002 0.42532008593750004 0.1772458921875 0.4205404546875 0.17442236718749998 0.41336287812499994 0.1722281125 0.40811545625 0.17097746875 0.40214753593749997 0.1711225078125 0.4003678921875 0.16187089062499999 0.3952551890625 0.13988385625 0.39158395625 0.1253261265625 0.399299940625 0.1206887640625 0.4035207359375 0.1150841 0.4147848609375 0.1135360671875 0.42171530468749996 0.105576315625 0.4337268703125
3 0 0.8393635156249999 0.0073549125000000005 0.8491182890625 0.011823548437500001 0.8529999671875 0.015824326562499998 0.856188090625 0.02010728125 0.8579245312499999 0.030399590625 0.8659512796875 0.037424785937499996 0.8670155328125 0.049063075 0.8629503546875 0.061838553124999994 0.8582023031249999 0.0670487484375 0.856202 0.0812678640625 0.8502280328125 0.0853244984375 0.8458943546875 0.09480127656250001 0.8426142453125 0.0991321921875 0.8389364968749999 0.10698696875 0.82539799375 0.110551471875 0.819462125 0.1213821265625 0.801982478125 0.1344210890625 0.7638406421874999 0.1361062625 0.7572381609375001 0.1387587390625 0.743592353125 0.1407018203125 0.734629553125 0.1451122796875 0.717107175 0.1450947453125 0.6996279984375 0.14573133124999998 0.6922190796875001 0.14754516875 0.68082070625 0.1463266921875 0.6736538140625 0.1417688734375 0.66402998125 0.1317993859375 0.65847643125 0.10704584531250001 0.6545687515624999 0.102407903125 0.6515580812499999 0.09500345 0.6483109625 0.089494121875 0.6415152375 0.0876063140625 0.635724771875 0.08483132812500001 0.6303644687500001 0.0771914953125 0.6086919109375 0.06925543437500001 0.6143806484375001 0.06424671093749999 0.6143109703125 0.055487221875000006 0.6108004609375 0.0423804453125 0.6079514546875 0.0378960171875 0.6082849953125 0.0316293359375 0.6115864703125 0.0271370109375 0.614027621875 0.019112346875 0.6212056687499999 0.0094183015625 0.6307709765625 0.0064909625 0.6365293921874999 0.0040314828125 0.6429813640625001 0 0.6517499234375 0 0.8393635156249999
3 0.40413375625 0.061495121875 0.3951570015625 0.0642698125 0.3892046640625 0.064920634375 0.3800907703125 0.067367359375 0.375130584375 0.0691149546875 0.368501021875 0.0732498125 0.3599684359375 0.0830408859375 0.352218634375 0.09810632500000001 0.3491541546875 0.1035367765625 0.3434524109375 0.111166353125 0.33864574062499997 0.11625815937499999 0.338380515625 0.1279575515625 0.33805037968749996 0.1348234234375 0.33827728281249997 0.1481250078125 0.33834335625 0.16742145625 0.341515134375 0.1924438 0.347580921875 0.198443771875 0.3509366375 0.20391695781250002 0.355461709375 0.2075082984375 0.3620760625 0.214820125 0.3691819625 0.21650267968749998 0.3766829125 0.216152878125 0.38506314375 0.21748052499999998 0.3918783890625 0.21549090468749998 0.3962900078125 0.212431453125 0.402830971875 0.20978590625 0.4128320453125 0.20690901718750002 0.41948587968749995 0.2036827953125 0.42645405937499997 0.19780592187499998 0.4302200359375 0.18980007031249999 0.43189673281249996 0.1780737328125 0.430331165625 0.16752500312500002 0.43049989218749996 0.15942252968749998 0.42578124375000004 0.155793559375 0.4171588953125 0.1526110125 0.4132788859375 0.1467346078125 0.4109390125 0.1360353671875 0.4104705734375 0.1281103484375 0.41501875468750005 0.118147396875 0.4170103765625 0.1110018703125 0.4223249671875 0.10329703906250001 0.430051078125 0.0945544265625 0.4326883421875 0.0923553015625 0.4398173515625 0.0804835640625 0.43560662499999997 0.0742415671875 0.43023443749999996 0.06777380625 0.420982821875 0.06266110312499999 0.41683700625000003 0.0612526265625 0.40851321093750004 0.05963464375000001 0.40413375625 0.061495121875