3 0.6352934703125 0.5775583078125 0.6285200359374999 0.586354 0.6202079281249999 0.5939327671875 0.6088029828125 0.59719466875 0.601516146875 0.6001346937500001 0.5948271171874999 0.61111191875 0.5937104671875 0.6208026609374999 0.5990466515625 0.6312046671875 0.6074137296875 0.6383914859375001 0.619125321875 0.6400896921875 0.6330717531250001 0.63875649375 0.6438873984375 0.6365739359375 0.6528732109375001 0.6300973578125 0.6619124546874999 0.6220362875000001 0.6704313203125001 0.61535308125 0.6773580781249999 0.6090374421875 0.689543590625 0.6037087421875 0.696539265625 0.5976916234375 0.7008556203125 0.5891487625 0.701605215625 0.5833159390625 0.6977697578125001 0.5775983640625 0.6937430296875 0.5728682421875 0.6875194109375 0.56770201875 0.6783028453125 0.5622834765625 0.667578578125 0.5594140359375 0.6588599312500001 0.5579681484375 0.6487025015625 0.5593698828125 0.6429698234375001 0.5654098453125 0.6352934703125 0.5775583078125
3 0.10741133124999999 0.7116923265625 0.1122426234375 0.7253552109375 0.1094184890625 0.7294659593749999 0.11452545624999999 0.744322925 0.11998399374999999 0.7534389578125 0.12753953125 0.7589265468749999 0.14199936562499998 0.7634490171875 0.1532974453125 0.7633561 0.1675350375 0.7650999953125 0.18797225 0.76101055625 0.20626600625 0.754900521875 0.21589454687499998 0.7457601078125 0.22406881875 0.7375843 0.2296171984375 0.72529825625 0.23071836562499998 0.7137245015625 0.23104593750000002 0.6969840109375001 0.22944531875 0.6882350328125 0.22434685937499999 0.6824946125 0.21366053906250002 0.676157665625 0.2036943796875 0.6765719453125 0.196498921875 0.674459971875 0.15254714375 0.6802050000000001 0.14621665781249998 0.6782077609375 0.1285656328125 0.681653959375 0.12044479374999999 0.6882452734375 0.113655875 0.6951579531250001 0.10835219843749999 0.7048720515625 0.10741133124999999 0.7116923265625
3 0.5648830078125 0.5340718765625 0.5571756828125001 0.5424543125 0.5557523828125001 0.5471849453125001 0.5513361390625 0.5516632625 0.5448918140625 0.56006854375 0.540804678125 0.564156446875 0.541593759375 0.5712061953124999 0.544097296875 0.5766024046875 0.5526556453125 0.5828017703125 0.5692589375 0.5893448359375 0.5884416625 0.5943490953125 0.5961575 0.59508320625 0.6041335250000001 0.5951283828125 0.61190279375 0.5942780015625 0.62086614375 0.5931519421875 0.6285200359374999 0.586354 0.635691496875 0.577466415625 0.6430387421875 0.5657083640625 0.6485646640625 0.558772840625 0.6546264484375001 0.552342465625 0.656103178125 0.5460273390625 0.6526347765625 0.5364518453125 0.646518021875 0.5281166359375 0.6374772421875 0.519827628125 0.62976838125 0.511859984375 0.6236136796875 0.5069922828125 0.6193267640625 0.5029510921875 0.6123380625 0.5017346781249999 0.6027319828125 0.5055245734375 0.588204765625 0.5170536625000001 0.5767928453125 0.527549096875 0.5648830078125 0.5340718765625
3 0.134512040625 0.6692760234375 0.1409269296875 0.6734547937500001 0.1402307671875 0.6777031250000001 0.1589155734375 0.67873473125 0.1810982203125 0.6767577765625 0.19708821875 0.673380628125 0.20641862500000002 0.6683966515625 0.220111840625 0.6605188531249999 0.22960254375 0.6507813953125 0.234883759375 0.6464178171875 0.2352043578125 0.636910859375 0.231269009375 0.6271287375 0.2249075515625 0.6213654734375 0.217765528125 0.61766900625 0.20684998906250002 0.6157870171875001 0.1918782875 0.6217589578125 0.1740739375 0.6227251015624999 0.15848196718750002 0.6260103609375001 0.146525671875 0.6268841015625 0.1377156453125 0.6304902125 0.12840072656249998 0.637357203125 0.1215428875 0.6439713625000001 0.120793290625 0.649804184375 0.12825745 0.6603437734375001 0.134512040625 0.6692760234375
3 0.24273992500000002 0.429847428125 0.24336019531250003 0.43253411093749994 0.251818653125 0.43466893124999995 0.25964986562500003 0.4413506 0.2701604015625 0.45055801406249996 0.27671312812500004 0.45533382656250004 0.28316596562499996 0.456045090625 0.29148658437499997 0.45758287031249995 0.2985976390625 0.4575133109375 0.306144665625 0.45388435312500003 0.31622466562499996 0.44306755468750003 0.32481245 0.43668286875 0.3344030453125 0.43100995937500003 0.33289380468749996 0.41720898125000005 0.3334815671875 0.399779559375 0.3328148390625 0.3914438375 0.32819881562500003 0.3877930609375 0.322871140625 0.38650759843750004 0.3117108984375 0.38719755624999996 0.301706790625 0.39107934375000003 0.2850516015625 0.40247085 0.256998440625 0.4098907265625 0.2492446578125 0.4126241234375 0.2441322515625 0.42135076875 0.24273992500000002 0.429847428125
3 0.4675190140625 0.47008148906249997 0.4689438484375 0.48170093437499995 0.4761478171875 0.4929294546875 0.48886221875 0.49533943750000003 0.5066665671874999 0.49437329218750004 0.5203218374999999 0.4899630015625 0.53861559375 0.483852965625 0.5556463484374999 0.47772008593750004 0.5647545109375 0.4699575359375 0.567027296875 0.463458625 0.567661515625 0.45167824218749997 0.565509546875 0.4405411015625 0.5608780343750001 0.4350073109375 0.5535137671875 0.42853226875 0.521027340625 0.42219737031250004 0.508443803125 0.427617959375 0.48974504375 0.44105341875 0.48092804375 0.4518930640625 0.47320523124999997 0.45839248593750004 0.4675190140625 0.47008148906249997
0 0.2243846828125 0.8406448781250001 0.22684873906249997 0.833158515625 0.226266415625 0.8270043265625 0.2240765 0.8193346921875 0.21252520625 0.8128830078125 0.2072664515625 0.8118960671875 0.2039908546875 0.8176831999999999 0.1919966109375 0.822024446875 0.17680266875 0.8252178140625 0.16052150781250002 0.8255178703125001 0.15380848281249998 0.8254955374999999 0.14825159062499998 0.828665034375 0.13729810625 0.8302505515625 0.1344050515625 0.8340627812499999 0.1538185296875 0.8509621624999999 0.1801432796875 0.859662890625 0.2013076296875 0.855091146875 0.21548327656250002 0.8493029890624999 0.2193791421875 0.8462025375 0.2243846828125 0.8406448781250001
1 0.14893924375 0.8153001578125 0.143987134375 0.8192733249999999 0.1438578078125 0.82779283125 0.1510912125 0.8264372984374999 0.15438229375 0.8225331796875001 0.1641037515625 0.82469084375 0.1720797765625 0.824736021875 0.1779123453125 0.8227606046875 0.1777055875 0.8218650437499999 0.1841584234375 0.822576309375 0.194836234375 0.8197967109375 0.20390645 0.8155016671875 0.21258561406249998 0.80406498125 0.2236219671875 0.7883109203124999 0.215447696875 0.796486728125 0.20255053437499998 0.8041807421874999 0.1883594015625 0.8080858875000001 0.17507118593749998 0.8086382625 0.1639798640625 0.8096267375 0.14893924375 0.8153001578125
3 0.1121194421875 0.79927503125 0.1160547890625 0.8090571515624999 0.121215190625 0.8223296234375 0.1251195671875 0.82834571875 0.1345653484375 0.8293093015625 0.14254137656250002 0.8293544796875001 0.15116013125 0.8267358203124999 0.1541221046875 0.8232221125000001 0.1651065609375 0.8254026203124999 0.17181958749999998 0.8254249546875 0.1788462359375 0.8231738625 0.1781036140625 0.8217731515625 0.185092315625 0.8229895656249999 0.1946449640625 0.8207841625000001 0.20397536875000002 0.8158001859375 0.223637453125 0.790193934375 0.226859615625 0.78599129375 0.22766264375 0.7785739765625 0.23019562031250002 0.7713861343749999 0.22634467656249999 0.7637855453125 0.223734271875 0.7615583234375001 0.21693684218749998 0.75935445625 0.2095346265625 0.756346921875 0.198183115625 0.7580243296875 0.17724100781250002 0.7653746484374999 0.16248303749999998 0.7650086171875 0.1532285265625 0.76305758125 0.1466533375 0.7636322890625 0.1373988265625 0.761681253125 0.12907820625 0.7601434734375 0.11893626093750001 0.7634282203125 0.109912503125 0.773372303125 0.10455539375 0.7846708953125 0.1121194421875 0.79927503125
0 0.5728799578125 0.51241645625 0.5723131218749999 0.50814528125 0.5697027171875 0.5059180578125 0.5662962593749999 0.5038746171875 0.5629432328124999 0.5002466859375 0.5596211796875 0.500384778125 0.5560923703125 0.49962731250000003 0.5533596125 0.4986860625 0.550573425 0.49932930468750003 0.54887445 0.50286585625 0.5488365046875 0.5063333625 0.5578083656249999 0.5143238515624999 0.564100903125 0.51978859375 0.56981111875 0.51909915 0.5717013625 0.5145751453125 0.5728799578125 0.51241645625
1 0.16150435000000002 0.613678628125 0.1647505078125 0.6204755468750001 0.18660404531250002 0.6188890046875 0.21126623437499997 0.6113087015625001 0.22960491093750002 0.594497628125 0.23496899531249998 0.5759655046875001 0.228592053125 0.568319228125 0.2149817046875 0.5620284812499999 0.2044796796875 0.5619376125 0.192867978125 0.5643039546875 0.1817921421875 0.56717544375 0.1772465703125 0.5801732656249999 0.168138409375 0.5879358171875 0.157767246875 0.595675521875 0.1491639765625 0.60017719375 0.15178289218750002 0.6115209640625 0.16150435000000002 0.613678628125
0 0.6278912562500001 0.574550771875 0.6347800671875 0.5717026390625 0.6383158515625 0.5652265734374999 0.64100215 0.5605187859375 0.6395169078125 0.5577173656250001 0.634051396875 0.5558348640624999 0.6254705859375 0.5549860171875001 0.6222863703125 0.5557211515625 0.615619803125 0.561347859375 0.607001046875 0.56396651875 0.6043836671875 0.5689728281249999 0.5988732328124999 0.577791365625 0.59385220625 0.5814660109374999 0.5850266937499999 0.5831891109375 0.5775330984375 0.5852335734375 0.575680803125 0.5862900734375 0.5753671796875001 0.5885634984375 0.5894824203125 0.5915933671875 0.5997776890625001 0.5907886734375001 0.6062529859375 0.5861494203125 0.6136466890625 0.580040409375 0.6196550421875 0.5751945265625 0.6278912562500001 0.574550771875
3 0.14393158281250001 0.5539060453125 0.14984158125 0.56134569375 0.183842684375 0.557897959375 0.19998600625000001 0.5570008625 0.20192968437499997 0.5508923640625001 0.21441333125 0.5414072265625001 0.221271171875 0.5347930671875 0.225258415625 0.52664061875 0.22253263437499998 0.5184658343749999 0.2157646390625 0.5036779171875 0.2096478859375 0.4953427078125 0.1954946984375 0.4957803453125 0.18454818906249998 0.4901323296875 0.172056028125 0.49050092031250003 0.15749086406249999 0.505497515625 0.141709159375 0.5261203046875 0.1356783453125 0.5363167062499999 0.14393158281250001 0.5539060453125
0 0.18617811875 0.647915028125 0.18905568749999999 0.6422197859375001 0.1903256625 0.6350090984375 0.1927897171875 0.6275227359375 0.1864058 0.627109990625 0.17379128906250002 0.628764553125 0.15914869375000001 0.6343460828125 0.16073382812499998 0.6412120484375 0.1704328234375 0.6487202328125 0.17484209374999998 0.65147545 0.18114160625 0.6497066609375 0.18617811875 0.647915028125
1 0.6032585046875 0.5695470234375 0.5997916390625 0.5763216078125 0.5932474234375 0.5806623421875 0.585822746875 0.5830053265624999 0.578122396875 0.5841542296875 0.5713559390625 0.585716390625 0.5697793156250001 0.5879669703125 0.5701928296875 0.5897580921875 0.5888396890625 0.5942572046875 0.6038733359374999 0.595817315625 0.6213330906250001 0.593358571875 0.629247171875 0.585871696875 0.6379263374999999 0.5744350109374999 0.6475084203125 0.5596455578125 0.6542284203125 0.5524343578125 0.65075304375 0.550092396875 0.6306449375 0.553791425 0.6233426140625 0.5548484359375 0.618979803125 0.557742259375 0.6136296671875 0.56180731875 0.606794290625 0.56307095625 0.6032585046875 0.5695470234375
0 0.1805545515625 0.7561200078125 0.1843280640625 0.7543055296875 0.1822380390625 0.7507004421875 0.1792830390625 0.7469806171875 0.182627553125 0.7414920046875 0.18652341875 0.738391553125 0.19510422968750002 0.7392404 0.20107463281250001 0.7378620234375 0.20296487812500003 0.7333380171874999 0.20680731093750002 0.731822059375 0.21703365937500002 0.730718846875 0.222070171875 0.7289272125 0.2229041734375 0.7252759234374999 0.219704471875 0.7241280453125001 0.21358074375 0.7230263671875 0.196236365625 0.731432671875 0.1880001515625 0.7320764265624999 0.179159153125 0.7319165125 0.16893280156249998 0.733019725 0.1610566671875 0.73703909375 0.1538008015625 0.7437451453125 0.1489330984375 0.7498998453125 0.1513677171875 0.754997534375 0.1593592296875 0.7569257265625 0.17159120156250002 0.7572460671875 0.1805545515625 0.7561200078125
3 0.11556787500000001 0.596299503125 0.11970997812499999 0.606977184375 0.1285594890625 0.6162536453125 0.13564808125 0.6215346046875 0.1449715109375 0.6237841609375 0.15600940000000002 0.6243801796875 0.1668939671875 0.6224961421875 0.1791104515625 0.62093346875 0.1941131265625 0.6187275546875 0.21126623437499997 0.6113087015625001 0.221690828125 0.6019845046875 0.23019420781250002 0.593418284375 0.232137884375 0.5873097859375 0.23503791562499998 0.576264025 0.22978613281250002 0.568043553125 0.218303759375 0.5618903875 0.205971896875 0.5575055 0.18922379218750002 0.557598928125 0.16020576875 0.560839521875 0.1500483375 0.5622412546875 0.130713825 0.57110701875 0.12134547343749999 0.5795585 0.1164932546875 0.5875962140625 0.11556787500000001 0.596299503125
3 0.1935804578125 0.489304790625 0.2059812390625 0.4939882 0.2276744765625 0.49715513749999996 0.24374888125 0.49595951875 0.2544801234375 0.49159542968750003 0.2615447171875 0.48587682968749996 0.265356178125 0.48059484531249996 0.2649721015625 0.46621967187499996 0.2664178609375 0.45613851875 0.2604614046875 0.4430498296875 0.2490858953125 0.43372768125 0.233967846875 0.429986034375 0.224155009375 0.4328803703125 0.21568957656249999 0.43797908281250003 0.1987672234375 0.4572930546875 0.186674625 0.4739198328125 0.184677515625 0.4816128234375 0.1935804578125 0.489304790625
3 0.341066540625 0.3926830953125 0.33737743125 0.396679109375 0.33375026874999997 0.408207171875 0.33533693593749997 0.4314232171875 0.3528965828125 0.43302901875 0.358722175 0.438287134375 0.3716433328125 0.44159267812499997 0.3847782234375 0.4385602484375 0.3964123859375 0.4308433890625 0.409462871875 0.42562942656249997 0.4158158171875 0.4222761453125 0.4256666015625 0.4159143046875 0.4298760890625 0.410540428125 0.42843576875 0.3970379703125 0.426383690625 0.3899653765625 0.4192950984375 0.384684415625 0.4019042625 0.38744168125 0.3844669671875 0.38454990625 0.37244175468749996 0.38512512656250003 0.3601718359375 0.388272290625 0.3453604328125 0.389490753125 0.341066540625 0.3926830953125
3 0.387266278125 0.44207344531250004 0.38608070625 0.45146566562499996 0.38680086875 0.4582168953125 0.38914410781250003 0.4683665828125 0.392007725 0.47713840625000004 0.399547778125 0.48074298281249994 0.4085421 0.4833829515625 0.42349134218750006 0.48276152968749997 0.4357767453125 0.4814973765625 0.4465234734375 0.47901629999999995 0.4539481484375 0.476673315625 0.4600943375 0.47242447500000007 0.467488040625 0.4663154625 0.46956955625 0.4608040046875 0.4691250703125 0.45524685781249996 0.46475374843750006 0.449024134375 0.462961859375 0.44126260781250004 0.4575188078125 0.4340295875 0.44577624374999997 0.42856535625000003 0.4335133015625 0.4244789875 0.42180170937500006 0.42278078125 0.4117821140625 0.42477955625 0.3956852515625 0.43132569375 0.38749549375000003 0.4376184875 0.387266278125 0.44207344531250004
3 0.510174453125 0.5168313578125 0.50971601875 0.525741275 0.5130156125 0.5309537015625 0.5195683390625 0.5357295125 0.53029260625 0.5385989546875 0.5405344421875 0.5393787546875 0.5528887640625 0.538413121875 0.55970865625 0.53526646875 0.569972953125 0.53069575 0.5771219546874999 0.5271586859374999 0.5865592234375 0.5190057218749999 0.5972440078125001 0.5089925921875 0.6014689828125 0.5055017296875 0.6016362546875 0.4935147171875 0.60008906875 0.48318124687499997 0.594110153125 0.4754430765625 0.5860187515625 0.4694503375 0.5792213203125 0.46724647187499996 0.5679921609374999 0.4676379078125 0.564563240625 0.4709449890625 0.5561822140625 0.478225234375 0.5439277812500001 0.4832554125 0.531359728125 0.49055901718749995 0.5187537265625 0.5013301265625 0.510174453125 0.5168313578125