3 0.10944975781249999 0.5076147843750001 0.10132230625000001 0.539297096875 0.09827284375 0.59963273125 0.10043627968749999 0.6445051546875 0.10495287812500001 0.683996175 0.116413084375 0.712315015625 0.1257483921875 0.7144548140625 0.135101725 0.70257211875 0.1468522734375 0.675373775 0.1626571609375 0.621380434375 0.17593267968749998 0.61250545625 0.171015634375 0.5438238609375 0.173633853125 0.5147672 0.1529809921875 0.5193549578125001 0.1337822796875 0.5121818828125 0.12083113593749999 0.4877386796875 0.1157476359375 0.4877129796875 0.10944975781249999 0.5076147843750001
3 0.4606587109375 0.6723651953124999 0.46960433437500004 0.6491113562499999 0.47855722187499994 0.6080380859375001 0.4890908984375 0.5540288796875 0.49133369218749995 0.52499189375 0.4486178734375 0.535994003125 0.38564264375 0.5375417031249999 0.4031274015625 0.612575425 0.4118284859375 0.6457127171875 0.424002753125 0.6661070171875 0.4372054328125 0.6773918343750001 0.45121828124999996 0.6789943765625 0.4606587109375 0.6723651953124999
3 0.5754192687499999 0.6497002593750001 0.5869255421874999 0.6178408703125 0.5970973125000001 0.5533344703124999 0.599604153125 0.5257442234374999 0.5123376984375 0.5271043921875 0.5062330453125 0.5183687390625 0.5017046781250001 0.500202778125 0.50091603125 0.5174789296875 0.49526038281250007 0.5244939890625 0.49141002812499995 0.526448471875 0.491588728125 0.5334498796875 0.5000157453125 0.5972736765625 0.5201995625 0.6412016921875 0.5375031296875 0.6624956390625 0.5539517328125 0.6674759156250001 0.56698923125 0.6612424531250001 0.5754192687499999 0.6497002593750001
3 0.12023226875 0.23567428437500001 0.11541006093749999 0.251409134375 0.110751284375 0.2738540765625 0.10423865937500001 0.3147994609375 0.1035791484375 0.3776388828125 0.1089326875 0.4474660640625 0.113111659375 0.4697399578125 0.125977453125 0.49973782968749997 0.1339241890625 0.5112980984375 0.1459745671875 0.5185536875000001 0.1537929109375 0.52048086875 0.17570319375000001 0.5111533625 0.1923315046875 0.49801305312500005 0.1983428046875 0.494192628125 0.211312978125 0.4794913390625 0.2060482859375 0.4257258609375 0.20695482968749998 0.35323367656250004 0.208547390625 0.31897268749999996 0.185564903125 0.2862917359375 0.1761299859375 0.264293296875 0.1639709875 0.2441903140625 0.151052128125 0.23113792812499998 0.135821403125 0.22784651718750001 0.12023226875 0.23567428437500001
3 0.7944567499999999 0.7168000921875 0.7993049875 0.7051535 0.8022878671875 0.6722802234375 0.8009220890625001 0.6031204 0.7911002453125 0.5414145125000001 0.780138609375 0.49028452187499993 0.76438079375 0.4589776375 0.7571911625000001 0.4546805796875 0.7536020999999999 0.4723956125 0.7450454171875001 0.4851129046875 0.721131365625 0.4957138875 0.701305690625 0.501718871875 0.69578166875 0.60103556875 0.7326170703125 0.650225340625 0.756749103125 0.7012493296875 0.7758121609375 0.7166087515624999 0.786679703125 0.7192524812500001 0.7944567499999999 0.7168000921875
3 0.3539565296875 0.644071809375 0.363465290625 0.6207884578125 0.37372940625 0.59396013125 0.383202384375 0.537669590625 0.3400528296875 0.5332123046875 0.3302289703125 0.521750409375 0.32374714375 0.5022262453125 0.3158604703125 0.5169532343750001 0.3079370078125 0.5237950296875 0.27815181718750004 0.5265244671875 0.2892588640625 0.5983870453125 0.29958378125 0.633776159375 0.31222958125 0.6523930531250001 0.32562447968749997 0.660162409375 0.339580765625 0.6570940671875001 0.3539565296875 0.644071809375
3 0.23754520625 0.247345228125 0.2232350171875 0.258027125 0.2166290390625 0.286416428125 0.20744889375 0.33392815468750003 0.20625402343750002 0.4116935296875 0.2081516625 0.444311028125 0.2126377265625 0.4832194171875 0.22052964843749998 0.5009169859375 0.230414575 0.5135441421875 0.25297684375 0.5202488265625 0.2851627484375 0.523820115625 0.3075157796875 0.5229407578124999 0.3162053609375 0.5163509281249999 0.32229575312500003 0.49967326874999995 0.319276346875 0.4636091734375 0.32016486718750004 0.4051394828125 0.3211925390625 0.3600998203125 0.31409726718750003 0.343236846875 0.30816055468750003 0.3377056640625 0.2843751609375 0.29688755312500004 0.2664914421875 0.26452361875 0.2505889578125 0.24841432812500003 0.23754520625 0.247345228125
3 0.36859618125 0.2553750328125 0.3542051515625 0.268105975 0.346246646875 0.2778707625 0.3326863015625 0.3136353046875 0.325573746875 0.34672500781250004 0.3230103421875 0.36964436875 0.32008126875 0.4215023390625 0.3198655125 0.46766791406249997 0.3243713515625 0.5033619953125 0.330213703125 0.5214590953125 0.3422901109375 0.5328029375 0.3868955625 0.5363075765625 0.44799366875 0.5348582546875 0.4823037265625 0.52867840625 0.496482765625 0.5226772328125 0.500088846875 0.516061703125 0.5013795609375 0.49759077500000004 0.4921336296875 0.389408321875 0.48105160468749997 0.34675599687499997 0.46746374687500003 0.30657191875 0.4490123828125 0.2777431203125 0.42488109218750003 0.2626493125 0.40466748125 0.254068846875 0.36859618125 0.2553750328125
3 0.6797798953124999 0.2849287390625 0.67031243125 0.3125916609375 0.6520134750000001 0.3477281953125 0.668698825 0.4362411328125 0.6714757062500001 0.4784523671875 0.6783069296875001 0.49386860156249995 0.6850906015625 0.497602703125 0.707393328125 0.499355021875 0.7243835453125 0.496711909375 0.735325671875 0.490004028125 0.7457351984375 0.4839082921875 0.7547526515625 0.4656166546875 0.757477740625 0.438599203125 0.7571941843750001 0.37931459218749997 0.7548888375 0.33532595 0.7503417031249999 0.29525229999999997 0.7359491890625 0.236122878125 0.730320575 0.222104196875 0.7197153328125 0.21009902187499999 0.7105892609375 0.2155432640625 0.701473946875 0.224784446875 0.6912754078125001 0.249272409375 0.6797798953124999 0.2849287390625
3 0.0277648953125 0.3892071453125 0.032481715625000004 0.4432934515625 0.03733244375 0.4783852265625 0.0484415046875 0.5000038140624999 0.0574579515625 0.5068341703125 0.067356396875 0.50894445625 0.0748648890625 0.508550953125 0.08449303124999999 0.5019119359374999 0.096616246875 0.489007728125 0.10985947968750001 0.46874193281250004 0.1059743484375 0.4125672296875 0.103070825 0.3715310953125 0.10279352343749999 0.3195490484375 0.0918954484375 0.3163226875 0.0575488640625 0.25356516406249996 0.047637909374999995 0.236849753125 0.035843309375 0.27398233437499997 0.0278369890625 0.3331171671875 0.0277648953125 0.3892071453125
3 0.7517365328125 0.293134390625 0.7554842578125001 0.3466872546875 0.7582781562500001 0.3999979921875 0.756490621875 0.452088253125 0.768490690625 0.46197551875 0.7936018390624999 0.4813997078125 0.8071188765624999 0.4914995875 0.8142061421875001 0.49025181250000005 0.8220577765625 0.47844781718749996 0.83520765625 0.4456259421875 0.8337102515625 0.28416447968749997 0.8172907 0.20790647031249998 0.8154073203125 0.20070228281250002 0.8090251015625001 0.20103676093749998 0.787378865625 0.2118110078125 0.77128665625 0.24595554375 0.7517365328125 0.293134390625
3 0.6876649796875001 0.6365148203125 0.6936054578124999 0.602610196875 0.6993026671875 0.5389225296875 0.701122484375 0.498223084375 0.6785862453125 0.49560665625 0.67072485625 0.47849171718749994 0.6624645078125 0.50404656875 0.6337265000000001 0.5195742125 0.6003244671875 0.525122240625 0.5941387078125 0.5794878125 0.60443134375 0.6034861109375 0.6325951890625 0.64524321875 0.6520489406250001 0.66087428125 0.668126625 0.6623686109375 0.6814937453125001 0.6552415265625 0.6876649796875001 0.6365148203125
3 0.624497371875 0.26445672343750004 0.6139226640625 0.2530341796875 0.6041203265624999 0.24916616406249997 0.5917097921875001 0.24222156718750001 0.5683786515625 0.24957872656250002 0.552922415625 0.2635339578125 0.52289645 0.2832187203125 0.5162734546875 0.3005085234375 0.5040316 0.332698578125 0.4954433765625 0.3699552359375 0.4935347125 0.394592978125 0.502704309375 0.5013188515625 0.506532134375 0.5168924859375 0.5130885484375 0.5270650421874999 0.525553896875 0.5278723390625 0.5402565265625 0.5282702687499999 0.58718460625 0.525810871875 0.63341214375 0.5207591484375 0.64983296875 0.5108429859375 0.6599586734375 0.5065148171875 0.6651976015625001 0.49513986406250005 0.669836603125 0.47590922812500003 0.6693400484375001 0.448476384375 0.66475336875 0.41483135000000004 0.6514656046875 0.3480490234375 0.6368916328124999 0.2962320015625 0.624497371875 0.26445672343750004
3 0.8572052515624999 0.5995864921875 0.85170879375 0.555765090625 0.8422461 0.5188702109375 0.8350422109375 0.489159840625 0.82778350625 0.4655867734375 0.8245636109375001 0.47597956718749995 0.8127502453125001 0.491204459375 0.8061803140625001 0.49154877499999994 0.7836620984375 0.47490985312499995 0.7669889921874999 0.46205421874999997 0.780935259375 0.4911191203125 0.79211514375 0.542821903125 0.8009311015625 0.5961091515625 0.8042828875 0.616965815625 0.8199140609375 0.649447803125 0.8423243984375001 0.6891695125 0.8523817703125 0.7014955171875 0.85792429375 0.6851386859375 0.8593273921875 0.640079346875 0.8572052515624999 0.5995864921875
3 0.195269275 0.7192827328125 0.2033731890625 0.7302505328125 0.21452004531250002 0.7346323171875 0.2280596109375 0.7272040796875 0.24225667343750001 0.7071804109375 0.253256371875 0.6800214203125 0.263562790625 0.63245066875 0.272925134375 0.613556725 0.284161103125 0.5729480328125 0.274321234375 0.5252646421875 0.22972479531249998 0.5147487546875 0.2209050734375 0.5008973109375 0.21224703437499998 0.4829477765625 0.1978514984375 0.499184340625 0.17435416718750002 0.51414521875 0.1710309015625 0.5441151765625001 0.18145341406249998 0.6496069265625 0.18704147499999998 0.6951762203125 0.195269275 0.7192827328125