3 0.5380329625 0.45468173125 0.5331995171874999 0.459990915625 0.5286530171875 0.4649664171875 0.523284078125 0.4746368453125 0.5196368109375 0.48230517187500005 0.5150202609375001 0.4898544828125 0.5070304171875 0.4988341890625 0.4982497890625 0.5062411328125 0.48843605312499994 0.5120455625 0.48094330625000004 0.51297015 0.475561396875 0.5167363265625 0.470479403125 0.526073071875 0.4688983484375 0.5369464234375 0.465417125 0.5512756265625 0.46164895625 0.5659385140625 0.4596979359375 0.5738151125 0.461687871875 0.5836512640625 0.4663241375 0.5919677625 0.47003574531250003 0.5998018125 0.4747228625 0.6036975640625 0.4817439390625 0.6086177203124999 0.48826117656249995 0.611631434375 0.4943446234375 0.610164890625 0.5048728671875 0.61256434375 0.5126717578125 0.6131530109375001 0.51930366875 0.613229475 0.5246093015625 0.6160944234375 0.52896485 0.62068729375 0.5383899359375001 0.6240580437500001 0.5449326 0.6248613828125 0.5501806359375 0.622185515625 0.5555625453124999 0.6184193375 0.5609698812499999 0.6124427859375 0.5679904421875 0.6033440671875 0.5733401812500001 0.591826703125 0.5768343765624999 0.5834017499999999 0.5816356515625001 0.5703413765625001 0.5850022 0.5589494234375 0.589388884375 0.54325573125 0.59132070625 0.533532196875 0.593858071875 0.51687360625 0.5952030328125 0.5019131875 0.5969688109375 0.48552877343749995 0.5972298140625 0.47338658906250003 0.5972292968749999 0.4593677140625 0.5983895328125 0.44991835625 0.5977896984375 0.438777221875 0.5899332109375 0.43264774062500005 0.580967340625 0.4315468703125 0.573697715625 0.4306542734375 0.5684304796874999 0.431483203125 0.561416146875 0.43652460781249997 0.5524570203125 0.4453853 0.5432809984375 0.4520058640625 0.5380329625 0.45468173125
1 0.5150155859375001 0.53596841875 0.5204421203125 0.5318388046875 0.5262194234375001 0.5288590078125 0.531205940625 0.52430645 0.536403125 0.5260513328124999 0.5399616609375 0.5331287546875 0.5452034703125 0.5345102015625 0.550840671875 0.5366780265625 0.5592518515625 0.5402932015624999 0.564933678125 0.542097590625 0.57055168125 0.5424184796875 0.5763481828125 0.54128561875 0.58074835625 0.545515053125 0.583407140625 0.5358807765625 0.5879344421875 0.5290583375 0.5905678015625 0.5216344359375 0.5928244484375 0.5012522171875 0.5930792234375 0.49316734687499997 0.5970767421875001 0.4726299625 0.5975292140625 0.46493828125 0.597675540625 0.4557333453125 0.5964379937500001 0.443776078125 0.5895315921875001 0.4359186734375 0.5817135015625 0.43348306875000003 0.5752408890625 0.4301059203125 0.56616034375 0.4319422984375 0.558412821875 0.4409517546875 0.54884140625 0.44678593906249997 0.539359240625 0.45189325 0.5336203359375 0.45856692031249996 0.5272374890625 0.46848177343749997 0.5205676968749999 0.47873030937500005 0.51614884375 0.4866728109375 0.5083183 0.49235183125 0.50032845625 0.501331534375 0.48912461875 0.508440946875 0.4799293984375 0.5132145734375 0.47573989375 0.5152825796875 0.4747773546875 0.525125128125 0.47862283593750005 0.53186886875 0.48361609687499996 0.5372778734375 0.4873977546875 0.5425381109375 0.4939788140625 0.547035325 0.50520185 0.54177285 0.5150155859375001 0.53596841875
0 0.5442845203125 0.5159515640625 0.5461784625 0.5165530281249999 0.546752353125 0.5158856593750001 0.5473708687500001 0.51485485625 0.54671395625 0.512191784375 0.5412298265625 0.5107805859375001 0.5375950140625 0.5103342859375 0.5376588359375 0.5118177875 0.5403881890625 0.5136285734375 0.5421482578125 0.5153203484375 0.5442845203125 0.5159515640625
0 0.583667625 0.5097197171875 0.5865754765625 0.5100767562499999 0.5880994515625 0.5076814656249999 0.5887433921875 0.5044402875 0.5878887828125 0.501384025 0.587034175 0.4983277640625 0.58743579375 0.49505683125 0.587065828125 0.4920600765625 0.587091253125 0.489849703125 0.584534171875 0.49064248125 0.582519328125 0.49703557812500004 0.5793183046875 0.5010695359375 0.5789997062500001 0.50767090625 0.579433496875 0.5121511625 0.583138359375 0.51002365 0.583667625 0.5097197171875
0 0.36550052499999997 0.43349741249999996 0.36528363124999996 0.4312572828125 0.3648882375 0.4304709046875 0.363982778125 0.431835390625 0.36331963749999996 0.43322963281250004 0.3634280859375 0.434349696875 0.3641550484375 0.43443895625 0.3646843140625 0.43413502499999995 0.36550052499999997 0.43349741249999996
1 0.6631950359375 0.5611719749999999 0.6766757546875 0.56356503125 0.680584540625 0.5577733953124999 0.6825101359375 0.552107171875 0.6880892249999999 0.534715309375 0.690697159375 0.52950178125 0.6990751328125 0.4973280203125 0.696938353125 0.4826779296875 0.6892157390625 0.4754581390625 0.6815823734374999 0.4675114734375 0.67668510625 0.47133715781249996 0.6654874953125 0.47438925625 0.659091678125 0.4783998578125 0.6386225703124999 0.4928567078125 0.62877718125 0.504928825 0.607862346875 0.5370389171875 0.6089665375 0.5641053703125001 0.6226963203125 0.576489740625 0.638574821875 0.58139070625 0.6535473453125 0.57363728125 0.6631950359375 0.5611719749999999
3 0 0.4879682109375 0.0052368828125000004 0.488869940625 0.0139734046875 0.4958453078125 0.0327659828125 0.4970459984375 0.051807107812499996 0.49421913125000005 0.07355164374999999 0.481394546875 0.08421324375 0.468684815625 0.0868964203125 0.428802415625 0.09499367656249999 0.392905025 0.085000925 0.386144328125 0.0754860734375 0.369481575 0.067966865625 0.34457878750000004 0.054229820312499996 0.3082139796875 0.03888006875 0.288990209375 0.022313003125 0.2876938625 0.00067015 0.46396075625 0 0.46941868906249995 0 0.4879682109375
1 0.0348529671875 0.3718707796875 0.045910476562500004 0.373966303125 0.0600159359375 0.3712712421875 0.06807012031250001 0.3777939125 0.08027592812499999 0.39257357656249997 0.0863214953125 0.40143203281249995 0.091512453125 0.407234228125 0.0948406046875 0.3921483984375 0.08607865625 0.3873834046875 0.0757475921875 0.37135826562499996 0.0696760828125 0.3506913109375 0.06467607656249999 0.33532074375 0.055039804687500006 0.31163367656249996 0.039409334375 0.2886862796875 0.0225553234375 0.287723615625 0.0156193375 0.342209396875 0.013298865625 0.361108115625 0.0233554390625 0.3693523125 0.0348529671875 0.3718707796875
3 0 0.662444071875 0.02233319375 0.6621461671875 0.048222092187499996 0.6335981421875 0.072516446875 0.59600034375 0.09839911875 0.5715096296875 0.1059987609375 0.5296484828125 0.09738314218750001 0.5156785546875 0.0871667515625 0.49671616875 0.08397766718750001 0.478616625 0.0823130734375 0.472140665625 0.0694705859375 0.4845826171875 0.048038421875 0.49486314218749994 0.0168366296875 0.4965657859375 0 0.48621884218750006 0 0.662444071875
0 0.0330472390625 0.34250469375 0.035387425 0.3394717875 0.035897493749999995 0.33732091875000003 0.034137423437499995 0.335629146875 0.0307833296875 0.3389064765625 0.027543909374999998 0.33924655625 0.02663845 0.3406110453125 0.0286408390625 0.342332571875 0.030930174999999997 0.343720415625 0.0330472390625 0.34250469375
0 0.0565134453125 0.32767800937499997 0.05731045781250001 0.32519345781250003 0.0561689046875 0.3224708796875 0.0531847765625 0.3287449640625 0.051680000000000004 0.3329871953125 0.051986143750000005 0.3345004484375 0.053816264062499994 0.3336184109375 0.055958753125 0.3301923140625 0.0565134453125 0.32767800937499997
0 0.11348114375 0.42063021093749997 0.11528583750000002 0.421958546875 0.1192776453125 0.41949735156249995 0.1216178328125 0.41646444374999997 0.1229249125 0.411829025 0.1248759328125 0.4039524265625 0.1247545140625 0.39692811250000004 0.1243015265625 0.3906009203125 0.12318539843750001 0.385667965625 0.12187157343749999 0.380341825 0.11969068593750001 0.3800740453125 0.11451321562500001 0.394194975 0.11492158125 0.40088560624999997 0.11202670156250001 0.4064328171875 0.1112234625 0.41297467968749996 0.111988821875 0.416757815625 0.11348114375 0.42063021093749997
0 0.1947260890625 0.3579293671875 0.1974492140625 0.363797465625 0.200880103125 0.3679078859375 0.20209170781250002 0.368056653125 0.20264639999999998 0.3655423484375 0.2052927296875 0.364022696875 0.204393496875 0.361329871875 0.20164494687499998 0.35767214687500004 0.199534109375 0.3548305578125 0.1965624359375 0.3529900171875 0.1942284765625 0.3519656109375 0.19309989375 0.3551472828125 0.1947260890625 0.3579293671875
1 0.362570353125 0.5194639953125 0.36526805156250003 0.52754246875 0.37149834375 0.5308898656250001 0.37982027343749997 0.5352319140625 0.390903209375 0.5351170640625 0.399365240625 0.534311490625 0.4024391328125 0.54132940625 0.408937171875 0.54249618125 0.4156837578125 0.539635396875 0.424222065625 0.5321986984375 0.4294893015625 0.5313697703125 0.43615960937500003 0.535140109375 0.444525646875 0.525099846875 0.44992675625 0.52318060625 0.4562270984375 0.5239541921875001 0.461213615625 0.5194016343750001 0.46525627500000005 0.5125196890625 0.46793425781250003 0.50473235 0.46706667812499997 0.4957718390625 0.4647067765625 0.48293893125 0.46343083125 0.46728779062500003 0.4632071921875 0.45508610000000005 0.4610195609375 0.4448567578125 0.458334315625 0.428663659375 0.4575876375 0.41270858749999995 0.45222440781250006 0.40430282812499996 0.44763276718749995 0.3956228921875 0.43975085312499995 0.3917037859375 0.43272354999999996 0.390840940625 0.42569001718750005 0.394035409375 0.41974044375 0.3944116421875 0.4131085328125 0.394335178125 0.40696126250000003 0.3943182203125 0.39739607499999996 0.3960950921875 0.391822696875 0.3954107671875 0.386268515625 0.3965733796875 0.38042739062500003 0.398069675 0.37507090625 0.39962547812500004 0.3670872890625 0.404547871875 0.360736096875 0.408195034375 0.35048234375 0.41357652187499994 0.3447688640625 0.4180398203125 0.3396738984375 0.42147231406249996 0.3344004359375 0.42635855625 0.327781496875 0.4321863421875 0.322769553125 0.43894927499999997 0.3185930203125 0.44692152968750004 0.3152518984375 0.456103109375 0.3127332140625 0.46058976406249996 0.3241798890625 0.4675289796875 0.336474428125 0.4675628953125 0.3482459296875 0.463843428125 0.34866726406250004 0.47643830937500004 0.3528380875 0.48654224062500007 0.3577042203125 0.5030031187499999 0.362570353125 0.5194639953125
1 0.121275359375 0.467332815625 0.134940803125 0.46421481093750006 0.14386879375 0.47564068125 0.1528030125 0.4830092375 0.163579803125 0.48138113281250006 0.1785206734375 0.47989539687500005 0.18753739687499998 0.4765755171875 0.1958780078125 0.4687456296875 0.21027041406250002 0.4657168859375 0.221295753125 0.46006122187500004 0.23176743437499997 0.48495761249999997 0.2401729046875 0.506648975 0.2333956984375 0.5438151953125 0.24267394062499997 0.5423720078125001 0.24848912343750001 0.5290672109375001 0.25262674218750003 0.5033822046875 0.252045590625 0.480069134375 0.2409745921875 0.4580504859375 0.24421297812499998 0.42967265625 0.2516974296875 0.37672988281249997 0.22923060781250001 0.34335126875 0.20918751093750002 0.3242890625 0.16757837656250002 0.316597690625 0.154174453125 0.32159238437500004 0.1344068828125 0.3383488703125 0.1209972484375 0.3614197515625 0.1118985390625 0.38944694062499996 0.1070339578125 0.4150426875 0.10861604531249999 0.4322070828125 0.10222748906250001 0.460198121875 0.111614696875 0.473893871875 0.121275359375 0.467332815625
0 0.648502196875 0.5446112765625 0.6547065453124999 0.5361501734375 0.661134534375 0.539890759375 0.6619445171875 0.5433104578125 0.6654008328125001 0.5452105046875 0.669928134375 0.538388065625 0.6735307765625 0.531083175 0.677286490625 0.5245349140625 0.679836828125 0.5137805734375 0.6789370781249999 0.4970688734375 0.6773046546875 0.498344103125 0.670596465625 0.5048987625 0.666087846875 0.49954926562499996 0.66645106875 0.49258445625 0.6632433015625 0.48665685156249994 0.6552467140625 0.48567499375 0.6500817 0.4916812984375 0.6469382734375 0.50125606875 0.6392545734375 0.511749028125 0.634236403125 0.522569271875 0.6369086765625 0.532858121875 0.6419849609375 0.5415975656249999 0.648502196875 0.5446112765625
3 0.251633584375 0.5475301906250001 0.24368162187500003 0.546184896875 0.23893742499999998 0.55076720625 0.23722872499999997 0.5586735593750001 0.237018575 0.56639499375 0.236145284375 0.57551066875 0.23237088906249997 0.5942308671875 0.22897891406249998 0.6078331968749999 0.225963134375 0.62037496875 0.2244267046875 0.6308848859375 0.224828840625 0.641632828125 0.23003277031249997 0.6533392734375 0.230791903125 0.6611797203124999 0.23340035312500002 0.6699850671875 0.2374565015625 0.683026246875 0.23750787031249998 0.6926243734375 0.24016094531249998 0.7010662828124999 0.24151316718750002 0.7100863015625001 0.24481692812500003 0.7252485953125001 0.25151940625 0.736770121875 0.25600882812500003 0.7402726828125 0.2606513203125 0.7445318703125 0.2702741046875 0.7482958125 0.27682299375 0.7450418359375 0.2853358765625 0.7398155156249999 0.2925541328125 0.7311099875 0.2978592484375 0.7199560578125 0.3061868890625 0.7062219203125 0.3092602640625 0.6992209609375 0.313902240625 0.6894612734375001 0.319385853125 0.6768535984375 0.3267504375 0.6589431359375 0.33064625312499996 0.64724725 0.33556220312499996 0.6312496296875 0.3401912078125 0.6155856921875 0.3427923953125 0.600410603125 0.3451004125 0.589626509375 0.33840467812499997 0.58806654375 0.324050153125 0.5807702890625001 0.31236115625 0.57380131875 0.3008252328125 0.5675889765625 0.2960296671875 0.5625731609375 0.2922542375 0.5532556109375 0.287152528125 0.54672654375 0.2798704484375 0.5539485703125 0.27429706875000004 0.5532642453125 0.26702744375 0.552371646875 0.2614540640625 0.551687321875 0.2566330734375 0.5488818828124999 0.251633584375 0.5475301906250001
0 0.20331835156250003 0.4301851671875 0.20440230937499998 0.4273669328125 0.2055755171875 0.4238218234375 0.2089104125 0.41869755625 0.2119391640625 0.41206003437499994 0.21278080156249998 0.409212046875 0.21304854843749998 0.4070314234375 0.211575425 0.40500596718750004 0.210089846875 0.411095134375 0.20792193124999997 0.41673160468750003 0.205007853125 0.42043187968750007 0.20257841875000002 0.4241916578125 0.20204292499999998 0.42855290156250003 0.20331835156250003 0.4301851671875
3 0.3806250859375 0.398462865625 0.3732153609375 0.40271789062499996 0.359964509375 0.4084692125 0.3497299546875 0.4156976375 0.34077705625 0.4205010171875 0.331250265625 0.42597176406250004 0.3226419078125 0.4359822734375 0.31509208125 0.445384921875 0.30777212187499997 0.4629319484375 0.2998974703125 0.48299327812500004 0.2936552421875 0.50177938125 0.2911049046875 0.512533721875 0.28882231406250003 0.521107440625 0.286488871875 0.534101909375 0.2914888765625 0.5494724765625 0.29176336875 0.5572534171875 0.297878984375 0.5635380624999999 0.3059139703125 0.5682137953125 0.314503646875 0.570375221875 0.32480876875 0.5745918609375 0.33202754218749997 0.5799052078125 0.34127413125 0.5847297078125 0.3490221703125 0.5897391234375 0.3540408578125 0.592937753125 0.35904034687499997 0.594289446875 0.3681784875 0.5979938812500001 0.373439496875 0.6012222640625 0.3782158625 0.604391140625 0.38323455 0.6075897718750001 0.3897517875 0.6106034828125 0.3976337 0.6145225890625 0.4084488890625 0.616588359375 0.41523387187500005 0.6174214515625 0.42226117656250006 0.6182842953125001 0.42982397343749995 0.6147858984375 0.43472124218749997 0.6109602140625 0.44063241875000003 0.6068901062500001 0.44639052343749996 0.6020633703125 0.45158096406250003 0.5938466906250001 0.45580212031249995 0.585510996875 0.45993402968749997 0.577902178125 0.4654622671875 0.564931065625 0.47137240937499997 0.5328232078124999 0.47365500000000005 0.5242494890625 0.4767538015625 0.5150381562499999 0.4779586625 0.505225359375 0.47674031250000004 0.49511503125 0.4693617234375 0.47908349531249994 0.46619858125 0.47279245156250005 0.46330318437500007 0.46432078906249996 0.45977630312500006 0.4509756796875 0.46026042812499995 0.43701631093750004 0.460068440625 0.41854693281250005 0.458652396875 0.4080434140625 0.45247295625 0.4002752703125 0.447078075 0.398137196875 0.44358336249999997 0.392543275 0.43563762656250005 0.38714066874999997 0.430695734375 0.3913297890625 0.42587474218750004 0.38852435 0.41664112500000006 0.3896041 0.41111237031250003 0.3885563390625 0.404812028125 0.3877827546875 0.39815469062500003 0.3899166640625 0.3858731234375 0.395787 0.3806250859375 0.398462865625
0 0.21258881562499998 0.39074266875 0.21190025 0.394347284375 0.2125571625 0.39701035625 0.21390264062500003 0.3960688125 0.21454658124999998 0.3928276328125 0.2142850609375 0.39095094218750004 0.21258881562499998 0.39074266875
3 0.1447369125 0.32633625781250003 0.139265753125 0.330829309375 0.1326660125 0.3385040328125 0.12153274218750001 0.35705850781250004 0.1163423015625 0.3652751890625 0.10363368749999999 0.376626828125 0.0960838609375 0.3860294765625 0.0924817359375 0.4073532421875 0.0883503453125 0.428980934375 0.08805094531249999 0.43742924375000003 0.08674438125 0.45608353749999997 0.087395584375 0.4768227953125 0.08926461718749999 0.4936535078125 0.0934676109375 0.5115086265625 0.09865856875 0.517310821875 0.105941165625 0.5241076687499999 0.11947947968749999 0.5320415390625 0.12581821875000002 0.5365089984375 0.13963050625 0.538204934375 0.1487940734375 0.5396989953125 0.1536150640625 0.5425044359375 0.163703290625 0.5444809453125 0.171897575 0.5458559937499999 0.180818821875 0.5473203 0.189586996875 0.54802798125 0.201218396875 0.5494561375 0.2116381921875 0.5507355281249999 0.2218156671875 0.5519851640625 0.227306025 0.54933905 0.2356596078125 0.5474134125 0.243184009375 0.5402211390625 0.2475390390625 0.5307951359375 0.24914551875000002 0.5177114078125 0.252314371875 0.5059262640625 0.254023071875 0.49801991093750003 0.25333398906250004 0.48760565156249996 0.25068091406250004 0.47916374062499995 0.2468162359375 0.470573065625 0.24379319375000003 0.45913440000000005 0.2435695546875 0.44693270937499996 0.2469807265625 0.43517731875 0.24891255 0.42545378125 0.2505190296875 0.41237005312499997 0.2517109171875 0.39665300625 0.2518572453125 0.387448071875 0.252469015625 0.37645570625 0.24987976406249998 0.369497296875 0.23959332500000002 0.35310872031249996 0.2303337640625 0.3423799703125 0.2078482609375 0.3211732953125 0.19427829375 0.3195071125 0.17857206406249998 0.3172097125 0.1725140421875 0.31646588124999997 0.165684434375 0.315996228125 0.1600856296875 0.3175222765625 0.1447369125 0.32633625781250003
3 0.11134589375 0.620320553125 0.11471347812499999 0.636966346875 0.1202619484375 0.653879921875 0.1238593984375 0.6786700953125 0.1350512984375 0.6936941812499999 0.1399807359375 0.6976196859375 0.1531682828125 0.7044037375000001 0.15898398281249998 0.705117815625 0.16825599687499998 0.707731940625 0.174887909375 0.7078084046875001 0.184076384375 0.693073215625 0.187589778125 0.6864952015625 0.19298414218749999 0.6746143984375 0.194871340625 0.6652543 0.1983525640625 0.650925096875 0.20048208281250002 0.64159475 0.202662453125 0.6278436546874999 0.205046746875 0.6104284375 0.2094780546875 0.5943713109375001 0.21059366562499998 0.5852853875 0.20962386562500002 0.5711475 0.21012096093750002 0.5630923812499999 0.2097634484375 0.5519810015625 0.196085034375 0.54919475625 0.1791225765625 0.547112028125 0.1736384453125 0.545700828125 0.1663688203125 0.54480823125 0.160068478125 0.5440346468749999 0.152798853125 0.5431420484375 0.1477993640625 0.5417903578125001 0.1426468046875 0.5396820375 0.1362380140625 0.5377883890625 0.1271382703125 0.5377778296875 0.12544202499999998 0.53756955625 0.10749731093749999 0.529463565625 0.106815490625 0.5430297421875 0.10374885781250001 0.5599922640624999 0.1022508265625 0.57419605625 0.105108340625 0.5929927203124999 0.1090690140625 0.610818084375 0.11134589375 0.620320553125
3 0.35125701249999997 0.6696994015625 0.35428628125 0.67708075625 0.35999405156250003 0.6906936453125 0.3644902171875 0.7041577671875 0.36809389375 0.724890628125 0.3742479078125 0.7348691484375001 0.38748007812499996 0.7412897625 0.398269840625 0.7455659078125 0.4038432203125 0.7462502328125 0.41281531875 0.743293790625 0.4219975671875 0.7326159140625 0.42687563749999996 0.7269432921875 0.4327292171875 0.717332371875 0.439232965625 0.7004229609375 0.444480484375 0.6837282171875 0.44861862031250005 0.6720620859374999 0.4540830359375 0.6576074734375 0.45721349062499994 0.642128453125 0.45895384375 0.6279544140625 0.4607004234375 0.6097230625 0.46027286093750003 0.6011854953125 0.460049221875 0.5889838046875 0.45107089531250005 0.595997559375 0.443648715625 0.608367209375 0.43277644843749996 0.6147795 0.4237151015625 0.6184628156249999 0.41499155156249995 0.6173916984375001 0.40963506718750003 0.6189475015625 0.403577046875 0.6182036703125 0.3973913796875 0.6144928359375 0.3889163765625 0.6093941593750001 0.3780757625 0.6095387640625 0.3668527265625 0.6148012390625001 0.35790605468750003 0.61554730625 0.3526196203125 0.614529296875 0.351828834375 0.6129565359375 0.34515178125 0.599224634375 0.3447185078125 0.608763253125 0.3433351515625 0.620029796875 0.341193178125 0.6374747671875001 0.3472709140625 0.6540844109374999 0.34723303437499997 0.6644094109375 0.35125701249999997 0.6696994015625
3 0.6455476531250001 0.4885421765625 0.644444496875 0.48951347343749996 0.6378701812500001 0.49497782343749996 0.6314935625 0.5008353624999999 0.6262009015625 0.5038746656249999 0.6135493656250001 0.5067482453125 0.6041626765625 0.5070713687499999 0.6000115687500001 0.5128332515625 0.5957011624999999 0.5218958171875 0.5924684874999999 0.5321974609375 0.5896312046875 0.543285484375 0.5884263453125 0.5530982812499999 0.58512361875 0.5659737359375 0.5827071546875 0.5756377671874999 0.5833900109375 0.5901093375 0.585360746875 0.5980985515625 0.5885368609375 0.61029384375 0.58904121875 0.6262191640625 0.5922873828124999 0.6358406453125001 0.5954251 0.6443420609375 0.6029884140624999 0.6548625375 0.6098501921875 0.6630833796875 0.618567515625 0.668211809375 0.6236308265625 0.6710470015625 0.629822721875 0.6707005234375 0.6364354343749999 0.6689300484375 0.6452798859375 0.66300660625 0.65210275 0.6535146984375 0.6566362781249999 0.642634946875 0.663899159375 0.6335659828125 0.66805649375 0.6237467890625 0.6747387390624999 0.605383628125 0.674247353125 0.595362559375 0.6789848046875 0.5808186859375 0.681318246875 0.56782421875 0.6829247281249999 0.5547404890625 0.686648271875 0.540441040625 0.6897662718750001 0.5330766437500001 0.69246968125 0.5230789312499999 0.696059353125 0.5098697921875 0.699712846875 0.49814415468749995 0.6981883546875001 0.48652057187500003 0.69711685 0.48122418125 0.6890626671875 0.4747015109375 0.6847325453125 0.46789826718749994 0.6789614687500001 0.46682075 0.6737326312499999 0.47134355625 0.6634596796875 0.4748781046875 0.6551636921874999 0.48234455625 0.6455476531250001 0.4885421765625