3 0.4715953546875 0.440297184375 0.4760812796875 0.43491768906250006 0.4775982265625 0.41949119687499997 0.476212878125 0.41811521875 0.47396207031250004 0.41515779531249997 0.4711395171875 0.414910853125 0.46576111249999996 0.41519316875 0.46136234375 0.41957647031249995 0.45917690312500004 0.41587189999999996 0.455344646875 0.4137799359375 0.44762522968749996 0.41787271875 0.44344435000000004 0.419765534375 0.4406217984375 0.4195185921875 0.4363537625 0.42240760312500003 0.4346062828125 0.42325853750000003 0.4311684109375 0.4262201765625 0.429213503125 0.43709116249999996 0.43219075937499996 0.44513124375 0.43807772343750007 0.4524220703125 0.4547245453125 0.45337656718749997 0.45547583124999996 0.4524384765625 0.460005334375 0.4465608828125 0.46467080000000005 0.44295377968749994 0.4715953546875 0.440297184375
3 0.6469940375000001 0.4491177515625 0.6449175390625 0.44416793749999994 0.6412595953125 0.44008358437500006 0.6421281046875 0.4358933359375 0.6423843406249999 0.42913996875000004 0.6418269734375001 0.4183001421875 0.6418435296875 0.4142863125 0.6387625609375001 0.41125625781249997 0.636048953125 0.4097640734375 0.6331911031249999 0.4080083140625 0.6316231640625001 0.410631640625 0.6296577953125 0.41397306250000004 0.6257165953125 0.41312634218750005 0.6207439 0.4106836484375 0.61568405 0.4092371484375 0.61079023125 0.407805175 0.608209540625 0.414355178125 0.6054981171875 0.4223994734375 0.603341878125 0.431747115625 0.6043215140625 0.43584810156250003 0.6125028640625 0.44559825625 0.619162903125 0.45170194218750004 0.62945081875 0.464145946875 0.6351177109374999 0.46439078125 0.642156440625 0.464253725 0.6461359890625 0.460837565625 0.6477039265625 0.4582142375 0.6469940375000001 0.4491177515625
3 0.46181072968750003 0.3360476984375 0.45614906718750003 0.3395676453125 0.4484701796875 0.348934028125 0.444199096875 0.3575947359375 0.44295189687500003 0.368025728125 0.4424559828125 0.3775186296875 0.44402305468750003 0.390203478125 0.44715806562499993 0.400265 0.4513276171875 0.4061507984375 0.4567713890625 0.4051213359375 0.46059013593750003 0.40545543281249996 0.462228671875 0.4058497421875 0.46452305781250003 0.40830906875000006 0.4669616859375 0.41103197031249994 0.4704919453125 0.41083891875 0.472947134375 0.40954799062499997 0.47459395000000004 0.40793538281249997 0.47593571875 0.4098094578125 0.4788589359375 0.4108180703125 0.48173857499999995 0.41232478125 0.484670071875 0.41132647968749997 0.48774581093749997 0.41059175156250005 0.49004847656250006 0.4110441640625 0.4932248828125 0.4110711078125 0.495448671875 0.41051279999999996 0.4986115671875 0.408781878125 0.501638496875 0.40478046562500003 0.5030621921875 0.4018935625 0.5113271984375001 0.3762663859375 0.5109637484375 0.3536486421875 0.5077964875000001 0.33630660625000003 0.5046231296875 0.3305079640625 0.4948572828125 0.32739496875 0.486735203125 0.3284410625 0.47953044218749996 0.32856359375 0.4708666859375 0.3300642078125 0.46181072968750003 0.3360476984375
3 0.5240977734375 0.431088028125 0.5232270812500001 0.42574179843750004 0.5222287031249999 0.4161181640625 0.5208629625000001 0.4049566578125 0.5195159625 0.39931780156249996 0.5166228125 0.396053225 0.5142630593749999 0.39434104375 0.5102129140625 0.3947395671875 0.5062115765625 0.39840477343749997 0.50416733125 0.400735475 0.5011539093749999 0.40649475468749996 0.49735390468749996 0.41168330624999994 0.49270499531249995 0.41127657968750003 0.4877022328125 0.4110898484375 0.48242449374999996 0.41213383593749997 0.47995579531250004 0.4116668984375 0.476369765625 0.43544483749999996 0.48337233125 0.44910714062499996 0.48975739375 0.45644154531250003 0.5082305734375 0.457555828125 0.510361975 0.45422893281250004 0.515773496875 0.44591895625 0.522513278125 0.4377251875 0.5240977734375 0.431088028125
3 0.4145355109375 0.3715625359375 0.409943690625 0.372415578125 0.4065058171875 0.3753772171875 0.4029942984375 0.38109291875 0.401007140625 0.3846833890625 0.399754709375 0.39134959999999996 0.4010664109375 0.3954796375 0.4027537546875 0.39914063125 0.4018769671875 0.40533779531249997 0.4000392828125 0.4129566234375 0.398751553125 0.41811401562499995 0.3975945578125 0.42177711562500003 0.3961325140625 0.428926896875 0.392765240625 0.4349061734375 0.38981718593750003 0.43991830624999995 0.387685784375 0.44324520156249997 0.3888096640625 0.44760976250000006 0.39128359218750003 0.4518414828125 0.39333307031250003 0.4532755640625 0.396740875 0.45256988906249995 0.399563425 0.45281682968750003 0.40188788124999997 0.45302019375 0.40783802812500003 0.45002739375 0.411039271875 0.44403359218749994 0.4145943671875 0.43781979375 0.4193822890625 0.4347253140625 0.4246953265625 0.43519014375 0.4276756328125 0.4374585265625 0.42906925781250005 0.4368275890625 0.43015565625 0.43014685156250004 0.4309588 0.4267037484375 0.4340646078125 0.4237130578125 0.43444329843749996 0.41747231406249996 0.4306990640625 0.39907597968749997 0.4262523515625 0.38488441875 0.4236341796875 0.380389125 0.41838955625 0.37340545 0.4145355109375 0.3715625359375
3 0.5517964421875 0.460614484375 0.55821461875 0.4599212265625 0.564085890625 0.45591770625 0.5688467937499999 0.44930749375 0.5728999875 0.4431372734375 0.575992284375 0.4383887140625 0.578178590625 0.4267851078125 0.57179048125 0.4252224015625 0.5696756374999999 0.4245354671875 0.5661235890625 0.42497756718749996 0.56379085625 0.42678112031250004 0.5583688718750001 0.42756153281250003 0.5522256734375001 0.427024071875 0.5506825703125 0.42362665312500003 0.533529371875 0.42463549218749996 0.5299938828124999 0.42106376250000005 0.527375709375 0.41656846875 0.5258971109374999 0.42773208125 0.5280930140625 0.438966215625 0.5340941531250001 0.44877658125000003 0.5395836875 0.4567855015625 0.54430319375 0.4602098640625 0.5517964421875 0.460614484375
3 0.5662324953125 0.32811848125 0.5571930984375 0.33008814062499997 0.5499717765625001 0.3342245015625 0.5423229578125001 0.3413349203125 0.5371293265625 0.3471544109375 0.5319056265625 0.3552298640625 0.5286608046875 0.3617217640625 0.5257397703125 0.3702496296875 0.5246254859375 0.38872280937500003 0.5240040703125 0.403474784375 0.5255223328125 0.41289295 0.5295175734375 0.4207711359375 0.5338614374999999 0.4246645453125 0.5416078734374999 0.4240874953125 0.5488562140625 0.42346686875 0.5510146375 0.42365570625000004 0.55189360625 0.42699502031250003 0.55604441875 0.42735816875 0.5596971328125 0.42767774062499997 0.562274775 0.426899434375 0.564144709375 0.4265611234375 0.566145378125 0.42472851875 0.5698852484375 0.4240518953125 0.5709821093749999 0.4249007234375 0.572952709375 0.42532408281249995 0.575609228125 0.4255564984375 0.5777458609375 0.42599438437500003 0.5797164609375 0.4264177453125 0.5845043828125001 0.42332326406250004 0.5892299859375 0.41520423281249996 0.5924395062500001 0.407203515625 0.5954154468749999 0.3903989390625 0.5969210656249999 0.382751059375 0.5966521859375 0.3724383828125 0.5957627515625 0.3615695046875 0.590341634375 0.34704174062500004 0.582990446875 0.33736421562499996 0.576749628125 0.3302933859375 0.5722532421875 0.32814331874999997 0.5662324953125 0.32811848125
1 0.3939401125 0.4520738984375 0.39925315 0.45253872968750003 0.4068065359375 0.4484314203125 0.412174478125 0.44061954062500003 0.419377059375 0.43096053124999995 0.4255834421875 0.42121436718750005 0.423899146875 0.41178167656250003 0.4189700296875 0.408840884375 0.409911890625 0.4052878953125 0.40409029375000005 0.3972499234375 0.399206071875 0.41865569062499997 0.3963203359375 0.42869237499999996 0.3883281234375 0.44355235468750004 0.39147969374999997 0.44960004531250003 0.3939401125 0.4520738984375
0 0.644342296875 0.4124972859375 0.6487245078125 0.4121278140625 0.65347408125 0.41329621406249994 0.6574993890624999 0.4189184359375 0.6595758859374999 0.42386825000000006 0.6629318343749999 0.4256675875 0.6657927328125 0.42165165 0.66892033125 0.41841190937499995 0.6706325125 0.41605215624999997 0.6707715234375 0.41255094843749995 0.6733439359375 0.40800786093749997 0.672661065625 0.40242710937500004 0.66946591875 0.396877515625 0.665538228125 0.3977886625 0.663366296875 0.3958419578125 0.662255925 0.3932352640625 0.6604596359375 0.39081951406250004 0.657182565625 0.39003089687500003 0.649384271875 0.393112959375 0.6412020546874999 0.3986709828125 0.6379302140625 0.4016471484375 0.6367950078125 0.4050612 0.639513846875 0.4103181671875 0.644342296875 0.4124972859375
3 0.4145355109375 0.3715625359375 0.409943690625 0.372415578125 0.4065058171875 0.3753772171875 0.4029942984375 0.38109291875 0.401007140625 0.3846833890625 0.399754709375 0.39134959999999996 0.4010664109375 0.3954796375 0.4027537546875 0.39914063125 0.4018769671875 0.40533779531249997 0.4000392828125 0.4129566234375 0.398751553125 0.41811401562499995 0.3975945578125 0.42177711562500003 0.3961325140625 0.428926896875 0.392765240625 0.4349061734375 0.38981718593750003 0.43991830624999995 0.387685784375 0.44324520156249997 0.3888096640625 0.44760976250000006 0.39128359218750003 0.4518414828125 0.39333307031250003 0.4532755640625 0.396740875 0.45256988906249995 0.399563425 0.45281682968750003 0.40188788124999997 0.45302019375 0.40783802812500003 0.45002739375 0.411039271875 0.44403359218749994 0.4145943671875 0.43781979375 0.4193822890625 0.4347253140625 0.4246953265625 0.43519014375 0.4276756328125 0.4374585265625 0.42906925781250005 0.4368275890625 0.43015565625 0.43014685156250004 0.4309588 0.4267037484375 0.4340646078125 0.4237130578125 0.43444329843749996 0.41747231406249996 0.4306990640625 0.39907597968749997 0.4262523515625 0.38488441875 0.4236341796875 0.380389125 0.41838955625 0.37340545 0.4145355109375 0.3715625359375
0 0.399544684375 0.44729418125000003 0.39975952656249997 0.4505753921875 0.401896159375 0.45101327812500003 0.40578855156250004 0.44859331406249997 0.408007109375 0.4442702234375 0.41220454687499997 0.43836357656249997 0.41255317031249994 0.4343787984375 0.41143756875 0.428007321875 0.41120921718750003 0.42296824375000003 0.41001473906249997 0.415586046875 0.41042045156249995 0.4128610375 0.4135885765625 0.41489489687500003 0.414693715625 0.413736809375 0.41659372031249997 0.411142534375 0.41402435625 0.40991392343750005 0.4108126515625 0.4083781609375 0.40742140468750004 0.40507000625 0.40504814062500005 0.4015999578125 0.403257084375 0.402948990625 0.3987567828125 0.421878796875 0.4003652515625 0.4245290703125 0.40237115 0.4264612484375 0.40140720625000004 0.4336546078125 0.40128693593750003 0.4426784640625 0.399544684375 0.44729418125000003
1 0.6451397953125 0.460750409375 0.647039796875 0.45815613437499997 0.6469286703125 0.44986489843750005 0.6448739625 0.4446660359375 0.6412595953125 0.44008358437500006 0.64166530625 0.437358575 0.6411101203125 0.436055228125 0.6347895593749999 0.4432818546875 0.6287792765625 0.45078658125000004 0.6287108609375001 0.45730542500000004 0.63194130625 0.4643638359375 0.641391646875 0.4634339484375 0.6451397953125 0.460750409375
0 0.6283055640625 0.40456942500000004 0.629358846875 0.40591635000000004 0.6326088984375 0.4031892328125 0.6341062390625 0.39754826875 0.6358702765625 0.392683503125 0.63493421875 0.38808441875 0.6338321265625 0.383470809375 0.6309036781249999 0.3786974140625 0.6284214718750001 0.376472609375 0.62123021875 0.37835300625 0.6165699828125 0.3857248921875 0.6152739734375 0.3928892 0.6180934765625 0.3989078390625 0.6211008015624999 0.4046919546875 0.6251727359375 0.40404438281250005 0.6283055640625 0.40456942500000004
0 0.6327091499999999 0.4594119140625 0.635322090625 0.4601424265625 0.6371702375 0.4600531640625 0.6397478796875 0.45927485937499996 0.64216776875 0.4564751125 0.644609446875 0.4534263171875 0.6456792859375 0.4507594109375 0.6449663484375 0.447434621875 0.6440438 0.44459340625 0.6429469390625 0.443744578125 0.640652553125 0.44128524999999996 0.638110209375 0.4435723734375 0.6347947921875 0.4470466359375 0.6316236156249999 0.45078447343750006 0.63038774375 0.45343685312500004 0.630746828125 0.4569816390625 0.6327091499999999 0.4594119140625