3 0.69130111875 0.4959648671875 0.6832213968749999 0.498010515625 0.6754724234375 0.5032189140625001 0.6702408328125 0.50481240625 0.6648507171875 0.50817493125 0.659962175 0.513283440625 0.6576525234374999 0.5165383953125 0.655233553125 0.5229714640625 0.6532300453125 0.5286846265625 0.6518251296875001 0.5326133859375 0.656848096875 0.6386006421875 0.66317338125 0.7187953296875 0.665485821875 0.728237475 0.6786536984375 0.7394167375 0.6855158171875 0.7592810015625 0.6946738890625 0.769189490625 0.7072786843750001 0.7768614171875 0.7240258125000001 0.7769819953125 0.7347828359374999 0.7759009515625 0.7439504218749999 0.7734646140625 0.7547661640625 0.7614478234375001 0.7618768515625 0.7442699187499999 0.7663102359375 0.7261274078125 0.7715868484375 0.7068973515625 0.7697114359375 0.6279580703125001 0.766774153125 0.55646256875 0.7632262296875 0.54318386875 0.7577718171875001 0.5320879453125 0.7474042578125 0.5253959906250001 0.7269260796875 0.513061209375 0.7047368406250001 0.502196978125 0.69130111875 0.4959648671875
3 0.46048249218750004 0.2641893171875 0.45042247187499995 0.2663041203125 0.44082712187500006 0.2691080953125 0.43277340000000003 0.278206834375 0.42796006093749994 0.291777515625 0.423332640625 0.3169808 0.41687811874999997 0.3718746765625 0.4159478859375 0.47771712343750006 0.41951508593750003 0.5230908390625 0.44353700468749996 0.5296586703124999 0.4736091390625 0.5328409265625 0.5069557734375 0.5288548390625001 0.5274543734375 0.5228485140625 0.53707293125 0.514400528125 0.5419969828125 0.5040002796875 0.545833171875 0.49399072187500004 0.5496447546875001 0.483276621875 0.5521238390625001 0.47225635468749994 0.5499515421875001 0.3217293671875 0.5385411421875 0.297791534375 0.5223761203125 0.2764886390625 0.508718971875 0.2639156609375 0.49336445781249993 0.2595140546875 0.47466163593750005 0.260167171875 0.46048249218750004 0.2641893171875
3 0.8002878250000001 0.3112239328125 0.7934217718750001 0.3290986921875 0.7912242296875001 0.341872628125 0.790695765625 0.44029434843750004 0.7868978765625 0.45770926718749994 0.799028490625 0.4770368484375 0.8043106828125 0.4832009890625 0.8125626234375 0.4860871234375 0.8197499109375 0.4837199390625 0.8267076531249999 0.49370526562499994 0.8388340828124999 0.49398720156250003 0.8446656593749999 0.49695785781249996 0.858807896875 0.4918789 0.8710176484375 0.48192962968749997 0.87567385625 0.476476534375 0.8725573796875 0.3683065015625 0.865842628125 0.29588481093749996 0.85313384375 0.26000052500000004 0.8494779937500001 0.2562484921875 0.8401750921875 0.25480985624999997 0.8291748265625 0.26154259375 0.8166357234375001 0.2746776625 0.8092311921875 0.2897496296875 0.8002878250000001 0.3112239328125
3 0.408604221875 0.6585559062499999 0.4142993375 0.7080877109375 0.4275739953125 0.7601764296875 0.4339099359375 0.77759016875 0.44428840156250005 0.77828584375 0.4560225765625 0.773643678125 0.4682569296875 0.7643989484375 0.47844947812500005 0.7534620203125 0.4853046234375 0.7415835390625001 0.4876237859375 0.7259837578125 0.4922047890625 0.712068490625 0.48157725312500005 0.6348456390624999 0.46707104531250004 0.541181340625 0.4689884421875 0.5330022859375 0.43269386875000004 0.5282738218749999 0.4202366921875 0.5248291390625 0.41605606249999993 0.5249751296875 0.3994565546875 0.5290817953125 0.39784669687499996 0.5460676078125 0.408604221875 0.6585559062499999
3 0.3782415359375 0.7795341515625 0.3900126140625 0.7759487968750001 0.397724684375 0.7696835875 0.40536294375 0.7613047578125001 0.4119734515625 0.7487294171875 0.4163358171875 0.7411703843749999 0.4203319234375 0.7357403375 0.4130392515625 0.7035466140625 0.4078826140625 0.65681760625 0.3984849828125 0.5580371140625 0.3974161421875 0.533738146875 0.39866253125 0.5315784234375001 0.3986256265625 0.5305216125000001 0.355217578125 0.530273953125 0.35406173281250003 0.6107298890624999 0.353934784375 0.6449462109375 0.3566970546875 0.6988128312499999 0.363000275 0.734215403125 0.372862325 0.7769003999999999 0.3782415359375 0.7795341515625
3 0.858670040625 0.5320915 0.851638490625 0.5199925515625 0.8467116484374999 0.5176957015625 0.8397799062500001 0.5147634640625001 0.8312341203125 0.5097713921875 0.8174075390625 0.5049637296875 0.8098772046875 0.50381589375 0.806772134375 0.503218925 0.8029468546875 0.50723220625 0.7981922359375 0.509867140625 0.7751544406249999 0.5314809312500001 0.774409625 0.5353866390625 0.76650351875 0.548712621875 0.7675586640625001 0.5663107671875001 0.7703689953125 0.6720225921874999 0.7771628828125 0.7151674296875 0.7859423984375 0.7268526375000001 0.8005890000000001 0.7362167625 0.8350833625 0.6704681156250001 0.8562295078125001 0.6073017984375 0.8664833125 0.5413415515625 0.863756803125 0.5389678640625 0.858670040625 0.5320915
3 0.4687329 0.538301709375 0.470668175 0.5558691203125 0.488775696875 0.683266846875 0.4986173296875 0.7442929484375 0.5047838375 0.7694719984375 0.5111074765625 0.786533465625 0.52119349375 0.791471753125 0.5315227546875 0.790758346875 0.5421922718750001 0.7808628625 0.5506983640625001 0.7721010265625 0.5610617375 0.759747334375 0.5663629546875 0.7412218187499999 0.5704437765625 0.7319091156249999 0.5742553625 0.7211950171875 0.5709887296875 0.6528853140625 0.5620901328125 0.599938378125 0.5531423296875 0.5455823609375 0.5527732828125 0.5350142531250001 0.5549722203125 0.5285888671875 0.5390806218749999 0.5277330140625 0.5319657515625 0.525865271875 0.520096259375 0.5266324640625 0.48216583125 0.5318367203125 0.47183657187500005 0.532550128125 0.4687329 0.538301709375
3 0.5628920203125001 0.521963703125 0.5611071515625 0.5213206328125 0.5560477828125 0.5278459078125 0.55333496875 0.532173040625 0.5529715015625001 0.5469991265624999 0.5745858578124999 0.66757309375 0.5834844546875 0.7205200281249999 0.588539890625 0.751733778125 0.5938631703125 0.7780003765625 0.60128558125 0.7886748765625 0.6134612171875 0.7903658921875001 0.6225426921875 0.7854636625 0.6329921765625001 0.7755758625 0.6405552328125 0.758734859375 0.650732690625 0.7347485640625 0.65980046875 0.7231455125 0.6593766359375001 0.685774128125 0.6532453874999999 0.598518665625 0.651191028125 0.539689528125 0.650737265625 0.533004075 0.6453088515625 0.5289612406249999 0.6424347218750001 0.5223603109375 0.636163078125 0.519405021875 0.6260169484375 0.5190539328125 0.6000530296875 0.5199606125 0.5870710703124999 0.5204139515625 0.5628920203125001 0.521963703125
3 0.7162703984375 0.25208270625 0.703694390625 0.2641609671875 0.6954958375 0.2817295609375 0.6873464921875 0.3007072359375 0.6780368671875 0.32431052656250003 0.6720864578125 0.33686281406249996 0.6684708046875001 0.46043403281249995 0.673486546875 0.477893871875 0.6898948078125 0.4935450765625 0.700042334375 0.5002447140624999 0.721253028125 0.50832151875 0.7310206 0.5104493265625 0.7422901046875 0.5051179890624999 0.751359278125 0.4998634875 0.7612839796875 0.4938737125 0.7666973046875001 0.4848671765625 0.7755341421875 0.4792680890625 0.78259701875 0.467029653125 0.787068703125 0.45629250312499997 0.790549540625 0.44241565468750005 0.790210175 0.3443769390625 0.78809176875 0.3278740203125 0.7842486078124999 0.3061408359375 0.7740107875 0.27792965937499997 0.76198949375 0.255423959375 0.7502757375 0.2417250171875 0.7328083984375 0.24621468906250002 0.7162703984375 0.25208270625
3 0.5958521203125 0.260872903125 0.5841917546875 0.267628690625 0.5719574015625 0.2768734203125 0.562558875 0.28531372187500004 0.5526288453125 0.3226939734375 0.5539579140625001 0.47430850625 0.5568471328125 0.49395880468750003 0.5613845093750001 0.504028653125 0.5701257234375 0.5083085031250001 0.5886577203125001 0.50907215 0.59517260625 0.5063757453125 0.6009549765625 0.5079373203124999 0.6326151546875 0.5061263234375 0.6424551421875 0.5040192046875 0.6503380375 0.4963372296875 0.6550065468749999 0.491236403125 0.6595028328125 0.48120379375000005 0.662018821875 0.47124033593750003 0.6649379718749999 0.4602047015625 0.6679569296875 0.4583357765625 0.6705462265625 0.3369166 0.6564079203125 0.3042565328125 0.64458205625 0.281038609375 0.6353993796874999 0.27042557968750003 0.62583814375 0.26158926718750003 0.6124516296875 0.2567662375 0.5958521203125 0.260872903125
3 0.3368593390625 0.2632158328125 0.3292990734375 0.29275393437499997 0.3254564140625 0.3845900890625 0.3226004171875 0.46052029687499996 0.3267799046875 0.510810428125 0.32843224531250004 0.5202756234375 0.36114617187500003 0.5297142234375001 0.3922200609375 0.5300399 0.412156971875 0.5268747874999999 0.41790104375 0.5210310015624999 0.415213978125 0.475626553125 0.417109059375 0.3658707140625 0.42170629843749996 0.31456869374999996 0.40590892968750003 0.2974853546875 0.388863775 0.27621319375 0.37498659375 0.2636479 0.3561361515625 0.2600737734375 0.3481288453125 0.2578844953125 0.3368593390625 0.2632158328125