3 0.739309253125 0.6501694078125 0.7545360999999999 0.654535090625 0.766282784375 0.6511685125 0.7703467921875 0.6388526859375 0.77363096875 0.624777765625 0.764415659375 0.56975916875 0.764662225 0.5459992890625001 0.7620560937499999 0.527962528125 0.7528754109375 0.4763271359375 0.74794085625 0.45941220312500003 0.7381742359375 0.45154605625000005 0.7360674390625 0.44773800937499997 0.7328414390625 0.46218023593749996 0.7245395921875 0.47780292031249993 0.6890786062500001 0.484925471875 0.6926584671875 0.5502496640625 0.7030878734375 0.5670473406250001 0.7122124703125 0.5945942671875 0.717403278125 0.6099625296875 0.7253408125 0.633179215625 0.739309253125 0.6501694078125
3 0.383094034375 0.7080944375 0.3917560140625 0.7010747 0.39839431406250003 0.6717842171874999 0.3973499390625 0.63354448125 0.4019500015625 0.6151194140625 0.41141605937500003 0.598935815625 0.39661309375 0.5402839640625 0.373748578125 0.5446583890625 0.366949615625 0.5476178453125 0.3545747703125 0.5454360968749999 0.340257975 0.5183350109375 0.3349487265625 0.52595329375 0.331548896875 0.5313865468750001 0.3027234265625 0.5408468265625 0.29707689843749996 0.5447533171875001 0.306804015625 0.604585625 0.33988390625 0.66787311875 0.3513140734375 0.6894070640625001 0.3595902828125 0.7005214359374999 0.3713244953125 0.7065698609375 0.383094034375 0.7080944375
3 0.5767103812500001 0.6552138796875 0.584790603125 0.6445210718750001 0.589310334375 0.6129304890625 0.592584825 0.5766423609375 0.5944132140625 0.5691988718750001 0.5902038015625 0.5141404609375 0.5418554703125 0.52217460625 0.53243720625 0.524419353125 0.5238223234375 0.525407296875 0.5128215421875 0.51924270625 0.49688620625 0.496163184375 0.49424335625 0.498464375 0.5071465890625 0.5815144640625001 0.5352572984374999 0.6245038187499999 0.5439518156250001 0.6445884421875 0.5563723625 0.6565525 0.5655108249999999 0.6588703203125 0.5767103812500001 0.6552138796875
3 0.665551234375 0.6132803124999999 0.677786875 0.6098362921875 0.682282359375 0.5891686625 0.68668434375 0.572657571875 0.6916341578125 0.5485292921875 0.688275225 0.486182278125 0.6594276 0.48284435156249994 0.6541190484375 0.48255558125000003 0.640197009375 0.467440646875 0.639625634375 0.47807373281250004 0.6374357171875 0.49272838124999996 0.590937234375 0.514024296875 0.5990575859375 0.5763702187499999 0.6169729875 0.58821701875 0.62768219375 0.6004521265625 0.6344569124999999 0.608415621875 0.6530482640625 0.6118718984375 0.665551234375 0.6132803124999999
3 0.5413188625 0.2703670078125 0.5275581828125 0.2736760484375 0.5186399515625 0.2822424578125 0.512503771875 0.29413344375 0.505063484375 0.308866628125 0.5021519109375 0.32212949218750003 0.49638694218749996 0.3490225265625 0.4925902625 0.3661907875 0.49062057968749995 0.391729665625 0.49054853906250007 0.4165914671875 0.48573932343750004 0.4305314078125 0.49568736874999997 0.49334089218750005 0.5033464953125 0.50530604375 0.5124025375000001 0.5181795078125 0.5212147984375 0.523184640625 0.5276176109375 0.5240531390625 0.5344512015625 0.5244768890625 0.5940690390625 0.5116456625 0.617155178125 0.5023413624999999 0.629961496875 0.4961713078125 0.635712603125 0.49450737968749997 0.6389503765625 0.478557203125 0.6383243078125 0.4492877203125 0.626281240625 0.3811622390625 0.6171801921875 0.3505994125 0.600186615625 0.3145092609375 0.5835995734375 0.2888973125 0.5719242312499999 0.2753091421875 0.5583623249999999 0.2687971515625 0.5413188625 0.2703670078125
3 0.46662424687500004 0.6895932578124999 0.478720684375 0.6805234703124999 0.486498253125 0.6695020765625 0.48947009062499997 0.6328853624999999 0.49410547656250003 0.609936446875 0.5008358828125 0.592303528125 0.5048881171875 0.58149565 0.492450290625 0.501384015625 0.48674419375 0.5207373046875 0.4814113984375 0.5313714843749999 0.4769990328125 0.53357641875 0.39769558125 0.542371640625 0.41171871250000003 0.5992644015625 0.4263028390625 0.63121791875 0.4390357234375 0.665723771875 0.4474975375 0.6843391671875 0.456856928125 0.689634165625 0.46662424687500004 0.6895932578124999
3 0.723189846875 0.3379508640625 0.7197886234374999 0.359198225 0.7367690312499999 0.4126104296875 0.7365681687500001 0.4461526171875 0.740118278125 0.452744234375 0.75184071875 0.46030060781250004 0.7658223265624999 0.4599687453125 0.78207418125 0.45814774687500004 0.7933783125 0.45673386875000005 0.797674328125 0.45379432187499996 0.800295021875 0.4386949234375 0.8004965828125 0.39724568125 0.79601635625 0.3768701 0.7920479375 0.36130823125 0.766153478125 0.2690201203125 0.760844928125 0.2687313484375 0.749808125 0.2749976578125 0.742543059375 0.28292571093749996 0.73354240625 0.3020477640625 0.7291293421875 0.3121597515625 0.723189846875 0.3379508640625
3 0.2253454171875 0.36559481250000003 0.22183961718749998 0.3845996078125 0.22003408124999999 0.39693425000000004 0.218378128125 0.42920081718749997 0.2161064875 0.44650405937500004 0.2171882765625 0.4564987875 0.2241111859375 0.5002083140625 0.23165256875 0.5272529546875 0.2426408796875 0.5428325468749999 0.25429336875 0.5515295625000001 0.26924111093750003 0.5525507609375 0.2910349171875 0.544580709375 0.317601915625 0.535101615625 0.33187509843749996 0.528699234375 0.33905913593750003 0.515512721875 0.330330690625 0.48413783749999995 0.3239431390625 0.4422261265625 0.3190660640625 0.433585553125 0.3005702984375 0.402251578125 0.283552478125 0.377084378125 0.2699448640625 0.3607900796875 0.2553468734375 0.35406567031249997 0.2368483234375 0.3543599046875 0.2253454171875 0.36559481250000003
3 0.139161278125 0.37999808125 0.1353652953125 0.3892592890625 0.144629096875 0.422431984375 0.14630372187500001 0.4424988890625 0.1479201703125 0.462198484375 0.149967396875 0.48145333125 0.157647984375 0.5141237390625 0.1692976859375 0.5544489671874999 0.1740348609375 0.565370825 0.1803787984375 0.5737790703125001 0.1871306640625 0.5768514109375 0.1946395109375 0.5767916890625 0.19935453125 0.5749153406249999 0.20631694218750002 0.566658703125 0.21418731562499999 0.5593878218749999 0.2205679703125 0.5474581140625 0.225702690625 0.5387379125 0.2309773125 0.5277364265625 0.22382030625 0.498371778125 0.21851454375 0.466454796875 0.21649016875 0.45209110468749997 0.213649940625 0.4483992203125 0.2040232203125 0.43825179218750004 0.188984765625 0.40975892187499996 0.17443456875000002 0.3890956625 0.159860125 0.379355353125 0.148463190625 0.37701871875 0.139161278125 0.37999808125
3 0.3823144140625 0.3075995125 0.3677039515625 0.310290103125 0.34913475312500003 0.319632034375 0.340810053125 0.3303635625 0.334580375 0.34641109062500003 0.3289089046875 0.36914758281250004 0.3264384921875 0.396271853125 0.32393415000000003 0.41210586562499996 0.32259401875 0.4273789640625 0.323850334375 0.4384756140625 0.3305987171875 0.48108321875 0.3361496546875 0.5050544265625 0.34344725625 0.5242307375 0.35555268125 0.5452812109375 0.366402484375 0.54732798125 0.38023311406250004 0.5428782984375 0.391595421875 0.5418317265625 0.399360521875 0.5402253359375 0.4081617046875 0.538831365625 0.4233656984375 0.53830589375 0.42690473281249997 0.538498409375 0.433133015625 0.5382649875000001 0.4441227203125 0.5380304734375 0.4560903359375 0.537641075 0.47467060937500005 0.5346982484375 0.482028478125 0.5305207078125 0.486511490625 0.519268078125 0.49050554999999996 0.508092890625 0.49242743750000006 0.49649286249999997 0.49404597812500006 0.49247129999999995 0.48606482812499996 0.4357511484375 0.4811178046875 0.428251215625 0.4627972640625 0.390112109375 0.4462801703125 0.36335951718750004 0.42577041250000003 0.33196800625 0.4082629375 0.3147853015625 0.395562590625 0.3073838140625 0.3823144140625 0.3075995125
3 0.29075086250000004 0.7294975390625 0.29751659375 0.7073407734375 0.3030959578125 0.6729467140625001 0.30581224218749997 0.62996961875 0.305209721875 0.5976842359375001 0.2982757359375 0.547575609375 0.28197748125 0.5475213515624999 0.2652713 0.5528029984375 0.2509406375 0.5509310203125 0.23139631718749998 0.5287996265625 0.2194030640625 0.55592608125 0.2344477171875 0.646167421875 0.24433898125 0.6927954953125 0.25284649843749996 0.7211932015625 0.2628569015625 0.7369276765625 0.27240259375 0.7418166453125 0.29075086250000004 0.7294975390625
3 0.6848824328124999 0.2796330625 0.6684678265625 0.2788441921875 0.6525061546875001 0.29040877656249997 0.6434244734375001 0.30427236875 0.6372183453125 0.317303996875 0.6330026609375 0.333409059375 0.631464453125 0.35059613437500003 0.62982166875 0.365540646875 0.627585353125 0.378320040625 0.6271074765625 0.3847965859375 0.6389067625 0.4450537375 0.6387419203125 0.466165025 0.656621996875 0.48253567343750003 0.6789622343749999 0.48276253750000003 0.6971463578125 0.48364766562500006 0.7163437140625 0.47985406093750005 0.7236898078125 0.4771844703125 0.72825385 0.47119030312500004 0.733109465625 0.4591256171875 0.7359393140625 0.44851134375 0.7371173890625 0.4227213234375 0.7367690312499999 0.4126104296875 0.7295649281250001 0.389277578125 0.7170882953125 0.35322505625 0.707113215625 0.3329667328125 0.700409146875 0.315955540625 0.6951019890625 0.2998526640625 0.6908073671875 0.2869781078125 0.6848824328124999 0.2796330625