0 0.5430670937500001 0.44729450625 0.5436594921875 0.44300025937500004 0.5445268765625 0.44161215625 0.54628358125 0.4415035515625 0.5474617875 0.439746725 0.5482567671874999 0.43718748749999997 0.549673396875 0.4338908015625 0.5490875859375 0.43135337968750004 0.5470127453125 0.43094150625000005 0.545082709375 0.43287190468750003 0.54271166875 0.434607153125 0.5418369734375 0.4351060578125 0.5386343874999999 0.43495454375 0.5366246359375 0.43482460468750006 0.535771878125 0.43799110781249995 0.5366107359375001 0.44076707343750005 0.5386855781250001 0.44117894843750005 0.54009561875 0.4447139328125 0.5413103890625 0.44740311093749996 0.5430670937500001 0.44729450625
3 0.3614953140625 0.5114858796874999 0.366888296875 0.5108347390625 0.372331740625 0.50868713125 0.3763870828125 0.505672140625 0.37990708125 0.49862326250000005 0.3830292234375 0.4889935671875 0.37809701093750003 0.46934485 0.3761443109375 0.4608867765625 0.3742925390625 0.449435771875 0.362110434375 0.4412606015625 0.35407801562499996 0.4339091796875 0.3478893265625 0.4293986890625 0.3375663078125 0.43356372500000007 0.3370177875 0.4431931765625 0.344914890625 0.47225413749999995 0.3493622234375 0.486372503125 0.35609429375 0.50352695 0.3594709359375 0.5095775406249999 0.3614953140625 0.5114858796874999
3 0.6418264515625001 0.52605545625 0.640060984375 0.50983311875 0.636683615625 0.496061659375 0.6311158531250001 0.48309285468749996 0.62570020625 0.47335552343750004 0.62111610625 0.4655049578125 0.617942046875 0.46118937656250003 0.6122163031250001 0.4595416390625 0.6076694921875 0.46385794531249996 0.6031080546875 0.46639585156249996 0.5996597359375 0.4668949953125 0.5978818171875 0.47205686875 0.601366703125 0.47600372812499997 0.608909828125 0.507819078125 0.615720165625 0.5115921218749999 0.628286221875 0.528290575 0.63440981875 0.5325191296875 0.6392030890625 0.5352730343750001 0.642022446875 0.534622134375 0.6418264515625001 0.52605545625
3 0.5031506109375 0.562525740625 0.5103800125 0.5638263328125 0.5155850375 0.563218584375 0.51090586875 0.543808409375 0.508539965625 0.5232702484375 0.5062391515625 0.5030140234375 0.5067159953125 0.49993430625 0.5056672421874999 0.49453413125 0.5051969859375001 0.49078218125 0.504285725 0.4868350796875 0.5039961140625 0.48215053281250003 0.5032801234375001 0.4790492390625 0.5008725187499999 0.4763384859375 0.49127939062500003 0.47766234531249996 0.47990761875 0.47642720625 0.4764373609375 0.47425875 0.47451391093749995 0.46935747812499995 0.470053403125 0.468902453125 0.46786300625 0.46970510781249997 0.46381497656250004 0.4736093 0.47862111093750004 0.5566072656250001 0.49421496875 0.5598372890625 0.5031506109375 0.562525740625
3 0.569298484375 0.408275621875 0.5755690625 0.43800905781250005 0.58618314375 0.4539703109375 0.5943676828125 0.4645532046875 0.5976499828125 0.46676505625000003 0.6007947921875 0.4675238359375 0.605992503125 0.46602688593749997 0.6094839750000001 0.4631420765625 0.6116019671874999 0.46116828437499996 0.613199240625 0.45693900468750004 0.61280725 0.43980565 0.6109181890625 0.41618777187499995 0.6092829015625 0.40052930625 0.6060788640625 0.3849360515625 0.6021815015625 0.376629975 0.592566434375 0.3752862328125 0.5838626265625 0.377889590625 0.5813336062500001 0.3909459078125 0.5778567609375 0.39560911875000004 0.5735052203125 0.40077123437499995 0.569298484375 0.408275621875
3 0.4053032390625 0.49543276406250003 0.402043603125 0.503609384375 0.40072131562499996 0.51074480625 0.40274273125000004 0.55808916875 0.406386321875 0.55843583125 0.41634805156250004 0.5561359859375 0.43022835937500004 0.557088946875 0.43801431874999996 0.55737015625 0.4436676609375 0.5578467578125 0.4460533265625 0.5578899093749999 0.4427768875 0.5411255171875 0.4356601390625 0.5077269156249999 0.43126985624999997 0.485280415625 0.42741637343749994 0.48230954375 0.42501608125 0.480487990625 0.41751973124999997 0.4848913265625 0.41028374218749997 0.4904224046875 0.4068500484375 0.49269995 0.4053032390625 0.49543276406250003
3 0.609770625 0.51326264375 0.6021404687499999 0.4784977546875 0.599783328125 0.47429053593750004 0.59579235 0.46986659218750004 0.5922570031250001 0.4674161984375 0.5885914750000001 0.464401934375 0.5818462296875 0.460910825 0.5776965453125 0.46008707656250003 0.5769169171875 0.47214558906250004 0.574741146875 0.47472664531250003 0.57093885 0.477980178125 0.5599071546875 0.4799331203125 0.5619987984375 0.50528600625 0.5695770390625 0.5261056203125001 0.573445875 0.5385757640625 0.5784782921875 0.54751068125 0.5967606046875 0.5418050609375 0.6074741640625 0.539331640625 0.616192596875 0.5385066843749999 0.6152886484375 0.535448784375 0.609770625 0.51326264375
3 0.5288643000000001 0.39949584374999997 0.5282719015625 0.40379009374999997 0.5265517609375 0.40834470156249997 0.5244337671875 0.41031849375 0.522756778125 0.412487434375 0.527955940625 0.426432225 0.5328728046875 0.43658167187499997 0.5350493015625 0.4417214859375 0.5369581234374999 0.44484435468749994 0.5393006375 0.44727317343750006 0.5409564140625001 0.4501575 0.541802584375 0.4538226640625 0.541202875 0.45722771093750003 0.5451799515625 0.467594125 0.550450790625 0.4749891828125 0.5555622 0.478263565625 0.56128063125 0.479022103125 0.5702447984375 0.4775464875 0.574307453125 0.475420696875 0.57716265 0.4714949296875 0.57703101875 0.45548931875000004 0.5770376078125 0.4486576484375 0.5753811062499999 0.4380524515625 0.5695083796875 0.410899828125 0.5678014140625 0.4017910984375 0.5665069265625 0.3970415828125 0.564568853125 0.3903619109375 0.5607512046875 0.384116171875 0.5482085390625 0.3855270609375 0.541883084375 0.3872843703125 0.5321239359375001 0.391319225 0.5309457281250001 0.39307605 0.5295868765625 0.39576546874999996 0.5288643000000001 0.39949584374999997
3 0.44115773437500005 0.4663676921875 0.43692906093749995 0.47120447656250003 0.4338932203125 0.4760628390625 0.4308573796875 0.4809211984375 0.437960228125 0.5202622703124999 0.44598823593750003 0.5576079734375 0.4721727890625 0.5586899062499999 0.478122328125 0.5570193812500001 0.47186564999999997 0.5213434765625 0.46630302187500006 0.4861012609375 0.46431375781249995 0.473197184375 0.466301571875 0.47065952031249997 0.4685424328125 0.4683604 0.4670022109375 0.4642615421875 0.463727221875 0.4629388921875 0.459454671875 0.4624404734375 0.4539966015625 0.4628096796875 0.446225265625 0.46430687031250006 0.44115773437500005 0.4663676921875
1 0.37331830625 0.54468885 0.37734729843750003 0.5690005375 0.3833838671875 0.570279553125 0.389564515625 0.5661799703125 0.3898526765625 0.5554227765624999 0.37331830625 0.54468885
3 0.3924570609375 0.4981015734375 0.39611455 0.49250576874999996 0.3985499546875 0.483331584375 0.40213504218749996 0.47656464062500004 0.405279125 0.46960255 0.406565575 0.46574199375 0.409297903125 0.46214155625000003 0.41233374375 0.4572831953125 0.41410434843750005 0.45123212187500006 0.41548441406250003 0.443489434375 0.41732742187499994 0.438609496875 0.41833157187500003 0.4309535953125 0.41754976718750003 0.41984949531250004 0.40236107343749994 0.42008948906250004 0.395442496875 0.41842017499999995 0.3803262046875 0.41983130625 0.3702489203125 0.4233456828125 0.374357628125 0.4497177078125 0.3795867671875 0.474940171875 0.38353531875 0.489470653125 0.3873098140625 0.498102059375 0.3888931875 0.49981524843749997 0.3924570609375 0.4981015734375
0 0.382370228125 0.5538836421875 0.37934097499999997 0.5519103328125 0.377323909375 0.55089119375 0.3746705703125 0.5488310984375 0.3753938734375 0.55282159375 0.3794857796875 0.5542526062500001 0.3831439953125 0.5563776703125 0.38521883749999997 0.5567895453125 0.384835609375 0.5559871296875001 0.382370228125 0.5538836421875
1 0.3808798046875 0.46424794687500004 0.38127838281250004 0.4745496328125 0.3839763234375 0.489665803125 0.38679640625 0.4967357734375 0.388640140625 0.49957670624999995 0.39201605625 0.49790642500000004 0.3951169875 0.49333 0.397401 0.4886452125 0.400031675 0.48031683437500006 0.40590808593750005 0.46975430625000003 0.406999265625 0.46504794218749995 0.4123915203125 0.45667592968750004 0.4121816265625 0.454051721875 0.40842175625 0.44719871875 0.401994646875 0.4442280875 0.392987328125 0.44808936875 0.388751340625 0.4520369546875 0.3845299796875 0.457762940625 0.3808798046875 0.46424794687500004
0 0.3883615265625 0.458066209375 0.3893013125 0.45784924374999997 0.392792784375 0.45496443124999997 0.395098734375 0.452947246875 0.398835940625 0.449411778125 0.40197343593749996 0.44928135625000004 0.4036218984375 0.45127648281250005 0.404070215625 0.45236083125000004 0.4033330125 0.4543128078125 0.40412140625 0.4585852359375 0.405849584375 0.4626407 0.40822062499999995 0.46090545 0.4096950296875 0.45700150156249997 0.41010678437500003 0.453639846875 0.40610849375 0.44832670312499995 0.402761103125 0.44583291562499994 0.40050561562500003 0.44635363593750005 0.3965153625 0.4496505625 0.3932045359375 0.451602778125 0.3883615265625 0.458066209375
1 0.5416797171875001 0.45414799375000003 0.5424893234375 0.45336715468750005 0.5425105359375 0.4483138875 0.544425946875 0.4446050875 0.5477872374999999 0.4411564046875 0.5510980640625001 0.4392041875 0.55023726875 0.43376062187500003 0.5488850046875 0.429618371875 0.5481112359375 0.4271243421875 0.5447426328125 0.429683825 0.5403113765625001 0.43278560156249996 0.5365376078125 0.43187506718749996 0.533978609375 0.43365371093749994 0.5342682203125 0.4383382546875 0.535114390625 0.44200342187499997 0.5374642187500001 0.4453214390625 0.5395536859375001 0.447511715625 0.5412745515624999 0.450677978125 0.5416797171875001 0.45414799375000003
3 0.5231838234375 0.49494455468750004 0.5271616265625 0.5130318390624999 0.5282761953125 0.5264348187500001 0.5347639828124999 0.5596816640625 0.539853453125 0.5602884453125 0.5591333265625 0.5537585953125 0.570461221875 0.5496585296875 0.568963428125 0.5354531359375 0.565889571875 0.520423753125 0.561803528125 0.5044402 0.560378134375 0.4914059421875 0.5594010593750001 0.47945603593749997 0.5521570312499999 0.47637704375 0.5494459140625 0.47492421250000005 0.5455558671875 0.4675073375 0.5419766421875 0.45972174062500004 0.533706525 0.461631046875 0.53355513125 0.46612044375000006 0.5323842375 0.46876647031249996 0.5302735562499999 0.47162946406249995 0.5170587765625 0.47527426093749997 0.5231838234375 0.49494455468750004
3 0.4774495484375 0.47521291874999994 0.48449099375 0.476556903125 0.4922769546875 0.47683811406250004 0.50312800625 0.475817765625 0.5125982671875 0.47481923593750003 0.5193142625 0.4747535421875 0.525827675 0.4729528390625 0.5310180734375 0.47056668906250004 0.5329334828125 0.4668578890625 0.53322236875 0.46382156406249997 0.53307025 0.46059009062499995 0.533113403125 0.458204425 0.533279421875 0.45549342812500004 0.5298296515625001 0.4405508328125 0.5276458421875 0.43452181875000007 0.5268428234375 0.4284709875 0.526820884375 0.4258033859375 0.5259747140625 0.4221382203125 0.5239934875000001 0.4178442140625 0.5232124078125 0.41446098437499995 0.5215566328125 0.4115766578125 0.520963509375 0.4081500359375 0.5197414265625 0.40457165625 0.5192857953125001 0.40259810625 0.517376971875 0.3994752375 0.50581065625 0.4051151625 0.49780089843750003 0.40815221093750004 0.46772043593749996 0.41420594531250005 0.46834353437500004 0.42891024062499994 0.46986327031249997 0.44578323593749997 0.4706809140625 0.45361246875 0.4746945546875 0.4684248859375 0.47668309375 0.473608090625 0.4774495484375 0.47521291874999994
3 0.3872593484375 0.499598525 0.38550995781249997 0.500596328125 0.3820689515625 0.5019846734375 0.37943755 0.5025921796875 0.3768354 0.5067564890625 0.37390780156250003 0.5095111203125 0.37294680156250004 0.5147813546875 0.3721086703125 0.5197262609375 0.3707139796875 0.525690546875 0.3718790125 0.5375970609375 0.3728122125 0.5442117640624999 0.37461279375 0.5494383640625 0.375973096875 0.5621906859375 0.377159340625 0.5690439296875 0.3831308203125 0.5700410109375 0.3893765578125 0.5662233640625 0.3911683765625 0.5551190234375001 0.395114753125 0.5464868921875 0.399300275 0.5440357734375 0.40303016718749995 0.5396111046875001 0.40077177812500003 0.5092483421875 0.39845779062500003 0.5026554562500001 0.39603556093750003 0.4981663015625 0.39402580781249996 0.49803636406249996 0.390527025 0.5000319734375 0.388141359375 0.499988821875 0.3872593484375 0.499598525