3 0.2583914703125 0.7257082671874999 0.2482742609375 0.7352931765624999 0.2361505921875 0.7430649421875 0.2273728234375 0.7506801234375 0.2229785453125 0.7640231875 0.21977008437499998 0.78409135625 0.21586809843750002 0.8034150390624999 0.2141023890625 0.814127678125 0.2160504515625 0.8315530640625 0.2223581984375 0.85297698125 0.2310245640625 0.8670508124999999 0.2400165828125 0.8749998 0.2542100390625 0.88853244375 0.27809713125 0.8964553515624999 0.2921212515625 0.9026502671875001 0.30718835625 0.9051941781249999 0.3255061390625 0.900664096875 0.3398667015625 0.8816632234374999 0.359381090625 0.8647873015625 0.3675475390625 0.8425447421875001 0.36498815625000003 0.8104919765625 0.3623995734375 0.786245334375 0.35601501562500004 0.769168834375 0.3553533875 0.7558504875 0.3520869953125 0.7468919203125 0.34222941875 0.7356284546875 0.335741546875 0.7259377578125 0.3316572078125 0.7171234140625 0.32083345625000004 0.7051635375 0.3093902953125 0.6928794921875 0.30267199218749996 0.696231046875 0.2966764140625 0.69252096875 0.2964248734375 0.6990661328125001 0.2870330859375 0.696821671875 0.279944215625 0.69807163125 0.2699222296875 0.7145739484375 0.2583914703125 0.7257082671874999
0 0.052644625 0.27312603125 0.052946473437499995 0.265271834375 0.0481367125 0.2682868625 0.04974340625 0.2758045328125 0.052644625 0.27312603125
3 0.7777080203125 0 0.773188296875 0.002190134375 0.7664169875 0.011618459375 0.7582294296875001 0.0273639296875 0.75366311875 0.038137003125 0.751719984375 0.055815125 0.7523313046875 0.070442503125 0.7570561640625 0.086078103125 0.7596501390625 0.1007892734375 0.75792395 0.1292638265625 0.7563670984375 0.1650761046875 0.7518852218750001 0.201837534375 0.7548789640625 0.21084417812499998 0.76277499375 0.228520940625 0.790441878125 0.2578801234375 0.814408478125 0.2566878765625 0.8467157890625 0.27569430625 0.8686997312500001 0.27441826874999997 0.9042977078125001 0.2594736375 0.9252494531250001 0.2427776578125 0.9298925765625 0.2276571671875 0.9296545203125 0.2103636484375 0.9238444578125 0.1853848765625 0.8992328796875 0.100013375 0.8832319656250001 0.039560212500000004 0.8677520765625 0.021920528124999998 0.8403021359375 0.0033577734375000003 0.8320294984375 0 0.7777080203125 0
0 0.24858020937499997 0.5887542984375 0.2501657953125 0.589774878125 0.2516031515625 0.5899548218749999 0.2526937484375 0.5897625203125 0.25281816875 0.58887380625 0.25306701249999997 0.5870963796875001 0.2522993734375 0.585931571875 0.2511849734375 0.584394521875 0.2502929125 0.584118428125 0.24885555468749998 0.5839384859375001 0.2476405375 0.5850195015625 0.2468967046875 0.585584046875 0.24753992187499999 0.5876375671875 0.24858020937499997 0.5887542984375
0 0.40496505625 0.9845988921875 0.40687359843750004 0.984262365625 0.4068497921875 0.9825330140625 0.4066539546875 0.9782336703125001 0.40695310625000003 0.9751472109374999 0.40690549374999996 0.9716885078124999 0.407204646875 0.968602046875 0.40581759531249995 0.967113071875 0.40487253125 0.9729137484375 0.4042266171875 0.9756279640625 0.404695103125 0.97987923125 0.40300890312500004 0.9814767156249999 0.4028341734375 0.9836744625 0.40496505625 0.9845988921875
0 0.8885681453125001 0.069823190625 0.891283846875 0.0884133828125 0.892046090625 0.0991136640625 0.8952886765624999 0.1063428796875 0.8995293343749999 0.10169465312499999 0.8919113484375 0.0744343421875 0.8885681453125001 0.069823190625
3 0 0.3843095859375 0.00560478125 0.4049358265625 0.0188980875 0.4324955859375 0.0219129390625 0.44799931875 0.0297824671875 0.468714465625 0.036217334375 0.4844819328125 0.0468636578125 0.5034072921875 0.062319740624999995 0.519317625 0.0815479953125 0.5263284625 0.103680165625 0.5258930609375 0.12083593749999999 0.516367225 0.14719844375 0.4857155625 0.1543192109375 0.47189174375 0.16830381249999998 0.46032474843750004 0.1776268796875 0.45261341718750003 0.1836705359375 0.4151432171875 0.1811825703125 0.38827850937499997 0.1772491546875 0.3755370671875 0.1564488 0.343666965625 0.135820478125 0.3143668546875 0.1223313328125 0.282507753125 0.10834450312499999 0.25420350625 0.1006919234375 0.244284790625 0.0930869546875 0.23782477812499997 0.081934853125 0.236757484375 0.0725165640625 0.2375514078125 0.0610388078125 0.24260895625 0.0448200125 0.2606373265625 0.0330112078125 0.28135519375 0.023907785937500002 0.29509521875 0.012620473437499998 0.313987584375 0.0018757640624999998 0.3375515359375 0 0.3419769328125 0 0.3843095859375
0 0.8017254515625 0.5960996109375001 0.8033110375 0.5971201921875 0.8031390046875 0.5945502015625 0.8027684374999999 0.59244860625 0.8042561031250001 0.591319515625 0.8061143375 0.592292021875 0.80720493125 0.5920997203125 0.80676025 0.5895778046875 0.8058443843750001 0.5875723609375 0.8039623453125 0.5848705015625 0.8025725984375001 0.5881492640625 0.7997216875000001 0.58951873125 0.7977628375 0.591164290625 0.79751399375 0.59294171875 0.8000657531250001 0.5946587125 0.8017254515625 0.5960996109375001
0 0.8026314640625 0.5278980390625 0.8002517390625 0.5287510359375001 0.7983935046874999 0.52777853125 0.7967311078125 0.53110536875 0.7961593078125 0.534239903125 0.7974722437499999 0.535308559375 0.7994814031249999 0.5323539671875 0.8009452625 0.5294955234375001 0.8026314640625 0.5278980390625
1 0.24987157031249999 0.6279648484375 0.258098646875 0.629981290625 0.263519728125 0.6415936421875 0.2674796453125 0.651296696875 0.2722840125 0.6578171453125 0.27619362187499996 0.668829234375 0.2801351265625 0.667267465625 0.282295209375 0.6603857734374999 0.28411662031249996 0.638828628125 0.28372494531250003 0.6302299437500001 0.2819516125 0.6106068125 0.2826770328125 0.5987774421875 0.269788421875 0.6006166640624999 0.258138634375 0.6031042234374999 0.2518147046875 0.6102867265625 0.24320896875 0.6204718953125 0.24134803749999997 0.624267128125 0.24987157031249999 0.6279648484375
3 0.7637711953124999 0.3951994203125 0.7572406390624999 0.4171535265625 0.756586634375 0.43417095312500004 0.7640114796875 0.45236418437500003 0.763256859375 0.471999675 0.763944990625 0.4822796375 0.769834559375 0.49814325468750004 0.7751550234375 0.512373671875 0.7850152968749999 0.5188693984375 0.7983696984375 0.5260491796875 0.8376522453125 0.5256234171874999 0.85643581875 0.5301123390625 0.8741764078125 0.538252265625 0.882525209375 0.544147734375 0.8845819796875001 0.54465184375 0.8874593921875 0.5402439921875 0.8896194749999999 0.5333623000000001 0.8907127671874999 0.5284022625 0.898299325 0.5235974484375 0.9175172593750001 0.50504025 0.9304696625 0.4780533109375 0.9329980843750001 0.43340197187499996 0.9265555937500001 0.38729873125 0.911073475 0.329787803125 0.8949292578125 0.3035975109375 0.8877240562500001 0.291432971875 0.8755343640625 0.284481209375 0.8678314765625 0.27587152656249997 0.8399763765625 0.2725487734375 0.8145302015624999 0.2605669 0.7909606734375 0.2608223578125 0.7840438359374999 0.26464230781250003 0.7778892421875 0.27916253593749996 0.76607774375 0.304648140625 0.7617467890625 0.3374824703125 0.7644094859375 0.3621494328125 0.7637711953124999 0.3951994203125
3 0.8125365468749999 0.8056863609375 0.8193815000000001 0.8413173390625 0.8333023078125 0.8548980578125001 0.8418204453125 0.86813125 0.8522444296874999 0.885795653125 0.8603151890625 0.901274665625 0.8707472624999999 0.904635859375 0.892540759375 0.8895250046875001 0.8986477421875 0.871546071875 0.9407367546875 0.8168854203125001 0.93836511875 0.8034352078125 0.9305989046875001 0.7753342609375 0.9243652718750001 0.7543306624999999 0.921098878125 0.7453720921875 0.9168425062500001 0.7339877593749999 0.9022492812499999 0.7261596421875 0.89281258125 0.715688740625 0.8828040796875 0.7083523734375 0.875739015625 0.7113316859375 0.8606481046875001 0.707058421875 0.8478098015625 0.7075886125 0.8315752906249999 0.7095844203125 0.8162777546875001 0.720082759375 0.810615453125 0.740583609375 0.8109779296875 0.756988415625 0.8094345609375001 0.7689620109375 0.808335875 0.7834575218750001 0.809542803125 0.7966797171875 0.8125365468749999 0.8056863609375
3 0.7839574265625 0.68027603125 0.7982461046875 0.7007260828125 0.8160316078125 0.7170924515625 0.8305350031250001 0.7084676890625 0.85437718125 0.7081641546874999 0.8771763734375 0.711511628125 0.882060246875 0.70891691875 0.8967464625 0.6837912 0.9190165406249999 0.658628403125 0.9281280546874999 0.6305851671875 0.9285148046874999 0.60408034375 0.918689125 0.580243021875 0.9009804328125 0.5595292359374999 0.8864640187499999 0.5473537 0.8717463734375 0.5404142968750001 0.8556919859375001 0.5306768843749999 0.845556365625 0.52899696875 0.7998811703125 0.526649440625 0.7889541062500001 0.5220753671875 0.7767244265625 0.542000671875 0.772250640625 0.564458890625 0.7733991687499999 0.5932933265625 0.77046335625 0.613313421875 0.7792298703125 0.66940816875 0.7839574265625 0.68027603125
3 0.1293629953125 0.6890853984375 0.1463700703125 0.72335790625 0.162000884375 0.7370704921875 0.17773501249999998 0.7433972765625 0.1902979703125 0.7476828984375 0.2104712890625 0.7488930593750001 0.2247972578125 0.747233778125 0.234268553125 0.7403630859375 0.2557125921875 0.729647725 0.2799177140625 0.7011100156250001 0.28458194375 0.6924866140625 0.2821469828125 0.659545134375 0.283820165625 0.6371473515625 0.281456621875 0.609393928125 0.2836194015625 0.5977445 0.28372810937500004 0.5808232249999999 0.2821744203125 0.5672287875 0.2753927921875 0.5510890765625 0.2619485625 0.5274564140625 0.25578095 0.5211763453125 0.25384590625 0.5245512578125 0.229339403125 0.51630418125 0.222081196875 0.5102164124999999 0.216210040625 0.5056176203125 0.20488590625 0.5019803359375 0.1957483578125 0.48842297500000004 0.19154229218750002 0.4757296078125 0.18584856249999998 0.4641653328125 0.183349809375 0.45637157031250003 0.17750245781250001 0.4535021296875 0.1639387328125 0.465861690625 0.1489376515625 0.4780413078125 0.11327318593749999 0.522901390625 0.11113690937500001 0.5315124359375 0.104751884375 0.559074915625 0.1015169203125 0.5821814703125 0.1039783828125 0.6120845640625 0.11907152343750001 0.6562290734375 0.1293629953125 0.6890853984375
3 0.43372645624999995 1 0.433979471875 0.9976851375000001 0.4329764734375 0.9744590750000001 0.43038249687499996 0.9597479046874999 0.430345675 0.9372182546875001 0.4289429109375 0.9196967171875 0.4256527125 0.909008796875 0.41938987968749997 0.8958113203125 0.413396996875 0.8873335046875 0.408889084375 0.882494334375 0.40512500625000003 0.8770906203125 0.40037094843750004 0.8692611421875001 0.39484925 0.86026685625 0.3886075265625 0.8535664687500001 0.380555178125 0.8493522796875 0.376936628125 0.8495569390625001 0.3712613109375 0.8492574890625001 0.365784528125 0.84848964375 0.36287521875 0.8654713546874999 0.35330330625 0.8749601124999999 0.3436334765625 0.8822992 0.32178697343749996 0.9034868234375001 0.3103195390625 0.9341124078125 0.3075027546875 0.9627792625 0.3078598390625 0.9887195421874999 0.31096488125 1 0.43372645624999995 1