3 0.38041902968749997 0.7527680640625001 0.391845859375 0.7351064203125001 0.40636442968750003 0.7068692484375 0.40876794531250005 0.7044545296875 0.416726015625 0.6298789031250001 0.42147608437499995 0.614031415625 0.42539566874999996 0.607356934375 0.4259660109375 0.596771109375 0.4250080984375 0.592163653125 0.41916182031250004 0.5848047968750001 0.40858029843750004 0.5785007671875 0.3927188828125 0.5738631437499999 0.370192890625 0.569321065625 0.365694740625 0.5686888921875 0.36087684375 0.5686999078125 0.3569233453125 0.5674561515625001 0.3496666984375 0.56850068125 0.3437473140625 0.5714534687499999 0.339875146875 0.5777905484375 0.3348188390625 0.5860255921874999 0.32881152187499996 0.6140826890625 0.3234058203125 0.6525462515625 0.3215308125 0.67567908125 0.32388457656249997 0.7437904718749999 0.3303568375 0.75811858125 0.3421807828125 0.7670056703125 0.3572021703125 0.769460853125 0.36904094062500004 0.763555278125 0.38041902968749997 0.7527680640625001
3 0.182345309375 0.6134539109375 0.1877701015625 0.5977012484374999 0.19613087499999998 0.580640890625 0.2050959046875 0.5609129453125 0.21577622187499998 0.5469310890625 0.21851034687499998 0.5486916015625 0.23223235 0.537545675 0.24739863281250002 0.5259146 0.24779016562499998 0.521496796875 0.24291530625000002 0.5104897609375 0.2405022453125 0.5015490296875 0.23643085937500002 0.497880259375 0.23193270781250003 0.4972480859375 0.221952803125 0.501350525 0.21003138125 0.5062122921875 0.19900827031249999 0.5177375234375 0.1896543484375 0.5288092171875001 0.1729245765625 0.5450374499999999 0.1622198890625 0.5624565203125 0.154983653125 0.5796749203125 0.14868228125 0.5984009625 0.1447587359375 0.6246865296874999 0.1445446921875 0.6294733421875 0.153540996875 0.630737690625 0.16685928125 0.6257281765625 0.1805447296875 0.6197380703125 0.182345309375 0.6134539109375
3 0.6857603578125 0.445423928125 0.68835090625 0.45473366875 0.691450875 0.46205061875000003 0.7014525093749999 0.467585025 0.7067676390625001 0.467299825 0.7109108125 0.46719398125 0.7247602453125 0.4698285203125 0.733331103125 0.4675924375 0.75279368125 0.4596617421875 0.759482625 0.45612898125 0.7654494265625 0.45283879374999997 0.76923894375 0.44545790625 0.7753127671875 0.4397743125 0.77812 0.43122318281250005 0.78599704375 0.406181371875 0.7909381062499999 0.3824472546875 0.7953019218749999 0.3448694546875 0.7944197546875 0.31687629687499996 0.7932530796874999 0.2909075390625 0.7880258812500001 0.2660884296875 0.781897734375 0.24767991562499997 0.776359015625 0.24139647812499998 0.7660254531249999 0.2382238703125 0.7549210093750001 0.242168265625 0.7450346203125 0.25213293281250004 0.7283983640625 0.27422339687499997 0.7013784859375 0.3065527125 0.7008868374999999 0.3377934296875 0.69746875 0.38169729375 0.6956668500000001 0.39451848125 0.6922174890624999 0.4174300515625 0.6857603578125 0.445423928125
3 0.25097410625 0.5233205265625 0.24816819375 0.5253346265625 0.21873525468750002 0.5487232109375 0.215361640625 0.5482490796875 0.20713225624999998 0.559478815625 0.1964749890625 0.5765604859375 0.188824171875 0.5950968765625 0.1807926859375 0.62286949375 0.176397596875 0.639455 0.1740375390625 0.6611434046875 0.17138210781250002 0.6800377859375 0.1715691421875 0.691762246875 0.1747748109375 0.70322281875 0.1833917671875 0.7071863640625 0.19407076406249998 0.6997415375 0.206325434375 0.6859809421875 0.215691540625 0.6731906421875 0.224181065625 0.6633737234375 0.237748628125 0.6549586015625 0.24237126562500003 0.625330646875 0.249160325 0.5949749718749999 0.2569886328125 0.576807590625 0.267881671875 0.5645759515625 0.2641083015625 0.5506271453125 0.26097178125 0.5484660156250001 0.261008334375 0.5433101953125 0.2571875453125 0.5296987890625 0.25424069843749997 0.5261880624999999 0.25097410625 0.5233205265625
3 0.3703399140625 0.1929358125 0.3599454265625 0.1983562390625 0.350118640625 0.2062649 0.3452045890625 0.2134877453125 0.3399233734375 0.22169118124999998 0.333753390625 0.234586603125 0.32922955 0.243928671875 0.3257936953125 0.2585846046875 0.32206246250000004 0.2704465171875 0.3159454859375 0.313971075 0.31060893125 0.36173408125 0.310144290625 0.37646352968749996 0.31059146718749997 0.3896008046875 0.3125547125 0.39847831875 0.31666133125 0.40352829687499997 0.32650852656249996 0.411793509375 0.332154265625 0.415683540625 0.33411883124999997 0.41802402499999997 0.3469616109375 0.42292553593750004 0.3567505234375 0.426709725 0.3673211796875 0.42819533437499996 0.3728137984375 0.4282791421875 0.3794309546875 0.42852099531250004 0.38411878125 0.427803571875 0.3889488625 0.426073946875 0.39240644687500004 0.42105485781249996 0.39535461562499996 0.41802855625 0.3974153375 0.4131572125 0.40205838437499997 0.39970313125 0.41352145937499996 0.31977101406249997 0.42239693125000005 0.274569753125 0.41641235937500004 0.2486120109375 0.4009112 0.2185642890625 0.39363414531249996 0.20343494374999999 0.38647365625 0.19726764375 0.3789812390625 0.19346214374999998 0.3703399140625 0.1929358125
3 0.8176767249999999 0.453297584375 0.8245431578125 0.45013383124999995 0.8353657312499999 0.43513977812500004 0.8396050609374999 0.42782210625 0.8483573671875 0.40634394374999994 0.8599643234375 0.37597725312499997 0.8624287624999999 0.364969496875 0.8633784515625 0.351684475 0.8682734140624999 0.3217507296875 0.87134210625 0.3080753875 0.874118065625 0.2785319609375 0.8742642796875 0.2579086765625 0.8707741 0.2484725015625 0.866513040625 0.24615332968749998 0.8613754015625 0.24680753593750002 0.8480923499999999 0.253198259375 0.8380406562499999 0.2610753109375 0.8251708656250001 0.27268507343750004 0.8186580906250001 0.283123871875 0.8102390343750001 0.29570320625 0.796385640625 0.31267975312499996 0.7954968765625 0.317371740625 0.7954550421875 0.348675678125 0.78857936875 0.39759863125 0.779576465625 0.4290194265625 0.7805343796875001 0.433626884375 0.7877653359375001 0.4425565984375 0.7942863359375 0.45001027968749996 0.805779671875 0.4547221375 0.8116272703125 0.4555439640625 0.8176767249999999 0.453297584375
3 0.69660913125 0.769680571875 0.7112620390625 0.7796533734375 0.721525134375 0.7800635640625 0.72648660625 0.7725033203125 0.7318748421875 0.7619064796874999 0.7355817046875 0.7534817828125 0.7397031484375 0.743739096875 0.7418952625 0.7330371343750001 0.74664665 0.710652615625 0.7502978703125 0.684672840625 0.7511553609375 0.658988559375 0.747692190625 0.6330411140625001 0.7447236125 0.6198935421875 0.741611459375 0.6142952 0.7369601890624999 0.609856803125 0.7318712875 0.60363658125 0.7257526828125 0.5965835171875 0.722971140625 0.5951604046875001 0.7198115703125 0.5898994625 0.7124370375 0.588518975 0.706317115625 0.588002940625 0.6980063999999999 0.5916518390625 0.687824634375 0.5988224843750001 0.6818456484375 0.603831278125 0.6813714640625 0.607205275 0.679085834375 0.612045009375 0.677037296875 0.6151977453125 0.6791780296875001 0.6244442671875 0.6798000562500001 0.6510246078125 0.6779507375 0.6641831953125 0.674050240625 0.6935685765625 0.6686824125 0.720339290625 0.6708570609375 0.7375040484375 0.67206425 0.7387059 0.6779213937499999 0.7508831781249999 0.686289071875 0.758252328125 0.69660913125 0.769680571875
3 0.4815769671875 0.196182859375 0.4691230796875 0.1999376015625 0.46220922656249996 0.203438753125 0.4554484953125 0.210746128125 0.4478586 0.22068948437499997 0.4408960109375 0.2310650640625 0.435792284375 0.2396375078125 0.430474515625 0.252996765625 0.4258314671875 0.2664508484375 0.41939870625 0.2910075109375 0.4138533890625 0.3174092171875 0.40509316406250007 0.37810955156250003 0.4026721828125 0.40839099218749997 0.40253947187500005 0.4207586421875 0.40378057656250005 0.4298787296875 0.40495121406249995 0.4362364 0.40661908281250003 0.44231989218749995 0.41182587187499997 0.450965128125 0.4142524359375 0.45165022343750005 0.42094006093749997 0.45465449218750004 0.432528234375 0.45869155 0.4584630734375 0.465088965625 0.47514146718749994 0.468809215625 0.48747615 0.4691664875 0.511755303125 0.46776180624999997 0.51905936875 0.46637987656249996 0.520266559375 0.467581728125 0.525368965625 0.46554631406249997 0.5303169328124999 0.46624170625000005 0.5359287562499999 0.4622135015625 0.540227690625 0.45283982343750007 0.5416732921875 0.44581764843749994 0.5435212921875 0.43919608749999994 0.5450969640625 0.4328803203125 0.546589984375 0.42552074375000004 0.5543340140625 0.35573193281250004 0.5564122 0.3229938671875 0.5561803875 0.29853275 0.553297103125 0.273354928125 0.54686139375 0.2538709984375 0.5389109375000001 0.2321098 0.527325403125 0.21499868437499997 0.5189224921875 0.2062483265625 0.5094655078125 0.2001023390625 0.494278815625 0.195559540625 0.4815769671875 0.196182859375
3 0.2625630859375 0.171595615625 0.256678934375 0.17592961093749998 0.2532213484375 0.1809487015625 0.24925302500000002 0.1944976109375 0.2436859796875 0.21126247343750001 0.2403314546875 0.2334992421875 0.23809060468749998 0.25107563437499997 0.237418825 0.29502140312499997 0.23794733437499999 0.31573951562499997 0.24002450468749997 0.34665313124999997 0.2439862296875 0.3657893640625 0.2465171765625 0.3771551125 0.2479479546875 0.3849256 0.24866877656250003 0.39122005625 0.2500886875 0.394172121875 0.25250306875 0.396575825 0.25626689375 0.3991691796875 0.26519272968749996 0.3976711125 0.27339642343750004 0.39641561875 0.285614540625 0.387810846875 0.293807371875 0.38173693124999997 0.2996210546875 0.374640521875 0.306666296875 0.3653087484375 0.3102661375 0.359277459375 0.31528294687499997 0.3121576421875 0.3231178515625 0.2613051171875 0.309796621875 0.2222740359375 0.2985091046875 0.1948828859375 0.2889355546875 0.17977485625 0.27854370781250004 0.1721212265625 0.26941733437500004 0.1701504703125 0.2625630859375 0.171595615625
3 0.50889558125 0.7949087390625 0.514351646875 0.8001483687500001 0.5199499671875001 0.8043758000000001 0.5277743125 0.8058195046875 0.5350431421875 0.8030563687500001 0.54163725 0.8001984078125 0.549238009375 0.7950734734375 0.5635912765625 0.7647486875 0.577376840625 0.7319356671875 0.5879215015625 0.6862808671875 0.593294609375 0.6333620390625 0.592114428125 0.615648915625 0.5889683609375 0.6021323359374999 0.5786104296875 0.6023969421875 0.567400284375 0.602197715625 0.5579189312499999 0.5994889421875 0.548235721875 0.5998483765625 0.5412635859375 0.59886850625 0.528834065625 0.599186034375 0.5212224421875 0.599492546875 0.515872078125 0.5983965375 0.512888678125 0.6000416328125 0.5091113468749999 0.6057039125 0.49818205937500004 0.680206025 0.49496450937500003 0.7275787109375 0.49575579843749995 0.7366355812500001 0.4983911265625 0.7586819796875 0.501962640625 0.7756989890625 0.50889558125 0.7949087390625
3 0.4338377765625 0.5978774140625001 0.42989514062499995 0.6014520796875 0.42719493125 0.607609803125 0.42392701875 0.6112792953125 0.41972292187500004 0.6199781734375 0.4172584828125 0.6309859296875 0.40885059687499997 0.7054983359375 0.40959182812500006 0.7279666640625 0.41538672656250003 0.7552740046875 0.42113552656250003 0.7763817171875 0.4311358421875 0.7884531499999999 0.43749153749999997 0.793819215625 0.44661791093750003 0.795789971875 0.4538271375 0.79508284375 0.47036855624999996 0.7736671796875 0.48184280468749996 0.7556681359375 0.48679208906250004 0.7498264984375 0.490120925 0.737563971875 0.49326008750000006 0.7266510421875 0.49775661250000003 0.6767055937500001 0.5045618171874999 0.625020225 0.5074421578125 0.6061574515625 0.506934059375 0.6016132109375001 0.5046971671875 0.5995785171875 0.48000475312499996 0.5957641625 0.45747876249999997 0.591222084375 0.449144996875 0.59177116875 0.4425156546875 0.5932479234375 0.43832506406249994 0.593691165625 0.4338377765625 0.5978774140625001
3 0.283390346875 0.733282484375 0.29377396875 0.7230436359375 0.30641885156250004 0.7114022656250001 0.3147322078125 0.6946793078125 0.321448159375 0.674635275 0.3232527015625 0.648740028125 0.32991433125 0.6046038890625 0.33496109375 0.5850133937499999 0.3406568921875 0.57549196875 0.340385884375 0.56926073125 0.337888853125 0.5658132203124999 0.33382965000000003 0.5604258421874999 0.3284210046875 0.5548488125000001 0.3219352375 0.5487763375 0.3141704953125 0.545276628125 0.3097549953125 0.5456882625 0.30001218125 0.5481037015625 0.2907666015625 0.550244959375 0.2883874546875 0.5492224640625001 0.2852143796875 0.55221715625 0.2799575328125 0.5569833765625 0.27176470468749997 0.563057290625 0.26283754843749996 0.5710923875 0.255377725 0.5817421515625 0.248318978125 0.599329559375 0.24112619999999998 0.635821646875 0.23800744843750002 0.6629084484375001 0.23763632656250003 0.6835001234375 0.23625723125000003 0.7128958015625 0.2381569140625 0.7434404078125 0.24429856718749998 0.7535932859375001 0.2581127671875 0.7548466171875 0.268140090625 0.7504067812499999 0.27652259375 0.7429832671875001 0.283390346875 0.733282484375
3 0.1988602234375 0.1956728984375 0.1966572453125 0.20155643906249998 0.1932335734375 0.21449376562500003 0.1913572453125 0.24416362500000002 0.1927475109375 0.276701021875 0.1975696703125 0.314193571875 0.1998378375 0.3372205578125 0.200936684375 0.3473528453125 0.20333756093750002 0.35801218437500004 0.20659196875000002 0.362598328125 0.216417434375 0.36122669687500003 0.221472421875 0.35952868125 0.228718203125 0.35366573125 0.2346145390625 0.347613128125 0.23873466250000003 0.3444074703125 0.2393267328125 0.3434584890625 0.23710730624999998 0.3135570734375 0.2369716515625 0.281884128125 0.2377221203125 0.2585932546875 0.23802145624999999 0.241776190625 0.2180613390625 0.192866415625 0.21035751875000003 0.18077366875 0.2074106703125 0.1772629421875 0.20555180625 0.1790660796875 0.2032539921875 0.18562442031249998 0.1988602234375 0.1956728984375
3 0.8086440749999999 0.7492993453125 0.8092130953125001 0.7452505484375 0.8114634921875 0.7390296078125 0.8147923265625 0.7267670796875 0.8178257875 0.7117105296874999 0.818740240625 0.6970442984375 0.8176548968749999 0.6786563765625 0.8141429859375 0.659583359375 0.80864214375 0.6416070703125001 0.8024422078125 0.6269731703125 0.79253805 0.6076899078125 0.7856037875 0.5950171890625 0.7785733703125 0.589556296875 0.7763717125 0.5889028109375001 0.7718491921874999 0.5917078499999999 0.7687709546875 0.59402774375 0.761809684375 0.5978662953125 0.760400634375 0.59973265 0.7544568828125 0.6061226515625 0.75054948125 0.611078525 0.74774356875 0.6130926265625 0.7450555421875 0.6175317437500001 0.7484617484375 0.632461140625 0.7505889796874999 0.6499632984375 0.7512353734375 0.6731064250000001 0.748565115625 0.706793471875 0.7667882140625 0.7403203125 0.779343846875 0.7603202796875 0.7900202046875 0.7659495109375001 0.8001654140625 0.7639346859375 0.8072933093750001 0.755646721875 0.8086440749999999 0.7492993453125
3 0.5685986390625 0.47127778437499995 0.5877510171875 0.4753457296875 0.5962500875 0.47688426093749997 0.6034471296875 0.4778957390625 0.6237362281250001 0.48040312187499995 0.6300336421875 0.481288165625 0.6378118890625 0.4765322421875 0.641327759375 0.47599417343750006 0.6628727875 0.472828978125 0.672308040625 0.469338121875 0.676285909375 0.4671446640625 0.6783344484375 0.463991928125 0.6827756359375 0.45360605156249995 0.6867317765625 0.44177574999999997 0.6918625109375001 0.416692034375 0.6968766796875 0.38264627500000004 0.7006741140625 0.3360432140625 0.69966451875 0.2942695921875 0.694192003125 0.25324500156249996 0.687176409375 0.232991446875 0.6742292453125 0.217409284375 0.66155176875 0.214595390625 0.6453462390625 0.21403817187500002 0.629411715625 0.2197121890625 0.6073072109375001 0.23828162968750002 0.5979763390625 0.2524531390625 0.5827369453125 0.2743958546875 0.5740916609375 0.293480609375 0.5606841234375 0.3301314609375 0.554535871875 0.352663725 0.54682575625 0.430370775 0.5461470734375 0.4498870359375 0.54896253125 0.45922838437499997 0.552819875 0.46768396718750005 0.5570931171875 0.46828453281250004 0.5685986390625 0.47127778437499995
3 0.588313034375 0.6818630625 0.5803019593750001 0.7258095515625 0.58288164375 0.73030086875 0.5891872796875 0.7490783921874999 0.5996930546875 0.7787681234375 0.6068765921875 0.7880352375 0.624110503125 0.795962328125 0.636919371875 0.792945603125 0.6448872921875 0.786840078125 0.6502633453125 0.7779618453125 0.65690883125 0.755155396875 0.6680307390625 0.7233442796875 0.6725098015625 0.701265553125 0.6791958 0.6536921984374999 0.67906014375 0.6220192531250001 0.676279921875 0.6140591125 0.6749670296875 0.6087136390625 0.6695461984375 0.604855215625 0.6664096765624999 0.6026940859375001 0.661189384375 0.6023044859375 0.6487368140625 0.5995221984375 0.6419895875 0.5985739375 0.63095693125 0.5987437203125 0.6139574718749999 0.6022036875000001 0.6028895828125 0.6009922609375 0.5994916 0.6039553453125001 0.5976557859375 0.6088582953125 0.59371183125 0.618969990625 0.5943012624999999 0.6310950671875 0.588313034375 0.6818630625