3 0.48717395 0.1358368828125 0.494138575 0.139764821875 0.5045482812500001 0.1467431796875 0.5166457484375 0.1516378125 0.527645321875 0.15250191875000002 0.542532378125 0.1518307515625 0.5625557125 0.14555275 0.5769332703125001 0.1375540328125 0.6003729328125 0.049165296875 0.60089128125 0.0395894875 0.6022905 0.028354904687499998 0.6009006218749999 0.021747046875000002 0.597088596875 0.019231273437499998 0.5813241125 0.0149876796875 0.5690762281249999 0.0172560625 0.5580766546875 0.0163919578125 0.54729901875 0.0118263953125 0.5156931218749999 0.01020748125 0.5063058546875 0.0113107 0.498090459375 0.015210628125 0.49332014218750003 0.022160973437500002 0.48612472812499996 0.0388378546875 0.4863343734375 0.058613290625 0.48838171093750005 0.0700810625 0.4865425484375 0.0812059546875 0.47932943437500003 0.13168956406250001 0.48717395 0.1358368828125
3 0.6111626046875 0.1708205859375 0.6243594390625 0.17692852187500002 0.6441569031250001 0.181864584375 0.6525907953125001 0.180836728125 0.6624160406249999 0.183599503125 0.7049952203125 0.09622599375 0.7087401484375 0.086828528125 0.710653290625 0.074469815625 0.7105852109375 0.0644347265625 0.706776134375 0.056284496875 0.70164476875 0.05250057500000001 0.6957065124999999 0.0491416046875 0.688300959375 0.0469821265625 0.6781827453125 0.043520175 0.667991046875 0.040352965625 0.6643250125 0.03912585625 0.6575058859375 0.03742565625 0.6478271265625 0.0350124703125 0.6412279703125 0.033367115625 0.6355091953125 0.0310020671875 0.6305973109375 0.028212065624999998 0.62597839375 0.026121242187499998 0.6224593359374999 0.02430464375 0.61791243125 0.0247363046875 0.6131445734375001 0.0269912703125 0.6074943687500001 0.0337222359375 0.6023556296875 0.04402445 0.5772992343750001 0.1388975421875 0.58206414375 0.1422770296875 0.5858737109375001 0.1494881828125 0.5951835578125 0.156192315625 0.6111626046875 0.1708205859375
3 0.6985472078125 0.22610608906250002 0.7116744890625 0.2249961625 0.717395721875 0.22266583281250002 0.7345633578124999 0.20816223749999999 0.7666264046875 0.1770231890625 0.770223375 0.1700933625 0.7736763203125 0.15811856875000002 0.7747071140624999 0.15023585625 0.7727313015624999 0.1422296421875 0.76943713125 0.1310771328125 0.765115115625 0.12217288125 0.7593997828125 0.11323430000000001 0.7558096953125 0.10701706875000001 0.7517066671875 0.10004581093750001 0.748334584375 0.0976397265625 0.743790140625 0.093376009375 0.7397596171874999 0.0879881609375 0.7272971687500001 0.07987186562500001 0.7221643296875 0.078905171875 0.715562225 0.08289427187500001 0.7070504203125 0.092668553125 0.663149934375 0.1825302203125 0.670252196875 0.2037111109375 0.679629140625 0.2223284828125 0.685274428125 0.224988275 0.6985472078125 0.22610608906250002
3 0.26442751875 0.1980128171875 0.25452288749999996 0.2068136953125 0.2496766234375 0.21875416250000002 0.246296184375 0.232312365625 0.24291328750000002 0.250565946875 0.24158755625 0.26150578593749996 0.24517616874999998 0.2705402453125 0.273835178125 0.2980350359375 0.29941065 0.3322746015625 0.3029953296875 0.3488216671875 0.31532751718749996 0.3255988734375 0.324059784375 0.3149403625 0.3328645578125 0.30586525937500003 0.34203824374999997 0.29249921093750003 0.3491626296875 0.27142169374999997 0.353572390625 0.25279800625000004 0.3304994375 0.20102455468749997 0.31657559062499996 0.18283884374999998 0.3005926109375 0.1757231765625 0.28731392968749997 0.185874271875 0.27704530156249996 0.1895753375 0.26442751875 0.1980128171875
3 0.231315978125 0.2708413046875 0.22368602656249997 0.2770786625 0.21334341874999999 0.28201354843750004 0.20718224062499999 0.28423418749999996 0.20079961562499998 0.289217209375 0.1924347875 0.298402003125 0.1873695359375 0.30840947343749997 0.1857473953125 0.325223665625 0.184128696875 0.335464325 0.1814831359375 0.3460750921875 0.1825741453125 0.3632526828125 0.2122624765625 0.3856819875 0.2282395578125 0.4040665625 0.24493922499999998 0.4429805953125 0.253157078125 0.43438528749999994 0.266947715625 0.42686636718750004 0.2779526984375 0.4174006390625 0.2859515625 0.40687233437500003 0.2941713828125 0.394520725 0.297696340625 0.3850684140625 0.303063409375 0.35885675625 0.3032902625 0.345764540625 0.2870275890625 0.312594653125 0.26152118125 0.28651202656249997 0.25023355468749997 0.2755579859375 0.24363538281250002 0.27203448125 0.23637631250000002 0.2702245921875 0.231315978125 0.2708413046875
3 0.034310164062499995 0.6121156765625 0.04896938125 0.6264148765625001 0.0557125609375 0.6331051999999999 0.0645913140625 0.6227962765624999 0.0769851890625 0.6218165578125 0.0894481296875 0.6289937765625 0.0927462328125 0.63263368125 0.10257786718749999 0.6231884703125 0.1113791984375 0.620686896875 0.121790871875 0.6239089515625 0.13895260781250002 0.620674265625 0.156558709375 0.6090975890625 0.165941553125 0.6164460515625 0.17144625625 0.607487346875 0.1754141078125 0.5925102718749999 0.17820959375 0.5756755625000001 0.1824718875 0.5585804375000001 0.1876165265625 0.5370093140625001 0.11322746718750001 0.4520920234375 0.087999278125 0.4548808453125 0.06753353906250001 0.4657445375 0.04566071875 0.5028680203125 0.029797673437499998 0.546812034375 0.0264098609375 0.5744563734375 0.034310164062499995 0.6121156765625
3 0.6931208890625 0.5055734546874999 0.69040233125 0.5155398890625 0.6882692171875 0.52784375625 0.6881908140624999 0.53752925625 0.6905330828125 0.5459399031250001 0.6944886421875001 0.5544397203125 0.6988101671875 0.56428305 0.7029871734375 0.5700204859375 0.7720049953125 0.5490344953124999 0.8107283953125 0.5427229515625001 0.817188440625 0.52993258125 0.8224761218750001 0.5152845765625 0.8271788499999999 0.49736006718750003 0.8291635125000001 0.488462915625 0.82968136875 0.47982618125 0.828510971875 0.47421224375 0.8277080124999999 0.46712458906250004 0.8236069531249999 0.45639702968750007 0.8195774140625 0.44913103125 0.8134956234375 0.43978801875 0.80389231875 0.4333237859375 0.8000068046875001 0.43110275312499996 0.721088775 0.45243793906249996 0.7060532687500001 0.45651581874999997 0.708613053125 0.4696766890625 0.701637609375 0.48640841718749994 0.6931208890625 0.5055734546874999
3 0.701372171875 0.43312099687499994 0.7039314640625001 0.44722094375 0.7051733828125 0.4562964390625 0.8019145375000001 0.4290738765625 0.8046296546875 0.425680971875 0.8064643921875 0.4230077625 0.8120440578125001 0.4109370859375 0.8161583921875 0.3963095984375 0.8198318 0.3834505734375 0.8221123796875001 0.3696181453125 0.822632203125 0.3572251078125 0.82014345 0.34846487187499997 0.8165543453125 0.34036948749999996 0.8131857046875 0.331389871875 0.8087167140625 0.3230751078125 0.8043927312499999 0.31792715781249997 0.7962557390625 0.312141584375 0.79060946875 0.31135994375 0.7479966218749999 0.3229630625 0.73112785625 0.326896925 0.7113225265625001 0.336986075 0.7099948296874999 0.351682215625 0.7055130546874999 0.3677834203125 0.7005149 0.38970413125 0.6987467671875 0.40522965937500005 0.6999852453125001 0.42087868593750005 0.701372171875 0.43312099687499994
3 0.775164459375 0.8174937625 0.775815034375 0.8355007359375 0.792390834375 0.830867696875 0.8088901953125 0.8321638531250001 0.8301603656250001 0.825570590625 0.8405808875 0.81188928125 0.8425744 0.7860887671875 0.8431741 0.761193 0.8412762 0.7444403640624999 0.8351953921874999 0.733219196875 0.8266214078124999 0.7216894796875 0.8159177515625 0.715890096875 0.8063129703125 0.7122430921875 0.7813797171875 0.711974790625 0.758128325 0.7208916734375 0.7302521171875 0.73898664375 0.7230606359375 0.7481509203125001 0.72385326875 0.7749591640625 0.7379294984375 0.78222555625 0.750316984375 0.793453821875 0.753169734375 0.80731386875 0.766736959375 0.8063136328124999 0.775164459375 0.8174937625
3 0.3858556640625 0.0811471828125 0.37786417499999997 0.07758935156249999 0.3687708578125 0.0775135953125 0.3502873265625 0.0841755140625 0.341923971875 0.090543078125 0.33524936250000004 0.092948771875 0.32270064375 0.1095431890625 0.31396444375 0.12771430781249998 0.31088090468749996 0.13445908125 0.30831079843750003 0.14101880312499998 0.305079790625 0.1492921390625 0.3025082109375 0.1586690875 0.3013309296875 0.1662022109375 0.30191391562500003 0.17323501875 0.3051395140625 0.175291515625 0.3194352234375 0.1835518296875 0.33701920625000004 0.21423356093749998 0.35349939375 0.2521536734375 0.35187922031249996 0.2652115609375 0.36252167968750004 0.24782879375000003 0.37264628437499997 0.2390827609375 0.38284535937499997 0.22816383281250002 0.39143065 0.2180948078125 0.4010467390625 0.200143071875 0.4049411015625 0.185460740625 0.40641380781249997 0.17393141406249998 0.4071585171875 0.1522024640625 0.4070928953125 0.1374719953125 0.40351116718749996 0.115290475 0.3943561625 0.09297164531249999 0.3858556640625 0.0811471828125
3 0.4440452125 0.15232043281250002 0.459081703125 0.1463644015625 0.474707075 0.1361722703125 0.480944690625 0.1280224328125 0.4877193359375 0.07461190625 0.485019459375 0.0488934625 0.48282613281250003 0.0361370265625 0.48085179375 0.0253135859375 0.4729337921875 0.0214610109375 0.4666276046875 0.020514834375 0.4610528546875 0.023194753125000002 0.447632115625 0.024544578125 0.4335485109375 0.031364321875000004 0.4217371296875 0.040315925 0.41021724062500003 0.052783934374999994 0.3982588828125 0.062325025 0.39399855625 0.0756638484375 0.393038296875 0.088886271875 0.400802440625 0.10647539531250001 0.411493315625 0.136690746875 0.4172086515625 0.1456293265625 0.42475970625 0.15001654375 0.4304789734375 0.1514425171875 0.4357587890625 0.15181972500000002 0.4440452125 0.15232043281250002
3 0.225088921875 0.3988980953125 0.20331957812499998 0.3784432140625 0.19181001250000002 0.37119063125 0.1789066375 0.3648427984375 0.1702527734375 0.3658158078125 0.1646045359375 0.3687904703125 0.1478817609375 0.3740129984375 0.1353374671875 0.3821557328125 0.12822045625 0.38914711562500004 0.11977771562499999 0.40707833281249994 0.1152214703125 0.42535243281249996 0.11154019531249999 0.4532366703125 0.1352878125 0.477002384375 0.158153575 0.5043050203125 0.187983965625 0.535535596875 0.22481978749999998 0.492750825 0.23546618125 0.46785545156249997 0.2443523078125 0.44346039218750005 0.233879928125 0.4161171125 0.225088921875 0.3988980953125
3 0.7022695234375 0.2599061078125 0.7003593312499999 0.26663036406249996 0.6969058953125 0.279544234375 0.6971909984375 0.29526862343750004 0.7017329859375 0.30422772187499997 0.70634796875 0.31383115 0.7100095765625001 0.32350994375000003 0.7111760421875 0.3366364859375 0.7307609078125 0.3274315671875 0.761125378125 0.3190359078125 0.79075644375 0.31077045625 0.7980199406249999 0.3041286640625 0.8013239421874999 0.2964996609375 0.8056557890624999 0.286622396875 0.808303809375 0.2713162515625 0.8116876890625001 0.25118451875000003 0.81249753125 0.24512511250000002 0.8138203125000001 0.239819728125 0.8141921765625 0.22989432812500002 0.8139771203124999 0.2204487265625 0.8103150203125 0.21170900937499998 0.807019375 0.203373725 0.80035165 0.19263235781250002 0.7934629671875 0.1837142953125 0.7847390578125 0.1784085203125 0.7755727453125 0.1776884328125 0.7675048171875 0.1800597984375 0.7598023609375 0.1847137484375 0.7447609578125001 0.20006053750000002 0.7226025421875 0.22239870781249998 0.7161454468749999 0.22955462343750002 0.7128419359375 0.236244553125 0.707116278125 0.2470265640625 0.7034472953125 0.25143390781249997 0.7039582671875 0.25594423437499997 0.7022695234375 0.2599061078125
3 0.683594746875 0.631868490625 0.6811676828125 0.64535133125 0.6827706499999999 0.6651610953125 0.687379734375 0.6860334328125 0.6891360671875 0.693045725 0.6923567484375 0.704492978125 0.6965317875 0.7139867171875001 0.6984341140625 0.7222876734375 0.7016572531249999 0.7290395468749999 0.7218197 0.7371972718750001 0.730327078125 0.7358746734375 0.740449225 0.73182401875 0.7545343046874999 0.722187046875 0.7690573625 0.7164160671875 0.7803523609374999 0.7132839718749999 0.793039696875 0.7120643546875 0.8118127578125 0.7126751453125 0.8149707671875 0.703757475 0.8235550765624999 0.695566603125 0.8292067546874999 0.6860184109375 0.8342729890625 0.6741327890625 0.8377264265625 0.6612189171875 0.8383897828125001 0.6548099234375 0.8372963140625 0.6423277125 0.8373727515624999 0.636398515625 0.8362832171875001 0.6164036984375 0.8381272953125001 0.59588805 0.8396024609375001 0.5796633453125 0.8352814265624999 0.5688809406249999 0.83051946875 0.5598669984375 0.8218705203125 0.5514492515625 0.8127801546875 0.5457390421875 0.811022346875 0.541543978125 0.7048204359375 0.570164503125 0.7091424515625 0.57906875625 0.7052495624999999 0.590933859375 0.69981933125 0.59771966875 0.6897628078125 0.6165007921875 0.683594746875 0.631868490625