0 0.1760788015625 0.442581215625 0.1728912 0.4467961296875 0.17989153125 0.4590959640625 0.1887627515625 0.46748487031249997 0.196179834375 0.49360447812499997 0.219814265625 0.5298960046875 0.218945284375 0.49008815781250004 0.2138158390625 0.4738774 0.201202846875 0.473310340625 0.1832520328125 0.4496226375 0.1760788015625 0.442581215625
3 0.7332182015625001 0.2426360125 0.7328724078125 0.25315283593750004 0.734432978125 0.271927034375 0.7339142843750001 0.2877022703125 0.7343310375 0.30152204375 0.73173308125 0.3142983171875 0.723105715625 0.32498759375 0.7114636453125 0.334633371875 0.705642609375 0.3394562609375 0.731356303125 0.378746746875 0.7491696984375 0.4198611625 0.7652141484375 0.43529149218749996 0.7795606078125 0.44937433593750004 0.8004906500000001 0.461937240625 0.8268959328125 0.480194078125 0.8408256406250001 0.48045715 0.87034756875 0.47016247812499995 0.8853856203125 0.46321167343749997 0.8960922468750001 0.45552135937499993 0.9007694640624999 0.4457440453125 0.904892509375 0.43957366875000004 0.9146636953125 0.43383881718749995 0.9227368890625 0.426756478125 0.9154572249999999 0.3832101609375 0.9105006765624999 0.36174098906249996 0.8987521703124999 0.334881871875 0.883780584375 0.3000693671875 0.869952815625 0.2702112890625 0.8544625375000001 0.2511740203125 0.8182151140625 0.21431543749999998 0.7991559578125 0.1978416078125 0.7805135546875 0.1951875515625 0.757193934375 0.20231080937499998 0.74312680625 0.21947445000000002 0.7358161562500001 0.2298597375 0.7332182015625001 0.2426360125
3 0.22143680468750002 0.4408069890625 0.22098906875000002 0.4809188203125 0.2197787875 0.5177277046875 0.2249437125 0.5461067625 0.2319795234375 0.5705748953125 0.24067784374999998 0.584222215625 0.251628325 0.5956100859375 0.25672229375 0.5996525453125 0.2619891578125 0.59843659375 0.284617190625 0.612346984375 0.2996907171875 0.6175644796875 0.31098699375 0.6184355265625 0.324708328125 0.6117887093750001 0.3327815234375 0.6047063703125 0.3459132078125 0.5894981921875 0.35810945 0.5762454765625 0.37477453125000004 0.5463055625 0.37907047656250004 0.5348767750000001 0.38298514687499996 0.5217965125 0.368359353125 0.476467184375 0.35172525625 0.4524754921875 0.32452195 0.41874740624999995 0.3092045671875 0.3944517265625 0.2899370375 0.371068009375 0.2650213671875 0.34724877187500003 0.24617058906249997 0.337684828125 0.2322408796875 0.337421759375 0.22985130156250003 0.3571079203125 0.2252095625 0.37905353124999996 0.22323673593749999 0.4125594671875 0.22143680468750002 0.4408069890625
3 0.625629209375 0.7858454375 0.6410485328125 0.7805461078125 0.653071875 0.7725518046875 0.6639514015625 0.7596030765624999 0.671053675 0.7423079031250001 0.6717807437500001 0.733442553125 0.673961946875 0.7068465046875 0.6792952734375 0.6638672453125001 0.6849743953125 0.6103711625 0.6888535890624999 0.5851225999999999 0.6889910078125 0.567695890625 0.6834802890625 0.5498336562499999 0.677588296875 0.5303199484375 0.6692712484375 0.518324103125 0.6523268343749999 0.5170175343750001 0.61240859375 0.5123173984375 0.597543440625 0.5140097906250001 0.58527624375 0.5029259078125 0.576440503125 0.5067052984375 0.5653526015625 0.5127441390625 0.5567252359375 0.523433415625 0.540024675 0.54120503125 0.5285909796875 0.5577606953124999 0.5252304796875 0.5672340218749999 0.522632525 0.5800102953125 0.52062421875 0.6013479328125 0.5265516890625 0.6330299390625 0.534695840625 0.6502841953125 0.5356667625 0.6604970328124999 0.547486225 0.7116927484375 0.55923473125 0.7385518656250001 0.5741708390625 0.7611960703125 0.5902152875 0.7766263999999999 0.6100015109375 0.78423488125 0.625629209375 0.7858454375
3 0.5798185046875 0.2450006515625 0.5672409921875 0.2566018921875 0.5586136265625 0.26729116875000003 0.553936409375 0.27706848281249996 0.5498843203125 0.30757545468749997 0.5491927296875 0.32860910312499997 0.55016365 0.3388219375 0.5508242562500001 0.371719896875 0.5445554859375 0.41665461875 0.5487140109374999 0.42265254218750004 0.560670890625 0.456421546875 0.57089430625 0.476674765625 0.5786571828125 0.49227755 0.5920682 0.5083158562500001 0.5988601578125 0.5137058031249999 0.667573259375 0.516976615625 0.6818842421875 0.5188911625 0.7038516671874999 0.49990359375000004 0.7333735953125 0.48960892187500005 0.747476203125 0.4846135796875 0.75423268125 0.477835228125 0.75946406875 0.4644509796875 0.7611265796875 0.4536301671875 0.7596014875 0.4470242671875 0.7548533140625 0.43246498281249995 0.749550971875 0.42151263749999995 0.7459466171875 0.4119077765625 0.7309750296875 0.37709527187499997 0.707721871875 0.342455221875 0.6884543421875 0.31907150624999997 0.652379815625 0.2769545109375 0.6333206609375 0.26048068125 0.611073903125 0.248221765625 0.59693581875 0.24104880781250002 0.59090640625 0.23896181093750002 0.5798185046875 0.2450006515625
3 0.10064020468749998 0.392157146875 0.09613588749999999 0.3966760484375 0.09222121718750001 0.4097563109375 0.08847944218750001 0.4175781609375 0.087579478125 0.43170192187499995 0.08799622812499999 0.4455216953125 0.0895567984375 0.46429589375 0.0922966671875 0.5001928125 0.0924031015625 0.536697709375 0.095524240625 0.5742461046875 0.10515800625 0.5859379625 0.10969780312499999 0.5935873593750001 0.112920884375 0.60154074375 0.1195399453125 0.6121891046875 0.133123859375 0.6229689984375 0.1730775765625 0.6398374328124999 0.1826758640625 0.6393609921875 0.193763765625 0.6333221499999999 0.209147609375 0.615854521875 0.2217251234375 0.6042532828125 0.23392136562500002 0.5910005671875 0.23520260468749998 0.57852828125 0.2299002609375 0.5675759328125001 0.223245721875 0.5447592765625 0.21863496875 0.51277328125 0.21932655781250002 0.4917396328125 0.21513255468749998 0.47357341249999996 0.201202846875 0.473310340625 0.1590634296875 0.41693805 0.1475233 0.39698881875 0.136399921875 0.390859359375 0.11775751875 0.388205303125 0.1094759484375 0.3883777578125 0.10064020468749998 0.392157146875
1 0.43363201250000005 0.332674915625 0.443403196875 0.32694006249999996 0.44374899062499995 0.316423240625 0.44146135312499996 0.30651439062499997 0.43900081718750006 0.30186395625 0.4038972125 0.26995979531250003 0.3809233875 0.2665662296875 0.3775628875 0.276039553125 0.3810653 0.3152394234375 0.39180740625 0.31971740625 0.3937137703125 0.32797478125 0.3995702859375 0.33532019062499996 0.4095498453125 0.3364952234375 0.42046484843750004 0.33571479531250004 0.43363201250000005 0.332674915625
3 0.507501521875 0.7487559203124999 0.5061493265625 0.7368916078125001 0.5068054375 0.7036896625 0.5057990390625 0.681308528125 0.5029217515625 0.66283831875 0.49734007656249996 0.6206394875 0.494462790625 0.602169278125 0.481224671875 0.5808725609375001 0.47519525937499996 0.5787855625 0.45918628906250003 0.5755235296875 0.43430609843749995 0.5638725890625 0.41545531718750006 0.554308646875 0.4058570296875 0.5547850875 0.38873971875 0.5587369296875 0.378968534375 0.564471784375 0.366009746875 0.5744215500000001 0.3545760515625 0.5909772140625 0.350834278125 0.5987990640625 0.3425881859375 0.611139815625 0.336802628125 0.628131003125 0.336665209375 0.6455577140625001 0.34127596250000003 0.677543709375 0.3469595796875 0.69014753125 0.3705940109375 0.72643905625 0.38840740625 0.7675534703125 0.42125884999999996 0.8017170796875 0.465406571875 0.8367517359375001 0.4859198625 0.8354948671875 0.49208669218749995 0.8201551546875001 0.49562008906250005 0.8054234171875001 0.5011617937499999 0.76935404375 0.507501521875 0.7487559203124999
3 0.1955681890625 0.6711745328125 0.1978913046875 0.6932516796875 0.2030207515625 0.7094624390625001 0.212308721875 0.7316711203125 0.2223592390625 0.757182753125 0.2267261390625 0.7700905625 0.2356328359375 0.7906477703125 0.24284154375 0.809857490625 0.2615194265625 0.82467984375 0.2786722171875 0.8328963 0.2956166296875 0.8342028703125001 0.30784835 0.8331184531250001 0.319490421875 0.823472675 0.32718234375 0.8147388609374999 0.3367096734375 0.7899258234375 0.3432223 0.7640692859375 0.34879948125000004 0.7401682125 0.3492826953125 0.712224678125 0.3471679546875 0.6970574171874999 0.3420385078125 0.6808466578125 0.3364923109375 0.6508161265625 0.33475884375 0.637300340625 0.337738071875 0.626175540625 0.3348962640625 0.6198736296875 0.32810430625000003 0.6144836828125 0.32602504374999997 0.6114847218749999 0.3113682671875 0.6200870015625 0.2927258640625 0.6174329453125 0.2748105265625 0.605913540625 0.26444969375 0.6030870296875 0.23794247031250002 0.6144252015625 0.21784593124999999 0.62950184375 0.2099456328125 0.6313257703125 0.20149116562499997 0.6367566359375 0.1957056078125 0.6537478234375 0.1955681890625 0.6711745328125
3 0.37971310625 0.3033751140625 0.3784673453125 0.328015696875 0.37029221093750003 0.364693046875 0.3672110421875 0.4054128546875 0.3671091 0.4350078640625 0.366071715625 0.4665583375 0.3738700734375 0.49432941875 0.379762065625 0.5138431265625 0.38884165937500004 0.5291419234375 0.39507944687499996 0.53813880625 0.402252678125 0.545180228125 0.41978674062500004 0.5550481578124999 0.452775603125 0.5717850578125 0.47651197500000003 0.5784815734375 0.49120423124999996 0.58204759375 0.5039901203125 0.5773562390625 0.5156321921875 0.5677104609375 0.5300805921875 0.552198296875 0.5450831640625 0.53307919375 0.54896235625 0.5078306328125 0.5509706624999999 0.48649299687500003 0.5496184687500001 0.4746286859375 0.54504319375 0.45481099062499997 0.541993009375 0.44159919218750004 0.529309059375 0.4166955359375 0.5179418265625 0.39148789375000004 0.5001639109375 0.362541778125 0.4808963796875 0.3391580625 0.4484262078125 0.3066459265625 0.405976475 0.2729587578125 0.38958623281250004 0.26804525 0.3809233875 0.2665662296875 0.3775628875 0.276039553125 0.3792963546875 0.289555340625 0.37971310625 0.3033751140625
3 0.8141809984374999 0.5092220296875001 0.80922445 0.487752859375 0.8057929937500001 0.4728895875 0.7990010359374999 0.467499640625 0.7937341703125 0.46871559218750003 0.7862151453124999 0.47219099375000007 0.7822649968750001 0.4731029578125 0.7766168578125 0.47266743437500003 0.7736021531249999 0.471623934375 0.7653205828125 0.47179638749999997 0.7574202828125001 0.473620315625 0.7536785109374999 0.48144216718750005 0.7439073265625 0.48717701875 0.72415658125 0.49173683749999997 0.7051683828125 0.49959960625 0.7002827921875 0.5024670312499999 0.6935263109375 0.509245384375 0.6822655140625 0.5205426359375 0.6792862859375 0.5316674359375 0.6901348265625 0.572650315625 0.684318284375 0.643573109375 0.7255222578125 0.7019008625 0.7721260187500001 0.6754860500000001 0.7982164921875 0.6503281078125001 0.8059084140625 0.64159429375 0.8073270718750001 0.6116952953125 0.8141809984374999 0.5092220296875001
1 0.2872726203125 0.42560759375 0.295345815625 0.41852525468749996 0.29832504375 0.407400453125 0.29697284687500003 0.39553614375 0.29430393593750004 0.3839758203125 0.2920162984375 0.374066971875 0.2650213671875 0.34724877187500003 0.24617058906249997 0.337684828125 0.2309241640625 0.337725746875 0.2252095625 0.37905353124999996 0.22451797343750002 0.400087178125 0.2415333453125 0.4257303453125 0.2505774609375 0.4288608421875 0.26072991874999996 0.4247774640625 0.2656155109375 0.4219100375 0.27559507031249997 0.4230850734375 0.2872726203125 0.42560759375
0 0.2872726203125 0.42560759375 0.2957270875 0.42017672812500007 0.298706315625 0.40905192812499996 0.29697284687500003 0.39553614375 0.29430393593750004 0.3839758203125 0.2920162984375 0.374066971875 0.2650213671875 0.34724877187500003 0.2465518625 0.33933630312499996 0.2309241640625 0.337725746875 0.2252095625 0.37905353124999996 0.22451797343750002 0.400087178125 0.2415333453125 0.4257303453125 0.2505774609375 0.4288608421875 0.26072991874999996 0.4247774640625 0.2656155109375 0.4219100375 0.27559507031249997 0.4230850734375 0.2872726203125 0.42560759375