3 0.2054617171875 0.5637957171875 0.2081350171875 0.5697231375 0.2130210984375 0.5709942234375001 0.21973791562499997 0.5675552781250001 0.22765147031250002 0.56253135 0.2448353671875 0.5553039390625 0.2563381078125 0.551076634375 0.26316540625 0.5482376078125 0.26844696562500003 0.531448153125 0.272581346875 0.5200491875 0.26684959375 0.5247953562500001 0.2595700328125 0.5266942343750001 0.2530050046875 0.5248949953125 0.2450532484375 0.5191023203125 0.2433753375 0.5130225953124999 0.24251315 0.499752628125 0.240564709375 0.48866755937499995 0.2413412 0.47621228125000004 0.24133190937500001 0.4721202390625 0.2350663203125 0.48205090000000006 0.2267077265625 0.5013298609375 0.2174838453125 0.5239935578125 0.21267520156250003 0.5388041078125 0.2074442375 0.5538474984375 0.2054617171875 0.5637957171875
3 0.7916790359375 0.7268291390625 0.79825026875 0.6953189671875 0.8009917312500001 0.6591798203125 0.8036144515625001 0.6127971421875 0.8012168515625 0.5841172203125 0.7979322765625 0.5672926578124999 0.7917482625 0.571098678125 0.7840050796875 0.5790685046874999 0.7742029703125 0.57535334375 0.7680303171875 0.5721482703125 0.76605915625 0.5750853921875 0.7570696703124999 0.58083469375 0.7532078875 0.586135865625 0.753244021875 0.6080556046875001 0.7372248375 0.6776843421875001 0.7459076437500001 0.69906611875 0.7543983921875 0.72597261875 0.7642479921875001 0.7445964218750001 0.772944228125 0.7478639671875 0.784417025 0.7424636718750001 0.7916790359375 0.7268291390625
3 0.4311703984375 0.7097654343750001 0.43834670156250005 0.722461815625 0.45710835000000005 0.7192546859375 0.4681402453125 0.705903146875 0.47763465624999996 0.68824479375 0.4873500359375 0.671786278125 0.502816784375 0.653214109375 0.5068799171875 0.64648025625 0.5111671203125 0.6242915375 0.5153035703125 0.601789434375 0.5179913328125 0.58405105625 0.5131362296875001 0.5784013921875 0.5124258328125 0.5598932375000001 0.5133220984375 0.552129921875 0.5134935046875 0.5495242515625 0.5108893828125 0.550034853125 0.5062820890624999 0.5634127234374999 0.5000660609375001 0.577148890625 0.49383145156249997 0.5827009734375 0.47570482968750005 0.5772314875 0.47409609843749995 0.5775897859375 0.46827451406250004 0.5788169859375001 0.46227223281249996 0.5785578109375 0.45556574375 0.5805372296875 0.4475220859375 0.582328721875 0.43232071093749996 0.579607915625 0.4196129734375 0.5757765921875 0.41279082968749997 0.6049139359375 0.41148050312500006 0.6225537078125 0.41180059375000005 0.63136455625 0.41711415 0.6587011171875 0.4274129125 0.694919775 0.4311703984375 0.7097654343750001
3 0.334990375 0.666444275 0.34905593125 0.6675444734375 0.3695491921875 0.6520162984375 0.3902634171875 0.637687959375 0.40245074843750006 0.62858954375 0.41156104375 0.6219806343750001 0.4130520671875 0.6058272390624999 0.41727834843749995 0.5868441062499999 0.41988453750000004 0.5752303671875 0.4096704375 0.5702885249999999 0.3966622265625 0.5602788640624999 0.39309369375 0.556563190625 0.3860278765625 0.5444667265625001 0.3852049265625 0.536461790625 0.381695246875 0.5406436640625001 0.380598665625 0.5442880921875 0.37254468281249997 0.5475391093749999 0.3537840671875 0.5451946734375 0.34328807656250004 0.54225858125 0.33450613125 0.5673219515625 0.3310140015625 0.5852394796875 0.3285564984375 0.6082697390625 0.32554554062499996 0.6338519734375 0.32843670625 0.6576339390625 0.334990375 0.666444275
3 0.905238196875 0.47046265312499996 0.8990624390624999 0.483912284375 0.8896970968750001 0.5103546421875 0.8827262656249999 0.5280754671875 0.8763491609375 0.5429577796875 0.8866438000000001 0.5473265515625 0.8941340046875 0.5480870343750001 0.9004078484375 0.547799984375 0.9052846406249999 0.5449790265625001 0.9134914453125 0.530938253125 0.9206326468749999 0.516163328125 0.9278244453125 0.499642340625 0.934273834375 0.4745433453125 0.9388914546875 0.4597059484375 0.9406220296875001 0.452936475 0.9384815328125 0.44737612968749996 0.9352134734374999 0.44983878749999995 0.9328406453125 0.45008970000000004 0.926053615625 0.45264219062500005 0.9190951796875 0.45780035156250004 0.9141781203124999 0.46090784375 0.909231115625 0.46284234843750005 0.9073508203125 0.463746871875 0.905238196875 0.47046265312499996
3 0.8732152921875 0.68861508125 0.8811897703125 0.680385565625 0.8835151046874999 0.6652260109375 0.8834490265625 0.64213328125 0.8843287765625 0.6150827421875 0.885077390625 0.5903513375 0.882436103125 0.5744937671875 0.8800364343749999 0.5569169828125 0.8730305046875 0.5471665 0.8672584828125001 0.5521992046875 0.8615473828125 0.554026321875 0.8553241328125001 0.552567309375 0.849563471875 0.5505889203125001 0.8476935015624999 0.5500339171874999 0.8498226421874999 0.562605359375 0.8496563890625 0.5915093453125 0.8469944343750001 0.6326269890625 0.85449289375 0.643031084375 0.8613873062499999 0.65773321875 0.8615452828124999 0.67324178125 0.8652428828125001 0.685741459375 0.8695548609375001 0.6924835734375 0.8732152921875 0.68861508125
3 0.8618922796874999 0.48365568281250004 0.8594967312499999 0.4979287859375 0.8540117531250001 0.52725405625 0.8494447296875001 0.5403453890625001 0.8475437828124999 0.5441689656250001 0.8493228859374999 0.5467565671875 0.8548016578125001 0.5507407078125001 0.8598787625 0.5520386390625001 0.8659615859375001 0.5517247421875 0.871954575 0.5478918734375 0.8824547031250001 0.5286216921875 0.8910652421874999 0.506163990625 0.8987103375000001 0.4850315828125 0.905047171875 0.47043580625 0.908457728125 0.45864291718750005 0.9111537500000001 0.45054815000000004 0.9110845703124999 0.444110128125 0.90867250625 0.43909600624999995 0.8979834234374999 0.4472362046875 0.887977896875 0.4560568625 0.875780240625 0.46661480156249996 0.8675858296875001 0.46809291249999996 0.8638056203125 0.46726944374999996 0.8618922796874999 0.48365568281250004
3 0.6180785359375001 0.7561951484375 0.63061796875 0.7459774359375 0.6452710609375 0.7234923734375001 0.6570381421875 0.7035236640625 0.665495859375 0.6918557171875 0.6716034703125 0.6664164921875 0.67801465625 0.630500896875 0.6810958281249999 0.6058051156250001 0.6626274296875 0.5999954015625 0.651607928125 0.6007842734375 0.6422983515625 0.5977227265625 0.6381164781249999 0.594213046875 0.6366801859375 0.5864141078125 0.6318126875 0.5933271062500001 0.6203801609374999 0.5984408671875 0.6032468609375 0.6039222171875 0.6011941249999999 0.6129839796875001 0.595469596875 0.632925328125 0.5895333921875 0.6557588828124999 0.5888250484374999 0.68020375 0.5987923578125 0.714622653125 0.606086365625 0.7431141359375 0.6180785359375001 0.7561951484375
3 0.24197519375 0.473087234375 0.240976703125 0.48989424374999996 0.242704175 0.49977947343749995 0.243566359375 0.5130494421875 0.2454352953125 0.5191560140625 0.2527334421875 0.5254412203125 0.2604446125 0.527401540625 0.26822703125 0.524696746875 0.27882628125000003 0.513037578125 0.281079334375 0.50809470625 0.2910951859375 0.49781452187499997 0.294960071875 0.4758586453125 0.30359539999999996 0.42827561562499994 0.307017315625 0.409471634375 0.3010160671875 0.403660890625 0.29764062812500003 0.38886892500000003 0.2954020390625 0.370145996875 0.29075964375 0.3560525578125 0.28297929375 0.34765421406249997 0.2755603390625 0.342228615625 0.26866385937500004 0.33862961875 0.2609423609375 0.33812882499999997 0.25498034999999997 0.33758311406249997 0.25271800624999996 0.3384339453125 0.250857328125 0.341970984375 0.24804668749999997 0.371672109375 0.248465903125 0.388093971875 0.2481117296875 0.40031640625 0.2422622546875 0.4433236390625 0.24042841875 0.464688375 0.24197519375 0.473087234375
3 0.54492050625 0.7237066015625 0.5606185499999999 0.7048747421875 0.5772118234375 0.6838311375 0.5834681203125001 0.6698084328125 0.5879453125 0.653198128125 0.595861971875 0.6315194953125001 0.6021007171874999 0.6037611375 0.572159521875 0.6033517171875 0.5557624421875 0.596664325 0.54868423125 0.5971305250000001 0.534981103125 0.5934515031250001 0.524998296875 0.5882499703125 0.517830253125 0.5851971984375 0.514317471875 0.6060337796875 0.5088500453125 0.6490947046875 0.5137691578125 0.6889402359375 0.5160366562500001 0.714387721875 0.5261289125 0.7257407437500001 0.54492050625 0.7237066015625
3 0.291869609375 0.4964623828125 0.29377777968749996 0.5078339859375001 0.29800818125 0.5207007406249999 0.30893578125 0.5274960328125 0.3248000609375 0.53381635 0.3536333140625 0.544881290625 0.3721626359375 0.5474854171875 0.379985325 0.5444940875000001 0.3816653046875 0.539470675 0.3847123953125 0.5358081796875 0.38282591093749996 0.5159659546875 0.3866618859375 0.4872855171875 0.3951237390625 0.45341129531249996 0.401913871875 0.4342040984375 0.395181575 0.4128042515625 0.387504484375 0.389810646875 0.3795444703125 0.3743743609375 0.3672507921875 0.360666584375 0.35915860781250003 0.353101 0.3492955765625 0.352591428125 0.3418053734375 0.35183094375 0.33388252500000004 0.35276282812500004 0.317650646875 0.3767791796875 0.31107115625000004 0.398645740625 0.3073384421875 0.41273091562499997 0.30189476875 0.43621808125 0.29511082499999997 0.47617202656249996 0.291869609375 0.4964623828125
3 0.824108775 0.4836050765625 0.819905215625 0.48856601875 0.8182025156250001 0.5076116203125001 0.8153929078125 0.5317611765625 0.813792434375 0.5417630875 0.812343746875 0.5465268109375 0.810513015625 0.551236840625 0.814563753125 0.557065653125 0.8205051140625 0.5605304171875 0.82623583125 0.5613358171875 0.8329423203124999 0.5593563968749999 0.8392368187500001 0.55615029375 0.8449086828124999 0.5490581453125001 0.8494447296875001 0.5403453890625001 0.8539714843749999 0.5275405921874999 0.8564269203125001 0.5156134703124999 0.8591952234375 0.49730201875 0.8619728203125 0.4830826109375 0.8632728203125 0.46690236875 0.8636755203125001 0.464037009375 0.8626708375 0.4600972671875 0.854426865625 0.45776987187499996 0.8472474609375 0.4617281953125 0.8398770328125 0.465659671875 0.8328184390625 0.46875838906249995 0.82900621875 0.4778650671875 0.824108775 0.4836050765625
3 0.1673643265625 0.521624846875 0.175234509375 0.5335421609375001 0.1922149875 0.5388505671875 0.20472240937500003 0.5385630015625 0.2138120515625 0.5348731453125 0.2146370703125 0.53177494375 0.22107509687500002 0.51368704375 0.2285384609375 0.49661982968749996 0.234915565625 0.48173751875 0.24133190937500001 0.4721202390625 0.240307609375 0.46554798281250004 0.230202959375 0.46675762656249997 0.2225620015625 0.46568375937499995 0.21698410625000003 0.4540886046875 0.213233840625 0.4544381265625 0.21050891093750002 0.4558083359375 0.207664203125 0.4524865828125 0.2052314875 0.4503915140625 0.20106923124999998 0.4495143515625 0.19213963437499998 0.45760963437499996 0.18277739375 0.46739728593749996 0.1741782140625 0.482843890625 0.16811294062499998 0.4968934421875 0.1665424109375 0.5080683421875001 0.1673643265625 0.521624846875
3 0.38551470781249997 0.49267600624999996 0.3826348859375 0.5159391078125 0.386108415625 0.5438936546875001 0.3938577890625 0.5566705765625 0.4091779046875 0.5696349109375001 0.4266705328125 0.5782294453125 0.4455715765625 0.582346790625 0.46108581875 0.5786832656249999 0.467279125 0.5789692875 0.47513175781249994 0.5771509484374999 0.4881812734375 0.581322503125 0.4937209671875 0.58210105625 0.50029735625 0.5768892015625 0.506161278125 0.5642723296875001 0.5085454656249999 0.557010321875 0.5131124890625001 0.5439189890625 0.5190001671875 0.5117283593749999 0.5229683125 0.47517722031250004 0.523217171875 0.434597021875 0.5148709874999999 0.38725715781250003 0.5039661093750001 0.36643967499999996 0.48825361875000006 0.35488117343750003 0.4700764015625 0.35115775 0.43866483437500003 0.36398267500000003 0.423069015625 0.3737708421875 0.4145193984375 0.39302295468750004 0.41174076875 0.4127939328125 0.4047699390625 0.4305147546875 0.4010382578125 0.4390483625 0.3922563125 0.46411173437500003 0.38551470781249997 0.49267600624999996
3 0.7703897468750001 0.48189926875 0.76321034375 0.48585759375000004 0.7568859015625 0.48789070468749995 0.752140246875 0.488392528125 0.7495340578125 0.5000062671875 0.7450155609375 0.5224546765625 0.7438177875 0.5295912281249999 0.74711475625 0.5338531265625 0.7499481015625 0.544185975 0.75265238125 0.5457348171875 0.7545719125 0.5500953265625 0.7580402875 0.5517515578125 0.7596386921875 0.552852784375 0.76139714375 0.5583594390625 0.7633362921875 0.5653524640625001 0.76526615 0.568253446875 0.7709359453125 0.5722644359375 0.7791592656249999 0.5775108828125 0.782135109375 0.578513503125 0.7859359703125001 0.57641791875 0.7914766984375 0.5716449031249999 0.7987769124999999 0.5668269734375 0.8037342421875 0.5634329421875 0.80663058125 0.5594570640625001 0.8093864906249999 0.5537082765625 0.8125750421875001 0.5462671203125 0.8139937843749999 0.5403304078125 0.8158162609374999 0.5259767656250001 0.8180817062499999 0.5084712296875 0.8204700296875 0.479002946875 0.8234087046875 0.46363739531250003 0.8223441359375 0.45735167499999996 0.8219527953125001 0.4532059390625 0.8167559140625 0.44721604531250003 0.80859248125 0.444315578125 0.7963246109375001 0.4539870640625 0.7851822328125 0.466738684375 0.7774287234374999 0.4761680359375 0.7703897468750001 0.48189926875
3 0.8418192234375 0.6722226375 0.8470450296875001 0.6308809281250001 0.8491535328125 0.5923152593750001 0.8495510765625 0.5631515828125 0.8469097890624999 0.5472940140625 0.8404232328125 0.5560248390625 0.8304889546875 0.56018038125 0.8249688765625001 0.5620343437499999 0.820354359375 0.560217034375 0.81471450625 0.5573790359374999 0.8105532859375 0.5509503062500001 0.8074855421875 0.557531853125 0.8044983374999999 0.5635403296875 0.7990980375000001 0.5700862546875001 0.8015286859374999 0.5832844609375 0.8038457453125 0.6125374531250001 0.8028627343749999 0.6541832546874999 0.8121712765625 0.6627963703125 0.8168653015625 0.669592178125 0.821145265625 0.6862644390625 0.8293572265625 0.6985219828125 0.8367080359375001 0.691957990625 0.8418192234375 0.6722226375
3 0.5124258328125 0.5598932375000001 0.5132570390625 0.5775417843749999 0.5291099578125 0.5908731953124999 0.5435369109375 0.5949461390625 0.548915525 0.5968708359375 0.5557221718750001 0.5969508609374999 0.5715461796875 0.6035577125 0.6035886390625 0.6042624453125 0.6224514796875 0.5975631906250001 0.6319334984375 0.5924674999999999 0.640150628125 0.5769672 0.6462355203125 0.5655501671875001 0.651579034375 0.5400035546875 0.6575617140625 0.483574053125 0.6578911140625 0.44242078281249997 0.652358659375 0.40278125 0.639271975 0.382241525 0.6165824640625 0.3676570984375 0.6047090374999999 0.364819615625 0.59254339375 0.36544740937500003 0.5858369046874999 0.367426828125 0.5699096359375 0.37541523906249996 0.5521588562499999 0.40330885937499994 0.5396059953125001 0.43164080312499997 0.5287331109375 0.4549493359375 0.5268001515625 0.468703059375 0.5189702234375 0.51055536875 0.5124258328125 0.5598932375000001
3 0.64982780625 0.54969208125 0.6463862734375 0.5658635484375 0.6365397578125 0.5846411984375 0.6383983671875 0.5922072953125 0.6423788921875 0.5971496546874999 0.65103485625 0.600703734375 0.6632407703125 0.5997894046875001 0.6809048046874999 0.60577826875 0.6921452718750001 0.60618923125 0.7012142625 0.6054184265625 0.7092279765625 0.6024539437499999 0.7190528046875 0.5921469140625 0.7283148890625 0.5802998203125 0.7320568953125 0.5703066859375 0.73735910625 0.5505981796875 0.743908653125 0.5275586296875 0.752744296875 0.48409448906249997 0.756368596875 0.458306259375 0.7583738390625 0.434335853125 0.7554413671875 0.4163919921875 0.7496311453125 0.4106080953125 0.74079448125 0.40556764375 0.7305700546875 0.40208532343750003 0.72099820625 0.40366204375 0.704699215625 0.41013723437499994 0.67814171875 0.4341633921875 0.66498894375 0.4445871 0.65931604375 0.45723081875 0.6576422546875 0.4830009796875 0.64982780625 0.54969208125
3 0.740042703125 0.6631783984374999 0.7527308374999999 0.6103210453125001 0.75317794375 0.584962875 0.7517024171875 0.5718989015625 0.74774254375 0.5640374921875 0.7436505015625 0.564046784375 0.74217290625 0.5620859484375 0.737216609375 0.559928409375 0.7359806343749999 0.556248359375 0.731895815625 0.57145283125 0.7280133796875 0.579673053125 0.724573915625 0.5847413828125 0.7168606765625001 0.5938841984375001 0.70918770625 0.6027404796875 0.701515771875 0.6060451921875 0.6919542484375001 0.6061623843749999 0.6810555578125 0.6060916515625 0.67801465625 0.630500896875 0.6714423890625 0.6675626359375 0.6664509796875 0.69198995 0.674290184375 0.7082858421875 0.6835460609374999 0.7297481593749999 0.7063491578125001 0.7282777984375 0.7222165390625 0.7179434078125 0.731077990625 0.697858534375 0.740042703125 0.6631783984374999
3 0.230011934375 0.4667307796875 0.240729928125 0.465315140625 0.24205057812500003 0.44621584375 0.2445173734375 0.427277628125 0.248011571875 0.3982569625 0.24827591249999997 0.3825155578125 0.2430077828125 0.3811907796875 0.23258407499999997 0.368038003125 0.22475416093749997 0.3558341515625 0.22197966875000003 0.3533988546875 0.21784735624999998 0.35369468125000003 0.21513790625 0.37990368281250003 0.21186364218749998 0.41567575312500005 0.2121011265625 0.4361628140625 0.21619006562499998 0.452808228125 0.222753025 0.46571060624999994 0.230011934375 0.4667307796875
3 0.30568318906249997 0.6088536453125 0.31841364687499996 0.59866278125 0.330269525 0.5877646109375 0.3339526765625 0.569873928125 0.3387210515625 0.5553499140625 0.34328807656250004 0.54225858125 0.32865048125 0.5355262734374999 0.3085537328125 0.5274423406250001 0.29826941875 0.52161404375 0.2936672953125 0.50723406875 0.291909878125 0.49617584687500005 0.281079334375 0.50809470625 0.2787860125 0.5133241140625 0.2728529109375 0.5195029625 0.272379996875 0.5214818671875 0.2627224375 0.551389503125 0.25600045 0.582586290625 0.2565497671875 0.6022405890625 0.260368178125 0.6138806609375 0.27603214062500003 0.6160820874999999 0.30568318906249997 0.6088536453125