3 0.5243792875 0.5334428984375 0.5216443515625 0.5337303515625 0.5203742578125 0.538388065625 0.5212242578125 0.5416918921875 0.517636884375 0.553002478125 0.519439775 0.5701558359375001 0.5233995140625 0.600655165625 0.5226132109375 0.6075241421875 0.5301639828125 0.6052224500000001 0.5399254859375 0.607212621875 0.5465331812499999 0.6102883109375 0.5538206328124999 0.61743975625 0.5592758124999999 0.6262918546875 0.5632404296875 0.62813726875 0.56740223125 0.624683696875 0.5673642578125 0.6171473187500001 0.5659275781249999 0.6010865265625001 0.5601098437500001 0.569651425 0.55862171875 0.5483177796875001 0.55467423125 0.5227184015625 0.54561205 0.48672306406250004 0.53955671875 0.46737752656250003 0.53557985 0.4606321609375 0.5345204125 0.457727365625 0.53126249375 0.45543065625 0.525988590625 0.45787005937499997 0.5210539546875 0.4659290796875 0.51818675 0.474524840625 0.51526688125 0.48501122968750005 0.5212327921875 0.4915475390625 0.529369025 0.5091662921875 0.530621990625 0.5282625421875 0.5287885 0.5371266734375 0.5243792875 0.5334428984375
3 0.3719823375 0.623733103125 0.3808767125 0.6461734125 0.385873825 0.655450675 0.395817825 0.66156886875 0.40385360625000005 0.6543149609375 0.41569966875000003 0.633087909375 0.43445715937499996 0.5986928296875 0.4426374609375 0.588030565625 0.4451017015625 0.56364238125 0.44418922343749995 0.54300226875 0.44118115468749997 0.5335159484374999 0.434313796875 0.5184029609375 0.419071390625 0.5049242640625 0.40908697812500006 0.50559665 0.3927030890625 0.5099577953125001 0.37917171562499996 0.515150184375 0.3609041109375 0.51593913125 0.3558653671875 0.520615928125 0.35219960625 0.5311807140625 0.352824259375 0.5514740578125 0.355281184375 0.57006675 0.36219876875 0.5976160671875 0.3719823375 0.623733103125
3 0.5412750671875 0.4430677375 0.548838090625 0.445666 0.55347143125 0.43952373749999996 0.5605249421875 0.43727430937499995 0.579172228125 0.43531440000000005 0.5814111203125 0.42791573281249995 0.581543390625 0.41960742343749996 0.58494705 0.41133229687500006 0.5888087765625001 0.40263200625 0.5891639546875 0.391661140625 0.5859611390625 0.373146846875 0.5745302328124999 0.3385315265625 0.565374975 0.311217396875 0.5611237546875001 0.30186173906249997 0.5549753468749999 0.29119740781250003 0.5482378203125 0.2821030703125 0.54251688125 0.2970310671875 0.5348215875 0.302741115625 0.52542629375 0.3018435078125 0.5163567984374999 0.3088290453125 0.5109249015625 0.31694033125 0.5059914859375 0.317835871875 0.49821780625 0.32280012187499996 0.49255075000000004 0.3286740125 0.4874850640625 0.33787786249999996 0.483270596875 0.34322206093749996 0.47988040937500004 0.3492336609375 0.48779373281250005 0.3695149734375 0.49942304374999996 0.391667828125 0.5101619421875 0.41730743593749997 0.519803428125 0.43250586875 0.5293420234374999 0.43715859999999995 0.5412750671875 0.4430677375
3 0.4470993390625 0.5898237140625 0.4506953078125 0.60490351875 0.4637221046875 0.64274426875 0.47255034531250006 0.6693387328125 0.48340926093750003 0.6817700796875 0.4964029609375 0.6834205343749999 0.5086127968749999 0.6776130078125 0.515511971875 0.659545025 0.520620509375 0.6292236359375 0.5223253875 0.607177375 0.5229549171875 0.5988168015625 0.520354690625 0.5764689890625 0.518955984375 0.5679445734375 0.5180545390625 0.5593678953125 0.5175327750000001 0.5496202546875 0.520975628125 0.541718025 0.5211985359375 0.5390554671875 0.5216051578124999 0.5333574515625 0.5240914625 0.53309613125 0.52882769375 0.5374995734375 0.5308448984374999 0.525599984375 0.5288717640625 0.50921855625 0.5212719859375 0.4919204375 0.506448453125 0.477643678125 0.47252938125000005 0.4849789015625 0.4585276875 0.4856965015625 0.4545361296875 0.4883781421875 0.446328884375 0.5035674593749999 0.4430036125 0.512588384375 0.44004333124999995 0.5298653546875001 0.444725678125 0.543322903125 0.44583412187500004 0.5658275109375001 0.4470993390625 0.5898237140625
3 0.59332221875 0.562767496875 0.5868516703125 0.5227295828125 0.5813989296875001 0.49955052499999997 0.5719166546875 0.4715167296875 0.5645263140625 0.45381958125 0.5605494453125 0.447074215625 0.5540201375 0.444744325 0.5494002671875 0.448623059375 0.5461803234375 0.4538627296875 0.5458386156249999 0.4625700703125 0.5454185218750001 0.47053161093750007 0.5463199671875001 0.479108290625 0.5444742265625 0.4830724703125 0.5543472140625 0.5219987359375 0.55955010625 0.5523674062499999 0.5601490375 0.5700243234375 0.5645815359374999 0.5906714843749999 0.5662950062500001 0.5950156125 0.580019909375 0.6060146765625001 0.5933124656250001 0.6200753296875 0.5961257875 0.620533675 0.5957093515625 0.6070047781250001 0.596314378125 0.5888443015625 0.59332221875 0.562767496875
0 0.3212359984375 0.6264276296875 0.3249789265625 0.6237721203125 0.3279759625 0.6211950078124999 0.3276758875 0.6159482890625 0.3272055671875 0.6114735 0.32677444218749996 0.607371609375 0.3238827328125 0.6061674671875 0.32241667343749997 0.6089606859375001 0.319196728125 0.6142003546875 0.3146821859375 0.6142978343750001 0.31045546874999996 0.6147420796875 0.3083488453125 0.613832440625 0.3061111703125 0.6140676296875001 0.30405721093750004 0.6112673609375 0.300326534375 0.618822821875 0.3022886375 0.6231408187499999 0.30652760625000003 0.627596525 0.31098948437499996 0.6293896734375 0.3156742703125 0.6285202640625001 0.3212359984375 0.6264276296875
1 0.39715283437500004 0.6599204796875 0.40356578125000003 0.65396819375 0.409207115625 0.6454578765625001 0.41487539062499995 0.6324205078125 0.41254707812499997 0.627009946875 0.4081109234375 0.6278532234374999 0.40355718749999997 0.627577803125 0.4009790265625 0.629356853125 0.3969617453125 0.6294020671875 0.392276959375 0.6302714765624999 0.390039284375 0.630506665625 0.3850936171875 0.6265022546875 0.38061826875000004 0.6269726328125 0.3761049453125 0.6199066328125 0.3715512109375 0.6196312125000001 0.3733295984375 0.6269846671875 0.3809550984375 0.646919209375 0.3853373703125 0.6551300390625 0.39453547968749997 0.6613266296875 0.39715283437500004 0.6599204796875
0 0.5348560828125 0.561372165625 0.5363343953124999 0.5634789 0.537066815625 0.5656640296875 0.5387668171875 0.5722716859375 0.539708675 0.574057784375 0.5405072296875 0.5720887609374999 0.5404557859375 0.566815909375 0.5392273234375 0.5575195640625 0.5373827999999999 0.5543202640625 0.5362057828125 0.5502967703125 0.5351206234375 0.544755546875 0.5375028187499999 0.5411120015625001 0.5396106609375 0.5348581640625001 0.5371121046875 0.5302195328125 0.53453394375 0.53199858125 0.5321382765625 0.5379056531249999 0.531300528125 0.539501778125 0.5298748796874999 0.5355044171875 0.5295601140625 0.539684703125 0.5295588953125 0.5468481828125 0.53077510625 0.5512445765625 0.531219703125 0.553082940625 0.5331303609375 0.5521280843749999 0.5332736625 0.5558832078125 0.5348560828125 0.561372165625
3 0.611949878125 0.522353765625 0.6108058984375 0.4779858234375 0.6087825375 0.4491680640625 0.6056311671875 0.4359266203125 0.5981073375 0.433701259375 0.5833989453124999 0.43487015468749995 0.5722105734375 0.4360461 0.5613100265625001 0.4375688125 0.5535890109375 0.44064243437500006 0.5491259140625 0.44601276562500003 0.5497407546875 0.4470792 0.5536539265625 0.44365175937499995 0.5608764625 0.44779388124999997 0.564199296875 0.4530999140625 0.5753044046875 0.4798320875 0.5809151390625 0.4973392625 0.5880286890625 0.5267530765624999 0.5940803625 0.5675890531250001 0.5959873609375 0.5881246359375 0.5965471 0.6054086546875 0.605116896875 0.6128023390624999 0.6097624890625 0.6115600296875 0.6118960546875 0.6079426171875 0.6119389046875 0.5868250781250001 0.6130289421875 0.563712384375 0.611949878125 0.522353765625
0 0.5228066796874999 0.5471808499999999 0.522295946875 0.5494966421874999 0.524402571875 0.5504062828125 0.524284990625 0.5492875859375 0.523303940625 0.5471285859374999 0.5228066796874999 0.5471808499999999
0 0.5364225953124999 0.583451609375 0.536134771875 0.5831048421875 0.5353888796875 0.5831832375 0.5349834765625 0.5817177734375 0.533897096875 0.58334003125 0.5340930640625 0.5852045265625 0.535126778125 0.585472896875 0.535336215625 0.585073865625 0.536736140625 0.5864348015624999 0.5364225953124999 0.583451609375
0 0.5352737390625 0.5677375828125 0.5328927625000001 0.5642176484375 0.5310482390625 0.56101835 0.53056445 0.5588070875 0.5308265515625 0.556517428125 0.5303427609375 0.554306165625 0.5295184828124999 0.5536387640625 0.5292037171875 0.55781905 0.5283524984375 0.5616787015625 0.5299483890625 0.5649041328125 0.5320807359375 0.5684501984375 0.5350900234375 0.5707730390625 0.5352737390625 0.5677375828125
1 0.47835948437500003 0.6743834453125 0.48333087499999994 0.6810242828125 0.48928453593750004 0.6826606375 0.49760692031250003 0.682916975 0.501925496875 0.6809550015625 0.5086654609375 0.6757223812500001 0.5137188953125 0.6616185781249999 0.5148848796875 0.6535786406249999 0.515880621875 0.64631063125 0.5111958359375001 0.647180040625 0.5069299234375 0.6472513875 0.5008317421874999 0.6490233875 0.496722603125 0.65058633125 0.49403911406249995 0.6561466375 0.49110821250000003 0.6545695953124999 0.48824222656250005 0.656001878125 0.4778536296875 0.64804531875 0.4662096296875 0.63531946875 0.46405034062499995 0.63630045625 0.46467743281249996 0.642266840625 0.468954378125 0.654258928125 0.4712949421875 0.6645694421874999 0.47835948437500003 0.6743834453125
0 0.5217325515625 0.5537030609375 0.521039325 0.5518908296875 0.5194422140625 0.555828878125 0.5196381796875 0.5576933734375 0.520815196875 0.5617168671874999 0.5212867359375 0.5590281765625 0.5219677109374999 0.55594045625 0.5217325515625 0.5537030609375
3 0.2984783546875 0.6371139593749999 0.30559678125 0.6378738578125 0.31849984375 0.6338785609375 0.3286949125 0.625643665625 0.336208928125 0.608642115625 0.3446917453125 0.5888996125 0.35185180312500003 0.57570545 0.3522914640625 0.5296629859374999 0.350606153125 0.513628325 0.347518478125 0.5105596859375 0.34250789375 0.50354595 0.3357042328125 0.4986057671875 0.3295938 0.49547781406249997 0.3222010203125 0.4921076234375 0.3153838890625 0.4894309671875 0.30855328593750003 0.4890178359375 0.3012511453125 0.491293396875 0.29659208125 0.49479923125 0.292587053125 0.49974439843749996 0.285925475 0.5057228171875 0.2798003515625 0.5120218703125 0.276893953125 0.5202447328125 0.27167149375 0.5279569875 0.269498734375 0.5312015015625 0.2667233875 0.538279534375 0.2676885296875 0.5570290171875001 0.2723953796875 0.580286471875 0.27647391875 0.6047410203125 0.2815886109375 0.6151369796874999 0.289489684375 0.6305183375000001 0.2984783546875 0.6371139593749999
1 0.5203742578125 0.538388065625 0.521145871875 0.5409460937499999 0.5176503546875 0.5507389515625001 0.518237034375 0.5634959171875 0.523452178125 0.5987645374999999 0.5224037734375 0.6079231734375 0.5304909999999999 0.605942115625 0.5402133109375 0.6075593890625 0.547148021875 0.61135474375 0.5541868421875 0.618532321875 0.5591974265624999 0.6255460578125 0.5616188156249999 0.6222754109374999 0.5598796203124999 0.61529485625 0.557028325 0.607300134375 0.5547269546875 0.59736251875 0.5605899765625 0.5933531234375 0.55641958125 0.5704163046875 0.5514481906250001 0.5637754687500001 0.5519344187499999 0.551659771875 0.5541206484375001 0.5461517328125 0.5489386015625 0.54707340625 0.5483776437500001 0.5369528640625 0.544125203125 0.534760684375 0.5420981859375 0.5274333625 0.53978334375 0.519759275 0.53677405625 0.517436434375 0.5305974875 0.5184626359375 0.530753040625 0.5271177125000001 0.5291939046875 0.5385921375 0.5234239578125 0.533920325 0.5219713687499999 0.5344500171875 0.5203742578125 0.538388065625
3 0.2473155203125 0.5497448453125 0.24391551875 0.536529534375 0.2384480859375 0.5227774828125 0.23428750312500002 0.519067575 0.2311728875 0.5205259890625 0.22545560468749998 0.5139635484375 0.21859927968749998 0.51091399375 0.20882430468750002 0.511187346875 0.20657316093750003 0.5136860624999999 0.20918685781250002 0.53377035 0.2141276484375 0.5664286781250001 0.21942239843750003 0.59527961875 0.22414272031250002 0.616273546875 0.2301588578125 0.6352461859375 0.23882295 0.6267951828125 0.2456694625 0.610617828125 0.24650965 0.5946947453125 0.2456486171875 0.5793274859374999 0.24907921718749998 0.5665253046875 0.2473155203125 0.5497448453125