3 0.75265391875 0.352703559375 0.7511925125000001 0.3756744296875 0.7563358625000001 0.4200520484375 0.7575116203125 0.4860770828125 0.753649990625 0.52044589375 0.7694991953125 0.527634434375 0.7896733015625 0.5358443734375 0.807048340625 0.5335759999999999 0.8188405109374999 0.5198886828125 0.8272707515625 0.4917198546875 0.8315062093750001 0.450217978125 0.8334749468749999 0.383165628125 0.8322466374999999 0.337801078125 0.8300651125 0.32536827968750004 0.8294924937499999 0.301893440625 0.8266595234375 0.29697653125 0.81868956875 0.2917904046875 0.80418140625 0.293414284375 0.7881529171875 0.294561115625 0.7680508703125 0.304633971875 0.750691090625 0.3164400234375 0.7460546671875 0.32136285 0.75265391875 0.352703559375
0 0.6510345359375 0.6060657703125 0.65345001875 0.6042055093750001 0.6552894984375001 0.6035071734375 0.658073303125 0.6044478046874999 0.65884385 0.6044881875 0.6598636171875001 0.5997731921875 0.6590155046875 0.5913839750000001 0.657313771875 0.5845395015625 0.6543977265625001 0.58120771875 0.6516554593749999 0.579474521875 0.6482180875 0.571346978125 0.6484257703125 0.5673841609375 0.6493624625 0.5642542921875 0.6504937 0.5623267281250001 0.65170038125 0.554045196875 0.651490575 0.5433052140625 0.6482630078125 0.5459176515624999 0.6457513140625 0.5545281609375 0.6427619484375 0.5722531421875 0.6396009312500001 0.6030823390625 0.6413857390625 0.6083416875000001 0.6432951546875 0.6112233453125 0.645822109375 0.6121505171875 0.64954260625 0.6099612796875 0.649882528125 0.6083896140625 0.6510345359375 0.6060657703125
3 0.5062550828125 0.503506775 0.5067577671875 0.52340161875 0.50885621875 0.53741954375 0.51656169375 0.5378233703124999 0.5177988953125 0.548617196875 0.524596075 0.5565234515624999 0.5360580765625 0.563879440625 0.5383150453125001 0.569958271875 0.5431405046875 0.5761717140625 0.5452444640625 0.580255678125 0.550334403125 0.5912514203125 0.555945671875 0.6070429234375 0.5729184843749999 0.607535059375 0.5986657046875 0.6076923062499999 0.6205733265625 0.6024825140625001 0.62975546875 0.5894531515625 0.6328923328125 0.5836569984375 0.639915840625 0.57250135625 0.64581361875 0.5533393156249999 0.6500795984375001 0.530912796875 0.6508535296875 0.50631641875 0.651448178125 0.4900554140625 0.6462238765625 0.46196572187499996 0.645475359375 0.42218949375000003 0.6400183625 0.3690533 0.6182069515624999 0.367512840625 0.60316983125 0.3595721203125 0.5903328796875 0.34896511406249997 0.5831750109375 0.34302680625000004 0.573928440625 0.34254221406249996 0.56722959375 0.3425885125 0.5606629875 0.34502596093750004 0.54884241875 0.3543407203125 0.5406461359375 0.368216490625 0.530880359375 0.3776389375 0.523203284375 0.3816076703125 0.5239759546875 0.3963508515625 0.5182464453125 0.427045440625 0.5116688234375 0.449350809375 0.5074443796875 0.4709847640625 0.50679505625 0.493203453125 0.5062550828125 0.503506775
0 0.6157093140625001 0.6658068 0.6187893796874999 0.6512655296875 0.6138185421875 0.647826059375 0.61202610625 0.6377978718749999 0.611045753125 0.6270175046875 0.6146056125 0.6180645609375001 0.6176649125 0.6039195703125 0.599436253125 0.6077326890625 0.5754454390625 0.6084622328125 0.5696231046875 0.62127030625 0.559447471875 0.6286844234375 0.5567336015625 0.6313237843749999 0.554860215625 0.6375835249999999 0.551598740625 0.6457573671875 0.5496783109375001 0.66274363125 0.55340093125 0.6752571953125 0.5627042984374999 0.684486903125 0.5846064125 0.6892110734375 0.6035979874999999 0.6806695015625001 0.6157093140625001 0.6658068
3 0.15824059375 0.5488473046875 0.164414725 0.5686420062499999 0.1744886390625 0.5779120984375 0.181721953125 0.5774964390624999 0.19227141406249998 0.5629492546875 0.18986694531249998 0.5449415921874999 0.1850690234375 0.489058346875 0.18388351249999998 0.403561671875 0.1842870015625 0.3614616 0.1780942234375 0.3567659796875 0.1716785015625 0.346495496875 0.1695669125 0.33764269375 0.1655950734375 0.3298845078125 0.157580196875 0.35012770625 0.1504079265625 0.38869408125 0.14843494375 0.42634082968750003 0.149198721875 0.47565473437500005 0.15435733437500002 0.5295700328125 0.15824059375 0.5488473046875
3 0.6493704953125 0.47564120625 0.6550254203125 0.5053429484375 0.6606104140625 0.53146469375 0.67346813125 0.5416754187499999 0.7027904734375 0.542417396875 0.7111003484375 0.5460318578125001 0.7284546203125 0.5441597687499999 0.7504923578125 0.526638328125 0.7545790546875 0.5125471828125 0.7570733656249999 0.47969619531249996 0.7567741203125 0.4264329359375 0.7512679546875 0.3693204625 0.751216665625 0.3506413859375 0.7448818937499999 0.3240829765625 0.7354441656249999 0.29775931718750004 0.73107560625 0.28282768125 0.722625859375 0.2720532296875 0.70692203125 0.2620907171875 0.6873654671875 0.25192629218749996 0.67864785625 0.26100629999999997 0.6718057546875 0.27852937031249997 0.6665691765624999 0.3096471625 0.6566262390625 0.3421077828125 0.6418447046875 0.3735200828125 0.6454851140625 0.44166113593749995 0.6493704953125 0.47564120625
1 0.63892871875 0.610994509375 0.6407156484375001 0.6309566578125 0.6458623828125 0.650697515625 0.6594380984375 0.6816091078125 0.6862300984374999 0.706060675 0.6909856234375 0.708694121875 0.6965587390625 0.7006414265625 0.6982223203125 0.6836417031249999 0.69415765625 0.657997003125 0.686623834375 0.6444889640625 0.6802441421875 0.643359878125 0.6745837078125 0.6235920984375001 0.6674105765625 0.6081161109375001 0.66374263125 0.5896448640624999 0.659291 0.576298353125 0.6539857484375 0.5644965875 0.651090471875 0.5607685234375 0.651609678125 0.5508614828125 0.6520042734375 0.543332134375 0.6480269265625 0.5455079109375001 0.64577208125 0.5541318796875 0.6428242531249999 0.5710642984375001 0.6395593953125001 0.603874903125 0.63892871875 0.610994509375
3 0.39562302968749996 0.5012851234375 0.3934588875 0.51309280625 0.39216362656250003 0.5328934234375 0.3901448625 0.5419271328125 0.3813463015625 0.56729506875 0.3836939734375 0.576557615625 0.38264793125 0.591602853125 0.3784158578125 0.6084679687500001 0.37693919062500003 0.621901159375 0.382490275 0.6535843078125 0.3930647515625 0.6680464421875 0.40890632499999996 0.67046614375 0.4201093546875 0.6631058703125 0.429506809375 0.6508825296875 0.442635778125 0.61660203125 0.44865265625 0.6049962640625 0.448595859375 0.596251146875 0.4528355640625 0.584154871875 0.457080775 0.562124634375 0.461562065625 0.540504140625 0.46516134062500003 0.51605583125 0.46965238593749997 0.513906978125 0.475874825 0.48363559375 0.4776553859375 0.45948934062499996 0.47756255937500003 0.4416028265625 0.47644996562499997 0.42843130937499996 0.4713884265625 0.421808125 0.46007180312499996 0.41167816718749994 0.4388495328125 0.403810665625 0.4254518390625 0.4039032609375 0.4174895171875 0.4034859734375 0.4140182375 0.4009198328125 0.4014817953125 0.40423652499999996 0.3951305015625 0.407479996875 0.384344959375 0.42161744062500006 0.3784603203125 0.43561435781249996 0.37714979843749996 0.445877296875 0.3821698015625 0.45329304375 0.38745979375 0.45555712968749995 0.3890784546875 0.4639867296875 0.39162066875 0.47445158125000003 0.394212053125 0.48889270781249994 0.39562302968749996 0.5012851234375
3 0.269256684375 0.7108318125 0.2791699609375 0.713338196875 0.292609190625 0.7124530359375 0.3067698 0.7076319828125001 0.3208604765625 0.6992309328124999 0.330792396875 0.6866382343749999 0.33918873125000004 0.664030809375 0.3429410125 0.6415773703125 0.35537699843750004 0.6156053234375001 0.3747555421875 0.5947655609375 0.381384453125 0.5911392671875 0.3830272671875 0.574535825 0.382879765625 0.5626069953124999 0.3748114796875 0.549468315625 0.361349359375 0.53604695625 0.341492284375 0.5119588312500001 0.32501027968749996 0.497187096875 0.3134160375 0.48743995937499995 0.304475484375 0.49094510468749997 0.29570870781249997 0.4960488359375 0.2916766859375 0.504182296875 0.2849066421875 0.5399881625 0.2775037984375 0.5682108343750001 0.2711720109375 0.6103975859374999 0.26830599374999997 0.6650844421875 0.26922065625 0.701690415625 0.269256684375 0.7108318125
3 0.4719559953125 0.6026412109375 0.47486102499999994 0.6258409140625 0.4723951125 0.6630644593749999 0.47584011562499995 0.67596084375 0.48167220312500003 0.6826244109374999 0.49451466093749996 0.6832974546874999 0.5013173484375 0.68126975 0.512284296875 0.6734997328125 0.5217156578125001 0.6557149921875001 0.5288201156250001 0.628271421875 0.5429120546874999 0.5805308109375 0.53791281875 0.5727187828125 0.5333442078124999 0.5665188015625 0.5194306937500001 0.551881678125 0.5152359125 0.538548628125 0.5076135093749999 0.536559675 0.5050768015625 0.5161608625 0.5053730640625 0.500678959375 0.5062093015625 0.47489373749999997 0.517281353125 0.42580275156249997 0.5210412640625 0.40811815156250003 0.496106128125 0.4072087265625 0.4868256515625 0.41228553593750006 0.482826275 0.4541971546875 0.47954277031250003 0.5021068421875 0.475836271875 0.5531733203125 0.47066750468749996 0.5731683046875 0.46638075625 0.5959911046874999 0.4719559953125 0.6026412109375
3 0.19443767812499999 0.565844371875 0.2020338046875 0.57816356875 0.2127328875 0.5902480125 0.22795692500000003 0.5946222015625 0.241839915625 0.5901839671875 0.250064596875 0.58068075625 0.26727687499999997 0.5569458734375 0.28157311093750004 0.529879209375 0.28862289375 0.5083933234375 0.296777640625 0.49531011718749995 0.3125963234375 0.4834233 0.324905578125 0.4451261421875 0.32835735 0.40874900312499995 0.3267289375 0.380847765625 0.3221471890625 0.3798129046875 0.3038825 0.3744846234375 0.2870474328125 0.3664496765625 0.274210484375 0.35584266875 0.26336602187499997 0.34653219687500003 0.253229803125 0.33845095000000003 0.2438018265625 0.33159893125 0.23594334374999998 0.32920023593750003 0.22339164218750002 0.3229792484375 0.206813425 0.3149577625 0.1942091703125 0.329397259375 0.1850651796875 0.36627082187500004 0.18485835781249998 0.424276 0.1851749875 0.5017797390625 0.1920692390625 0.5569781093749999 0.19443767812499999 0.565844371875
3 0.6480269265625 0.5455079109375001 0.64577208125 0.5541318796875 0.6425050999999999 0.57223968125 0.639746309375 0.60030836875 0.638817246875 0.6082070796875 0.6389024421875 0.621324753125 0.640375725 0.6325283234375 0.646272240625 0.6527058453125 0.659715715625 0.6812262859375 0.687431271875 0.7077131046875 0.7181777281249999 0.7156823796875 0.729554534375 0.7099206921875 0.7375223656250001 0.70040401875 0.738506103125 0.686547625 0.73626015 0.660600871875 0.7342579078125 0.6398327 0.7324010453125 0.6162905578125 0.7314677359374999 0.594783665625 0.7265002843749999 0.566707434375 0.7227624031250001 0.544656190625 0.7097953343750001 0.5463608359375 0.7033041718749999 0.5424443171875 0.6749676906250001 0.5425487453125 0.660332796875 0.5318475140625 0.6581512703125 0.519414715625 0.6554374015625 0.522054078125 0.653966240625 0.5255533078125 0.6530087796874999 0.5290794578125 0.6517737 0.53298843125 0.6515528796875001 0.54211636875 0.6480269265625 0.5455079109375001
1 0.5071205796875 0.536136471875 0.5139516656249999 0.5384813234375 0.515124440625 0.5357611953125 0.5187499890625 0.5009826453125 0.52185633125 0.47611113281249995 0.5302886953125 0.46264510468750003 0.5396446140625 0.451214328125 0.5472288640625 0.42935908281249996 0.5613250468750001 0.411024075 0.5661899203125 0.40174215156250004 0.5761655 0.40305968906249995 0.5772157875 0.417420053125 0.578681440625 0.423854784375 0.577780775 0.4361260515625 0.581044371875 0.442655009375 0.588328975 0.460918428125 0.6044973328125 0.466931584375 0.6109317015625 0.4621029859375 0.6160534234374999 0.452834525 0.6292773390625 0.451143340625 0.6299254015625 0.4682642125 0.6328359359375 0.48152995781249996 0.6343541421875 0.46730420468749995 0.6341574734375001 0.451399096875 0.6307124703125 0.43850271406249997 0.6268860093749999 0.427970559375 0.6251537546875 0.40205072499999994 0.6281168421875 0.394655984375 0.6322298140625 0.3702345984375 0.619942590625 0.3687959125 0.599164084375 0.3573753375 0.5816339140625 0.342946040625 0.5651332640625 0.3432733890625 0.5493353484375 0.354763925 0.5411806015625 0.36784713125 0.531928525 0.37729650000000003 0.523078675 0.3839853578125 0.52391365 0.397539696875 0.51762890625 0.428999925 0.5078597453125 0.4630591328125 0.5063000046874999 0.4780774515625 0.5061949 0.5193984203124999 0.5071205796875 0.536136471875
0 0.28393518125 0.49463707343749996 0.28428273437499996 0.497834246875 0.28548390625 0.49948667812499997 0.28574075625 0.4995001390625 0.28644136875 0.4959605265625 0.286822828125 0.493596296875 0.2867736609375 0.489620021875 0.2856347921875 0.4867787453125 0.284815078125 0.48276208593750003 0.2848074484375 0.477993246875 0.284203046875 0.47478261093749996 0.284410728125 0.47081979687500003 0.285347421875 0.46768992656249997 0.284659946875 0.46606441875 0.283321028125 0.47195479687499997 0.28317565 0.4747287671875 0.283696978125 0.4795245296875 0.284239075 0.483924009375 0.2839275515625 0.4898682328125 0.28393518125 0.49463707343749996
1 0.2575097796875 0.3649016734375 0.262745096875 0.37312344375 0.27007674375 0.3806603375 0.2768323875 0.38935915625 0.279353834375 0.4002202890625 0.2792673765625 0.42644217656250005 0.2833790859375 0.4413603515625 0.284229321875 0.46445237031250003 0.282425871875 0.4742921046875 0.2836575640625 0.4950198921875 0.283514309375 0.5124966640624999 0.279606896875 0.5182524359375 0.2780810625 0.5277093484375001 0.28109331875 0.5242908859375001 0.289393440625 0.5084337062500001 0.29596555625 0.49606229687500003 0.311221375 0.4801722828125 0.31560645625 0.46530203593749997 0.321657240625 0.44813486406249997 0.325324328125 0.41256375 0.32684253124999996 0.398337996875 0.32629831249999997 0.3792357171875 0.3127268421875 0.377729725 0.302855103125 0.3744307796875 0.2865337359375 0.36642275468749996 0.266538915625 0.349877440625 0.2553752984375 0.34174235 0.2415808875 0.334661496875 0.2414507703125 0.346973146875 0.24222894843749998 0.35178236875 0.2444782859375 0.3530923625 0.2486917140625 0.351326328125 0.2514831484375 0.3570358 0.2575097796875 0.3649016734375
0 0.2878514859375 0.45431057968750005 0.2887051078125 0.45276583593749997 0.288212175 0.4523426328125 0.2888297171875 0.45038814531250004 0.2878438546875 0.44954174062499996 0.2863934640625 0.45264468750000003 0.285519075 0.4545857125 0.28590816406249997 0.45699032500000003 0.2869147921875 0.45744045 0.2874907953125 0.4562785265625 0.2878514859375 0.45431057968750005
0 0.3052595703125 0.3924384421875 0.3063361359375 0.3964685609375 0.30798870156249997 0.399336759375 0.3091898734375 0.40098918906250003 0.3072673203125 0.403272653125 0.3063721640625 0.405609959375 0.3054354703125 0.40873982968749994 0.3064628671875 0.4087936734375 0.30812857031249996 0.40649674999999996 0.30981504375 0.40380354374999994 0.3114807484375 0.40150661875000004 0.3120775203125 0.3999484140625 0.3116676625 0.3979400859375 0.3138886015625 0.3948775203125 0.31104249375 0.39512573125 0.3110140953125 0.390753175 0.3111310734375 0.3836066453125 0.3115748375 0.380053571875 0.3106305125 0.3784146015625 0.30449453125 0.3824640984375 0.30371084531250003 0.3875888375 0.3052595703125 0.3924384421875
0 0.6014371734374999 0.4270342109375 0.6044078921875 0.42440830937499996 0.6033728671875 0.41958562656250004 0.599984659375 0.415434359375 0.595589825 0.41083296562499994 0.5951592 0.4092209171875 0.5961166625 0.4056947671875 0.596005190625 0.40290733437500004 0.593026840625 0.4007643953125 0.5897293390625 0.399796840625 0.5888964859375 0.400945303125 0.588494259375 0.4037058125 0.5901675953125001 0.406177728125 0.5921393140625 0.4078705421875 0.5930628703124999 0.40990579374999997 0.5905982203125 0.4077897765625 0.588800275 0.40769555 0.58698919375 0.4127664453125 0.5912517890625 0.4149766890625 0.595472846875 0.41797949375 0.5986326015625 0.42648986093749996 0.600695025 0.43136638749999995 0.6014371734374999 0.4270342109375
0 0.251626403125 0.3395590296875 0.24841197343750002 0.3370063484375 0.2459057859375 0.33568289375 0.24623257187499997 0.3392763515625 0.2439624640625 0.33836263906249997 0.24231752968750003 0.34026328281249996 0.24281808906250002 0.345455325 0.244338415625 0.345932371875 0.246372440625 0.346436340625 0.24826108750000003 0.3497142796875 0.24935841875000003 0.35334811875 0.25133014062500003 0.35504093281250004 0.2527258578125 0.3578956671875 0.2558779828125 0.36163719375 0.2575513171875 0.364109109375 0.2592661890625 0.3657884609375 0.2609395234375 0.368260378125 0.2633626359375 0.37116895781250003 0.2655496703125 0.3736677953125 0.26758369375 0.3741717625 0.269124790625 0.374252528125 0.2712003515625 0.373963934375 0.2739765265625 0.370135728125 0.2725600390625 0.3676772734375 0.27296226562500003 0.3649167625 0.26931721249999996 0.36075203437500003 0.2638250453125 0.352516803125 0.2560004703125 0.3445567046875 0.251626403125 0.3395590296875