3 0.4889285015625 0.5258743921875 0.476868859375 0.52228339375 0.4708716328125 0.5212259203125 0.466011753125 0.5211012703125 0.46065496093749997 0.5191803515625 0.4583293765625 0.5185261953125 0.45444502656249997 0.523943603125 0.453647925 0.533078584375 0.4527713359375 0.5380499703125 0.4545542703125 0.54178165 0.45699193749999995 0.5473374296875 0.4575551953125 0.5589091140625 0.4544376625 0.5710522421875 0.45104107656250003 0.5792406765625 0.44724136718749996 0.5924839828125 0.44487519531249997 0.6003659234375001 0.44369326718749996 0.6126062578125 0.44746385 0.6235230171875 0.45495181249999994 0.6299692984374999 0.45767768125 0.638505009375 0.46587126874999996 0.6455638984375 0.47660314843749996 0.6474562171875 0.48867477812500004 0.6371360312500001 0.49643433281249993 0.627275975 0.5018917484375 0.618474546875 0.5084150140625 0.597168225 0.5093739312500001 0.5834240109375 0.5126389828125 0.5639841062500001 0.5141417078125 0.55546173125 0.51693560625 0.5525370703125 0.5218972640625 0.5502387359375 0.5220590828125 0.545629503125 0.522554840625 0.539126409375 0.522076221875 0.535380621875 0.51755028125 0.5333621125 0.508447509375 0.5305365828124999 0.49926125312499997 0.5281845203125 0.4889285015625 0.5258743921875
3 0.2962378140625 0.46138620625 0.2926067578125 0.45244679374999996 0.28546419218749997 0.45973061875 0.27770979218749997 0.473252978125 0.2672735765625 0.4946016203125 0.260039534375 0.511633034375 0.2568711125 0.524987653125 0.2535225765625 0.5449010234375 0.2530840171875 0.5621542921875 0.2580794265625 0.568893346875 0.2721061125 0.5650202140625 0.28258238593749996 0.564670628125 0.2907891171875 0.5661176953125 0.2974450734375 0.5643622046875 0.303542925 0.55469733125 0.30733863906250003 0.5460910859375 0.3148648765625 0.5274025453125 0.3203262890625 0.5139640562500001 0.3262337234375 0.503533328125 0.32937985468750003 0.4967652875 0.334432990625 0.48471936718749997 0.332998296875 0.48178136875 0.326210803125 0.472285390625 0.32343004999999997 0.46959823125 0.317113184375 0.47312216406249996 0.3064190515625 0.47563017343749997 0.3024357609375 0.47053413749999995 0.2962378140625 0.46138620625
3 0.66593344375 0.44675513125000005 0.66205424375 0.455834840625 0.6606321656249999 0.47682017656250003 0.6596875453125 0.4932519328125 0.657768553125 0.512440996875 0.654910621875 0.5221889703125 0.658596565625 0.52527983125 0.66730935625 0.5275484109375 0.6761565218750001 0.5281320328125 0.6859506171875001 0.5288826249999999 0.6972811906249999 0.53014823125 0.709094375 0.5305225640625 0.7222301703125 0.5289332718749999 0.727767075 0.524295440625 0.7322684140625 0.5163018015625 0.7367594484375 0.5009835578125 0.7424204234375 0.48733616562500004 0.7456671796875 0.469845778125 0.74651001875 0.455837003125 0.7473202624999999 0.4410902015625 0.7466083296875 0.4285159296875 0.7450146578125 0.417250740625 0.7437000390625 0.4099402421875 0.7412663671875 0.399747403125 0.732153290625 0.38959726875 0.7227583234375 0.38842886875 0.7078367531249999 0.3992229046875 0.69539459375 0.4153359859375 0.686461103125 0.4281622546875 0.67356776875 0.437605271875 0.66593344375 0.44675513125000005
3 0.3314684578125 0.3289535328125 0.32107451249999996 0.320530290625 0.3123800171875 0.31631219375 0.3076831109375 0.319877675 0.3028020953125 0.33463896875 0.299912725 0.35194827812499996 0.2975385640625 0.3691043421875 0.2956104234375 0.389268165625 0.29326086406249996 0.41643637499999997 0.2915751859375 0.444453925 0.2926067578125 0.45244679374999996 0.2962378140625 0.46138620625 0.3024357609375 0.47053413749999995 0.3064190515625 0.47563017343749997 0.317113184375 0.47312216406249996 0.3263817703125 0.4667013984375 0.3379616390625 0.45824724687499996 0.3428672578125 0.45349810156250003 0.35197286875 0.44338720625 0.352801409375 0.42669088750000006 0.3552316125 0.41198563593750004 0.3590679125 0.39484329375 0.361735428125 0.3843294671875 0.36061006875 0.369485459375 0.35187666875 0.35256767187500004 0.3417932171875 0.34053778281249997 0.3314684578125 0.3289535328125
3 0.5766771984375 0.406607553125 0.5625081484375001 0.421439765625 0.5506778234375 0.4313143140625 0.549815534375 0.43897324375 0.5495845296875 0.44674348437500006 0.547669534375 0.4612954875 0.5449848796875 0.482058196875 0.5423551125 0.49697235156249997 0.5399014609375 0.5099648203125 0.5386491906249999 0.517066796875 0.5426507765624999 0.5202133156250001 0.5530853078125 0.5201004609375001 0.562229821875 0.52268925625 0.575045978125 0.5256813703125001 0.5948897765625001 0.5294244609375001 0.6133640703125 0.5317056046874999 0.63082624375 0.5323437281250001 0.6411864390625001 0.5317295796875 0.65008449375 0.5311017109375 0.6531888828125 0.524570403125 0.657768553125 0.512440996875 0.6596875453125 0.4932519328125 0.6606321656249999 0.47682017656250003 0.66205424375 0.455834840625 0.6615510234374999 0.44207690624999996 0.65648926875 0.425562434375 0.649374675 0.40038683124999996 0.6466710984375 0.38526454062500004 0.638249346875 0.3730394703125 0.6244210703124999 0.368404334375 0.6101662234375 0.3671112859375 0.5897780890625001 0.3876815078125 0.5766771984375 0.406607553125
3 0.42105999531249994 0.510245946875 0.4112698953125 0.5048582953125 0.4083130234375 0.5040928265625 0.4015358359375 0.501921453125 0.3961464484375 0.49926250781250003 0.39355211562500003 0.501978265625 0.389050778125 0.5099719046875 0.383965046875 0.5212797984375 0.3810745203125 0.5302897453125001 0.3781657 0.5412492109375 0.375708053125 0.5588787375 0.374240234375 0.584737865625 0.373575825 0.6134236796875 0.3732298984375 0.629228725 0.37657790625 0.6388505062500001 0.3835089203125 0.64568676875 0.39179913593750004 0.6466603703125 0.401025978125 0.6404763390625 0.4133623625 0.6314233 0.424826153125 0.6227045875 0.43436348750000003 0.6129139078125 0.44206700000000004 0.6006030421874999 0.44724136718749996 0.5924839828125 0.45104107656250003 0.5792406765625 0.4544376625 0.5710522421875 0.4575551953125 0.5589091140625 0.45699193749999995 0.5473374296875 0.4545542703125 0.54178165 0.4527713359375 0.5380499703125 0.45184785312500003 0.539595784375 0.4430321265625 0.5314508250000001 0.440460084375 0.5275800046875 0.43457378437500005 0.5231247906250001 0.4321830109375 0.52099458125 0.42670498749999997 0.5151468 0.42105999531249994 0.510245946875
3 0.7266166859375 0.5963441046875 0.7218763515625 0.62138210625 0.7241756484375 0.633259903125 0.7344626609375 0.640443825 0.7439422703125 0.6494381234375 0.7496158625 0.6597140625 0.7531948734375 0.6615656046875 0.7606988203125 0.649463640625 0.763413228125 0.6423753828125001 0.76752343125 0.62552543125 0.771415771875 0.6108339015625 0.7719378156250001 0.593107165625 0.7715089328125 0.579850525 0.7702023046875001 0.5632659046875 0.7699466984375001 0.561023996875 0.765054225 0.560161321875 0.7547540671874999 0.5585892203125 0.7466491171875 0.5547191687499999 0.7389941828125 0.5492198171875 0.7346626546875 0.5433301 0.7293190078125 0.5357973625 0.727234728125 0.5346975703125 0.72486340625 0.5389172078125 0.724404240625 0.5415212656249999 0.7265731578125 0.5504469578125 0.7278185921875 0.5609184640625 0.7280622109375 0.5770715546875 0.7266166859375 0.5963441046875
3 0.74651001875 0.455837003125 0.7456671796875 0.469845778125 0.7424204234375 0.48733616562500004 0.7367594484375 0.5009835578125 0.7322684140625 0.5163018015625 0.727767075 0.524295440625 0.72488969375 0.527693565625 0.7293190078125 0.5357973625 0.7346626546875 0.5433301 0.7389941828125 0.5492198171875 0.7466491171875 0.5547191687499999 0.7547540671874999 0.5585892203125 0.765054225 0.560161321875 0.7699466984375001 0.561023996875 0.7772144921875 0.5530299750000001 0.783669728125 0.543184025 0.7894610828124999 0.5324887359375 0.7955354875 0.5211110765625 0.800025365625 0.4974934703125 0.8037781796875001 0.48082459375 0.8069505984375 0.46283291406249993 0.80860599375 0.450676065625 0.810734853125 0.43860270156250003 0.8135927859375001 0.428854728125 0.81490509375 0.4195664984375 0.8056993859375 0.41086458906249995 0.794285328125 0.4100724484375 0.7838376546875 0.415797121875 0.774606815625 0.426618215625 0.7648933640625 0.43833058437499994 0.7558620890625 0.448942771875 0.74651001875 0.455837003125
3 0.506069053125 0.35022070312500003 0.4931837109375 0.3503895984375 0.480651759375 0.35501448125 0.4581896515625 0.3818095140625 0.4493670890625 0.391238040625 0.440943653125 0.400248759375 0.44058342812499995 0.41336625937499993 0.43632455156249994 0.42921362343749997 0.428878959375 0.46036512656250006 0.42658197343750004 0.46508605625 0.42462923124999996 0.47523773281250004 0.4252616734375 0.4836484078125 0.425787184375 0.49081976406249994 0.4285496421875 0.49545644062500005 0.43418033593749994 0.4976697484375 0.4460312671875 0.5024444109374999 0.4665389484375 0.5070368390625 0.48500409375000003 0.5102927421875 0.5065095953125 0.51384065 0.5225422234375 0.5152030765625 0.537609628125 0.518348053125 0.5399014609375 0.5099648203125 0.5423551125 0.49697235156249997 0.5449848796875 0.482058196875 0.547669534375 0.4612954875 0.5495845296875 0.44674348437500006 0.549815534375 0.43897324375 0.54515290625 0.4220409625 0.5424910703125 0.40668193906249994 0.5357115718750001 0.3879118390625 0.53119761875 0.37198214687500003 0.525821375 0.36371138125 0.5193912703125 0.354034328125 0.506069053125 0.35022070312500003
3 0.3706450421875 0.46669523437500005 0.361333559375 0.46505336875000003 0.3567098328125 0.4608207796875 0.3540217125 0.4566853984375 0.34992349843750004 0.459624165625 0.3468465515625 0.463231196875 0.341156978125 0.4715035046875 0.334432990625 0.48471936718749997 0.32937985468750003 0.4967652875 0.3262337234375 0.503533328125 0.3203262890625 0.5139640562500001 0.3148648765625 0.5274025453125 0.30733863906250003 0.5460910859375 0.302513665625 0.563303190625 0.2989226671875 0.575362834375 0.2962185625 0.5897756953125 0.29817477187499997 0.6045221109375001 0.30358760625 0.608893840625 0.316166453125 0.6076945296875 0.32882363125 0.6023594531249999 0.33848619375 0.591858575 0.3517226140625 0.5795469375 0.36059606718750004 0.5689069203125 0.369386034375 0.55874036875 0.376111178125 0.55382386875 0.3781657 0.5412492109375 0.3810745203125 0.5302897453125001 0.383965046875 0.5212797984375 0.387501159375 0.515068709375 0.384584875 0.5057671421875 0.380647321875 0.49579731562499996 0.3784875515625 0.485896865625 0.37555297187500003 0.4785448171875 0.37295233125 0.46929890937499996 0.3706450421875 0.46669523437500005
3 0.6729475140625001 0.5500227468750001 0.6644354421875 0.555844628125 0.658499409375 0.56090026875 0.658471965625 0.5638245453125 0.6609330796874999 0.5710931078125 0.660442475 0.581258503125 0.6571213828125 0.5982475968750001 0.65120595625 0.6179524484375001 0.6468492968749999 0.631585734375 0.6441960812499999 0.6447871046875 0.64630380625 0.647599684375 0.6515119234375 0.648518015625 0.6550909328125 0.65036955625 0.6607971203125 0.6613835203125 0.6626412484374999 0.6712283140624999 0.664857059375 0.683579575 0.6686968281250001 0.6913353265625 0.67820903125 0.7010676515625 0.6846848750000001 0.7058709109375 0.6905242796875 0.7069005546875 0.6989294203124999 0.69983935625 0.703931665625 0.689004925 0.7086365640625 0.676165321875 0.71164316875 0.6674199359374999 0.714691515625 0.6584378171874999 0.71812984375 0.6500126484375001 0.7199522078125 0.63690886875 0.72098146875 0.6283030093749999 0.7218763515625 0.62138210625 0.7266166859375 0.5963441046875 0.7280622109375 0.5770715546875 0.7278185921875 0.5609184640625 0.7265731578125 0.5504469578125 0.724404240625 0.5415212656249999 0.7224543390625 0.5387365171875 0.7143636859375 0.537554009375 0.7063473703125001 0.53687279375 0.6997005625 0.5376535265625 0.6910346656249999 0.5388105171875 0.68669514375 0.5421949234375 0.6729475140625001 0.5500227468750001
3 0.2409191265625 0.5360881859375 0.2465955578125 0.5334276984375 0.2512953046875 0.5169257921875 0.260039534375 0.511633034375 0.2672735765625 0.4946016203125 0.27770979218749997 0.473252978125 0.28546419218749997 0.45973061875 0.2926067578125 0.45244679374999996 0.2915751859375 0.444453925 0.28951435625 0.44506691875 0.2774936171875 0.4541756125 0.265685584375 0.45746358125000003 0.2538489515625 0.45537646406250004 0.2515611140625 0.4591226375 0.2443362203125 0.47517929218750005 0.23782609843750002 0.49087379374999995 0.2358367640625 0.504924503125 0.233212146875 0.5235009609375 0.23492190000000002 0.5350307125 0.2409191265625 0.5360881859375
3 0.2684609859375 0.3217491015625 0.266107959375 0.324019221875 0.2634678875 0.3316087734375 0.25954295156249996 0.3455622765625 0.25654149843749996 0.357969965625 0.255911365625 0.36615801718749996 0.2516159015625 0.3859044171875 0.24747825625000003 0.40567864531250003 0.2463706640625 0.41842027187499997 0.24893587031250003 0.4398645796875 0.2538489515625 0.45537646406250004 0.265685584375 0.45746358125000003 0.2774936171875 0.4541756125 0.28951435625 0.44506691875 0.2904692796875 0.435959765625 0.29225558125 0.3972198671875 0.292712434375 0.37801708125 0.29113705625 0.364802375 0.2845531265625 0.3504604328125 0.27919002656249997 0.3365778484375 0.27375774062499997 0.3258562703125 0.2684609859375 0.3217491015625
3 0.7819515546875 0.6378332171875 0.7856946953125 0.6516742515625 0.7882718875 0.659207375 0.7913722812499999 0.6573131296875 0.794629340625 0.647147346875 0.7990694859375 0.6330405953125 0.8048087953125 0.6152574343749999 0.8078428437499999 0.603587771875 0.8100500359374999 0.587378640625 0.8112685562499999 0.5712392703125 0.8120787999999999 0.5564924703125 0.811725409375 0.5520364843750001 0.8061690546875001 0.550324471875 0.7988206156250001 0.5458555359374999 0.7895457234375 0.5403146343749999 0.7877119 0.5377944453125 0.783669728125 0.543184025 0.7772144921875 0.5530299750000001 0.7699466984375001 0.561023996875 0.7702023046875001 0.5632659046875 0.7715089328125 0.579850525 0.7719378156250001 0.593107165625 0.771415771875 0.6108339015625 0.7703030281250001 0.6199132265625 0.7763614484375 0.6270838109375 0.7819515546875 0.6378332171875
3 0.43009675156249993 0.3390215734375 0.424947515625 0.327617628125 0.420322634375 0.315085675 0.41301078750000003 0.3067177046875 0.40550968125000003 0.3058832421875 0.39941582656249996 0.31091105625000004 0.388281978125 0.32237296875 0.38119545312500003 0.3321076046875 0.372615353125 0.3493898578125 0.3687270078125 0.359444328125 0.3648020703125 0.37339783125000003 0.361735428125 0.3843294671875 0.3590679125 0.39484329375 0.3552316125 0.41198563593750004 0.352801409375 0.42669088750000006 0.35197286875 0.44338720625 0.3540217125 0.4566853984375 0.3567098328125 0.4608207796875 0.361333559375 0.46505336875000003 0.375495775 0.46779464375 0.3870911 0.47032739687499997 0.3976926 0.46926761250000004 0.4065489140625 0.4688764765625 0.41551215937499997 0.469724659375 0.4236485484375 0.46603337187499994 0.428878959375 0.46036512656250006 0.43632455156249994 0.42921362343749997 0.44058342812499995 0.41336625937499993 0.440943653125 0.400248759375 0.43776261562499996 0.3896800453125 0.43477083906249997 0.371577821875 0.433329834375 0.356678159375 0.43009675156249993 0.3390215734375
3 0.553103075 0.5476860953125 0.54140596875 0.5475763234375 0.53464308125 0.54809249375 0.5281123515624999 0.5491377875000001 0.5218972640625 0.5502387359375 0.51693560625 0.5525370703125 0.5141417078125 0.55546173125 0.5126389828125 0.5639841062500001 0.5093739312500001 0.5834240109375 0.5084150140625 0.597168225 0.5074978390625 0.61067570625 0.5077220046875001 0.6204789500000001 0.5093339734375 0.6297946234375 0.5116332703124999 0.64167241875 0.5131394625000001 0.658048134375 0.517393815625 0.6763729828125 0.5243808703124999 0.6856600562499999 0.53285750625 0.6920365734375 0.5401499015625 0.6940546999999999 0.54521849375 0.6929956859375 0.5565284578125 0.6796120828125 0.561080684375 0.670406953125 0.56648605625 0.654517653125 0.57026231875 0.6395615625 0.574622975 0.6212912140625 0.57910370625 0.598648365625 0.5810576046875 0.5967960546875 0.5838886203125 0.56043720625 0.583860021875 0.55506211875 0.5813114265625 0.55290408125 0.5740933671875 0.55138725 0.5641597453125 0.5486593140625 0.558352934375 0.5483676953125001 0.553103075 0.5476860953125
3 0.2397008359375 0.3205833984375 0.236683928125 0.3220041796875 0.23230098125 0.34686110625 0.2280707046875 0.3680835578125 0.2260030390625 0.3862700359375 0.22632099375 0.4029244203125 0.2263050109375 0.42147266562499996 0.2305947953125 0.4275991140625 0.2346066859375 0.43807023593750005 0.24266074531249998 0.443151778125 0.24893587031250003 0.4398645796875 0.2463706640625 0.41842027187499997 0.24747825625000003 0.40567864531250003 0.2516159015625 0.3859044171875 0.255911365625 0.36615801718749996 0.2544846640625 0.3539458953125 0.24957158124999998 0.33843401093750003 0.2440506609375 0.3245235984375 0.2397008359375 0.3205833984375
3 0.6015634999999999 0.5552546046875 0.5955571265625 0.5551718906249999 0.5901494453125 0.5544624625 0.587671190625 0.55744278125 0.584692028125 0.563263890625 0.58378284375 0.56749725 0.5835569921875 0.57892979375 0.5810576046875 0.5967960546875 0.577355678125 0.6122534390625 0.5746006828125 0.6278777921875001 0.5742170093750001 0.639282509375 0.5820961109375 0.654585103125 0.588587409375 0.670375271875 0.591978315625 0.688059684375 0.5987240640625 0.6977923953125 0.6081659265625 0.7023863671874999 0.6178479390625 0.6982353359375 0.6241087640625 0.6922605921875 0.629923565625 0.6832780890625 0.633714128125 0.6710095421875 0.638168571875 0.6595903328125 0.642033471875 0.6478230796875 0.6441960812499999 0.6447871046875 0.6468492968749999 0.631585734375 0.65120595625 0.6179524484375001 0.6571213828125 0.5982475968750001 0.660442475 0.581258503125 0.6609330796874999 0.5710931078125 0.658471965625 0.5638245453125 0.6560811906249999 0.5616943375 0.6507987375 0.5602747109374999 0.6429676859375 0.55669705 0.6259789796875 0.5561424109375 0.6199726046875 0.556059696875 0.6096215578125 0.5556990859375001 0.6015634999999999 0.5552546046875
3 0.7894610828124999 0.5324887359375 0.7877119 0.5377944453125 0.7895457234375 0.5403146343749999 0.7988206156250001 0.5458555359374999 0.8061690546875001 0.550324471875 0.8134380015625 0.5506298109375 0.8205062312500001 0.542844690625 0.8262232484375 0.5316481093750001 0.83315079375 0.51358628125 0.83832400625 0.497167859375 0.83777904375 0.48364665625000003 0.8348290078125 0.46530770156249995 0.8282593765625 0.45365330156250006 0.8187952218750001 0.4556459109375 0.8100001015625 0.462150159375 0.8069505984375 0.46283291406249993 0.8037781796875001 0.48082459375 0.800025365625 0.4974934703125 0.7955354875 0.5211110765625 0.7894610828124999 0.5324887359375