3 0.209926028125 0.470312540625 0.20389874375 0.46205156406250003 0.19710583125 0.4589504578125 0.1943995125 0.46095035156249997 0.1926635375 0.464530234375 0.19308909999999999 0.4724062375 0.195061059375 0.48027641875000004 0.19705646875 0.49167925312499994 0.19838935 0.49967365937499997 0.2001008890625 0.5084787640624999 0.20215932812499998 0.5213431843749999 0.20465945312499997 0.536479890625 0.2056376171875 0.5392374296875 0.20899815781250003 0.5474272328125 0.2135029875 0.5512678640625001 0.216256209375 0.5563332765625 0.21969590625 0.5603809484375 0.225936709375 0.560641696875 0.23216969375000002 0.5597248953125 0.24003605 0.5558376890625001 0.24528305625 0.5509857968749999 0.2492992953125 0.5454888375 0.2545306671875 0.5382818421875 0.2582864875 0.5337198078125 0.25542284375 0.5280863250000001 0.250492453125 0.516369690625 0.24721106406249999 0.5040377546875 0.24302186718750002 0.49954623593749997 0.2337752375 0.49633255 0.224915578125 0.4871482921875 0.2193221640625 0.4799820515625 0.209926028125 0.470312540625
3 0.32140832656249996 0.6036903140625001 0.3247053484375 0.6183773515625 0.3311899546875 0.6312657140625 0.338779271875 0.6418759703125 0.3491066671875 0.6472377171875 0.359031953125 0.6482561125 0.36887075937499997 0.6442802703125 0.376271975 0.6345881265625 0.3840362171875 0.62335158125 0.389362378125 0.61435755625 0.3932369296875 0.6035823234375 0.39427079374999996 0.5986650796874999 0.39358481093750003 0.5917239999999999 0.3888518125 0.57761085625 0.3815390421875 0.560461959375 0.3780368125 0.5469938796875 0.37757949062499996 0.54236649375 0.36999700625 0.5488514265625 0.3613259390625 0.55201075 0.35226839375 0.553181821875 0.34520724375 0.5498380890625 0.3419962078125 0.5481041125 0.336986171875 0.5484884296875 0.3316766296875 0.543919915625 0.32458421249999997 0.5358659796875 0.3208210671875 0.5312916453125001 0.3173017265625 0.539344925 0.3142084375 0.5473153890625 0.31517829062499997 0.5568541984375 0.317220603125 0.5753223359375 0.318971228125 0.59001519375 0.32140832656249996 0.6036903140625001
3 0.6128924703124999 0.41202799375000004 0.61563738125 0.42387467343749996 0.61977869375 0.43721852656250004 0.6239434562499999 0.45409503281249997 0.6263097109375 0.46513101562500003 0.628636878125 0.47027924218750006 0.6434612875 0.4783040703125 0.6597143453125 0.47661863281250005 0.6746736125 0.47282654218750003 0.688110421875 0.464614109375 0.6951564296875 0.45764391875 0.6994648515625 0.4479634203125 0.7033789765625 0.435117121875 0.7007288515625001 0.4214834109375 0.6955385328125 0.4027428796875 0.691499825 0.388789546875 0.6872480921874999 0.374877621875 0.685560003125 0.3696051703125 0.67177776875 0.34988182968750003 0.667138575 0.3498992953125 0.6575367375 0.3494075625 0.6372674390624999 0.35658995937500004 0.627822925 0.3637316015625 0.6184643984375 0.383826303125 0.611970009375 0.40159566875 0.6128924703124999 0.41202799375000004
3 0.8117509296875 0.46946804999999997 0.8170521640624999 0.48081783125 0.817706878125 0.4830487078125 0.8264800593749999 0.4872387265625 0.8337224765625001 0.49378966718750006 0.838826809375 0.4995771390625 0.8483651265625 0.5065661046875001 0.856080990625 0.5121407140625001 0.8634421390625 0.51247845625 0.8689730171875001 0.5102242921875 0.872460596875 0.50541963125 0.8712381390624999 0.49799329531250003 0.86815414375 0.48326485 0.86663218125 0.47088568437499995 0.8649206421875 0.46208057968749994 0.8616783390625 0.455636396875 0.85749745 0.44436361093750004 0.8540264875 0.43560573593749996 0.8501690468750001 0.42485961093749997 0.8449386562500001 0.416148965625 0.837191525 0.405864153125 0.831653321875 0.398981946875 0.8241978781249999 0.3924724140625 0.8226671140624999 0.3948333375 0.8212545890625 0.39893988281250004 0.820323328125 0.403247646875 0.81973115 0.4104371765625 0.818823340625 0.41827759374999995 0.8136315453125 0.423413521875 0.8087397484375 0.4255434625 0.8026645765625 0.42613482031250005 0.794774771875 0.4264893734375 0.7913981031249999 0.42390328750000006 0.7891178359375 0.4258203640625 0.7930940078125001 0.430353290625 0.7972592625 0.43927097656249997 0.8014719109374999 0.44729514843749996 0.8065049078125 0.4584023015625 0.8117509296875 0.46946804999999997
3 0.505948078125 0.640921775 0.520772978125 0.6409877828125 0.5242923203125 0.6329345015625 0.5286403171875 0.6211829390625 0.531458534375 0.59587465625 0.5336689390625 0.575400803125 0.5354054046875001 0.5638621015624999 0.5305781109375001 0.5435771671875 0.5264451078125 0.5234520453125 0.5189505796875 0.5110547578125 0.5147452546875 0.5121669578125 0.5136639953125 0.5179777171875 0.5097972625 0.5299305015625 0.5029330140625 0.5321490796874999 0.48750030000000005 0.5369175 0.475152565625 0.5404967265625 0.453202996875 0.543584221875 0.45525410937500005 0.5473122703125 0.46335546718750004 0.57079276875 0.468317125 0.5872196062499999 0.47432828593750004 0.6010843 0.483124425 0.6167657906249999 0.4939086515625 0.63471374375 0.505948078125 0.640921775
3 0.8077347421875001 0.346446340625 0.8107718374999999 0.35410948124999997 0.8138011125 0.360595071875 0.8156704671874999 0.36907473125 0.8191492484375 0.37901015781249997 0.822848871875 0.3900817265625 0.8241978781249999 0.3924724140625 0.8304621328125 0.39626581562499996 0.8377758859375 0.39749707343749996 0.8433776078124999 0.397882046875 0.8477803249999999 0.3943733375 0.8498319296875 0.39014256718749996 0.8507319234375 0.38112460000000004 0.852128815625 0.3746629515625 0.8522001515625 0.3693432703125 0.8522402203125001 0.359313384375 0.8499682625 0.35444919218750004 0.8456217421875 0.342324296875 0.843689359375 0.33238305 0.8419382421874999 0.3256490109375 0.8404709968749999 0.3215127 0.8380026328125 0.3031273796875 0.8328108359374999 0.3082633078125 0.82802896875 0.31892013750000003 0.8235470984375001 0.3265709796875 0.8158146171875 0.33455890781250003 0.8059362328124999 0.3406058171875 0.8077347421875001 0.346446340625
3 0.7781968390625 0.3230059390625 0.7699039390625 0.3349347796875 0.7657377000000001 0.34193473281250003 0.7575161375 0.34854389218750004 0.7589359875 0.3535737171875 0.7633533546875 0.3683377484375 0.7675972703125 0.38107212343749997 0.7714703453125 0.39417335 0.7722271734375 0.4037535671875 0.771579784375 0.410659059375 0.7762346124999999 0.4129966953125 0.7827749203125001 0.418210275 0.7893152296875 0.4234238546875 0.794774771875 0.4264893734375 0.8026645765625 0.42613482031250005 0.8087397484375 0.4255434625 0.8136315453125 0.423413521875 0.818823340625 0.41827759374999995 0.81973115 0.4104371765625 0.820323328125 0.403247646875 0.8212545890625 0.39893988281250004 0.8226671140624999 0.3948333375 0.822848871875 0.3900817265625 0.8191492484375 0.37901015781249997 0.8156704671874999 0.36907473125 0.8138011125 0.360595071875 0.8107718374999999 0.35410948124999997 0.8077347421875001 0.346446340625 0.8034986421875001 0.33488951718750004 0.801077178125 0.3235695 0.79726713125 0.31192986093749997 0.7931492703125 0.302118659375 0.7891491562499999 0.3020119 0.7828844109374999 0.30617731875 0.7781968390625 0.3230059390625
3 0.69124569375 0.5432971484375 0.7007288 0.550002078125 0.707907696875 0.5630502515625 0.7187393171875 0.5801046890625 0.727922425 0.589815609375 0.7365299734375 0.59315351875 0.7470787062500001 0.5916925890625 0.753383028125 0.5854561046875 0.7576440546875001 0.576669121875 0.759893053125 0.5700418421875 0.7607774125 0.5586687718750001 0.7588372125 0.547549971875 0.7599663578125 0.532886878125 0.76186845625 0.522200284375 0.76188458125 0.516596565625 0.7594865671875 0.5088092 0.755234834375 0.49489727656250004 0.748797621875 0.4811153984375 0.7456027125 0.47377770156250004 0.7416109078125 0.4668896734375 0.7372482609375 0.46036849531249996 0.73256998125 0.4544982078125 0.7270869890625 0.4479000359375 0.722660821875 0.44787609375 0.7110630812500001 0.4439403484375 0.7055717796875001 0.44412344531250003 0.7016190609375 0.44312317187500005 0.6994648515625 0.4479634203125 0.6951564296875 0.45764391875 0.688110421875 0.464614109375 0.6746736125 0.47282654218750003 0.6709573703125 0.47531751250000004 0.67295278125 0.486720346875 0.67554769375 0.5000700218749999 0.678087396875 0.5131356609375 0.681502659375 0.529568321875 0.6837824328125001 0.5356100640625 0.69124569375 0.5432971484375
3 0.7594865671875 0.5088092 0.76188458125 0.516596565625 0.7686696765625001 0.5185201187499999 0.7772220140625 0.52157399375 0.7861056171875 0.5263320828125 0.79453140625 0.53442160625 0.802270721875 0.5435288671875 0.8092449015625001 0.54983718125 0.8146018375 0.5535121796875 0.820621796875 0.552636784375 0.8250323312500001 0.5503056265625 0.8279282265625 0.5447316718749999 0.8288516703125 0.5392463578125 0.82801618125 0.5258494515625001 0.8252790843750001 0.515180321875 0.8215716437499999 0.502931203125 0.8190553921875001 0.49339821562499997 0.817706878125 0.4830487078125 0.8170521640624999 0.48081783125 0.8117509296875 0.46946804999999997 0.8065049078125 0.4584023015625 0.8014719109374999 0.44729514843749996 0.7972592625 0.43927097656249997 0.7930940078125001 0.430353290625 0.7891178359375 0.4258203640625 0.784991665625 0.42279043125 0.782577528125 0.42060678593749995 0.776904959375 0.41758267499999996 0.772684003125 0.41633977343749995 0.7704985234375 0.4164698203125 0.7699776828125 0.41833966718750004 0.7680281890625 0.4299197765625 0.766346934375 0.44174251406250004 0.7616994312500001 0.4485412484375 0.7560107390625 0.45112085625000004 0.749777753125 0.4520376578125 0.7400733109375001 0.4521554046875 0.7384873359374999 0.4542322921875 0.7372482609375 0.46036849531249996 0.7416109078125 0.4668896734375 0.7456027125 0.47377770156250004 0.748797621875 0.4811153984375 0.755234834375 0.49489727656250004 0.7594865671875 0.5088092
3 0.270711459375 0.4293150609375 0.25750429375 0.42392355000000004 0.24657690312499997 0.42457378125 0.24161376875 0.432023403125 0.241028915625 0.448349303125 0.243418128125 0.47087675625000003 0.24510523125 0.49206684999999994 0.24721106406249999 0.5040377546875 0.250492453125 0.516369690625 0.25542284375 0.5280863250000001 0.2582864875 0.5337198078125 0.26186005625000003 0.5418682015625 0.266001859375 0.5472532359375 0.2710744328125 0.5562893250000001 0.276375665625 0.5676391062499999 0.28051746875 0.5730241406250001 0.2876260140625 0.5754743578125 0.29475068437499996 0.57232085625 0.30159148281250003 0.566569628125 0.305110825 0.5585163468750001 0.30825150625000003 0.5496523703125 0.3117078203125 0.540137503125 0.3136411859375 0.5341611109375 0.318722559375 0.5284571109375 0.314707303125 0.51803643125 0.3117811234375 0.5029825421874999 0.3092023359375 0.4840291484375 0.30910853125000004 0.4698985390625 0.30846261875000003 0.452927571875 0.298963878125 0.443867540625 0.281101884375 0.43613839375 0.270711459375 0.4293150609375
3 0.6868064046875 0.37260533749999997 0.6872480921874999 0.374877621875 0.691499825 0.388789546875 0.6955385328125 0.4027428796875 0.7007288515625001 0.4214834109375 0.7033789765625 0.435117121875 0.715473615625 0.4416091890625 0.7237103203124999 0.4453139515625 0.729974575 0.4491073515625 0.7400733109375001 0.4521554046875 0.749777753125 0.4520376578125 0.7560107390625 0.45112085625000004 0.7616994312500001 0.4485412484375 0.766346934375 0.44174251406250004 0.7680281890625 0.4299197765625 0.7699776828125 0.41833966718750004 0.771579784375 0.410659059375 0.7722271734375 0.4037535671875 0.7714703453125 0.39417335 0.7675972703125 0.38107212343749997 0.7633533546875 0.3683377484375 0.7589359875 0.3535737171875 0.7562223421875001 0.346437240625 0.745075090625 0.3300336890625 0.7351498046875 0.32901529375 0.7234963624999999 0.33275433125 0.7096017390625 0.3442982 0.6989025171875001 0.35522094375 0.691438271875 0.3634515015625 0.6868064046875 0.37260533749999997
3 0.4207461859375 0.6427449671875001 0.43688051406249995 0.647272728125 0.4520054125 0.644332746875 0.45991965312499994 0.63159320625 0.4647889828125 0.610012975 0.4683718453125 0.5954624609375 0.46335546718750004 0.57079276875 0.45525410937500005 0.5473122703125 0.453202996875 0.543584221875 0.4337545359375 0.54589078125 0.4206968765625 0.5469550953125 0.410069484375 0.5445993375 0.40838921250000004 0.5405044343750001 0.40338748437499994 0.534107484375 0.399033146875 0.5208050390625 0.3937148015625 0.5309766140625001 0.38778132187500003 0.5368462468749999 0.37757949062499996 0.54236649375 0.3780368125 0.5469938796875 0.3815390421875 0.560461959375 0.3888518125 0.57761085625 0.39358481093750003 0.5917239999999999 0.401820534375 0.6113464015625001 0.4126047609375 0.62929435625 0.4207461859375 0.6427449671875001
3 0.5929886015625 0.5063905546874999 0.5947006328125 0.5072368390625 0.6045472562499999 0.5044385484375 0.6124610046875001 0.499657828125 0.6224893875 0.4921079234375 0.6270499203125001 0.48827377031249997 0.62870723125 0.4808772 0.6275478015625 0.47491245156249995 0.6263097109375 0.46513101562500003 0.6239434562499999 0.45409503281249997 0.61977869375 0.43721852656250004 0.61563738125 0.42387467343749996 0.6128924703124999 0.41202799375000004 0.6075756015625 0.39832310937500004 0.6014378953125 0.3894940609375 0.5950475859375 0.38277748749999996 0.5868348218749999 0.3746465578125 0.5775173484375 0.36879373437499996 0.5709452796875001 0.36682877187499996 0.5591975406249999 0.36439602031249996 0.546510725 0.3650934828125 0.534581228125 0.367412340625 0.523842921875 0.37244733281250003 0.51511615 0.3832814390625 0.510381675 0.3930447546875 0.50642015625 0.40678456875 0.5030581375 0.42247122499999995 0.5012351921875 0.4290156890625 0.50539995625 0.44589219375000005 0.5062198125 0.45693399843750004 0.511748721875 0.48651511249999996 0.5153848265625001 0.5040839140625 0.5189505796875 0.5110547578125 0.5281493203125 0.5231207796875 0.546272228125 0.5219561828125 0.5509588140624999 0.521045203125 0.568955665625 0.516957434375 0.585390484375 0.5105203875 0.5929886015625 0.5063905546874999
3 0.4709873640625 0.4030603734375 0.46118862656250004 0.39700633125 0.4492674390625 0.39254392031249996 0.4349477453125 0.388252965625 0.420604109375 0.388388178125 0.406875609375 0.3928253328125 0.39371485625 0.40245794687499997 0.39012466875 0.407872090625 0.3890429171875 0.42164166875 0.389041934375 0.4375593078125 0.38932531406250004 0.44811585625 0.3902790421875 0.463258384375 0.3925109296875 0.47815246250000004 0.393622475 0.49296954531250003 0.399033146875 0.5208050390625 0.40338748437499994 0.534107484375 0.40838921250000004 0.5405044343750001 0.410069484375 0.5445993375 0.4206968765625 0.5469550953125 0.4337545359375 0.54589078125 0.453202996875 0.543584221875 0.475152565625 0.5404967265625 0.48750030000000005 0.5369175 0.5029330140625 0.5321490796874999 0.5097972625 0.5299305015625 0.5136639953125 0.5179777171875 0.5147452546875 0.5121669578125 0.5104705609375 0.4867635625 0.5066453734375 0.4648100015625 0.5021967390625 0.445335765625 0.4979528203125 0.4326013921875 0.49026871562499996 0.42377816562500004 0.4802022328125 0.4095226765625 0.4709873640625 0.4030603734375
3 0.879827646875 0.4102515359375 0.8837955093750001 0.42156573281250004 0.890721803125 0.4367263796875 0.8971985921875 0.4484371921875 0.903872775 0.45775149531250003 0.9100349156249999 0.45419555625 0.9126073625 0.4480949390625 0.9124500390625 0.4404615640625 0.908916046875 0.4302421015625 0.9055476875 0.42087474843750006 0.90294495625 0.4063475203125 0.900720884375 0.39263099375 0.8983150546875001 0.3836660796875 0.8875303375 0.3736769453125 0.8803353140624999 0.3662324875 0.8747731671875 0.36377645 0.8671750515625 0.36790628281250004 0.8638374687500001 0.3712079515625 0.8609889656249999 0.3758883890625 0.86348176875 0.3818887234375 0.868428284375 0.38800164062500003 0.873122196875 0.3962270296875 0.879827646875 0.4102515359375
0 0.3020971828125 0.554385859375 0.301450284375 0.5533325328124999 0.29953304375 0.55370520625 0.29959607187500004 0.55516679375 0.3000299421875 0.5562615281250001 0.29832572812499997 0.5565927937499999 0.2974262265625 0.557651940625 0.2971184140625 0.5594803796875001 0.2952642015625 0.561314640625 0.2949563859375 0.5631430796875 0.2966606 0.5628118140625 0.2985148125 0.5609775531250001 0.2981283359375 0.558989303125 0.299406496875 0.558740853125 0.30089768281249996 0.5584509953125 0.3022154203125 0.55613148125 0.3020971828125 0.554385859375
3 0.6268476078125 0.570258478125 0.6368510640625 0.58305238125 0.64646804375 0.593858034375 0.654191725 0.6006101953125 0.6640461656250001 0.598989453125 0.6681650109375 0.592883015625 0.674114615625 0.5814096640625 0.6782891640625001 0.567628440625 0.6796313359374999 0.5529239390625 0.67959274375 0.5390773640625001 0.681502659375 0.529568321875 0.678087396875 0.5131356609375 0.67554769375 0.5000700218749999 0.67295278125 0.486720346875 0.6709573703125 0.47531751250000004 0.6597143453125 0.47661863281250005 0.6434612875 0.4783040703125 0.628636878125 0.47027924218750006 0.6263097109375 0.46513101562500003 0.6275478015625 0.47491245156249995 0.62870723125 0.4808772 0.6270499203125001 0.48827377031249997 0.6224893875 0.4921079234375 0.6124610046875001 0.499657828125 0.6045472562499999 0.5044385484375 0.5997580625000001 0.5059590078125 0.601753475 0.517361840625 0.6055630296875 0.5369603 0.6083235765625 0.55116208125 0.6120075671875 0.5598785484375 0.6197234296875 0.565453159375 0.6268476078125 0.570258478125
3 0.3563247546875 0.4091363109375 0.3422733 0.40508798281249997 0.32890000937499997 0.4068031859375 0.3176012828125 0.4157790890625 0.3137267328125 0.42655432187500003 0.30914176718749997 0.44277346250000005 0.30846261875000003 0.452927571875 0.30910853125000004 0.4698985390625 0.3092023359375 0.4840291484375 0.3117811234375 0.5029825421874999 0.314707303125 0.51803643125 0.318722559375 0.5284571109375 0.32458421249999997 0.5358659796875 0.3316766296875 0.543919915625 0.336986171875 0.5484884296875 0.3419962078125 0.5481041125 0.34520724375 0.5498380890625 0.35226839375 0.553181821875 0.3613259390625 0.55201075 0.36999700625 0.5488514265625 0.37757949062499996 0.54236649375 0.38778132187500003 0.5368462468749999 0.3937148015625 0.5309766140625001 0.399033146875 0.5208050390625 0.393622475 0.49296954531250003 0.3925109296875 0.47815246250000004 0.3902790421875 0.463258384375 0.384606965625 0.4522754546875 0.37426442656250003 0.4365997859375 0.36497138906250004 0.418361975 0.3563247546875 0.4091363109375
3 0.2402441578125 0.635384478125 0.2481105125 0.6314972734375 0.2526241421875 0.6205978171875 0.2596467 0.610094975 0.2643337796875 0.601225175 0.2638300484375 0.5815736625000001 0.263278921875 0.56281566875 0.2623804046875 0.547957175 0.26186005625000003 0.5418682015625 0.2582864875 0.5337198078125 0.2545306671875 0.5382818421875 0.2492992953125 0.5454888375 0.24528305625 0.5509857968749999 0.24003605 0.5558376890625001 0.23216969375000002 0.5597248953125 0.23097801406250001 0.5649675828125 0.2298645015625 0.581985778125 0.22918535312500002 0.5921398890625 0.22996563124999997 0.6052527578125 0.23175583125000002 0.61787455 0.23611798906249998 0.632354546875 0.2402441578125 0.635384478125
3 0.2718581015625 0.642209121875 0.277964540625 0.64632796875 0.2885767921875 0.6383698046874999 0.3026766234375 0.625606978125 0.3101330515625 0.6161988703125 0.3178577171875 0.6070333906250001 0.32140832656249996 0.6036903140625001 0.318971228125 0.59001519375 0.317220603125 0.5753223359375 0.31517829062499997 0.5568541984375 0.3142084375 0.5473153890625 0.3173017265625 0.539344925 0.31925072499999996 0.535723634375 0.3136411859375 0.5341611109375 0.3117078203125 0.540137503125 0.30825150625000003 0.5496523703125 0.305110825 0.5585163468750001 0.30159148281250003 0.566569628125 0.29475068437499996 0.57232085625 0.2876260140625 0.5754743578125 0.28051746875 0.5730241406250001 0.276375665625 0.5676391062499999 0.2710744328125 0.5562893250000001 0.266001859375 0.5472532359375 0.26186005625000003 0.5418682015625 0.2623804046875 0.547957175 0.263278921875 0.56281566875 0.2638300484375 0.5815736625000001 0.2643337796875 0.601225175 0.2662734875 0.6203027921875 0.268860584375 0.6324749171875 0.2718581015625 0.642209121875
3 0.568263290625 0.6134810125 0.576759925 0.6242096703125 0.5877581593750001 0.6261985765625 0.5972183078125 0.621412034375 0.601842359375 0.6110806484375 0.60592211875 0.59908645625 0.6070986578124999 0.583529846875 0.6070366140625 0.566150621875 0.6079522421875 0.5594877546875 0.6083235765625 0.55116208125 0.6055630296875 0.5369603 0.601753475 0.517361840625 0.5997580625000001 0.5059590078125 0.5947006328125 0.5072368390625 0.5929886015625 0.5063905546874999 0.585390484375 0.5105203875 0.568955665625 0.516957434375 0.5509588140624999 0.521045203125 0.546272228125 0.5219561828125 0.5281493203125 0.5231207796875 0.52899311875 0.529736415625 0.532731828125 0.5466957375 0.5359106125 0.559637153125 0.5393659421875 0.5660399265625 0.549448059375 0.58265051875 0.5591041234375 0.5993439265625 0.568263290625 0.6134810125
3 0.17313543125 0.4789377453125 0.16712378125 0.47303187031249994 0.16605083125 0.47206136093750006 0.165048725 0.47372998906249997 0.1667602640625 0.48253509218749996 0.1681087765625 0.4928846015625 0.1695125015625 0.5035181453125 0.17243086406250002 0.5173944828125 0.1738898 0.5283120609374999 0.17657168437499998 0.53869715625 0.1800900421875 0.546561515625 0.185162615625 0.5555976031250001 0.18826322812500002 0.5567635125 0.19226334218750002 0.5568702703125 0.197155140625 0.55474033125 0.20162088437499998 0.552693209375 0.20899815781250003 0.5474272328125 0.2056376171875 0.5392374296875 0.20465945312499997 0.536479890625 0.20215932812499998 0.5213431843749999 0.2001008890625 0.5084787640624999 0.19838935 0.49967365937499997 0.1905708796875 0.49470852968749995 0.1837149390625 0.49014583749999996 0.1777032890625 0.48423996249999995 0.17313543125 0.4789377453125
3 0.8616783390625 0.455636396875 0.868999909375 0.4580452078125 0.880952859375 0.45925900000000003 0.8848821265625 0.456726621875 0.8925036953125 0.4561294421875 0.8918020796875 0.44683325937499996 0.890721803125 0.4367263796875 0.8837955093750001 0.42156573281250004 0.879827646875 0.4102515359375 0.873122196875 0.3962270296875 0.868428284375 0.38800164062500003 0.86348176875 0.3818887234375 0.8609889656249999 0.3758883890625 0.8579909593749999 0.374113003125 0.8525944453125 0.37250907031249997 0.852128815625 0.3746629515625 0.8507319234375 0.38112460000000004 0.8498319296875 0.39014256718749996 0.8477803249999999 0.3943733375 0.8433776078124999 0.397882046875 0.8377758859375 0.39749707343749996 0.8304621328125 0.39626581562499996 0.8241978781249999 0.3924724140625 0.831653321875 0.398981946875 0.837191525 0.405864153125 0.8449386562500001 0.416148965625 0.8501690468750001 0.42485961093749997 0.8540264875 0.43560573593749996 0.85749745 0.44436361093750004 0.8616783390625 0.455636396875