3 0.70317506875 0.779785365625 0.716197903125 0.790745628125 0.7249186984375 0.7984972015625 0.7327835031250001 0.79646471875 0.7377350828125 0.7812430953125 0.741620153125 0.7567039656250001 0.7434549640625 0.7345848828125 0.74313875625 0.7108614531249999 0.741943615625 0.6742190390625 0.740684596875 0.6483374234375 0.7244172359375 0.6520013015624999 0.70298284375 0.6511877671875 0.70033298125 0.6496270640625 0.6978985671875 0.6677654015625001 0.6967092375 0.7001350921875 0.6964876906249999 0.723457434375 0.6966871703125 0.7458466765625 0.6956325703124999 0.7625198937500001 0.70317506875 0.779785365625
3 0.5320840875 0.7575587765625 0.54049158125 0.776092971875 0.5490068031249999 0.8044766875 0.5591672265625001 0.8286832609375001 0.5656342171875 0.8451465593749999 0.576723515625 0.85986105625 0.590098559375 0.860483428125 0.5959061328125 0.8550458578125 0.600429715625 0.8349322062500001 0.6015940734375 0.813768046875 0.6013098078125 0.784664215625 0.604229128125 0.7548319734375 0.6096377390625001 0.7046159249999999 0.6109896734375 0.6798502828124999 0.6138451125 0.6607788421875 0.6160759812500001 0.6489321859375 0.6135817515624999 0.6491504031249999 0.597968871875 0.6545495578125 0.575326275 0.6542898593750001 0.5551000890625 0.652922484375 0.5300341125 0.64794533125 0.5224506718749999 0.6445755906249999 0.521348159375 0.6693194109375 0.519950346875 0.6878151921875 0.5191361671875 0.7129819187499999 0.5196878593750001 0.7250332671875 0.521774996875 0.7373984140625 0.5320840875 0.7575587765625
3 0.6116729015625 0.75373259375 0.6224898375000001 0.7653339828125 0.6330622890625001 0.7971227843750001 0.6411884203125 0.821059203125 0.6521819 0.8519149015625 0.6583126499999999 0.87602589375 0.66831046875 0.8926284171875001 0.6757632453125 0.8830137062500001 0.681021159375 0.851184328125 0.68387863125 0.8177724265625 0.6874684015625 0.786985259375 0.6920628328125 0.7619359390625 0.6964876906249999 0.723457434375 0.6967092375 0.7001350921875 0.6978985671875 0.6677654015625001 0.70033298125 0.6496270640625 0.682882384375 0.64263925 0.6656263328125 0.637875084375 0.6506150859375001 0.632914525 0.64158301875 0.6216051125 0.64113005 0.6279186171875 0.636288228125 0.6386493 0.629023028125 0.6446625296875 0.6160759812500001 0.6489321859375 0.6138451125 0.6607788421875 0.6109896734375 0.6798502828124999 0.6096377390625001 0.7046159249999999 0.6089333156250001 0.7252917109375 0.60835461875 0.7387863546875 0.6116729015625 0.75373259375
3 0.22315201562500003 0.7742797515625 0.2394861609375 0.7943611234375 0.25967140624999996 0.8096242312499999 0.27611734375 0.8108742015624999 0.29252436875 0.811679440625 0.3057138703125 0.80156283125 0.313260434375 0.79014738125 0.322763471875 0.7781126265625 0.33095754843749997 0.7626073203125 0.3414124 0.74421541875 0.3504395296875 0.7353592390625 0.3528100625 0.7279817015625001 0.3553132921875 0.7192481546875 0.35467390781249997 0.6659761640624999 0.3455939296875 0.6627373546875 0.3320722515625 0.6518207328125001 0.318795059375 0.6207167 0.314463115625 0.6085479484375 0.28718224375 0.6127272515625 0.2756129734375 0.6298722484375 0.25652908124999996 0.6530522984375 0.237197796875 0.661913709375 0.21724397187500002 0.6636594437500001 0.1958963984375 0.655220034375 0.19617573125 0.6641582734375 0.1978398078125 0.691796984375 0.199178678125 0.7042275953125 0.20470285625 0.7185327109374999 0.21197996406250003 0.7385102031249999 0.21825937812500001 0.7585749828125 0.22315201562500003 0.7742797515625
3 0.27382083437500004 0.3508416484375 0.2596467078125 0.323849290625 0.24625075624999998 0.3057515296875 0.23385249687499998 0.28756648125 0.21786853125 0.2714876765625 0.1962875046875 0.2603798890625 0.170665771875 0.2720323109375 0.1574513015625 0.2933544515625 0.1481547125 0.3336035765625 0.146045509375 0.3669500140625 0.1326963078125 0.4039686265625 0.1294517796875 0.41859276875000007 0.12858968906249998 0.4518300984375 0.13036149375 0.4893183296875 0.13166639062500002 0.521469803125 0.134779096875 0.5570481843749999 0.1400677890625 0.5830253812499999 0.14616863125 0.5981763124999999 0.1552924546875 0.62202544375 0.1709332109375 0.639926809375 0.1958963984375 0.655220034375 0.21724397187500002 0.6636594437500001 0.237197796875 0.661913709375 0.25652908124999996 0.6530522984375 0.2756129734375 0.6298722484375 0.305705440625 0.586011184375 0.29794749062500003 0.5490466734375 0.293168675 0.5001700421875 0.286863415625 0.442464278125 0.28294059531250004 0.4033717015625 0.2807227921875 0.37802210468749997 0.27382083437500004 0.3508416484375
3 0.5053551781250001 0.27680895625 0.4960217125 0.30227289062499996 0.4893770203125 0.3297422578125 0.4851028609375 0.3498340875 0.48151512187499995 0.36628079375 0.47313347187500004 0.38538757968750004 0.4652596671875 0.39593539375 0.470712996875 0.415176178125 0.479848725 0.4650160328125 0.487908946875 0.5140537109375 0.490014959375 0.5582347125 0.49149640000000006 0.6096404953125 0.4971762125 0.6257245296875 0.5083593 0.6386382859374999 0.5300341125 0.64794533125 0.5551000890625 0.652922484375 0.575326275 0.6542898593750001 0.597968871875 0.6545495578125 0.6135817515624999 0.6491504031249999 0.629023028125 0.6446625296875 0.636288228125 0.6386493 0.64113005 0.6279186171875 0.6425598015625 0.6040424359375 0.6418635078125 0.5673563781250001 0.64077609375 0.5405634828125 0.6354824625 0.49442069375 0.62941559375 0.45954890156249995 0.6215867937499999 0.4275200625 0.6114673109375001 0.38941775624999997 0.595565225 0.3455474890625 0.583441359375 0.3161350875 0.5677317875 0.2888289296875 0.554047503125 0.2703082609375 0.54041606875 0.26388258124999997 0.5184668609374999 0.2658028875 0.5053551781250001 0.27680895625
3 0.130367603125 0.8312439265625 0.14348625625 0.8260629875 0.157362178125 0.8123012546874999 0.1756908328125 0.783361540625 0.19205198125 0.7778969203125 0.20042463281249998 0.7673054640625 0.20184538437500002 0.7519446125 0.20088166406250002 0.7323110359375 0.1985541046875 0.71145238125 0.1978398078125 0.691796984375 0.1958963984375 0.655220034375 0.1709332109375 0.639926809375 0.1552924546875 0.62202544375 0.15030603125 0.6081214140625 0.12092001875 0.6169662312499999 0.12073737968750001 0.64073330625 0.11955705000000001 0.6645876656249999 0.11702884843750001 0.68452674375 0.11488276875 0.7030879890625 0.11121721250000001 0.7186452359375 0.1038582234375 0.7264592046875 0.090982025 0.7257931906249999 0.07758404218750001 0.7220358906250001 0.066641378125 0.7176156437500001 0.05952484375 0.719582659375 0.066925646875 0.7467194734375 0.0766261328125 0.7714144203125 0.08665386093750001 0.7969770046875 0.099223725 0.8142507734375 0.1148186046875 0.8258822796875 0.130367603125 0.8312439265625
3 0.4110350484375 0.8304398015625001 0.42657504687500003 0.8443167781250001 0.44893628281250003 0.8499786984375 0.46463394999999996 0.851294134375 0.47978689374999994 0.846383353125 0.48856460156250003 0.8375489937499999 0.496859434375 0.826068078125 0.50480611875 0.79624413125 0.5086911890625 0.7717050046875 0.5131848640625 0.742631290625 0.5171866625 0.719426353125 0.519950346875 0.6878151921875 0.521348159375 0.6693194109375 0.5224506718749999 0.6445755906249999 0.5083593 0.6386382859374999 0.4971762125 0.6257245296875 0.49149640000000006 0.6096404953125 0.4877210859375 0.6296886828125 0.482808415625 0.6453550375 0.47049987812499994 0.6540501703125 0.45436318125 0.6706984984375 0.439240146875 0.684569340625 0.41446947031250003 0.6858402265625 0.3918588125 0.6802001265625 0.36678586874999997 0.66939784375 0.35467390781249997 0.6659761640624999 0.357091190625 0.7137150015625 0.3611188328125 0.728151046875 0.3714508609375 0.7514463390625 0.3908608359375 0.7923209015625 0.399977690625 0.810344903125 0.4110350484375 0.8304398015625001
3 0.8183070499999999 0.21985238125 0.810833365625 0.2119917 0.801167725 0.2164224046875 0.7881109203125 0.225183003125 0.785053965625 0.23620566406250001 0.7805852609375 0.2540738453125 0.7752126546875 0.2702285734375 0.766160553125 0.29029028437500004 0.75435783125 0.3047669046875 0.7559780640625 0.31179529375000004 0.7636741671875 0.34518014531249996 0.772063659375 0.38074500312500004 0.7793846125 0.421332815625 0.7856849359375 0.4588729890625 0.7912529609375001 0.49378842343749996 0.7922625578125 0.5196918593750001 0.7932820281249999 0.5859264765625001 0.7922573328125 0.6115597562499999 0.7915778828125 0.6210300109375 0.80380656875 0.6257858796875 0.8145776281250001 0.631117409375 0.8332683671875 0.632170984375 0.8460278406249999 0.6315028078125 0.8611418750000001 0.6261472984374999 0.8696771296874999 0.6231598890625001 0.8763586984374999 0.6104757140625 0.878777140625 0.5950275781250001 0.8780808453125 0.55834151875 0.877780609375 0.5319278875 0.869185825 0.4049616859375 0.865830665625 0.37523025625 0.8582373515624999 0.331529334375 0.84483849375 0.27892551718749997 0.8350442203125 0.2560313109375 0.8283278078125 0.23958983437499998 0.8183070499999999 0.21985238125
3 0.8249482796875001 0.7668909203125 0.8315499984375 0.767657746875 0.8307259437500001 0.752493290625 0.8278995374999999 0.731678278125 0.8232653265625001 0.70743635625 0.8211093703125 0.68566641875 0.8186032375 0.6598939140625 0.814966715625 0.63556470625 0.8145776281250001 0.631117409375 0.80380656875 0.6257858796875 0.7915778828125 0.6210300109375 0.7884201734375 0.628028284375 0.7838048343749999 0.6356022140625 0.785912878125 0.665442753125 0.7899933671875 0.6919737890625 0.793085165625 0.710076778125 0.8040716765625 0.735107346875 0.8159551203125 0.756026240625 0.8249482796875001 0.7668909203125
3 0.877780609375 0.5319278875 0.8780808453125 0.55834151875 0.878777140625 0.5950275781250001 0.877637753125 0.6049862046875 0.8896100468749999 0.6039387656249999 0.8934930874999999 0.5937400984375001 0.9029801531249999 0.58439554375 0.905117234375 0.5743496296874999 0.9056660203125 0.551894925 0.9063245671875 0.524949278125 0.9068364765625001 0.48770938125 0.9072546000000001 0.452270225 0.903686021875 0.38849929375 0.9006371968750001 0.3421601109375 0.89387896875 0.29076785156249996 0.8882790046875 0.261232815625 0.882788796875 0.227206840625 0.876726865625 0.212500640625 0.8718162265625 0.21382653281250003 0.8645579937500001 0.22566489218750002 0.8581278796875 0.223986784375 0.8491805984375 0.219391965625 0.8415811874999999 0.21871242500000002 0.8404417984375 0.22867105312499997 0.8391218046875 0.24805629375 0.8381998984375001 0.2633735015625 0.84483849375 0.27892551718749997 0.8582373515624999 0.331529334375 0.865830665625 0.37523025625 0.869185825 0.4049616859375 0.877780609375 0.5319278875
3 0.7792760296875 0.7475837640624999 0.786422471875 0.75457680625 0.789417578125 0.7399744859374999 0.7907216015625 0.723279446875 0.7901789109374999 0.7027127671875 0.785912878125 0.665442753125 0.7838048343749999 0.6356022140625 0.780523428125 0.6354411671875 0.7723543234375 0.6397409406250001 0.7563752953125 0.643827728125 0.7433893390625 0.64765265625 0.740684596875 0.6483374234375 0.741943615625 0.6742190390625 0.7450194453125001 0.695012228125 0.7516351015625 0.707429315625 0.7649143265625 0.7241928890625 0.771195775 0.7299172078125 0.7792760296875 0.7475837640624999
3 0.7559780640625 0.31179529375000004 0.7462157281249999 0.2835206875 0.7334992312499999 0.2559526703125 0.725169553125 0.238307934375 0.713730075 0.21959086874999997 0.7007920296875 0.2153451953125 0.6810646890625 0.213934178125 0.6690215453125 0.2199172890625 0.6605092296875 0.226039625 0.648363296875 0.2423388078125 0.6397322234375 0.2614674171875 0.629744278125 0.285196075 0.6167542578125 0.317701925 0.6099559625000001 0.32905191093749997 0.60467714375 0.3434058984375 0.6010115875 0.35896314375 0.6114673109375001 0.38941775624999997 0.6215867937499999 0.4275200625 0.62941559375 0.45954890156249995 0.6354824625 0.49442069375 0.64077609375 0.5405634828125 0.6418635078125 0.5673563781250001 0.6425598015625 0.6040424359375 0.64158301875 0.6216051125 0.6506150859375001 0.632914525 0.6656263328125 0.637875084375 0.682882384375 0.64263925 0.70298284375 0.6511877671875 0.7244172359375 0.6520013015624999 0.7433893390625 0.64765265625 0.7563752953125 0.643827728125 0.7723543234375 0.6397409406250001 0.780523428125 0.6354411671875 0.7884201734375 0.628028284375 0.7922573328125 0.6115597562499999 0.7932820281249999 0.5859264765625001 0.7922625578125 0.5196918593750001 0.7912529609375001 0.49378842343749996 0.7856849359375 0.4588729890625 0.7793846125 0.421332815625 0.772063659375 0.38074500312500004 0.7636741671875 0.34518014531249996 0.7559780640625 0.31179529375000004
3 0.440803453125 0.32323668125 0.42475066874999995 0.2977530859375 0.4082997984375 0.2763375234375 0.3905539015625 0.263101671875 0.375558625 0.2554509109375 0.3614353125 0.25489400624999997 0.3444037125 0.26131355 0.3312920296875 0.27231961875 0.31493581718749997 0.2979498296875 0.3048311453125 0.3203443 0.298833965625 0.3437238109375 0.289438653125 0.3656080859375 0.28278699218750003 0.387252321875 0.28294059531250004 0.4033717015625 0.286863415625 0.442464278125 0.293168675 0.5001700421875 0.29794749062500003 0.5490466734375 0.305705440625 0.586011184375 0.318795059375 0.6207167 0.3320722515625 0.6518207328125001 0.3455939296875 0.6627373546875 0.36678586874999997 0.66939784375 0.3918588125 0.6802001265625 0.41446947031250003 0.6858402265625 0.439240146875 0.684569340625 0.45436318125 0.6706984984375 0.47049987812499994 0.6540501703125 0.482808415625 0.6453550375 0.4877210859375 0.6296886828125 0.49149640000000006 0.6096404953125 0.490014959375 0.5582347125 0.487908946875 0.5140537109375 0.479848725 0.4650160328125 0.470712996875 0.415176178125 0.4627674703125 0.38181315 0.4506366359375 0.34657561718749996 0.440803453125 0.32323668125