3 0.6575151781249999 0.473813240625 0.6602819828125 0.49731974062499995 0.6681111640624999 0.5083318296875 0.6847791562500001 0.5256597453125 0.7019253265625001 0.5376289828124999 0.7131331796875 0.541256353125 0.725831815625 0.542981015625 0.736351359375 0.5360349203125 0.742507421875 0.5252171062500001 0.7472425234375 0.5116879609375 0.745331475 0.4817263828125 0.7415212906249999 0.45441215 0.7374566296875 0.429601375 0.7327877125 0.40058999218749997 0.7293693328125 0.383166253125 0.7218869531250001 0.37070599843749996 0.7107376734375 0.359629925 0.6998878734375 0.3573890546875 0.6987048437500001 0.362809396875 0.694492921875 0.38231852499999996 0.6842000578125 0.39456163125 0.6723939046875 0.40303811562499997 0.6629763171875 0.40634324062499994 0.660657578125 0.4069005609375 0.6580760875 0.41527890312500004 0.6543198390625 0.42376002343749997 0.6525550546875001 0.4306490890625 0.6539061937499999 0.437974459375 0.6557414609375 0.45624561406249997 0.6575151781249999 0.473813240625
1 0.676121034375 0.34280894375000004 0.6797541796875 0.33292076875 0.6832139234375 0.323756675 0.6829955203125 0.3131420984375 0.682819140625 0.3057139515625 0.6635531109375 0.3073995109375 0.648169409375 0.3101632328125 0.6407545359375 0.31471096875 0.641943521875 0.3255950875 0.6489057 0.34022759062499996 0.6573669343749999 0.3476398203125 0.6631904234375 0.3492570671875 0.6692991640625 0.348722621875 0.676121034375 0.34280894375000004
3 0.343867403125 0.311974278125 0.325102053125 0.313970490625 0.30865544218749996 0.3154093828125 0.28930833749999996 0.318874315625 0.2875210515625 0.32009405156250004 0.287460159375 0.3491647828125 0.28948008125 0.3695465203125 0.2938187421875 0.38937093749999996 0.299359959375 0.40129210937500004 0.30767029687499997 0.41509775156249995 0.317633565625 0.4234419390625 0.32937287187500003 0.427731725 0.34359306875 0.42790544218750004 0.35501336875 0.42584292812499996 0.3647469828125 0.4207378734375 0.369015159375 0.4154020703125 0.37038284374999997 0.4120923078125 0.3744911875 0.3886932234375 0.372023865625 0.374021928125 0.3670336265625 0.360280271875 0.3631595734375 0.353884540625 0.3558310703125 0.343183103125 0.3508798796875 0.32447564375 0.343867403125 0.311974278125
3 0.782669253125 0.48094094375 0.79134823125 0.4691934890625 0.7987909015625 0.45684528750000003 0.800714859375 0.43824524374999996 0.8002082250000001 0.421630128125 0.797933828125 0.4037518484375 0.7924429125 0.3896995390625 0.7820487859374999 0.3764306609375 0.7684268890625 0.3641530890625 0.7662425015625 0.368952128125 0.7544754 0.372462809375 0.7450075109375 0.377899071875 0.734364865625 0.38343811250000004 0.7314560984375 0.39078171875 0.7351934828125 0.41455775937499995 0.739940496875 0.4336375375 0.7463096703125001 0.4469040984375 0.7589219359375 0.46387793125 0.772778784375 0.4761349484375 0.782669253125 0.48094094375
3 0.2980627609375 0.42976209218749994 0.29383065468749997 0.4219798609375 0.290110478125 0.4173429484375 0.28195699687500003 0.41344835625 0.275582528125 0.41365159374999994 0.2693424125 0.41809655 0.2653707375 0.424115325 0.2601627546875 0.4295333515625 0.2541493171875 0.43927531875000003 0.249699465625 0.450652771875 0.24739495625000002 0.46219698749999993 0.2456947 0.47794181093750004 0.243505015625 0.496210646875 0.243706875 0.51746035625 0.241967571875 0.5381709828125001 0.24116509375 0.5506471562499999 0.2436714640625 0.56035265 0.2506111390625 0.5693158234375 0.263189653125 0.5777856625 0.271435459375 0.5827355453124999 0.2818573828125 0.5882039578125 0.29245270625 0.592948284375 0.2972748390625 0.593944228125 0.3045050609375 0.5872859109374999 0.30849625937499997 0.578784234375 0.3151500234375 0.560124840625 0.321325609375 0.5468241265625 0.3255322359375 0.54078479375 0.3324044046875 0.5327399796875001 0.3314616203125 0.5246699703125 0.3303537078125 0.512006478125 0.3298192765625 0.50319183125 0.33010155 0.4928879078125 0.33047615 0.4836392734375 0.3301068453125 0.47941810937499996 0.3250970828125 0.468159353125 0.319617415625 0.456941709375 0.3157013359375 0.44735954843750003 0.3107448515625 0.44212188750000003 0.30264166875 0.4360961578125 0.2980627609375 0.42976209218749994
3 0.576865896875 0.5099345453125 0.5713276578125 0.5061656046875 0.563235728125 0.5029745390625 0.5569731109375 0.5017501656250001 0.5533174609375 0.5059690109375 0.5513875500000001 0.50826459375 0.54853735625 0.5081594984375 0.5446242546875 0.50672956875 0.5396594953125 0.506809471875 0.5373715296875 0.5077185562500001 0.53373540625 0.5094545 0.5294559796875 0.5119556390625 0.525389 0.5087668921875 0.521352796875 0.5059299078125 0.5170005671875 0.5048928546875 0.513241340625 0.5052217437500001 0.5085843359375 0.508819284375 0.5050210140625 0.514093421875 0.5024590484375 0.5199888625 0.5007670656250001 0.5304161203125 0.5003729421875 0.5421476546874999 0.5021129078125 0.5512112874999999 0.5041996734375 0.5588267546875 0.5091171109375 0.56903021875 0.5114696046875 0.57697689375 0.512759190625 0.5835987359375 0.5179423546875 0.594133409375 0.5254862859375 0.607297190625 0.5317518812500001 0.6166737953125 0.5373824468749999 0.621498028125 0.548609821875 0.622642496875 0.561929259375 0.617932634375 0.5693133578125 0.6130331359375 0.5735199843750001 0.6069938046875001 0.5764678 0.5946843953125 0.579893790625 0.5770163078125 0.5834428859375 0.5607552765625 0.5848466390625 0.5443274796875001 0.58428970625 0.5298435031250001 0.5837973 0.524215284375 0.5804742234375 0.51599906875 0.576865896875 0.5099345453125
3 0.4238657578125 0.5633738687500001 0.42955787343749996 0.5689016265625 0.434321434375 0.577346275 0.4389228453125 0.5893496671875 0.4430851265625 0.6017459374999999 0.448542290625 0.6072942515624999 0.4584830578125 0.6099691093749999 0.46750354375000003 0.6102432875 0.4739283125 0.6079089125 0.4814858109375 0.6022853296874999 0.4848952578125 0.5952523765625 0.48711869375 0.585487534375 0.49022038593749995 0.5749369421875 0.49330255312500004 0.5668692515625 0.49344220156249996 0.557641175 0.4920295125 0.549612278125 0.4886253640625 0.5431754343749999 0.48290247343750003 0.5372959125000001 0.4781306390625 0.5341688312499999 0.4688752015625 0.533915209375 0.465219553125 0.5381340531250001 0.46379031875 0.5407402890624999 0.4610324515625 0.541690484375 0.45688439843750006 0.5402811109375001 0.4532677984375 0.539534153125 0.44950857343750006 0.5398630437499999 0.4458416734375 0.5412472234375 0.44049106406250005 0.5477410953125 0.43418642187499995 0.54333029375 0.42997681718749997 0.54121739375 0.42411427812499997 0.54456595 0.41781261093750005 0.548307378125 0.4155358984375 0.5520511265625 0.4238657578125 0.5633738687500001
3 0.6981780234375 0.318902925 0.695610103125 0.30849390312499997 0.68516865625 0.3055083953125 0.6635531109375 0.3073995109375 0.648169409375 0.3101632328125 0.635177246875 0.31590783125 0.6235279499999999 0.3342953640625 0.62019130625 0.3448665109375 0.619181675 0.34956277187499996 0.6233274125 0.372594175 0.6267735890624999 0.3822174453125 0.63234558125 0.3944903796875 0.6384460484375001 0.3992735015625 0.6458638999999999 0.40287799687500003 0.6561011718749999 0.4062358265625 0.6629763171875 0.40634324062499994 0.6723939046875 0.40303811562499997 0.6842000578125 0.39456163125 0.694492921875 0.38231852499999996 0.6987048437500001 0.362809396875 0.69945701875 0.3524643625 0.6995321390625 0.3343805265625 0.6981780234375 0.318902925
3 0.5832516156249999 0.512565971875 0.5881803046875 0.5256041015624999 0.5970948968750001 0.543610353125 0.607164721875 0.5639967265625 0.6177434984375 0.5793761859375001 0.6254803546875001 0.589332984375 0.6339806375 0.5917794109375001 0.6434094765625 0.5913089499999999 0.65020884375 0.5797259421875001 0.6536431078125 0.5567402890625 0.65630269375 0.538430340625 0.65738744375 0.51565024375 0.6571548093749999 0.4940487703125 0.6556828890624999 0.4636943171875 0.6546448015624999 0.4464167875 0.6511873734375 0.43395885156249997 0.64727129375 0.4243766921875 0.64236510625 0.41700789218749995 0.6366842421875 0.414314796875 0.626570075 0.4123640234375 0.6210123109375 0.41107798281249996 0.61589963125 0.42570353125000004 0.6055114625 0.428739115625 0.577348046875 0.43155755156250003 0.5737734750000001 0.43399702187500006 0.5722128671875 0.44051376875 0.5733320296875 0.45601192656249995 0.576862259375 0.47200805468749996 0.5797687093749999 0.486286475 0.581877978125 0.499571271875 0.5832516156249999 0.512565971875
3 0.4480776921875 0.34220169375 0.43843640468749995 0.3483620390625 0.42917798906250004 0.33995618437499997 0.419069115625 0.32453561406250003 0.40532709687499996 0.31900321875 0.3935795171875 0.3200309984375 0.38434658125 0.3254467046875 0.37909127656249997 0.3411480984375 0.37698266875 0.3576375609375 0.3769188015625 0.3785560640625 0.37984477499999997 0.39035158281250004 0.38176111874999996 0.40684336249999997 0.38557659843750003 0.4206877984375 0.390239559375 0.4333947203125 0.3966785578125 0.4420472421875 0.40354542968749996 0.44747222343750004 0.41704124687500005 0.45019050937499994 0.4367268796875 0.450594975 0.45564610781250003 0.45035758281250005 0.4730325234375 0.44883646875 0.48709884375 0.4472513703125 0.4948102203125 0.4433866046875 0.4971680078125 0.43786348437499995 0.4977828546875 0.415124496875 0.4925771890625 0.39892049531249996 0.487729575 0.3841029921875 0.4808905 0.3708775421875 0.47154803125000005 0.3560988328125 0.45823388749999994 0.3473388953125 0.4480776921875 0.34220169375
3 0.18640053125 0.49837099374999994 0.1847085484375 0.5087982515625 0.189502884375 0.5175946609375 0.1994969296875 0.5262906125 0.205566621875 0.53072196875 0.2136780765625 0.5314301343750001 0.22216413125 0.5228896640625 0.233393825 0.5024121046875 0.2401316421875 0.4901255703125 0.2456947 0.47794181093750004 0.24739495625000002 0.46219698749999993 0.249699465625 0.450652771875 0.2440463984375 0.44015920937499997 0.2312359125 0.4398621578125 0.22530884687500002 0.43435495468749996 0.21867692500000002 0.4289094171875 0.2128114078125 0.42410574062500006 0.2030440421875 0.42070680156250007 0.19075673437500001 0.42638973125 0.1877893953125 0.4411820421875 0.1885730078125 0.4609630296875 0.188713315625 0.48150921249999995 0.18640053125 0.49837099374999994
1 0.3134924640625 0.3571664796875 0.31850752187500003 0.3549554390625 0.32197851875 0.3486260109375 0.3263810484375 0.347531928125 0.334411428125 0.350019465625 0.3422766796875 0.3479135203125 0.34329458281249997 0.33789969375 0.33843869843749996 0.32839975625 0.334903171875 0.325873425 0.32963066093750004 0.3224356921875 0.325102053125 0.313970490625 0.30865544218749996 0.3154093828125 0.28930833749999996 0.318874315625 0.2914152890625 0.353781140625 0.2978820828125 0.35463319375 0.302530815625 0.3563532203125 0.309089934375 0.3582605640625 0.3134924640625 0.3571664796875
3 0.22656799218749998 0.32968022656249996 0.20179747812499998 0.3361008390625 0.18539289375 0.34072616093749997 0.1872672109375 0.3540315125 0.1952952734375 0.378141078125 0.20386306250000003 0.3975954953125 0.21264628124999999 0.4195122578125 0.21867692500000002 0.4289094171875 0.22530884687500002 0.43435495468749996 0.2312359125 0.4398621578125 0.2440463984375 0.44015920937499997 0.252420603125 0.43304635156250004 0.2606296796875 0.421340009375 0.2694903328125 0.4035509078125 0.2857291296875 0.36455784375 0.286467078125 0.3432259125 0.28361390468750003 0.334968584375 0.2712620703125 0.33179575625 0.261002296875 0.322768596875 0.24610802187499997 0.32300830937499997 0.22656799218749998 0.32968022656249996
3 0.4059849546875 0.46994398593750003 0.40478769375 0.46437743437499995 0.4039177109375 0.4598456171875 0.40157646874999997 0.45473360781250005 0.39801016875 0.4518555125 0.3947095953125 0.44930862656250004 0.38717989375 0.447131740625 0.3818878578125 0.446176909375 0.372663196875 0.44627505 0.3684032921875 0.44629328749999997 0.3632343578125 0.4467455109375 0.3601492109375 0.44666096875 0.35436774843749996 0.44823015 0.347677253125 0.4502333171875 0.34266219531250003 0.452444359375 0.33926102343750003 0.4541597484375 0.3374234359375 0.457510621875 0.33427971875 0.46487478437499996 0.3324646328125 0.4738949859375 0.33047615 0.4836392734375 0.33010155 0.4928879078125 0.3298192765625 0.50319183125 0.3303537078125 0.512006478125 0.3314616203125 0.5246699703125 0.3324044046875 0.5327399796875001 0.33495280156249996 0.5456319015625 0.3375514984375 0.556392684375 0.3419599828125 0.5716030625 0.3447628546875 0.581991528125 0.3477699046875 0.592007675 0.3501726984375 0.5978232109375 0.356130540625 0.6036821796875 0.3613219765625 0.6088992859375 0.36906710625 0.6135385171875 0.3783840953125 0.6144956671874999 0.3826102453125 0.605973434375 0.3895131890625 0.5982803828125001 0.3944832421875 0.58473068125 0.400890803125 0.5632571796875 0.409169703125 0.5469367984375 0.4077067171875 0.5410390390625001 0.4079664875 0.5250657859375 0.40762497968750006 0.513044153125 0.4075379484375 0.49851906562500004 0.4073503203125 0.48825625156249997 0.4068158875 0.47944160468749997 0.4059849546875 0.46994398593750003
3 0.7775023109375 0.319052071875 0.7770264515624999 0.30278872031250004 0.7555227546875 0.303252225 0.735490321875 0.304295925 0.7187164328125 0.30470008125 0.7023005984374999 0.3064907375 0.695610103125 0.30849390312499997 0.700110915625 0.3247595734375 0.7036801921875 0.33578990000000003 0.734364865625 0.38343811250000004 0.7450075109375 0.377899071875 0.7544754 0.372462809375 0.7662425015625 0.368952128125 0.770916053125 0.3547194546875 0.7731365125 0.3368023828125 0.7775023109375 0.319052071875
3 0.61172709375 0.32930205 0.605615375 0.32168426562499997 0.5853675125 0.32026561875000004 0.56040109375 0.321740984375 0.5380191453125 0.3229902390625 0.5254856343750001 0.32585905937500004 0.5164906296875 0.3394064421875 0.5092438609375 0.35669989062499996 0.5084638874999999 0.37484539375 0.5106181609375 0.3994688515625 0.5113709984375 0.418898075 0.516691490625 0.4418266984375 0.52487575 0.4460730546875 0.5444382796875 0.4450704671875 0.5584430484375 0.44278184062500003 0.5637013328125 0.43523267656250003 0.577348046875 0.43155755156250003 0.6055114625 0.428739115625 0.61589963125 0.42570353125000004 0.6210123109375 0.41107798281249996 0.6237334484375 0.3934715640625 0.621937228125 0.37023460625000004 0.619181675 0.34956277187499996 0.61172709375 0.32930205