0 0.27917572812499997 0.6616428437499999 0.2721553578125 0.6548654218750001 0.26021395625 0.654565271875 0.24951550781249998 0.6597661125000001 0.241669790625 0.668898090625 0.2360433328125 0.680308353125 0.235170015625 0.7006083140625 0.23887489374999998 0.71930656875 0.2470987171875 0.7219487140624999 0.259992440625 0.7212214390625 0.267866378125 0.7028807625 0.27772819375 0.6947443546875001 0.2761508703125 0.68009209375 0.2785337921875 0.674016821875 0.27917572812499997 0.6616428437499999
3 0.1671277625 0.4681305421875 0.167689278125 0.47636924062499997 0.1681153515625 0.4837528 0.1689279984375 0.4888836484375 0.173342534375 0.495635496875 0.18181325625 0.5021832046875 0.19130825 0.5011176421875 0.195504109375 0.49475522656250004 0.2000865375 0.486140103125 0.2070236703125 0.48065840312499997 0.213960803125 0.4751767046875 0.21781805781250002 0.46667643593749997 0.229739709375 0.4621584515625 0.2441754890625 0.459433753125 0.249526828125 0.45332662343749996 0.250575090625 0.4435180703125 0.249627003125 0.43753208125 0.24339952812500001 0.43106737500000003 0.23905271250000001 0.424743096875 0.229988025 0.4261788015625 0.225090975 0.4304607921875 0.21692640624999998 0.44227305 0.20946726093749998 0.44915231875000006 0.20162577812500002 0.45127087968749996 0.1897281109375 0.4535935828125 0.1831098296875 0.4563950015625 0.177806459375 0.458111565625 0.1691480953125 0.46211269687499995 0.1671277625 0.4681305421875
3 0.1622842984375 0.646407790625 0.16912549062499999 0.6497072187499999 0.1856450890625 0.648405659375 0.215353278125 0.645891828125 0.22661747499999998 0.6419162703125 0.233462903125 0.6382022828125 0.2378181875 0.630499728125 0.2368940828125 0.62231845625 0.23277441250000003 0.615081609375 0.2284713328125 0.611380184375 0.21580475625 0.611194890625 0.20411448437500002 0.6077868890625 0.1887066328125 0.606720878125 0.1734102359375 0.60870529375 0.1650467390625 0.6122214234375 0.16067875468749998 0.6409642265625 0.1622842984375 0.646407790625
3 0.6751227296875 0.3337615609375 0.6719186953125 0.34873281875 0.670049321875 0.3674373546875 0.6694271359374999 0.3846294671875 0.6705939015625 0.40372971875 0.677948640625 0.41965840937500004 0.6888615328125 0.4345852484375 0.70326909375 0.44106924531249997 0.7137361624999999 0.4437943921875 0.727877075 0.441554690625 0.7410459140625 0.43552428125000003 0.7543262109375 0.432544296875 0.7666104515625001 0.42796888437499997 0.77425300625 0.41755419375 0.78366053125 0.4112429265625 0.791346821875 0.40345108906249993 0.802726709375 0.3955125390625 0.8045876156249999 0.390834834375 0.7891444953125 0.37311914218750003 0.7773907375 0.362270153125 0.745277059375 0.33316932499999996 0.734045315625 0.3209227671875 0.7241764484375001 0.3032007921875 0.715498334375 0.30238378906249996 0.703441240625 0.30604663125 0.693240821875 0.312045184375 0.6843313265625001 0.319154165625 0.678979984375 0.32526129375 0.6751227296875 0.3337615609375
3 0.7732188453125 0.47907951249999997 0.75965215 0.46851766406250006 0.7483921859375 0.46547980468750005 0.738263721875 0.4648925140625 0.728768725 0.4659580765625 0.7253657640625 0.47263320468750003 0.7195798796874999 0.4853836078125 0.717037534375 0.4927990203125 0.7175750640625 0.5032330015625 0.7219416328125 0.5143754125 0.7296631921875 0.5232332609375 0.7366835625 0.5300106812500001 0.7717303906249999 0.5424299687499999 0.7824965609375 0.5376567 0.7897285593750001 0.5316900015625 0.7934503734375 0.522334590625 0.7929608125 0.507510046875 0.7843828687500001 0.4908985 0.7732188453125 0.47907951249999997
3 0.7816302937499999 0.5838150453125001 0.7932006406250001 0.5981994546875 0.8061536171875 0.6119265828125 0.8184096375 0.6165598703125 0.8306416734375001 0.6233884359374999 0.8434592109375 0.6362604234375 0.85065875625 0.6465158375 0.860376665625 0.6515511218750001 0.8755333859375 0.65572498125 0.8921207046875 0.65485099375 0.9045403859375 0.6511307234375 0.9175300484375001 0.6416223203125 0.9256748671875 0.624991928125 0.9294644015625 0.6160640890625 0.9354731968750001 0.609414534375 0.937473778125 0.5985785546875 0.9388648749999999 0.5838944390624999 0.9381241828125001 0.5721777453125 0.932470925 0.552911490625 0.9239846875 0.5345322312499999 0.9162193937499999 0.5230515312499999 0.905441940625 0.5089798359375 0.8949593546875001 0.49442314062500003 0.885540546875 0.4818894421875 0.8777512671875 0.472604025 0.8738982453125 0.4740908765625 0.8615462859375 0.47823871718750005 0.8525211015625 0.4893106921875 0.83767053125 0.5034967984375001 0.8291236234375001 0.510548353125 0.828577625 0.514141203125 0.822269728125 0.528289171875 0.8151252015624999 0.5395015765625 0.802048065625 0.5437642734375 0.7921185296875 0.5514731109375 0.7810532593749999 0.56374479375 0.7816302937499999 0.5838150453125001
3 0.21006544374999997 0.546797715625 0.20455891093749998 0.5472315671875 0.1903982484375 0.5446531343750001 0.18144925 0.542125846875 0.17283885625 0.5417364140625 0.16812521875 0.5424829812499999 0.16642373593749998 0.5458205453125 0.16650274062499998 0.56509308125 0.1696503390625 0.5685392203124999 0.1791453328125 0.5674736578124999 0.19616296093750002 0.5669698125 0.215061246875 0.5666063984374999 0.2211814984375 0.563007265625 0.2158626109375 0.5528922796875 0.21006544374999997 0.546797715625
0 0.2459107828125 0.737915540625 0.2399979265625 0.7357839687500001 0.23603344843750002 0.7342203984375 0.23299730625 0.7338246828125 0.23016432656250002 0.7347116781249999 0.2307060921875 0.7381322453125 0.23942794374999998 0.7415721015625001 0.2471537375 0.7434165328125 0.251867375 0.742669965625 0.2543377671875 0.741840396875 0.2506681546875 0.739791828125 0.2459107828125 0.737915540625
3 0.1795404109375 0.32590966093749996 0.1795799140625 0.33554592968749997 0.1795277109375 0.34694990937500003 0.17841172968750002 0.3563308921875 0.1757536921875 0.3677092984375 0.17313939218750002 0.3817105578125 0.1791199703125 0.3842697 0.1909696671875 0.3863375609375 0.19901431249999998 0.385501709375 0.20470425625000002 0.3815324375 0.21515157187499998 0.37943944687500003 0.22589375781249998 0.37686145937500004 0.23375922500000001 0.372547615625 0.24019832968750002 0.3662682015625 0.24407956875 0.35557265312499997 0.24813998437499998 0.348355096875 0.2443151828125 0.3406332515625 0.2310193703125 0.3317816859375 0.217878746875 0.328603396875 0.20664276875 0.32337025625 0.197219728125 0.317849975 0.1868443640625 0.3133571171875 0.1820192703125 0.31105326093749996 0.18033754062500001 0.319208959375 0.1795404109375 0.32590966093749996
0 0.3455914046875 0.1352485453125 0.34434845 0.12974755468750002 0.344715271875 0.12267671093750002 0.344922665625 0.11694600625 0.346827309375 0.1148911546875 0.3494331421875 0.114916728125 0.3483256296875 0.110270878125 0.347126409375 0.107392740625 0.3379982359375 0.101387459375 0.328614696875 0.10550344375000001 0.3285427421875 0.11208929062499999 0.33082548906250003 0.12180855937499999 0.33462630781249997 0.1317256875 0.341897809375 0.1353952578125 0.3455914046875 0.1352485453125
3 0.8117025078125 0.42871634375 0.8066460328125 0.434338471875 0.8029721890625 0.43930331875000006 0.797234275 0.4476631578125 0.7943293421875001 0.45513599843749997 0.7962255171875 0.46710797812499993 0.7978508109375 0.4773696765625 0.8030102734375 0.4888248 0.810388996875 0.5025582109375 0.81387943125 0.5011287859375 0.8161706453124999 0.496821225 0.822470075 0.49670008593750004 0.8246455984375001 0.4963555171875 0.8281078140625 0.504134790625 0.8291236234375001 0.510548353125 0.83767053125 0.5034967984375001 0.8525211015625 0.4893106921875 0.8615462859375 0.47823871718750005 0.8738982453125 0.4740908765625 0.8777512671875 0.472604025 0.8788630140624999 0.47023645781249995 0.8696036328125001 0.45636261874999995 0.8634001437500001 0.44770262968749996 0.8559254796875001 0.44275034843750005 0.840796978125 0.429367790625 0.83479665 0.42199051406250004 0.8285931609375 0.413330525 0.8229314359375 0.40809110156250006 0.8189627234374999 0.413540946875 0.8159900703125 0.4205862171875 0.8117025078125 0.42871634375
3 0.4457106875 0.1947782234375 0.4512454390625 0.185135671875 0.45433801718750005 0.1671139921875 0.45564164375000005 0.1471841734375 0.4592717515625 0.13959647343749998 0.46371874062499996 0.130126209375 0.46746453906249996 0.11857551718749999 0.4667915671875 0.10728639375 0.46566853750000003 0.09080899375 0.463390021875 0.07407630781249999 0.461382390625 0.059053904687500006 0.45721898593750004 0.04919420625 0.4526450234375 0.0437824984375 0.4440586125 0.041197781249999996 0.4319140484375 0.03961491875 0.41779712187499995 0.0396593390625 0.4010743609375 0.039678184374999995 0.38700116875 0.0423454546875 0.3739917546875 0.047035723437499996 0.35907769843750004 0.053780843749999994 0.3519811390625 0.060602682812499996 0.342936203125 0.06685652343750001 0.3394895046875 0.07090880000000001 0.34258913281250003 0.0787455015625 0.3481831375 0.0835573546875 0.35373340625 0.085746353125 0.3538208796875 0.090992059375 0.351505678125 0.097494903125 0.35132226875 0.101030325 0.35530649687500004 0.10741202968750001 0.35980850468750003 0.1194095828125 0.361023240625 0.13411927343750002 0.3613773609375 0.1480886765625 0.362779740625 0.1522495265625 0.36841748281250003 0.1596842328125 0.38306770625 0.1770872109375 0.3958654921875 0.1851410640625 0.41371551562500003 0.1945862 0.4315020546875 0.1965903515625 0.4457106875 0.1947782234375
3 0.261373634375 0.8730915953125 0.2759095859375 0.8545723531249999 0.28801888125 0.83950553125 0.2905654625 0.8250767031249999 0.2911594296875 0.8170932890625 0.29295685 0.8049745968750001 0.29421250468750004 0.7894353390625 0.287674646875 0.7716240812499999 0.2801604828125 0.7570355296875 0.2729849203125 0.744584834375 0.25916709375 0.7371308375 0.24011361562500003 0.731820978125 0.21299574062499999 0.72252883125 0.20523467968750003 0.704034715625 0.19105426406249998 0.6966381484374999 0.175921528125 0.69026900625 0.157955815625 0.6847868609375001 0.160468525 0.726465359375 0.169217175 0.760581734375 0.17353859062500002 0.8089865078124999 0.17710379375000002 0.8338430375 0.180522275 0.8389994578125 0.1824382 0.855789571875 0.197678159375 0.8722225531250001 0.20897762343749998 0.8848966812500001 0.226401575 0.8869582609375 0.2482245453125 0.8839401375 0.261373634375 0.8730915953125
3 0.2712313515625 0.08347301562500001 0.2552775 0.0859998578125 0.2377576109375 0.09271940468749999 0.225947415625 0.10028781093750001 0.216017878125 0.10799664843750001 0.21148341718750002 0.11222120937499999 0.206924971875 0.1186410515625 0.2033386 0.1288516015625 0.2045096 0.14093843749999999 0.21107144375 0.15655441406249998 0.2176135359375 0.16735225625 0.22479333124999998 0.1727895390625 0.23308064062499997 0.18287266875 0.242842284375 0.1905308046875 0.2499741109375 0.20035865 0.256153615625 0.21121391875 0.2640980890625 0.2261726125 0.267448846875 0.2309014640625 0.27526634687499996 0.23097818281250002 0.28328700625000003 0.23233761406250003 0.2898333328125 0.23612204062500003 0.2992803578125 0.2394470421875 0.3076156375 0.245139609375 0.3156602828125 0.244303759375 0.326131584375 0.2400154875 0.3352682265625 0.23199393750000002 0.338675421875 0.2183053921875 0.3453176875 0.213308690625 0.3491114546875 0.19736743750000002 0.3541524125 0.17991375781250002 0.35685841875 0.1641447875 0.357906678125 0.154336234375 0.3613773609375 0.1480886765625 0.361023240625 0.13411927343750002 0.35980850468750003 0.1194095828125 0.35530649687500004 0.10741202968750001 0.35132226875 0.101030325 0.3440987359375 0.0929701921875 0.34061253593749996 0.0873862 0.3355645296875 0.078981496875 0.32253536562499996 0.07885363125 0.30232217031249997 0.08030190000000001 0.28863555 0.0807164609375 0.2712313515625 0.08347301562500001
0 0.1622842984375 0.646407790625 0.1687629015625 0.649764646875 0.1852825 0.6484630874999999 0.214990690625 0.64594925625 0.22661747499999998 0.6419162703125 0.233462903125 0.6382022828125 0.23745559843750003 0.63055715625 0.236531496875 0.622375884375 0.2324118265625 0.6151390375 0.2284713328125 0.611380184375 0.21544216718750003 0.61125231875 0.203751896875 0.6078443171875 0.18834404375 0.6067783078125 0.17304765 0.608762721875 0.1646841515625 0.6122788515625001 0.1603161671875 0.6410216546874999 0.1622842984375 0.646407790625
0 0.8146469421875 0.4308797703125 0.8115825843750001 0.43969275156250004 0.8082233578125001 0.448990734375 0.80518298125 0.4556084328125 0.8020748875000001 0.4617985625 0.805648559375 0.47262825937499997 0.810947696875 0.4779251109375 0.8164979640625001 0.4801141109375 0.82265771875 0.4861512484375 0.8277776796874999 0.48797010468749996 0.833782240625 0.48833396562500003 0.8413288578125 0.48670040312499996 0.8475168296875 0.483528840625 0.85093954375 0.48167184843750005 0.85289215625 0.47522643125 0.8557731046875 0.46994887187499995 0.8577454671875 0.468321590625 0.859080128125 0.47205486875 0.8568128968750001 0.47416715 0.8606419328125 0.4748755796875 0.86356661875 0.4722208734375 0.8615462859375 0.47823871718750005 0.8738982453125 0.4740908765625 0.8777512671875 0.472604025 0.8788630140624999 0.47023645781249995 0.8696036328125001 0.45636261874999995 0.8634001437500001 0.44770262968749996 0.8559254796875001 0.44275034843750005 0.840796978125 0.429367790625 0.83479665 0.42199051406250004 0.8297923796875001 0.41620866406249996 0.8266885187499999 0.41538537656249996 0.824034715625 0.41975036875000005 0.822787528125 0.42126279375 0.8201139734374999 0.4208096484375 0.81768731875 0.42426207031249996 0.8146469421875 0.4308797703125
0 0.7878126328125 0.5148998859375 0.786569678125 0.509398896875 0.7814539515625001 0.5005666234375 0.7739792890625 0.495614340625 0.7678195359375 0.48957720312499997 0.7610940328125 0.482314784375 0.75470713125 0.47719021718750004 0.7455112374999999 0.47075736562500003 0.737558296875 0.46982550468750006 0.73270921875 0.4697169296875 0.7280393171874999 0.47308634843749997 0.7256126609375 0.47653877031249997 0.724476928125 0.48110161875 0.7222534328125 0.48583675 0.720189365625 0.4892317421875 0.7192328109374999 0.497272584375 0.720587221875 0.5058239999999999 0.723256540625 0.513290559375 0.7264041375 0.5167366984374999 0.7305717781250001 0.51958298125 0.7356917390625 0.5214018390625 0.7406085375 0.5219379843749999 0.7463182328125 0.52278684375 0.7492386843750001 0.5271455515625 0.754334659375 0.5311596921875 0.7597932234375 0.5351164015625 0.7619447640625 0.536967115625 0.7732047265624999 0.540004975 0.7761971328125 0.5377778390625 0.7795083875000001 0.5328704203125 0.78213820625 0.5307007125000001 0.7850191546875 0.525423153125 0.7864497546875 0.5203753046874999 0.7878126328125 0.5148998859375
0 0.623422278125 0.281903475 0.6212622703124999 0.2940795953125 0.6224332703125001 0.3061664328125 0.628839921875 0.31610913281249997 0.632079225 0.3177875609375 0.6398967234375 0.31786427968750003 0.6433913921875 0.309421440625 0.6478143953125 0.30214645625 0.6572219203125 0.2958351890625 0.661688659375 0.29118305625 0.6688049687500001 0.28917935156249996 0.6766464515624999 0.2870607890625 0.6836513046875 0.2820066609375 0.6908593187500001 0.27823524375 0.6978641718749999 0.2731811140625 0.6882859375 0.26198755625 0.6754684015625 0.2491155703125 0.663376040625 0.23612872812500002 0.658749875 0.24212099999999998 0.6543028859375 0.251591265625 0.6464374171875 0.255905109375 0.6370976140625 0.2626439484375 0.629048734375 0.2704932140625 0.623422278125 0.281903475
3 0.242842284375 0.1905308046875 0.23104055625000003 0.184072378125 0.21855738906250002 0.1803516640625 0.2126882703125 0.18084294218750002 0.2049145046875 0.1833890765625 0.197658521875 0.19155105781249998 0.1890833953125 0.20781130781249998 0.18209829375 0.217683571875 0.176607278125 0.22994897343749998 0.1747421375 0.24164009375 0.1736459078125 0.2558392109375 0.1739562921875 0.2671857625 0.178733415625 0.27388018281250004 0.18987769062499998 0.280881034375 0.1997550234375 0.28457617812499997 0.21848964999999998 0.2925663203125 0.23040706718749998 0.2950617515625 0.243252821875 0.2987250390625 0.254174184375 0.2996250453125 0.2658686875 0.2960196328125 0.2709054109375 0.28557936875 0.2708024234375 0.2685021125 0.26782271875 0.2496890015625 0.268034346875 0.23694488125 0.2640980890625 0.2261726125 0.256153615625 0.21121391875 0.2499741109375 0.20035865 0.242842284375 0.1905308046875
0 0.38283916093750003 0.10524276875000001 0.37976351875000003 0.095210784375 0.3727431484375 0.0884333625 0.36352326874999996 0.0841957921875 0.3530562015625 0.0814706484375 0.3481831375 0.0835573546875 0.35373340625 0.085746353125 0.3538208796875 0.090992059375 0.351505678125 0.097494903125 0.35132226875 0.101030325 0.35530649687500004 0.10741202968750001 0.35980850468750003 0.1194095828125 0.361023240625 0.13411927343750002 0.3613773609375 0.1480886765625 0.3760402875 0.14445140781250002 0.3824554046875 0.1403672765625 0.3845237078125 0.12995886875 0.38387472031250003 0.1164744625 0.38283916093750003 0.10524276875000001
0 0.1799707203125 0.326279803125 0.1795799140625 0.33554592968749997 0.17959543125 0.3473774796875 0.17841172968750002 0.3563308921875 0.17582141406250001 0.36813686875 0.17313939218750002 0.3817105578125 0.179187690625 0.3846972703125 0.19103738750000002 0.38676513125 0.1993769 0.38544428124999996 0.20506684218750001 0.381475009375 0.21521929218750002 0.37986701875 0.22596147812499998 0.3772890296875 0.23418953281250002 0.3729177578125 0.24026605 0.3666957734375 0.24407956875 0.35557265312499997 0.24820770625000002 0.3487826671875 0.244382903125 0.34106082187500003 0.2310193703125 0.3317816859375 0.21794646874999998 0.32903096875000004 0.2067104890625 0.3237978265625 0.19728744843749998 0.3182775453125 0.186912084375 0.3137846875 0.1820869921875 0.31148083125000003 0.1804052609375 0.3196365296875 0.1799707203125 0.326279803125
0 0.1907114296875 0.7015137109375 0.1875200953125 0.6954447187499999 0.175921528125 0.69026900625 0.157955815625 0.6847868609375001 0.160468525 0.726465359375 0.16316182968749998 0.7317366375 0.171119003125 0.7256550828125 0.181658025 0.7217943828125 0.18958698125 0.724921525 0.19373486875 0.722949675 0.1933567625 0.711175553125 0.1907114296875 0.7015137109375
3 0.4764488046875 0.13775248906249998 0.48176345937500004 0.154880890625 0.48952452187500006 0.1733750046875 0.4953216875 0.1794695703125 0.5058564765625 0.18262228593750002 0.5149649000000001 0.183809434375 0.52174260625 0.179667875 0.528090003125 0.17515617187500002 0.5364774859375 0.169444759375 0.54486496875 0.16373334687500002 0.5507143375 0.15842393125 0.5576754546875 0.15074695 0.5655211718750001 0.141614971875 0.568720971875 0.13365713125 0.571649890625 0.1239890078125 0.571112359375 0.11355502656250001 0.566426940625 0.10509289531249999 0.5553108859375 0.0888833453125 0.543919715625 0.0779769296875 0.5307156078124999 0.067357653125 0.5177583953125 0.0606439421875 0.4998364171875 0.057784648437499996 0.48168729062500004 0.055837925 0.47196514843750004 0.0578160578125 0.46604382656250004 0.06971131875 0.463390021875 0.07407630781249999 0.46566853750000003 0.09080899375 0.4667915671875 0.10728639375 0.46966405 0.116035665625 0.4764488046875 0.13775248906249998
3 0.278813140625 0.661700271875 0.2721553578125 0.6548654218750001 0.26021395625 0.654565271875 0.249220640625 0.6602511109375 0.241669790625 0.668898090625 0.2361110546875 0.6807359234375 0.2348074296875 0.7006657421875 0.23887489374999998 0.71930656875 0.2470987171875 0.7219487140624999 0.2596298546875 0.7212788671875 0.267866378125 0.7028807625 0.27772819375 0.6947443546875001 0.2761508703125 0.68009209375 0.2786015125 0.6744443921875 0.278813140625 0.661700271875
3 0.623422278125 0.281903475 0.6212622703124999 0.2940795953125 0.6225009906250001 0.30659400312499996 0.628839921875 0.31610913281249997 0.632079225 0.3177875609375 0.6398967234375 0.31786427968750003 0.6434591125 0.3098490109375 0.6478821171875 0.3025740265625 0.657289640625 0.296262759375 0.661688659375 0.29118305625 0.6688049687500001 0.28917935156249996 0.6770090390625 0.2870033609375 0.6840138921875 0.2819492328125 0.6908593187500001 0.27823524375 0.6978641718749999 0.2731811140625 0.6883536593749999 0.262415128125 0.675536121875 0.249543140625 0.663376040625 0.23612872812500002 0.658749875 0.24212099999999998 0.6543028859375 0.251591265625 0.6464374171875 0.255905109375 0.637165334375 0.26307151875 0.629048734375 0.2704932140625 0.623422278125 0.281903475
0 0.1671277625 0.4681305421875 0.167689278125 0.47636924062499997 0.1681153515625 0.4837528 0.1689279984375 0.4888836484375 0.173342534375 0.495635496875 0.181382946875 0.5018130609375 0.19130825 0.5011176421875 0.195504109375 0.49475522656250004 0.2000865375 0.486140103125 0.206661084375 0.48071583125000006 0.213960803125 0.4751767046875 0.21781805781250002 0.46667643593749997 0.229739709375 0.4621584515625 0.2438129 0.45949118125000005 0.249096521875 0.45295648125000004 0.2505073703125 0.4430905 0.249627003125 0.43753208125 0.24339952812500001 0.43106737500000003 0.23869012343749998 0.42480052500000004 0.229988025 0.4261788015625 0.225090975 0.4304607921875 0.21692640624999998 0.44227305 0.20946726093749998 0.44915231875000006 0.20162577812500002 0.45127087968749996 0.1897281109375 0.4535935828125 0.1831098296875 0.4563950015625 0.177806459375 0.458111565625 0.1691480953125 0.46211269687499995 0.1671277625 0.4681305421875
0 0.78366053125 0.4112429265625 0.791346821875 0.40345108906249993 0.802726709375 0.3955125390625 0.8045876156249999 0.390834834375 0.7891444953125 0.37311914218750003 0.7773907375 0.362270153125 0.776003875 0.3699408515625 0.7726009125 0.3766159796875 0.7678153203125 0.3839483921875 0.7602404859375 0.3947906546875 0.7534825296875 0.40375034843749996 0.7489678203125 0.4127930421875 0.7423453062500001 0.4226078765625 0.734224471875 0.4370429890625 0.7410459140625 0.43552428125000003 0.7543262109375 0.432544296875 0.7666104515625001 0.42796888437499997 0.77425300625 0.41755419375 0.78366053125 0.4112429265625