0 0.732217159375 0.44892044374999995 0.73209383125 0.44838625 0.7316143734375 0.447934275 0.7312582421875 0.4480164953125 0.73131990625 0.4482835921875 0.7317377015625001 0.44846846874999996 0.73197743125 0.44869445781249995 0.732217159375 0.44892044374999995
0 0.714888084375 0.431539840625 0.7144155546875 0.43193026718749994 0.7154977984374999 0.43336841093749995 0.7159911125 0.4355051875 0.7173200125 0.43801172031249996 0.7184022578125 0.439449865625 0.71912144375 0.4401278265625 0.7203062328125001 0.4395729640625 0.7211757734375001 0.4368402140625 0.7200866015625 0.4345596703125 0.7176415031250001 0.4337174984375 0.7166825875 0.43281354843750003 0.715840071875 0.43160139218750004 0.714888084375 0.431539840625
3 0.5233681546875 0.3550636875 0.521218209375 0.36118670937499997 0.5188832718749999 0.3665084390625 0.5187537046874999 0.372446353125 0.5201858359375 0.3802743875 0.5218369140625 0.38580120625 0.5248168921875 0.3938345578125 0.5301872328125 0.40328538593749996 0.533289853125 0.40453842343749996 0.5365019453125 0.404640853125 0.5380359359375 0.40316136875 0.5401041203125 0.4015585578125 0.542186159375 0.4016405484375 0.5448093218750001 0.4024416109375 0.548123959375 0.40055103281250004 0.5516783265625 0.39888644218749997 0.555171028125 0.39695475625 0.55693781875 0.394858859375 0.5592318765625001 0.39179723437499997 0.5600397515625 0.38879738750000004 0.5610735 0.38433872812500003 0.56102500625 0.37844192187500003 0.5593739265625 0.3729151046875 0.5574900484375 0.36800469687500004 0.5550172390625 0.3637929234375 0.5523732921875 0.360464659375 0.5495512812500001 0.3571775046875 0.5478115156250001 0.3553284953125 0.5445855671875 0.3535412625 0.5403390390625 0.350582984375 0.53622969375 0.3498437 0.5315244921875 0.34896064843749997 0.52783986875 0.3492486453125 0.5261278140625001 0.3507692359375 0.5233681546875 0.3550636875
3 0.6749546359374999 0.23257251562499998 0.6782422484375 0.2346268453125 0.68385163125 0.23698915 0.687823790625 0.23550943750000003 0.6835086703125001 0.2314416609375 0.6772348375 0.22782609062499998 0.6740088890625 0.22603885781250002 0.6730638296875 0.226819709375 0.6738654640624999 0.2302919703125 0.6749546359374999 0.23257251562499998
3 0.556319059375 0.44254705000000005 0.556326675 0.450703959375 0.557258565625 0.45555281562500005 0.55837545 0.4612029625 0.55958795 0.46401770156250005 0.562231896875 0.467345965625 0.5652867078125 0.47001670625 0.5687523859375 0.4720299265625 0.5719028140625 0.4718652609375 0.574327128125 0.470180228125 0.5764500484374999 0.4680021140625 0.5778676375 0.4668308375 0.5782029843750001 0.46422141562499997 0.5787780578125 0.46183798437499995 0.578695609375 0.459043684375 0.5781406312499999 0.4566398109375 0.5767569953125 0.4547085828125 0.5752569578125 0.453085559375 0.5736883265625 0.4503530390625 0.5717704968749999 0.44854513906250004 0.5692568062500001 0.44659347031249996 0.568297890625 0.44568951874999996 0.5668664437500001 0.44517599375000005 0.5654828078125 0.443244765625 0.563441646875 0.44090267031249997 0.561291015625 0.43971118281250005 0.5592637109374999 0.4390538890625 0.5573666625 0.439773190625 0.556319059375 0.44254705000000005
3 0.653940715625 0.50469065625 0.6530781046875 0.5082658046875 0.6546127828125 0.5141008328125001 0.6567980546875 0.5195043218750001 0.6596062093749999 0.5211066765625 0.6641194921875 0.5203460343749999 0.6704134203125001 0.5191743015625 0.6756320328125 0.5174068234375 0.6810903749999999 0.51586533125 0.6844666765625 0.51424185 0.6861239953125 0.5132965625 0.6865348609375 0.512639040625 0.686274346875 0.5098858500000001 0.6854110484375 0.5061464921875001 0.6844382765625 0.503557740625 0.683157184375 0.499633503125 0.6810474328125 0.49618191093749997 0.6793693296875001 0.494599996875 0.6764517031249999 0.49414825156250003 0.6715206265625 0.49472401406250005 0.66873325625 0.49564886093749994 0.6661856140625 0.49679969843749994 0.6623298546874999 0.497971203125 0.6587138234375 0.49936869687499996 0.6559950453125001 0.5014030421875 0.653940715625 0.50469065625
0 0.7361747750000001 0.438441421875 0.736770634375 0.43858519218750003 0.7371267625 0.4385029734375 0.7374828921875001 0.4384207546875 0.7377156921875 0.4378043390625 0.7369417703125001 0.43770168125 0.73676370625 0.43774279062500004 0.736469240625 0.43809210624999995 0.7361131109375 0.43817432500000003 0.735818646875 0.43852364218749995 0.7361747750000001 0.438441421875
3 0.5829421375 0.46200196406250005 0.5822298796875 0.4621664015625 0.5820587421875 0.46304991093750003 0.5814220046874999 0.46516624687499997 0.5807852640625 0.46728258437500003 0.581045778125 0.4700357734375 0.5807173609375 0.47348759375 0.5800328125 0.47702163437499995 0.5809099671875 0.4824457953125 0.5821979890625 0.48721243281250004 0.584177484375 0.4892874296875 0.5865747734375 0.49154730625000004 0.59039658125 0.49347830625 0.5942661953124999 0.4939916015625 0.5962110515625 0.491854596875 0.5979778421875 0.4897587 0.6001554984374999 0.48700528125 0.601257840625 0.4836561203125 0.6020040515625 0.480389175 0.6014421453125001 0.47714290156250005 0.6009419046875 0.47416372500000004 0.5998665875 0.47356798125 0.59861320625 0.473013346875 0.59794875625 0.4717600796875 0.5958597875 0.47083569062499997 0.5943050140625 0.4697879703125 0.593229696875 0.46919222656250004 0.5914282671875 0.4670761203125 0.5882709109375 0.46639838593749994 0.58725033125 0.4652273390625 0.58622975 0.46405629218750005 0.585441971875 0.46226883125 0.5838324625 0.461796415625 0.5829421375 0.46200196406250005
3 0.727700440625 0.413108540625 0.72441975625 0.4118966125 0.7203720765625 0.41142442656249995 0.7185366937500001 0.412410825 0.7154687125 0.41536979062499996 0.7127707171875 0.4199313390625 0.7114286484375001 0.4230545140625 0.710634628125 0.4277391625 0.7102992828125 0.4303485828125 0.7084091640625 0.43191028593749997 0.70640264375 0.43378019375 0.7035335125 0.4392252515625 0.7028420359374999 0.44191689062500006 0.7022537921875001 0.4499300328125 0.702233696875 0.4547173390625 0.70620654375 0.46055213593750005 0.7111791859375 0.46503077812500004 0.714706528125 0.46731109374999996 0.7166929515625 0.4702284921875 0.7215769062499999 0.47838494374999996 0.7232342234375 0.4774396546875 0.7270830562499999 0.47542574843749996 0.73136285 0.46796701250000006 0.739367459375 0.45064566875 0.7439957671874999 0.43494780468750005 0.748302584375 0.4235441625 0.7456517109374999 0.41937349687500003 0.74022039375 0.41697008281250003 0.7370630375 0.41629235 0.734323475 0.41579949374999997 0.7311044546875001 0.4148546640625 0.727700440625 0.413108540625
3 0.688153415625 0.46359469531249997 0.6855579656249999 0.4661632359375 0.68375029375 0.4705192359375 0.68236734375 0.47590251562499997 0.6821483984375 0.47820373125 0.6814430687499999 0.47921057031250003 0.6808818484375 0.48327880468749995 0.6807931609375 0.4869566140625 0.6813619953125001 0.4910452875 0.68355419375 0.4972911796875 0.6862736609375 0.5025713421875 0.6899929234375 0.50649535 0.6932805359375 0.508549678125 0.696245971875 0.5075837187500001 0.7072374875 0.49913812812499997 0.7122433953125 0.49319975468750005 0.7158455703125 0.4901174609375 0.71866689375 0.4860901078125 0.72154988125 0.48232985 0.7215769062499999 0.47838494374999996 0.7166929515625 0.4702284921875 0.714706528125 0.46731109374999996 0.7111791859375 0.46503077812500004 0.70620654375 0.46055213593750005 0.70555595 0.4609836703125 0.702754721875 0.46022371875 0.699124834375 0.45993641093750004 0.6953854765624999 0.460799709375 0.6927830984375001 0.4625258484375 0.689694334375 0.4629576125 0.688153415625 0.46359469531249997
3 0.588333484375 0.18476924374999998 0.5914776734375 0.1910766859375 0.5971078375000001 0.19596619375 0.6022107375 0.2018214296875 0.6069159390625 0.20270448124999998 0.6116419265624999 0.20611473593750002 0.6164295765625 0.20979208749999997 0.6219087015625 0.21077779687499998 0.6245658171875 0.2084763546875 0.625544828125 0.20459299843749998 0.62598271875 0.1999905703125 0.6261878078125 0.196004553125 0.6124137890625 0.18427386875 0.6054685765625 0.1785626296875 0.598420821875 0.1748443984375 0.5920922531249999 0.171804128125 0.589654084375 0.1718043578125 0.588230253125 0.17944774375 0.588333484375 0.18476924374999998
3 0.602784903125 0.4813342359375 0.602888134375 0.4866557375 0.60316943125 0.491936128125 0.6046015640625 0.4997641625 0.6056359984374999 0.5026200109375 0.6078690796874999 0.5066057984375 0.6125742828125 0.50748885 0.61686861875 0.5090294234375 0.619717653125 0.508371671875 0.6217858374999999 0.5067688609375 0.6226553781249999 0.5040361125 0.624600234375 0.50189910625 0.6245247140625 0.49994720781249996 0.6243327937500001 0.49830351562499997 0.6244900734375001 0.4957352046875 0.6243528890625 0.49351620937499996 0.6233184546875 0.4906603609375 0.6215239515625 0.48938665312499996 0.619914440625 0.48891423749999996 0.6182980031249999 0.48759942343749996 0.6154351124999999 0.486572371875 0.613208959375 0.48342898593749994 0.6104555390625 0.4812513296875 0.6084213093749999 0.4797516359375 0.6047844953125 0.4786219265625 0.6034833046875 0.479484996875 0.602784903125 0.4813342359375
3 0.6277977828125 0.49300222656250003 0.6266268515625 0.495241890625 0.626599825 0.499186796875 0.6277853015625 0.5059464421875 0.6285869359375 0.5094187046875 0.63284039375 0.5132193828125 0.6355799546875 0.5137122390625 0.64088794375 0.5155814609375 0.64771606875 0.514286396875 0.650263709375 0.5131355609375 0.6519549796875 0.5090877671875 0.6516944687499999 0.5063345765625 0.6506600312499999 0.5034787281249999 0.6486736093750001 0.5005613296875 0.6448518015625 0.4986303296875 0.6402013359375001 0.497171975 0.637215115625 0.49561073125000005 0.634352225 0.49458367968749994 0.6317290625 0.49378261874999996 0.6286881078125 0.49279667812500005 0.6277977828125 0.49300222656250003
0 0.540648046875 0.359232978125 0.5409833921875 0.3566235578125 0.5406750703125 0.355288071875 0.5376410421875 0.35514453281249997 0.5347781515625 0.354117484375 0.5333536343749999 0.354446359375 0.533915540625 0.35769263281249997 0.5349361203125 0.35886368125 0.5358195171875 0.3578157328125 0.538024884375 0.358431915625 0.5392235296875 0.359561853125 0.540648046875 0.359232978125
3 0.5218141234375 0.289027790625 0.5172876734375 0.29541813906250003 0.51488414375 0.2996303703125 0.511172496875 0.3038632734375 0.5094742984375 0.3070686671875 0.510153290625 0.3173212421875 0.5110103484375 0.327532709375 0.5126344031250001 0.3370044359375 0.513717334375 0.3457570890625 0.5190183953124999 0.3467839078125 0.525161971875 0.3490228859375 0.52783986875 0.3492486453125 0.5315244921875 0.34896064843749997 0.53622969375 0.3498437 0.5403390390625 0.350582984375 0.5445855671875 0.3535412625 0.5478115156250001 0.3553284953125 0.549338578125 0.353006609375 0.554495525 0.35097203593750004 0.5573992984375 0.34973898124999997 0.558131653125 0.344787234375 0.558446215625 0.3396506125 0.5578157171875 0.335294840625 0.5584524546875 0.3331785046875 0.559267259375 0.331021059375 0.5581503750000001 0.3253709109375 0.5570951562500001 0.31998785937499996 0.5563344015625 0.31425549375 0.55516278125 0.30918064843750004 0.5539980890625 0.30494820625 0.5515322078125 0.301578834375 0.5491965828125001 0.299586053125 0.5464431640625 0.297408396875 0.5419021703125 0.294799434375 0.5387926234375 0.2927039953125 0.5353200171875 0.2898483765625 0.5311351531249999 0.2871571953125 0.5284503265625 0.2860890359375 0.5254779625 0.28621259375 0.5218141234375 0.289027790625
0 0.5472129078125 0.325926690625 0.5476854375 0.3255362640625 0.5481579671875 0.32514584062499996 0.5484524328125 0.3247965234375 0.54755518125 0.3241596703125 0.5453020046875 0.324961190625 0.544535009375 0.32570093125 0.5447816671875 0.32676932187499996 0.545733653125 0.3268308703125 0.54650065 0.32609112812499996 0.5472129078125 0.325926690625
3 0.573813253125 0.17630550312499998 0.575251625 0.17766142812500002 0.5777175078125001 0.1810308015625 0.5813543218749999 0.18216051093750002 0.5837377546875 0.18273558437499998 0.5861142609375001 0.182468259375 0.586586790625 0.1820778328125 0.5879974531250001 0.18006415625 0.588230253125 0.17944774375 0.58924321875 0.17246187968749999 0.5852364171875 0.1697295890625 0.57753806875 0.16644289375000001 0.5700247109375 0.1639574875 0.5664564875 0.16393727656249998 0.5689978906250001 0.16925855 0.5716556921875 0.1742716140625 0.573813253125 0.17630550312499998
3 0.5349818109375 0.4078051375 0.53357115 0.4098188140625 0.5339688453125 0.414791 0.5365241046875 0.42179707187500004 0.5381682546875 0.42648149062499996 0.53999046875 0.4311248 0.5432510578125 0.437124034375 0.5457924578125 0.44244530624999995 0.5488541984374999 0.4459584484375 0.5514773609375 0.446759509375 0.554141403125 0.44530046875 0.556086259375 0.4431634625 0.557010534375 0.43985540937499995 0.5596129125 0.43812927031250004 0.5612016390625 0.4360744828125 0.5622014359375 0.43471832812500005 0.5621806515625 0.4321911265625 0.561735146875 0.4286366453125 0.5609335125 0.42516438437500004 0.558693503125 0.420336196875 0.5553781796874999 0.41491226562500005 0.553213690625 0.41203597812500004 0.5500833593750001 0.40741333593749995 0.5491175140625 0.4056669859375 0.54702161875 0.40390019375 0.5448093218750001 0.4024416109375 0.542186159375 0.4016405484375 0.5401041203125 0.4015585578125 0.5380359359375 0.40316136875 0.5365019453125 0.404640853125 0.5349818109375 0.4078051375
0 0.719143603125 0.457284046875 0.7189586109375 0.45648275624999995 0.719314740625 0.4564005375 0.7193694765624999 0.45582523437500005 0.7189516828125 0.45564035468749997 0.718588625 0.4548801734375 0.7183488953125 0.4546541859375 0.717992765625 0.4547364046875 0.7177530375 0.45451041718749996 0.7175133078125 0.45428443124999995 0.7163215921874999 0.45399689218750006 0.7175202359374999 0.45512682968749996 0.7176435640625 0.45566102500000005 0.7184791515625 0.45603078124999996 0.71866414375 0.4568320734375 0.7189655375 0.45732515781250005 0.719143603125 0.457284046875
3 0.630764815625 0.21745453750000002 0.634771615625 0.22018682812499998 0.6394976015625 0.22359708125000002 0.6463125562500001 0.2279317265625 0.6521547390625 0.22967761874999998 0.657942184375 0.231998815625 0.6631199171875 0.2324914421875 0.6657361515625 0.232450103125 0.6676810078125001 0.230313096875 0.6690230781250001 0.22718992187499998 0.6694609671875 0.2225874953125 0.6684334609375 0.220574046875 0.6632827515625 0.2161365140625 0.6581389718749999 0.21254138125000002 0.650193965625 0.20818629687499998 0.6394955390625 0.20165355625 0.634002559375 0.19898304218750001 0.63085213125 0.19914770937499998 0.6300241578125 0.20693486249999998 0.62925785 0.2149891140625 0.630764815625 0.21745453750000002