3 0.5753161999999999 0.6294591656249999 0.5817003078125 0.631013128125 0.589982028125 0.6340427421875 0.591125440625 0.6419965999999999 0.5876355203125 0.6582843265625 0.5845919234375 0.6673672078124999 0.605987496875 0.6720682515624999 0.619880721875 0.6658193859375 0.6324501375 0.6619516234375 0.641641284375 0.6496101515625 0.6538928109375 0.6272244078125 0.6517754203125 0.6199748109375001 0.6454752171875 0.6136138890625 0.6390995 0.61157923125 0.635274909375 0.610310365625 0.628532578125 0.6109139421875 0.6237424 0.6098686437499999 0.6208833968749999 0.6083762125 0.61541453125 0.609482859375 0.6089549078125 0.6122551609375 0.6002604265625 0.614507609375 0.5918738234375 0.617486696875 0.5834956109375 0.6199850890625 0.5769940359375 0.6251608703125 0.5753161999999999 0.6294591656249999
3 0.5357473171875 0.3436289078125 0.5645429296875 0.34677616875 0.5831424265625 0.3463795625 0.582248159375 0.3425172109375 0.5860391890625001 0.3457088609375 0.6017293390625 0.346703996875 0.6117140671875 0.3439932265625 0.6123843625000001 0.342321978125 0.6293395875 0.34430088125 0.634896553125 0.3381469265625 0.6539213984375001 0.3317472125 0.666118384375 0.31248599062500004 0.670957284375 0.2923750703125 0.67160498125 0.2736335203125 0.666021221875 0.26295752031249997 0.650119684375 0.2557077421875 0.6104828359375001 0.24924576874999999 0.5755774312499999 0.247193965625 0.552554365625 0.24390704218749998 0.5383994109375 0.24678544375000003 0.5298953390625 0.25649427343750003 0.523980153125 0.26480576718750004 0.5272996875 0.27664435 0.5212141140625 0.313082153125 0.5244119875 0.33189082812500004 0.5357473171875 0.3436289078125
0 0.6734204187499999 0.5369264593749999 0.6810821875 0.53874314375 0.6881282015625 0.539106553125 0.6919947453125 0.5379719374999999 0.6936557984375 0.534635034375 0.6988293718749999 0.53208070625 0.7021053328125 0.528050728125 0.7075867812500001 0.5262230359375 0.7124105234375 0.52534555 0.7134432359375 0.5212764156249999 0.7073586140625 0.5209297859375 0.70449121875 0.51991805 0.7090490359375 0.515910446875 0.7123082140625 0.5128418609375001 0.7126832171874999 0.5097229296875 0.7071765953125 0.512992709375 0.7017077296875 0.51409935625 0.6959225984375 0.5149600609375 0.6904453421875 0.5165474031249999 0.686591384375 0.516960975 0.6846685984375 0.5169274125000001 0.6824547187500001 0.5152058203125 0.6820881062499999 0.5178440546874999 0.6769648765625 0.51751420625 0.6787995609374999 0.5225950765625 0.6745622078125 0.526608275 0.6712778578124999 0.53111895 0.6734204187499999 0.5369264593749999
3 0.56961564375 0.6805693859375 0.5794225468749999 0.6696811890625 0.5876606921875001 0.6568422390624999 0.591125440625 0.6419965999999999 0.5903066875 0.6338079875 0.5804184515624999 0.6309907531250001 0.5698431390625001 0.6308061609375 0.5637962765625 0.6282964 0.5561470921875 0.625758671875 0.5455717812499999 0.625574078125 0.542379728125 0.624797096875 0.5350048593750001 0.6249087906249999 0.527958846875 0.6245453796875 0.5225067640625001 0.624690634375 0.516650309375 0.62963725625 0.511022025 0.639877125 0.50975018125 0.6576460984375 0.5101351953125 0.6723185125 0.527534171875 0.685604959375 0.5515228234375 0.6886683171875 0.56961564375 0.6805693859375
3 0.6681829671874999 0.5798704390625 0.6912228109375 0.5821959703124999 0.7213044765625 0.5851252609375 0.7451027171875 0.5807322359375 0.7520338359375 0.569313 0.7573542421874999 0.558346490625 0.7604272062499999 0.547581175 0.75989535625 0.5413209390625 0.7517856421875 0.5284370578125 0.7467840765625 0.52113711875 0.7417825125 0.513837178125 0.736447896875 0.5072526890625 0.72914435 0.5032784671874999 0.723392778125 0.5022163875000001 0.7134541999999999 0.5022833296875 0.7060289875 0.5052791984375 0.69863314375 0.5065926296875001 0.6899806171875 0.5064415999999999 0.6803666953125 0.5062737890625 0.6573368625 0.5217396015625 0.6428672609375 0.542644103125 0.6371760453124999 0.5564891953125 0.6407824828125 0.5702561546875 0.6480356875 0.5771145546875001 0.6681829671874999 0.5798704390625
3 0.64488368125 0.6475029578125 0.6517660796875 0.6572399390625 0.66351416875 0.6636959546875 0.684558290625 0.6518017984375 0.7027601859375 0.63745381875 0.7090000328125 0.628907571875 0.7078482312500001 0.6214344078125 0.7066544765625 0.6163647250000001 0.70095744375 0.6121781234375 0.6968249734375 0.6101826203125 0.6859208078125001 0.6104731296875 0.6743085890625 0.61459801875 0.661089853125 0.6189352890625 0.6539305671875 0.625061275 0.65356395625 0.627699509375 0.64488368125 0.6475029578125
3 0.21156237031249997 0.45938295937499996 0.2126554390625 0.4702209953125 0.21789775625000002 0.48209314062499997 0.2234857125 0.49252879062500005 0.23279595 0.49172961718749997 0.245032315625 0.48857730781250003 0.2495188125 0.4886556203125 0.256361828125 0.482283690625 0.27025085937500004 0.47627517187499996 0.28658613125 0.4770411484375 0.2964785640625 0.4796180328125 0.3044985546875 0.47927718124999996 0.313176253125 0.47798612343749997 0.32050916875 0.4802779109375 0.32318195781250003 0.47407361249999996 0.323404309375 0.4613351671875 0.320030234375 0.452621109375 0.31656386406250003 0.44919470625 0.315112575 0.440514209375 0.313041334375 0.43062078593750003 0.3067033734375 0.42642299531249994 0.29866240624999996 0.4279655875 0.29224893125 0.4280940609375 0.28430445625 0.42410865 0.27442880625 0.4205703734375 0.2680279171875 0.41997780156250003 0.2606614390625 0.4196087984375 0.2474469 0.4237057203125 0.24191510625 0.4284175875 0.23480196874999998 0.4318997453125 0.22470396718750002 0.4410999125 0.21687438750000002 0.448897146875 0.21156237031249997 0.45938295937499996
3 0.395893334375 0.3303687921875 0.40865316093750004 0.3339574125 0.41953215625 0.3351089890625 0.42520821093750005 0.340497334375 0.451140625 0.34239251249999997 0.4767651578125 0.3435610546875 0.497591125 0.34416499375 0.5069894625 0.3383185109375 0.5196747234375 0.309448965625 0.5266923218749999 0.2747103796875 0.522254546875 0.25347584843750004 0.5109234125000001 0.24149742187499998 0.44433821875 0.2362480125 0.402374215625 0.23455384375000002 0.3834123 0.2373483375 0.3735676390625 0.2503996671875 0.371418309375 0.26334489687499996 0.3716648796875 0.2859487953125 0.37447516406250003 0.3085974453125 0.38547744375000004 0.321050975 0.395893334375 0.3303687921875
3 0.360818325 0.6502380578125 0.3568117140625 0.6410321156250001 0.3569124 0.6352637624999999 0.3605423859375 0.62931659375 0.36569917812499997 0.6277236562499999 0.373761121875 0.6249793234375 0.3657998640625 0.6219553062500001 0.358841953125 0.6165445875 0.34551251875 0.6088588625 0.334991746875 0.6055497453124999 0.324449996875 0.60344236875 0.318673253125 0.6038223781250001 0.307044253125 0.6089086609375001 0.304738075 0.612474725 0.3070584609375 0.6264596578125 0.31074460625 0.6356600078125 0.3288306578125 0.6463138140625 0.3428345828125 0.652087940625 0.3514787203125 0.6527196671875 0.360818325 0.6502380578125
3 0.71637613125 0.5001705421875 0.7307760375 0.5016239984374999 0.746273203125 0.5136751421875 0.7644305734375 0.5202430328125 0.7785939187500001 0.5168839375000001 0.7899989484375001 0.50626405625 0.7930803015625 0.49501804531250004 0.7942556546875 0.482777078125 0.789924384375 0.4738058890625 0.7826921578125 0.46574574843749994 0.7751604421875 0.456478275 0.75994598125 0.44659585625 0.7481097890624999 0.4451871484375 0.737138496875 0.4493232265625 0.725593403125 0.4496025484375 0.7150055046875 0.45013899999999996 0.7028588609375 0.46651604375 0.6897927796875 0.48047282812500003 0.68569549375 0.494826584375 0.687096440625 0.5063912562499999 0.6999108046875 0.506855353125 0.71637613125 0.5001705421875
3 0.6837203546875 0.3325077765625 0.6904207312499999 0.3343076796875 0.6958140796875 0.337527296875 0.7002796 0.33880735 0.7044582187499999 0.3381590234375 0.71336828125 0.3419208671875 0.7204478562500001 0.3403614921875 0.7330885921875 0.332407815625 0.7483727515624999 0.3199322765625 0.7550127718749999 0.3068250125 0.7363151609374999 0.29447758125 0.7201770640625 0.2824152484375 0.6937925125 0.269693221875 0.6822893703124999 0.26756906406250003 0.671563028125 0.276037 0.6712861390625 0.29189996875 0.666118384375 0.31248599062500004 0.673025953125 0.320780884375 0.6831423562500001 0.3288913671875 0.6837203546875 0.3325077765625
3 0.280711665625 0.6115745 0.2937500015625 0.6175721953125 0.3011542375 0.615778065625 0.30768517968750003 0.6089198484375 0.3173955921875 0.6035596546875001 0.3305681796875 0.6018662140625 0.342176203125 0.5979816718750001 0.3502087796875 0.596919775 0.36029 0.588681 0.3591843453125 0.578564009375 0.351432853125 0.5635225890625 0.34361423750000003 0.5523267390625 0.33354398125 0.5415724265625 0.3224242328125 0.53584864375 0.2967703296875 0.5363625375 0.2820080109375 0.537306965625 0.27520694687499997 0.5412754140625 0.27259289062500003 0.544114840625 0.2650586015625 0.5533597578125 0.2622515640625 0.5672551921875 0.263564409375 0.5838671718749999 0.2672002109375 0.595951696875 0.2712487765625 0.602754159375 0.280711665625 0.6115745
3 0.46027029375 0.68250749375 0.468910234375 0.6833795703125001 0.494909771875 0.6814291796874999 0.505602553125 0.6748840296874999 0.5089204656249999 0.6684505703125 0.51053794375 0.6492451046875 0.509449071875 0.638166721875 0.5057839015625001 0.6277646328125 0.498497134375 0.6228290171875 0.48533713437500003 0.6238014140625 0.48241939531250005 0.6256738562499999 0.47438681875000005 0.6267357515625 0.46829380781249996 0.6268698203125 0.46504721406250005 0.6292173625 0.4560112921875 0.6326659578125 0.4492857453125 0.6323081421875 0.44218938906250005 0.634828909375 0.43475998281250006 0.638065125 0.43430526875000003 0.6457506671875 0.43538994531249997 0.6570693984375 0.43774808906249996 0.6688912 0.44495094999999996 0.6786337765625 0.46027029375 0.68250749375
3 0.4371239421875 0.6679186203125 0.4335762390625 0.6507867875 0.434747396875 0.6387861703125 0.44156104531249996 0.6340966765625 0.4397179734375 0.629496503125 0.4324437921875 0.62383984375 0.4247652421875 0.62298455 0.41198024375 0.6208380171875 0.3934101125 0.6195521890625 0.388586371875 0.620429675 0.38694629375 0.6225648390625 0.3782643984375 0.6240962453125001 0.3705313109375 0.626365475 0.36149119375 0.63005441875 0.3598804828125 0.630507146875 0.35820264687500003 0.6348054421875 0.35839305781249997 0.6422618250000001 0.3620750078125 0.6517025203125 0.3740764390625 0.6620096984375 0.4005071390625 0.672087896875 0.425478159375 0.6739662953125001 0.4371239421875 0.6679186203125
3 0.3095316703125 0.31948491562500003 0.3156079 0.3203122390625 0.3220171796875 0.32042411406250004 0.3261622359375 0.321698571875 0.337969059375 0.32478971562500003 0.35279850625 0.31999971718750003 0.36318340781249997 0.31272792968749996 0.3738803828125 0.3059424296875 0.3718846578125 0.2917227421875 0.37122113125 0.27464125156249997 0.371169165625 0.2592533859375 0.36672042656250003 0.2570119421875 0.356895121875 0.2505894890625 0.3461713515625 0.24054503437500002 0.32947785625 0.24193659687500002 0.31854432187500004 0.2439095421875 0.30144645625 0.2501024703125 0.281097803125 0.258883290625 0.2781842609375 0.26051538281250003 0.2764854484375 0.2660154203125 0.275676709375 0.27561815156249997 0.2777143875 0.287434359375 0.2867896890625 0.30009467343749996 0.2952953828125 0.30865788437499997 0.3031895140625 0.31552747187499997 0.3095316703125 0.31948491562500003
3 0.25073001875 0.5478203828125 0.25874161875 0.5479602265625 0.2668371234375 0.543293109375 0.2752027515625 0.5415157625 0.2823368640625 0.5368318640624999 0.30029963125000003 0.5361837203125 0.316967953125 0.5362342453125 0.3230609640625 0.536100178125 0.3319626375 0.5403427187500001 0.3360867171875 0.5428189171875 0.3457342 0.5410639453125 0.351890140625 0.5373246578125 0.3498188984375 0.5274312328125 0.345487628125 0.5184600453125 0.34022852812500004 0.5075492921875 0.33470769843750003 0.4932680734375 0.32940245 0.485001146875 0.3179580421875 0.47951211718750003 0.31221905781250003 0.47772899375 0.29711529531249997 0.47986956875000003 0.28658193593750003 0.477281496875 0.27056293125 0.4767614625 0.255712509375 0.4827532 0.249843471875 0.4884208640625 0.24727136875000003 0.4888568109375 0.24358684375 0.4979285046875 0.2363352609375 0.509342146875 0.23391161562499999 0.5196379546875 0.2378049546875 0.53533329375 0.240617809375 0.539469553125 0.25073001875 0.5478203828125