3 0.3110349328125 0.6111616390625 0.326485265625 0.6170478703125 0.341164515625 0.6044615828125 0.3353564375 0.5604362578125001 0.3304533890625 0.5475750734375 0.3255503421875 0.534713890625 0.31617899375 0.5230982890625 0.30036491718749997 0.5294178359374999 0.28714320312499997 0.54051105 0.28529459375 0.5503701015625 0.28148247656250003 0.5825369031250001 0.2812417640625 0.60181611875 0.3110349328125 0.6111616390625
3 0.5710386546875 0.5428802312500001 0.569652196875 0.5502745203125 0.573929028125 0.56297299375 0.5837105765625 0.5709516125 0.59420861875 0.569311815625 0.6017315078125 0.5499638078125 0.6021172359375 0.5081717421875 0.6008403296875 0.469691240625 0.59837928125 0.4506904875 0.5937770312499999 0.4392444484375 0.5899677750000001 0.4370959703125 0.5863745359375 0.43874718437500004 0.576346778125 0.4574443546875 0.5640356640624999 0.4718938078125 0.5601088015625 0.47568665 0.5661986265625 0.4959867953125 0.5697999984375001 0.51385771875 0.5710386546875 0.5428802312500001
3 0.2530430859375 0.5285312046875 0.249086253125 0.5015655390625 0.24422152968750002 0.4777510109375 0.23387121406250003 0.463385334375 0.2186041453125 0.4444442390625 0.21138762500000002 0.43739948906250004 0.21055902031249998 0.44556265 0.20790371406250002 0.45440990625 0.20925990468750003 0.497902428125 0.2153715671875 0.529438946875 0.22568905468749997 0.5473613937499999 0.23617339375 0.5540073640625 0.24718832656249998 0.5371710765625 0.2530430859375 0.5285312046875
3 0.297277578125 0.530665703125 0.2998727234375 0.5215354203125 0.31112008750000003 0.506720440625 0.3161189828125 0.4819926 0.319868153125 0.463446721875 0.307762215625 0.455666353125 0.289517209375 0.4329209953125 0.275863534375 0.4160034921875 0.2645205453125 0.40717350625000004 0.2549221859375 0.4065513546875 0.24861897812499997 0.40937022343749996 0.24512964531249998 0.41336588125 0.24098126718750001 0.4207556015625 0.24205856875 0.4536580234375 0.2472295109375 0.4919024515625 0.2546045265625 0.529382575 0.267314771875 0.5465006109375 0.28474223906249996 0.54220465625 0.297277578125 0.530665703125
3 0.5742462390624999 0.5626097531250001 0.5679540234375 0.550635478125 0.5642677984375 0.555560434375 0.557450484375 0.5596718453125 0.5650497984375 0.579651140625 0.569971971875 0.5972413171875 0.5731303140625 0.6223059953125001 0.5754410015625 0.6303935125 0.58704925 0.6376880359375 0.5993821984375 0.634474953125 0.5952284718749999 0.6084385875 0.587842465625 0.58575160625 0.5807162234375001 0.5689257359375001 0.5742462390624999 0.5626097531250001
3 0.46339207812499994 0.5420959265625 0.4397106453125 0.5438755921875 0.42964192656250005 0.5466073984375 0.4336699125 0.5590629484375 0.4414003125 0.626049146875 0.4493387484375 0.63649024375 0.48213176718749995 0.64046506875 0.484451034375 0.5456067421874999 0.4798350828125 0.54244646875 0.46339207812499994 0.5420959265625
3 0.211600634375 0.5163371234375 0.20856532031250002 0.49834588281250003 0.2073157453125 0.4637051828125 0.19367027812499998 0.4458984859375 0.182092146875 0.42853981250000006 0.1767761140625 0.43321956406249995 0.179474940625 0.4876677140625 0.1819195765625 0.5084468531249999 0.18970757656249998 0.5283860390624999 0.1988848171875 0.527026990625 0.20724444531250003 0.5190379578125001 0.211600634375 0.5163371234375
3 0.5644317875 0.5785992375 0.5574586921875 0.5587826515625001 0.540397678125 0.5573802078125001 0.531029040625 0.5522719859375 0.526604484375 0.5555789843750001 0.5254750796875001 0.5623270015624999 0.5265824265625 0.6055766015625 0.5278320734374999 0.619805971875 0.541915075 0.637815484375 0.5512672984375 0.644702090625 0.5769723234375 0.6413090328125 0.5729252140625001 0.6241244874999999 0.5697832859374999 0.5972814234375 0.5644317875 0.5785992375
3 0.279226378125 0.6025403171875 0.2824478171875 0.5731614140625 0.28294008593750003 0.5606325 0.27125255312499996 0.5483259546875 0.254399425 0.5312010671875 0.2527778265625 0.53006666875 0.24477095000000001 0.5406430656250001 0.236457778125 0.5572008937499999 0.233225421875 0.5809616109375 0.243657809375 0.5864353578125 0.26674306875 0.5948401609375 0.279226378125 0.6025403171875
3 0.525442253125 0.5658837734375 0.52323005 0.5471259421875 0.5169132140625 0.5378192453125 0.513350090625 0.529406309375 0.5064617015625 0.5276165046875 0.488192 0.52795005625 0.4716122625 0.5288118421875 0.4685003015625 0.5327272875 0.4642233953125 0.5404401453125 0.469670665625 0.5419446359375 0.47964639687500005 0.5424865750000001 0.48408187031249994 0.5447977640625 0.48400793281250004 0.5732118296875 0.48357574843749995 0.6064351 0.4901168078125 0.6186522984375 0.5070738421875001 0.6381216281250001 0.5158682156250001 0.6442393625 0.5248786812499999 0.6337454609375001 0.526410153125 0.6038383234375 0.525442253125 0.5658837734375
3 0.40607275625000006 0.5090196546875 0.42094882343749995 0.515915396875 0.43003307656249995 0.517830090625 0.4362515046875 0.5173957703125 0.4385021078125 0.504788928125 0.4377146109375 0.4880947953125 0.43442224375 0.47074982500000007 0.42814373124999994 0.45048978437500004 0.421301871875 0.43685744375 0.4101995234375 0.4291595734375 0.39491325625 0.4259008140625 0.3791128828125 0.42393459531250005 0.373077646875 0.43172537968749997 0.36444447812499997 0.46255040000000003 0.372743796875 0.49510099687500003 0.37891298125 0.5000018359375 0.38788783437499996 0.50696865625 0.40140485156250005 0.5046871578125 0.40607275625000006 0.5090196546875
1 0.38709220625 0.4707523875 0.3930016265625 0.46979211718749997 0.398448896875 0.47129660937500006 0.40594980156249993 0.48153488906249997 0.40968248437500004 0.48517872500000003 0.41400313437499997 0.47952728437500003 0.4143012203125 0.47443504843750006 0.41429851093750003 0.4679276703125 0.4117471859375 0.4587080375 0.4107490921875 0.4512289703125 0.4093654203125 0.44471930625 0.40515146093750004 0.4388112390625 0.40286810624999997 0.4345635234375 0.39855295156250004 0.43281839218749996 0.39176297031249996 0.440769603125 0.38896001406249997 0.445211 0.38717977187499997 0.4544638859375 0.385930046875 0.46064584531249997 0.38317904375 0.46625946406249996 0.38709220625 0.4707523875
0 0.4086898859375 0.4703030828125 0.41195770625000006 0.469904303125 0.41184288281250003 0.46194167343750003 0.41034709999999996 0.453976759375 0.40700549218750004 0.44196694687500004 0.4045936109375 0.43804236718749995 0.40267942031250004 0.4346036296875 0.398364265625 0.4328584984375 0.3907429671875 0.44246549062499996 0.38850606875000004 0.44678656875 0.38669299687500003 0.459596228125 0.3880930828125 0.4643275046875 0.3925449703125 0.46486030781250004 0.3973551046875 0.46058390468750005 0.4038415015625 0.46512149999999997 0.4086898859375 0.4703030828125
0 0.4091245578125 0.5048211796875 0.40627514531250003 0.5006937828125 0.4034339390625 0.49567719375 0.40244676406249996 0.4938163109375 0.39884531875 0.49635671875 0.3948829140625 0.497198953125 0.38947118281250004 0.49864506875 0.3891047296875 0.5043434671875 0.3913607546875 0.504751384375 0.396567384375 0.5051237609375 0.40102747812499995 0.504767371875 0.40563522343749997 0.5088168390625001 0.4091245578125 0.5048211796875
3 0.386153675 0.6268469859375 0.3918881140625 0.61764105625 0.38256615625 0.5598676390625 0.38212320312500003 0.546650065625 0.39069884843749997 0.5424607265625 0.3756833359375 0.53026993125 0.359546628125 0.5239379625 0.346404271875 0.5196318703125 0.33467020937499997 0.5191678609375 0.33040422187499996 0.5324989015625 0.3299283671875 0.543249428125 0.3362479140625 0.5590635046875 0.340530090625 0.6051880671875 0.3449791921875 0.6196248203125 0.386153675 0.6268469859375
3 0.4350918328125 0.5750305984375 0.43282767812499995 0.555100546875 0.4289391359375 0.5479400453125 0.40963030624999996 0.5452404921875 0.39124028593750004 0.5450079859375 0.382235315625 0.548105315625 0.383279865625 0.564153178125 0.39512581562500004 0.627306428125 0.4339677015625 0.635616034375 0.439332975 0.6256011265625 0.4350918328125 0.5750305984375
3 0.5165440484375 0.537010265625 0.5237277406249999 0.5476117859375 0.5410922625000001 0.556936753125 0.5610273109375 0.5597990171875 0.5713230390625 0.5460737609375 0.5713832734375 0.5259454609375 0.568096403125 0.50120391875 0.5611998812500001 0.47989197656249993 0.553502159375 0.450171665625 0.5459821296875 0.43520439531250005 0.536438509375 0.4218505140625 0.5246114578125 0.424660246875 0.5195606859375 0.427804534375 0.50546661875 0.44499949531249994 0.49961178593750005 0.474050696875 0.501504065625 0.486664390625 0.5104050546875001 0.501633946875 0.512075821875 0.51784451875 0.5165440484375 0.537010265625