3 0.5475019 0.5623791828125 0.578090546875 0.5651901484375 0.5868617390625 0.54869990625 0.596737821875 0.5087395765625 0.6096730734375 0.47381516250000005 0.609861659375 0.46217084062499997 0.5952917640625001 0.43990288125 0.5803867765625 0.42042450625 0.5636005109375 0.403734646875 0.5442924375 0.396564809375 0.5257399687500001 0.393458925 0.517794340625 0.397759453125 0.5012204796875 0.433591075 0.4787531109375 0.49022095 0.476918721875 0.5169655343749999 0.49595101562500005 0.529229628125 0.5205275281249999 0.5482295046875 0.5475019 0.5623791828125
0 0.6244974531249999 0.5281055421875 0.6245288828125 0.526164821875 0.625621353125 0.52434613125 0.6268656531250001 0.522103009375 0.628382184375 0.5209517421875 0.62910990625 0.5207703 0.6294746546875001 0.5191330515625 0.6264119375 0.5202832500000001 0.6238029359375 0.5232532062499999 0.622801209375 0.5254358484375 0.6234364125 0.5279835125 0.6238604734375001 0.5286509359375 0.6244974531249999 0.5281055421875
0 0.5936294765625 0.536574946875 0.5927831296875 0.53214704375 0.591449859375 0.5309331578125 0.5887151359375 0.541665996875 0.589078109375 0.5431218046875 0.5905632093750001 0.5439112578125 0.5922315703125001 0.542335559375 0.5934758703125 0.540092434375 0.5936294765625 0.536574946875
0 0.626634990625 0.554246390625 0.624968403125 0.5527290328125 0.6254238953125 0.5514557359375 0.6260312171875 0.54975800625 0.6252127515625 0.549575496875 0.62430354375 0.549029034375 0.6233332468749999 0.54927095625 0.623544390625 0.5511511953125 0.6252999453125 0.5561255609375 0.6267221843749999 0.5607964562500001 0.6280240234375001 0.5639510624999999 0.6283294578125 0.560009140625 0.6277256859375 0.55552075625 0.626634990625 0.554246390625
0 0.6223682765625 0.540233709375 0.621883128125 0.5403546703125001 0.6224275890625 0.54253838125 0.6228516484375 0.5432058046875 0.623246053125 0.542720890625 0.6233071406249999 0.5419325078125 0.623125653125 0.541204603125 0.6223682765625 0.540233709375
0 0.5237585609375001 0.46508306875 0.525310071875 0.45580496875 0.529348409375 0.44513367812500004 0.53547739375 0.4366471703125 0.53642335625 0.4259737421875 0.5397339718749999 0.41548389375 0.5376451 0.4102060578125 0.5338232296875 0.4134784171875 0.534552725 0.41020392031249997 0.535404396875 0.405352653125 0.533859984375 0.40225852812499996 0.5285791203125 0.4120798828125 0.52360014375 0.4241454296875 0.5183471625 0.43821217968750004 0.513488584375 0.45179401406249997 0.5143331578125 0.459314975 0.5237585609375001 0.46508306875
0 0.622014175 0.52331261875 0.6216512015625 0.5218568109375 0.6204069015625 0.5240999328125 0.6202847265625 0.5256767015625 0.62079953125 0.5267080765625 0.621436509375 0.526162684375 0.6218920015625 0.5248893859375 0.622014175 0.52331261875
3 0.2590597234375 0.355187478125 0.2729143203125 0.35598548281250003 0.29342993906250003 0.3721320859375 0.29806495 0.37832140625 0.32083065781250003 0.3301218359375 0.33753860156250004 0.32479634687500003 0.3461615125 0.302544421875 0.334685765625 0.2771855453125 0.3140461984375 0.265708765625 0.294038284375 0.2629657640625 0.278456015625 0.2614387859375 0.2648404453125 0.2667664125 0.247614146875 0.2772466390625 0.2319251609375 0.3031932171875 0.22400031718750002 0.3241113640625 0.2246266484375 0.342124309375 0.2291098296875 0.3487380625 0.2590597234375 0.355187478125
0 0.5829501500000001 0.4441397203125 0.5796762890625 0.4434096796875 0.5747322921875 0.44734839375 0.57300284375 0.4497124765625 0.5739695890625 0.45565666718750003 0.5775192296875 0.45129245156250003 0.58149293125 0.447595659375 0.5829501500000001 0.4441397203125
3 0.5784654312499999 0.5987288578125 0.609563559375 0.6118503671875 0.6264197859375 0.6122865609375 0.64644899375 0.577912884375 0.653646115625 0.5571761796875 0.6394184109375 0.5197464078125 0.6334293468750001 0.495725584375 0.622740634375 0.4724899359375 0.6118372296875 0.4535601625 0.603715440625 0.44785361718749994 0.610315375 0.4639906 0.610097134375 0.474482584375 0.5956750078125 0.5117106015624999 0.58707465625 0.5474870890625 0.5779998046875 0.564826196875 0.546592690625 0.561832721875 0.5385598703125 0.559583184375 0.5350345625 0.5743789046875001 0.541847415625 0.5893030703125001 0.5512413875 0.5970118859375 0.5784654312499999 0.5987288578125
3 0.27606648125 0.6745119609375 0.28440828749999997 0.6666334625 0.2924292 0.6368000984375 0.28301799375000003 0.6062875515624999 0.26686693125 0.59214535625 0.24179994531250001 0.5825456124999999 0.2178533125 0.5753725671875001 0.1924476859375 0.5747485203125 0.19074966875 0.575171884375 0.18652984374999998 0.58511526875 0.1919412421875 0.611986159375 0.21177247968750001 0.658456384375 0.224129553125 0.6801163328125 0.23325129531250002 0.6867332937499999 0.262721365625 0.6840245 0.27606648125 0.6745119609375
0 0.501259759375 0.523653665625 0.5051077375 0.5277197546875 0.5076242203125 0.5274789015625 0.5075963390625 0.523233509375 0.5017834375 0.5092197578125 0.500486921875 0.4967859828125 0.49973486874999995 0.4865359171875 0.49737199062500004 0.48325928124999995 0.4921854203125 0.4872584765625 0.49342439687499995 0.4942945234375 0.492085803125 0.5023598078125 0.49199151093750004 0.50818196875 0.4973228140625 0.51613056875 0.501259759375 0.523653665625
3 0.25069788437499996 0.45082389375 0.2664444078125 0.43027504375000003 0.28859569375 0.396145428125 0.295820696875 0.3796541140625 0.2846432890625 0.3627255421875 0.266124025 0.3545858796875 0.233170725 0.351591334375 0.217557025 0.3520050765625 0.2041543703125 0.3561198875 0.1896503734375 0.3775186703125 0.18457178125 0.40468554843750004 0.1917458328125 0.424158578125 0.210204009375 0.43308662499999995 0.2401189234375 0.447662871875 0.25069788437499996 0.45082389375