1 0.58671875 0.3796875 0.1265625 0.2734375
1 0.43828125 0.425 0.1390625 0.284375
1 0.2984375 0.4328125 0.1125 0.2
1 0.19453125 0.44765625 0.1171875 0.25
1 0.12421875 0.49921875 0.13125 0.309375
1 0.0640625 0.52109375 0.096875 0.2015625
1 0.63359375 0.3484375 0.0734375 0.140625
1 0.70234375 0.34140625 0.1140625 0.2609375
1 0.796875 0.3546875 0.15 0.23125
1 0.8671875 0.3125 0.1046875 0.16875
1 0.83125 0.584375 0.10625 0.153125
1 0.7703125 0.6328125 0.09375 0.2046875
1 0.69921875 0.61015625 0.1125 0.234375
1 0.609375 0.66484375 0.178125 0.3296875
1 0.5046875 0.6546875 0.140625 0.259375
1 0.43515625 0.65859375 0.1125 0.2375
1 0.34765625 0.70390625 0.1515625 0.265625
1 0.2453125 0.75 0.1234375 0.2484375
1 0.153125 0.7609375 0.1640625 0.1890625
1 0.32109375 0.23671875 0.146875 0.1515625
1 0.471875 0.1828125 0.1484375 0.15