2 0.69453125 0.384375 0.0671875 0.171875
2 0.64453125 0.3765625 0.0546875 0.1875
2 0.359375 0.35 0.046875 0.1875
2 0.31328125 0.3484375 0.0515625 0.1875
4 0.6703125 0.5859375 0.046875 0.175
4 0.71171875 0.5796875 0.0453125 0.16875
2 0.39765625 0.3375 0.0296875 0.215625
2 0.33671875 0.5484375 0.0546875 0.171875
2 0.6078125 0.36640625 0.03125 0.1953125
2 0.634375 0.5875 0.021875 0.184375
2 0.29375 0.54921875 0.046875 0.1640625
2 0.42578125 0.35078125 0.0296875 0.1953125
2 0.58046875 0.375 0.0296875 0.190625
2 0.60703125 0.5796875 0.0328125 0.184375
2 0.37578125 0.55625 0.0296875 0.190625