2 0.67890625 0.46953125 0.0484375 0.1484375
2 0.6265625 0.4828125 0.040625 0.16875
2 0.5875 0.478125 0.040625 0.184375
2 0.7265625 0.621875 0.06875 0.140625
2 0.6796875 0.66015625 0.065625 0.1765625
2 0.63359375 0.68125 0.0484375 0.20625
2 0.59296875 0.671875 0.0328125 0.175
2 0.35546875 0.4984375 0.0546875 0.184375
4 0.35234375 0.68671875 0.0453125 0.1796875
2 0.30078125 0.66015625 0.0671875 0.1640625
2 0.559375 0.65234375 0.040625 0.1484375
2 0.40234375 0.5 0.0390625 0.171875
2 0.41328125 0.70390625 0.0234375 0.2109375
2 0.38828125 0.7015625 0.0328125 0.190625
2 0.546875 0.48046875 0.0375 0.1609375