4 0.29765625 0.7171875 0.0703125 0.14375
4 0.63671875 0.71953125 0.0359375 0.1640625
2 0.440625 0.509375 0.034375 0.171875
2 0.47421875 0.5078125 0.0328125 0.153125
2 0.5078125 0.5078125 0.03125 0.159375
2 0.540625 0.5296875 0.025 0.121875
4 0.61953125 0.50625 0.0296875 0.190625
4 0.678125 0.52578125 0.05 0.1484375
2 0.71953125 0.5171875 0.0421875 0.15625
2 0.27265625 0.5359375 0.0390625 0.15625
2 0.3109375 0.53828125 0.046875 0.1640625
2 0.359375 0.71484375 0.025 0.1484375
2 0.6890625 0.696875 0.075 0.14375