2 0.6859375 0.58046875 0.040625 0.1796875
2 0.64765625 0.52734375 0.0359375 0.1046875
4 0.6171875 0.5625 0.03125 0.184375
2 0.58359375 0.5171875 0.0390625 0.096875
4 0.646875 0.365625 0.05625 0.1875
4 0.33046875 0.553125 0.0453125 0.190625
4 0.28515625 0.55859375 0.0484375 0.1921875
2 0.69609375 0.3890625 0.0609375 0.184375
1 0.3359375 0.3609375 0.046875 0.175
2 0.37109375 0.334375 0.0453125 0.2
2 0.3734375 0.540625 0.040625 0.1875
2 0.60859375 0.34609375 0.0328125 0.2109375
4 0.434375 0.5390625 0.046875 0.1875
2 0.73359375 0.4375 0.0515625 0.1375
2 0.24140625 0.41015625 0.0640625 0.1640625