4 0.28828125 0.6546875 0.0609375 0.20625
4 0.40625 0.5171875 0.0375 0.190625
4 0.509375 0.540625 0.028125 0.15625
4 0.58203125 0.525 0.0359375 0.175
3 0.7578125 0.69375 0.078125 0.1125
3 0.2453125 0.703125 0.059375 0.1125
2 0.33359375 0.6734375 0.0765625 0.175
2 0.3421875 0.50625 0.04375 0.15625
2 0.30078125 0.49140625 0.0453125 0.1328125
2 0.37578125 0.5140625 0.0296875 0.171875
2 0.53515625 0.5375 0.0265625 0.153125
2 0.55546875 0.5296875 0.0234375 0.15625
2 0.66328125 0.6921875 0.0796875 0.171875
2 0.58515625 0.7015625 0.0328125 0.15625
2 0.67578125 0.5171875 0.0484375 0.15625
2 0.6171875 0.5296875 0.03125 0.15625
2 0.39921875 0.6921875 0.0328125 0.171875