4 0.71015625 0.48125 0.0421875 0.1875
2 0.67109375 0.5140625 0.0453125 0.1125
4 0.640625 0.44140625 0.046875 0.2265625
4 0.61015625 0.43828125 0.0515625 0.2109375
4 0.5703125 0.415625 0.034375 0.25
2 0.54375 0.465625 0.021875 0.140625
2 0.5171875 0.45546875 0.03125 0.1484375
2 0.4859375 0.45703125 0.03125 0.1515625
2 0.459375 0.459375 0.025 0.14375
4 0.428125 0.415625 0.0375 0.221875
4 0.3890625 0.4203125 0.040625 0.221875
4 0.353125 0.421875 0.0375 0.23125
4 0.32265625 0.42890625 0.0296875 0.2265625
4 0.2875 0.4203125 0.04375 0.2375
4 0.6640625 0.6921875 0.040625 0.203125
4 0.62578125 0.6890625 0.0328125 0.215625
2 0.59453125 0.6546875 0.0296875 0.140625
4 0.5609375 0.70546875 0.0375 0.2578125
4 0.503125 0.7015625 0.0375 0.265625
4 0.45859375 0.68359375 0.0296875 0.2546875
4 0.42890625 0.6734375 0.0328125 0.2375
4 0.39453125 0.6734375 0.0359375 0.21875
4 0.3578125 0.665625 0.046875 0.203125
2 0.5328125 0.6421875 0.021875 0.1375
2 0.48125 0.6390625 0.021875 0.140625