4 0.21328125 0.62890625 0.0640625 0.1515625
2 0.2515625 0.4984375 0.04375 0.175
2 0.29765625 0.5015625 0.0546875 0.175
2 0.3859375 0.6859375 0.03125 0.203125
2 0.35546875 0.6875 0.0328125 0.2
4 0.65 0.4921875 0.03125 0.175
2 0.73046875 0.478125 0.0515625 0.16875
4 0.6875 0.6703125 0.075 0.1875
4 0.6328125 0.65625 0.03125 0.175
2 0.6875 0.5296875 0.040625 0.090625
2 0.359375 0.5015625 0.03125 0.175
2 0.3203125 0.62890625 0.046875 0.0828125
2 0.2703125 0.62890625 0.053125 0.0828125
2 0.5984375 0.66015625 0.034375 0.1921875
2 0.7421875 0.63515625 0.075 0.1484375
2 0.39140625 0.49609375 0.0390625 0.1796875
2 0.59140625 0.4828125 0.0390625 0.16875