6 0.228125 0.6578125 0.14375 0.075
6 0.2625 0.5859375 0.09375 0.046875
6 0.2796875 0.5125 0.1125 0.09375
6 0.30859375 0.40703125 0.1171875 0.0703125
6 0.6109375 0.396875 0.190625 0.075
6 0.1859375 0.759375 0.10625 0.065625
6 0.2421875 0.85234375 0.125 0.0546875
6 0.240625 0.896875 0.096875 0.059375
6 0.48828125 0.959375 0.1328125 0.075
6 0.53515625 0.7875 0.1484375 0.059375
6 0.52734375 0.6546875 0.0859375 0.075
6 0.553125 0.571875 0.10625 0.1125
6 0.42578125 0.4578125 0.0703125 0.0625
6 0.4125 0.3421875 0.175 0.05