4 0.2 0.43984375 0.0625 0.1765625
4 0.27578125 0.4546875 0.08671875 0.18046875
4 0.38125 0.471875 0.121875 0.21484375
4 0.52734375 0.4796875 0.15546875 0.2359375
4 0.6546875 0.446875 0.08671875 0.1828125
4 0.74453125 0.43125 0.07109375 0.14453125
4 0.2703125 0.60546875 0.03984375 0.1140625
4 0.3453125 0.61796875 0.046875 0.1078125
4 0.42109375 0.6171875 0.0546875 0.09609375
4 0.521875 0.61484375 0.04375 0.06328125
4 0.621875 0.59375 0.03984375 0.09609375
4 0.80234375 0.4265625 0.04296875 0.13515625
4 0.70078125 0.58125 0.04921875 0.1203125