4 0.22265625 0.46875 0.06953125 0.153125
4 0.278125 0.48515625 0.078125 0.1640625
4 0.378125 0.5078125 0.09921875 0.23125
4 0.5 0.496875 0.09296875 0.24296875
4 0.58125 0.49609375 0.04609375 0.1609375
4 0.63828125 0.47109375 0.07734375 0.17265625
4 0.22109375 0.60078125 0.04765625 0.08984375
4 0.27734375 0.621875 0.05390625 0.1046875
4 0.3484375 0.64375 0.06875 0.115625
4 0.40859375 0.63359375 0.0390625 0.084375
4 0.465625 0.6625 0.034375 0.07421875
4 0.5421875 0.653125 0.05546875 0.06953125
4 0.5984375 0.6453125 0.0546875 0.1125
4 0.65859375 0.62890625 0.0484375 0.11328125
4 0.17578125 0.484375 0.0390625 0.14609375