4 0.17734375 0.49921875 0.1 0.22578125
4 0.28359375 0.5125 0.0875 0.209375
4 0.42890625 0.53359375 0.15 0.2765625
4 0.5640625 0.53671875 0.14296875 0.25234375
4 0.68203125 0.52421875 0.09453125 0.19921875
4 0.7765625 0.48515625 0.0875 0.20234375
4 0.1703125 0.67265625 0.05390625 0.1359375
4 0.24765625 0.67734375 0.05859375 0.1671875
4 0.35390625 0.68828125 0.06796875 0.1328125
4 0.446875 0.70234375 0.05859375 0.08828125
4 0.54140625 0.7203125 0.0578125 0.10234375
4 0.63203125 0.7078125 0.0765625 0.125
4 0.72890625 0.709375 0.10390625 0.171875
4 0.80703125 0.6734375 0.0859375 0.14140625
4 0.10625 0.5109375 0.0625 0.14609375
4 0.84296875 0.51640625 0.05078125 0.15234375