4 0.23046875 0.4796875 0.11171875 0.2578125
4 0.31328125 0.43046875 0.121875 0.22890625
4 0.4515625 0.41328125 0.1390625 0.25625
4 0.5859375 0.440625 0.13359375 0.24296875
4 0.71484375 0.40859375 0.1125 0.23984375
4 0.78125 0.42890625 0.11015625 0.26953125
4 0.234375 0.6640625 0.065625 0.175
4 0.29765625 0.65859375 0.08671875 0.196875
4 0.390625 0.63359375 0.07109375 0.18515625
4 0.46796875 0.65 0.07109375 0.1734375
4 0.55078125 0.653125 0.0875 0.22890625
4 0.64296875 0.66953125 0.0828125 0.2359375
4 0.728125 0.6734375 0.078125 0.22265625
4 0.81875 0.6796875 0.0890625 0.175
4 0.1765625 0.46875 0.0421875 0.1921875
4 0.13671875 0.484375 0.04296875 0.16875
4 0.09296875 0.49375 0.0546875 0.17734375
4 0.86171875 0.48515625 0.0484375 0.1734375