4 0.25234375 0.31015625 0.07109375 0.10859375
4 0.3234375 0.3078125 0.06484375 0.1109375
4 0.4140625 0.3328125 0.1 0.2015625
4 0.54609375 0.33359375 0.06640625 0.203125
4 0.62578125 0.3328125 0.05859375 0.125
4 0.69765625 0.3203125 0.0625 0.07421875
4 0.7578125 0.2984375 0.04140625 0.0890625
4 0.25 0.44140625 0.05 0.0765625
4 0.31953125 0.4421875 0.05625 0.121875
4 0.3828125 0.48515625 0.053125 0.11796875
4 0.51796875 0.4890625 0.0453125 0.0921875
4 0.59921875 0.49765625 0.05 0.11640625
4 0.66484375 0.4640625 0.059375 0.09609375
4 0.7234375 0.43984375 0.065625 0.1
4 0.7796875 0.45 0.03515625 0.134375