4 0.37109375 0.4796875 0.07578125 0.12421875
4 0.4953125 0.52890625 0.084375 0.115625
4 0.6109375 0.5578125 0.084375 0.1375
4 0.7265625 0.58203125 0.04921875 0.12421875
4 0.815625 0.59765625 0.09296875 0.06640625
4 0.26015625 0.421875 0.07578125 0.15078125
4 0.19296875 0.35546875 0.04921875 0.12421875
4 0.14453125 0.321875 0.0578125 0.1203125
4 0.5046875 0.6375 0.10234375 0.084375
4 0.3953125 0.62890625 0.07109375 0.07578125
4 0.3046875 0.60703125 0.06640625 0.084375
4 0.24921875 0.5625 0.0625 0.07578125
4 0.1890625 0.50234375 0.03984375 0.10703125
4 0.153125 0.4625 0.03984375 0.07109375
4 0.621875 0.64921875 0.09765625 0.0359375