4 0.64140625 0.4328125 0.0984375 0.125
4 0.54921875 0.3703125 0.06875 0.1296875
4 0.48515625 0.31015625 0.0515625 0.08359375
4 0.4703125 0.23828125 0.03828125 0.06015625
4 0.7578125 0.46796875 0.0640625 0.09296875
4 0.84765625 0.5046875 0.07265625 0.1015625
4 0.92890625 0.5390625 0.046875 0.08828125
4 0.9828125 0.56953125 0.034375 0.06484375
4 0.65 0.64609375 0.07265625 0.08828125
4 0.57734375 0.61328125 0.05546875 0.08828125
4 0.52578125 0.58125 0.046875 0.07890625
4 0.47890625 0.53203125 0.046875 0.05546875
4 0.4546875 0.46953125 0.04296875 0.05078125
4 0.4546875 0.41640625 0.04296875 0.03671875
4 0.46328125 0.38203125 0.034375 0.0140625
4 0.740625 0.65546875 0.08125 0.06015625
4 0.82421875 0.66171875 0.07734375 0.03671875
4 0.89453125 0.65703125 0.046875 0.028125