4 0.6046875 0.4625 0.11015625 0.090625
4 0.71484375 0.45625 0.07890625 0.05703125
4 0.4578125 0.47734375 0.11015625 0.11328125
4 0.34296875 0.47890625 0.09921875 0.1171875
4 0.24375 0.49453125 0.0578125 0.11015625
4 0.18046875 0.5 0.06796875 0.08359375
4 0.11015625 0.5015625 0.0625 0.0796875
4 0.7984375 0.48125 0.0578125 0.10625
4 0.87421875 0.48671875 0.0421875 0.10234375
4 0.93203125 0.47890625 0.0421875 0.071875
4 0.63359375 0.55859375 0.08359375 0.071875
4 0.728125 0.58125 0.0734375 0.04140625
4 0.546875 0.5703125 0.0890625 0.05703125
4 0.4578125 0.56640625 0.0890625 0.04921875
4 0.37421875 0.5625 0.07890625 0.04921875
4 0.30859375 0.56640625 0.0421875 0.04140625
4 0.80625 0.58125 0.05234375 0.04140625
4 0.228125 0.57578125 0.03671875 0.02265625
4 0.178125 0.5796875 0.0421875 0.01484375