4 0.18984375 0.371875 0.0203125 0.1484375
4 0.21640625 0.36328125 0.01328125 0.1546875
4 0.2515625 0.3484375 0.03671875 0.19609375
4 0.31328125 0.36875 0.03984375 0.17890625
4 0.41640625 0.41953125 0.0796875 0.2203125
4 0.5484375 0.50625 0.0765625 0.23828125
4 0.646875 0.5890625 0.046875 0.20234375
4 0.70859375 0.690625 0.04296875 0.13125
4 0.7703125 0.74375 0.053125 0.10703125
4 0.825 0.7828125 0.0296875 0.05390625
4 0.28671875 0.559375 0.0265625 0.0359375
4 0.33828125 0.5953125 0.03671875 0.07109375
4 0.4015625 0.63671875 0.05703125 0.0953125
4 0.475 0.66953125 0.0703125 0.0890625
4 0.55703125 0.7140625 0.06015625 0.07109375
4 0.61796875 0.75 0.03671875 0.0359375