4 0.8453125 0.53828125 0.01796875 0.11484375
4 0.8109375 0.5515625 0.02890625 0.1421875
4 0.7578125 0.53828125 0.0546875 0.23515625
4 0.68203125 0.56015625 0.0765625 0.18046875
4 0.5765625 0.54921875 0.134375 0.22421875
4 0.44375 0.54921875 0.1234375 0.21328125
4 0.32890625 0.5328125 0.08359375 0.14765625
4 0.24921875 0.52421875 0.0546875 0.175
4 0.1984375 0.51640625 0.03984375 0.15859375
4 0.165625 0.521875 0.02578125 0.12578125
4 0.25078125 0.65859375 0.04375 0.04921875
4 0.2109375 0.63125 0.021875 0.02734375
4 0.31484375 0.67734375 0.04765625 0.0875
4 0.38515625 0.71015625 0.065625 0.0875
4 0.4671875 0.7296875 0.0765625 0.11484375
4 0.5578125 0.7265625 0.06875 0.1203125
4 0.6328125 0.72421875 0.0578125 0.10390625
4 0.709375 0.7046875 0.065625 0.0765625