4 0.4015625 0.26484375 0.12734375 0.16953125
4 0.5546875 0.27890625 0.134375 0.1640625
4 0.67109375 0.33359375 0.06875 0.153125
4 0.765625 0.3828125 0.06171875 0.1640625
4 0.83671875 0.48359375 0.05078125 0.15859375
4 0.834375 0.65859375 0.1421875 0.06015625
4 0.84765625 0.73515625 0.1671875 0.06015625
4 0.87421875 0.825 0.1421875 0.0765625
4 0.2765625 0.30078125 0.09453125 0.1421875
4 0.18203125 0.3609375 0.09453125 0.153125
4 0.11484375 0.50546875 0.0765625 0.12578125
4 0.11484375 0.64765625 0.134375 0.08203125
4 0.1125 0.7484375 0.1453125 0.0765625
4 0.0796875 0.8359375 0.1453125 0.065625
4 0.35234375 0.9234375 0.0796875 0.109375
4 0.4546875 0.9125 0.09453125 0.109375
4 0.55234375 0.9125 0.07265625 0.0984375
4 0.634375 0.91796875 0.06171875 0.0875
4 0.70546875 0.94296875 0.0578125 0.06015625
4 0.25625 0.95078125 0.090625 0.0765625
4 0.17421875 0.9890625 0.0578125 0.021875