4 0.29453125 0.3046875 0.015625 0.1125
4 0.315625 0.33046875 0.01015625 0.10546875
4 0.34609375 0.36875 0.02890625 0.13515625
4 0.390625 0.39453125 0.04453125 0.128125
4 0.45 0.41328125 0.06328125 0.13515625
4 0.5171875 0.43203125 0.06015625 0.14296875
4 0.57734375 0.42109375 0.04453125 0.15
4 0.62109375 0.40234375 0.02109375 0.17265625
4 0.64765625 0.3875 0.015625 0.1125
4 0.66484375 0.371875 0.0078125 0.09765625
4 0.60546875 0.5296875 0.015625 0.0375
4 0.575 0.55234375 0.034375 0.06796875
4 0.53125 0.57109375 0.0421875 0.1203125
4 0.4921875 0.58984375 0.03125 0.128125
4 0.45 0.56796875 0.03671875 0.128125
4 0.4078125 0.54921875 0.03671875 0.10546875
4 0.36875 0.50390625 0.03125 0.08984375
4 0.3421875 0.46640625 0.015625 0.0296875