4 0.0953125 0.421875 0.06953125 0.09375
4 0.17265625 0.465625 0.06640625 0.13125
4 0.26484375 0.503125 0.0796875 0.13125
4 0.3953125 0.528125 0.0984375 0.15625
4 0.55390625 0.515625 0.1234375 0.13125
4 0.6921875 0.5375 0.05703125 0.1125
4 0.784375 0.540625 0.03828125 0.16875
4 0.26015625 0.634375 0.06953125 0.14375
4 0.34765625 0.671875 0.07265625 0.15625
4 0.44765625 0.6625 0.0953125 0.1375
4 0.55234375 0.665625 0.1015625 0.15625
4 0.64140625 0.671875 0.06953125 0.18125
4 0.73359375 0.675 0.06953125 0.15
4 0.83515625 0.609375 0.05703125 0.16875