4 0.275 0.39765625 0.0546875 0.12734375
4 0.3140625 0.38515625 0.0609375 0.1484375
4 0.37421875 0.38125 0.075 0.17578125
4 0.4546875 0.384375 0.0828125 0.2046875
4 0.54296875 0.384375 0.09375 0.1890625
4 0.6109375 0.36484375 0.07421875 0.13515625
4 0.2734375 0.47578125 0.0609375 0.07890625
4 0.31171875 0.5015625 0.04296875 0.06953125
4 0.3578125 0.5109375 0.05625 0.10625
4 0.41875 0.525 0.05078125 0.096875
4 0.47578125 0.54765625 0.03984375 0.090625
4 0.53671875 0.52890625 0.065625 0.1078125
4 0.5984375 0.50859375 0.0640625 0.08671875
4 0.64609375 0.490625 0.04765625 0.09296875
4 0.2390625 0.38359375 0.03125 0.1296875
4 0.66953125 0.3578125 0.04375 0.16015625
4 0.7140625 0.33671875 0.03515625 0.14453125
4 0.690625 0.471875 0.03828125 0.0984375