4 0.3015625 0.38515625 0.1328125 0.25234375
4 0.43828125 0.34296875 0.14375 0.40390625
4 0.584375 0.35703125 0.1515625 0.3734375
4 0.6921875 0.39453125 0.09375 0.25390625
4 0.76015625 0.33125 0.11171875 0.31171875
4 0.29140625 0.66796875 0.1 0.2828125
4 0.39375 0.640625 0.09765625 0.2484375
4 0.46953125 0.69609375 0.0984375 0.17578125
4 0.57421875 0.7234375 0.09453125 0.2671875
4 0.63828125 0.63359375 0.1234375 0.184375
4 0.7453125 0.65234375 0.109375 0.27265625
4 0.7921875 0.59296875 0.06171875 0.2046875
4 0.84453125 0.5125 0.07109375 0.1734375
4 0.22109375 0.390625 0.0703125 0.25390625
4 0.2171875 0.6109375 0.0578125 0.19609375
4 0.16484375 0.55 0.0546875 0.190625