4 0.46640625 0.56015625 0.1 0.065625
4 0.3296875 0.5625 0.0625 0.04296875
4 0.56171875 0.5640625 0.05703125 0.03671875
4 0.67578125 0.5671875 0.05703125 0.0375
4 0.2203125 0.5703125 0.0765625 0.03828125
4 0.7515625 0.5828125 0.04453125 0.03203125
4 0.1359375 0.58671875 0.0609375 0.0328125
4 0.07265625 0.60546875 0.0484375 0.0390625
4 0.809375 0.5859375 0.025 0.034375
4 0.365625 0.596875 0.075 0.03515625
4 0.265625 0.5984375 0.08203125 0.03046875
4 0.190625 0.609375 0.05859375 0.03125
4 0.46796875 0.596875 0.0640625 0.03046875
4 0.56796875 0.596875 0.078125 0.03203125
4 0.653125 0.6 0.065625 0.03046875