4 0.246875 0.540625 0.0609375 0.03828125
4 0.3375 0.5375 0.05859375 0.02890625
4 0.43125 0.5359375 0.059375 0.03203125
4 0.53671875 0.5375 0.0734375 0.03671875
4 0.65625 0.5359375 0.07890625 0.0328125
4 0.7484375 0.53125 0.05 0.02734375
4 0.828125 0.52578125 0.046875 0.025
4 0.30625 0.565625 0.05703125 0.02265625
4 0.3890625 0.5671875 0.04453125 0.02578125
4 0.4765625 0.5671875 0.04140625 0.02421875
4 0.5765625 0.5671875 0.05 0.02421875
4 0.6640625 0.565625 0.05859375 0.02421875
4 0.74921875 0.5625 0.0484375 0.02890625