4 0.215625 0.503125 0.04609375 0.0171875
4 0.27265625 0.48984375 0.065625 0.0296875
4 0.36015625 0.484375 0.04296875 0.0265625
4 0.4578125 0.4828125 0.1015625 0.03828125
4 0.57734375 0.484375 0.09296875 0.03671875
4 0.67734375 0.4796875 0.07890625 0.02421875
4 0.78671875 0.48125 0.07109375 0.0265625
4 0.8546875 0.4875 0.02890625 0.0140625
4 0.33671875 0.515625 0.040625 0.02421875
4 0.4 0.5140625 0.05 0.02265625
4 0.496875 0.51484375 0.05546875 0.0265625
4 0.5984375 0.5125 0.05 0.02578125
4 0.68671875 0.509375 0.06796875 0.02421875
4 0.76953125 0.50859375 0.03359375 0.0203125