4 0.06015625 0.32265625 0.10546875 0.4484375
4 0.1890625 0.346875 0.1671875 0.43203125
4 0.39296875 0.3140625 0.22578125 0.48671875
4 0.6421875 0.31953125 0.221875 0.46484375
4 0.83828125 0.31953125 0.1421875 0.45390625
4 0.96171875 0.31953125 0.0765625 0.46484375
4 0.9671875 0.7078125 0.065625 0.28984375
4 0.87421875 0.73515625 0.12734375 0.35546875
4 0.7234375 0.7375 0.13828125 0.35
4 0.57265625 0.71328125 0.12734375 0.36640625
4 0.42890625 0.7265625 0.1234375 0.3171875
4 0.2796875 0.74609375 0.13828125 0.34453125
4 0.134375 0.7375 0.1234375 0.371875
4 0.03671875 0.74296875 0.065625 0.371875