4 0.33515625 0.18046875 0.05625 0.1234375
4 0.40078125 0.18046875 0.08203125 0.1234375
4 0.49765625 0.1875 0.0953125 0.13671875
4 0.6125 0.19140625 0.10859375 0.14609375
4 0.7125 0.2125 0.090625 0.13203125
4 0.775 0.23046875 0.0609375 0.1234375
4 0.77734375 0.525 0.06484375 0.109375
4 0.70546875 0.53203125 0.0609375 0.14140625
4 0.646875 0.53203125 0.0734375 0.14140625
4 0.5625 0.51796875 0.06953125 0.1234375
4 0.48046875 0.51171875 0.06953125 0.13671875
4 0.4046875 0.50234375 0.0734375 0.14609375
4 0.3484375 0.4796875 0.06484375 0.128125
4 0.26875 0.45625 0.078125 0.109375