4 0.3640625 0.50703125 0.16875 0.178125
4 0.215625 0.4953125 0.1109375 0.15546875
4 0.12421875 0.478125 0.0796875 0.1640625
4 0.5421875 0.50234375 0.1421875 0.178125
4 0.68671875 0.50234375 0.1109375 0.1421875
4 0.80234375 0.484375 0.10234375 0.13359375
4 0.79765625 0.6 0.07578125 0.09765625
4 0.73984375 0.6421875 0.1109375 0.12890625
4 0.64453125 0.64453125 0.115625 0.12421875
4 0.515625 0.65546875 0.115625 0.1203125
4 0.39140625 0.66640625 0.10703125 0.12421875
4 0.284375 0.653125 0.10703125 0.1421875
4 0.19140625 0.63984375 0.0890625 0.15078125
4 0.11796875 0.60234375 0.0578125 0.09296875