4 0.1609375 0.27109375 0.06171875 0.09140625
4 0.2390625 0.29296875 0.08125 0.1828125
4 0.33203125 0.28046875 0.09765625 0.23203125
4 0.44921875 0.28359375 0.13046875 0.2984375
4 0.5859375 0.2984375 0.13046875 0.28046875
4 0.68203125 0.27109375 0.1078125 0.27421875
4 0.7671875 0.265625 0.06171875 0.2625
4 0.1921875 0.484375 0.05234375 0.16484375
4 0.2609375 0.509375 0.05859375 0.22578125
4 0.3375 0.53046875 0.06875 0.24375
4 0.415625 0.54609375 0.075 0.2625
4 0.4953125 0.5546875 0.078125 0.20703125
4 0.578125 0.5515625 0.075 0.21328125
4 0.653125 0.53359375 0.06875 0.1765625
4 0.7328125 0.5 0.071875 0.17109375