4 0.56171875 0.521875 0.10390625 0.1703125
4 0.4515625 0.5234375 0.11484375 0.15859375
4 0.353125 0.5328125 0.0890625 0.125
4 0.2796875 0.51015625 0.08515625 0.13203125
4 0.65859375 0.51484375 0.07734375 0.115625
4 0.7265625 0.4953125 0.0546875 0.1546875
4 0.78359375 0.496875 0.05234375 0.0828125
4 0.20703125 0.48515625 0.07109375 0.10390625
4 0.53359375 0.65625 0.075 0.0984375
4 0.6109375 0.621875 0.0640625 0.090625
4 0.675 0.59296875 0.075 0.05078125
4 0.4546875 0.6609375 0.06875 0.09296875
4 0.38046875 0.64765625 0.0859375 0.1
4 0.309375 0.6140625 0.0859375 0.10625
4 0.25625 0.575 0.0421875 0.05703125
4 0.2265625 0.5546875 0.02890625 0.03203125
4 0.196875 0.54609375 0.03359375 0.04921875
4 0.17578125 0.47578125 0.0609375 0.08125
4 0.81328125 0.45390625 0.0390625 0.04921875