4 0.571875 0.425 0.12890625 0.215625
4 0.4484375 0.42578125 0.1171875 0.2171875
4 0.34453125 0.43203125 0.09609375 0.18125
4 0.26640625 0.38671875 0.07734375 0.18515625
4 0.19921875 0.3484375 0.0609375 0.15078125
4 0.16171875 0.31796875 0.04140625 0.12421875
4 0.1203125 0.28359375 0.05390625 0.10859375
4 0.67890625 0.4109375 0.1078125 0.2078125
4 0.753125 0.36328125 0.07890625 0.196875
4 0.815625 0.33203125 0.05625 0.1640625
4 0.871875 0.29765625 0.05859375 0.1296875
4 0.89453125 0.27734375 0.04609375 0.08203125
4 0.1421875 0.40234375 0.04609375 0.10703125
4 0.1875 0.465625 0.04765625 0.121875
4 0.2453125 0.5203125 0.0625 0.08984375
4 0.31015625 0.53828125 0.075 0.09921875
4 0.3875 0.5640625 0.08984375 0.08984375
4 0.4671875 0.5765625 0.09140625 0.06484375
4 0.5453125 0.56953125 0.08515625 0.059375
4 0.62421875 0.559375 0.0765625 0.0609375
4 0.70625 0.53125 0.07265625 0.09375
4 0.77734375 0.49140625 0.05234375 0.09765625
4 0.82578125 0.440625 0.0734375 0.121875
4 0.8640625 0.396875 0.05625 0.11484375