4 0.56875 0.48203125 0.10625 0.12421875
4 0.43828125 0.48203125 0.10390625 0.12421875
4 0.34375 0.478125 0.08828125 0.1015625
4 0.26796875 0.471875 0.0796875 0.09453125
4 0.2046875 0.4734375 0.07734375 0.1015625
4 0.1578125 0.46796875 0.034375 0.09609375
4 0.73828125 0.46953125 0.084375 0.13203125
4 0.6578125 0.4609375 0.084375 0.12734375
4 0.8046875 0.45390625 0.05390625 0.1109375
4 0.85078125 0.43671875 0.040625 0.09765625
4 0.1890625 0.54375 0.04375 0.0828125
4 0.2328125 0.565625 0.0578125 0.09140625
4 0.30078125 0.5671875 0.059375 0.10625
4 0.375 0.58203125 0.071875 0.09921875
4 0.44765625 0.5765625 0.0796875 0.10078125
4 0.51796875 0.57734375 0.09765625 0.09609375
4 0.615625 0.58125 0.0859375 0.09765625
4 0.6921875 0.5828125 0.07734375 0.10625
4 0.7578125 0.58046875 0.0796875 0.1015625
4 0.81796875 0.553125 0.06015625 0.08984375
4 0.85390625 0.51171875 0.03984375 0.05234375