4 0.57578125 0.5046875 0.13203125 0.16171875
4 0.45546875 0.5046875 0.13828125 0.18203125
4 0.34609375 0.4796875 0.09140625 0.1421875
4 0.27421875 0.4625 0.06484375 0.16171875
4 0.2234375 0.4578125 0.04296875 0.1171875
4 0.19609375 0.42421875 0.028125 0.0796875
4 0.159375 0.38671875 0.0515625 0.11484375
4 0.68046875 0.47265625 0.071875 0.12734375
4 0.75078125 0.44765625 0.08203125 0.16171875
4 0.79765625 0.42734375 0.03203125 0.1125
4 0.83359375 0.39296875 0.046875 0.0875
4 0.86171875 0.353125 0.03671875 0.0921875
4 0.17890625 0.50234375 0.06171875 0.10703125
4 0.2203125 0.52890625 0.046875 0.08515625
4 0.259375 0.58203125 0.04140625 0.0875
4 0.3171875 0.5875 0.06171875 0.1125
4 0.37890625 0.6046875 0.08828125 0.10234375
4 0.46796875 0.62109375 0.08359375 0.08515625
4 0.54609375 0.615625 0.09140625 0.06484375
4 0.6296875 0.59609375 0.08671875 0.109375
4 0.7015625 0.58828125 0.08671875 0.09453125
4 0.7609375 0.55703125 0.071875 0.096875
4 0.81484375 0.52109375 0.06640625 0.109375
4 0.8578125 0.48125 0.0546875 0.1046875