4 0.54140625 0.4859375 0.09140625 0.19609375
4 0.44375 0.4859375 0.1109375 0.2203125
4 0.35859375 0.47890625 0.06875 0.16796875
4 0.29453125 0.4265625 0.05546875 0.19296875
4 0.25703125 0.421875 0.05546875 0.159375
4 0.2203125 0.421875 0.0375 0.11015625
4 0.178125 0.37734375 0.0421875 0.15625
4 0.625 0.4890625 0.05859375 0.17109375
4 0.68515625 0.4375 0.05078125 0.2015625
4 0.721875 0.440625 0.04921875 0.128125
4 0.746875 0.4359375 0.05078125 0.11328125
4 0.778125 0.38515625 0.03125 0.146875
4 0.803125 0.38359375 0.040625 0.125
4 0.734375 0.52109375 0.03125 0.0578125
4 0.6890625 0.54296875 0.0328125 0.0640625
4 0.65390625 0.5640625 0.0375 0.0703125
4 0.5984375 0.628125 0.0734375 0.0703125
4 0.528125 0.6296875 0.0640625 0.0796875
4 0.46328125 0.6484375 0.0625 0.10390625
4 0.396875 0.61796875 0.0609375 0.11640625
4 0.340625 0.59140625 0.05546875 0.0828125
4 0.28984375 0.5578125 0.0421875 0.0640625
4 0.253125 0.52421875 0.0375 0.0578125