4 0.5515625 0.45234375 0.1171875 0.2296875
4 0.42578125 0.440625 0.1234375 0.20625
4 0.33359375 0.4109375 0.078125 0.20859375
4 0.26640625 0.38046875 0.06796875 0.17265625
4 0.21796875 0.3734375 0.02890625 0.10859375
4 0.20703125 0.3953125 0.046875 0.115625
4 0.6515625 0.43828125 0.0796875 0.16015625
4 0.72890625 0.434375 0.0734375 0.1671875
4 0.77109375 0.42265625 0.0453125 0.11875
4 0.79765625 0.41875 0.03125 0.08984375
4 0.76328125 0.521875 0.04375 0.075
4 0.73125 0.5609375 0.0734375 0.10546875
4 0.6640625 0.58515625 0.0828125 0.1390625
4 0.584375 0.596875 0.06015625 0.1265625
4 0.5046875 0.61875 0.06640625 0.09765625
4 0.43046875 0.609375 0.0796875 0.1265625
4 0.3609375 0.57109375 0.071875 0.14140625
4 0.29296875 0.5609375 0.05859375 0.15703125
4 0.24296875 0.53828125 0.04375 0.09765625
4 0.20703125 0.48359375 0.0375 0.059375