4 0.075 0.4265625 0.08828125 0.2359375
4 0.140625 0.3984375 0.11484375 0.34140625
4 0.2625 0.446875 0.128125 0.30859375
4 0.40078125 0.43515625 0.21171875 0.365625
4 0.5921875 0.42265625 0.171875 0.37421875
4 0.71796875 0.3984375 0.13203125 0.37421875
4 0.8328125 0.36953125 0.08828125 0.30078125
4 0.1296875 0.634375 0.0921875 0.17890625
4 0.21796875 0.62578125 0.05703125 0.1140625
4 0.321875 0.64609375 0.03515625 0.121875
4 0.54375 0.66640625 0.075 0.1140625
4 0.7421875 0.63828125 0.1015625 0.17109375
4 0.84609375 0.64609375 0.096875 0.21953125