4 0.30390625 0.48359375 0.08828125 0.2359375
4 0.440625 0.48359375 0.140625 0.3171875
4 0.57890625 0.48359375 0.13671875 0.3171875
4 0.6984375 0.46328125 0.08359375 0.24375
4 0.7796875 0.4265625 0.06171875 0.30078125
4 0.3546875 0.6625 0.08359375 0.13828125
4 0.4359375 0.71171875 0.10546875 0.1546875
4 0.5265625 0.675 0.08359375 0.1140625
4 0.225 0.4109375 0.0703125 0.25234375
4 0.16328125 0.42265625 0.053125 0.17890625
4 0.84609375 0.42265625 0.053125 0.26015625
4 0.71796875 0.65078125 0.053125 0.1625
4 0.790625 0.64609375 0.05703125 0.1546875
4 0.85234375 0.6421875 0.0484375 0.14609375
4 0.9078125 0.378125 0.053125 0.18671875
4 0.19609375 0.64609375 0.075 0.17109375
4 0.090625 0.41875 0.05703125 0.203125
4 0.0703125 0.6140625 0.07890625 0.18671875