4 0.20703125 0.33359375 0.046875 0.08359375
4 0.23828125 0.36640625 0.03671875 0.1484375
4 0.2796875 0.36015625 0.03359375 0.1484375
4 0.33359375 0.36640625 0.0734375 0.1609375
4 0.43359375 0.39609375 0.1203125 0.17265625
4 0.56015625 0.3984375 0.1 0.2140625
4 0.6484375 0.38671875 0.0765625 0.2265625
4 0.71484375 0.35703125 0.05703125 0.16640625
4 0.76328125 0.35390625 0.046875 0.125
4 0.7765625 0.4140625 0.01328125 0.07734375
4 0.76796875 0.4671875 0.03671875 0.07734375
4 0.74140625 0.48515625 0.03671875 0.05390625
4 0.71171875 0.51171875 0.0296875 0.08359375
4 0.66171875 0.5328125 0.05703125 0.065625
4 0.6046875 0.54765625 0.05703125 0.0953125
4 0.54296875 0.55078125 0.06640625 0.0890625
4 0.478125 0.565625 0.06328125 0.11875
4 0.4203125 0.5625 0.053125 0.1015625
4 0.36015625 0.5390625 0.046875 0.125
4 0.30703125 0.52109375 0.06015625 0.0890625
4 0.26171875 0.496875 0.0296875 0.1015625
4 0.23984375 0.4734375 0.01328125 0.05390625
4 0.20859375 0.4375 0.01640625 0.07734375