4 0.18125 0.38203125 0.0375 0.0859375
4 0.22109375 0.4015625 0.04140625 0.125
4 0.278125 0.39296875 0.07265625 0.14140625
4 0.34921875 0.39296875 0.06484375 0.14140625
4 0.4375 0.39140625 0.1125 0.14453125
4 0.54375 0.39296875 0.1 0.146875
4 0.63515625 0.3875 0.08359375 0.15859375
4 0.70859375 0.3890625 0.0625 0.1609375
4 0.759375 0.4015625 0.03984375 0.1359375
4 0.790625 0.38359375 0.02265625 0.1
4 0.71484375 0.565625 0.05 0.1140625
4 0.66015625 0.575 0.0375 0.09453125
4 0.60078125 0.596875 0.02734375 0.128125
4 0.54140625 0.59296875 0.0375 0.125
4 0.48125 0.59609375 0.0375 0.096875
4 0.40703125 0.5859375 0.07265625 0.128125
4 0.34609375 0.603125 0.05 0.1609375
4 0.29609375 0.58203125 0.02890625 0.18046875
4 0.246875 0.55 0.08125 0.10546875