4 0.434375 0.37421875 0.08984375 0.17421875
4 0.55078125 0.37265625 0.13515625 0.1953125
4 0.6734375 0.3625 0.09765625 0.190625
4 0.74453125 0.36640625 0.03671875 0.14375
4 0.34609375 0.40703125 0.06953125 0.05625
4 0.2828125 0.43125 0.0578125 0.065625
4 0.24453125 0.5515625 0.04765625 0.08125
4 0.31171875 0.57734375 0.07109375 0.11875
4 0.40625 0.60859375 0.05625 0.09609375
4 0.49296875 0.58203125 0.07890625 0.134375
4 0.5734375 0.55703125 0.06640625 0.15859375
4 0.64609375 0.55390625 0.06640625 0.15546875
4 0.7109375 0.55078125 0.05390625 0.16171875
4 0.77421875 0.53671875 0.0421875 0.1203125