4 0.69453125 0.4953125 0.00859375 0.06640625
4 0.66796875 0.49921875 0.0296875 0.075
4 0.6234375 0.4859375 0.06015625 0.0484375
4 0.584375 0.4453125 0.01796875 0.1296875
4 0.55078125 0.4078125 0.04921875 0.0546875
4 0.50390625 0.37421875 0.0453125 0.121875
4 0.4546875 0.36328125 0.04453125 0.08359375
4 0.3984375 0.33359375 0.06796875 0.14296875
4 0.3421875 0.325 0.04453125 0.1265625
4 0.30546875 0.34765625 0.0265625 0.08203125
4 0.278125 0.3375 0.02890625 0.06171875
4 0.359375 0.559375 0.0390625 0.0515625
4 0.32578125 0.5828125 0.03203125 0.04140625
4 0.29609375 0.61953125 0.02578125 0.03515625
4 0.28359375 0.68984375 0.02109375 0.09296875
4 0.30625 0.69140625 0.028125 0.08984375
4 0.33125 0.69921875 0.021875 0.1046875
4 0.36484375 0.70703125 0.0453125 0.08984375
4 0.4078125 0.71171875 0.0375 0.096875
4 0.453125 0.7171875 0.05234375 0.08515625
4 0.503125 0.70546875 0.04921875 0.06171875
4 0.54921875 0.69296875 0.0421875 0.08671875
4 0.58203125 0.64296875 0.0546875 0.0734375
4 0.64453125 0.6515625 0.0625 0.06015625
4 0.66015625 0.58984375 0.05546875 0.096875