4 0.2390625 0.409375 0.0421875 0.1109375
4 0.278125 0.42578125 0.025 0.11796875
4 0.32734375 0.3953125 0.03828125 0.12421875
4 0.39375 0.42265625 0.06484375 0.11796875
4 0.54140625 0.44765625 0.09140625 0.0875
4 0.62421875 0.40703125 0.07421875 0.1078125
4 0.69296875 0.4125 0.04765625 0.1515625
4 0.75078125 0.3734375 0.02890625 0.134375
4 0.778125 0.3703125 0.0265625 0.134375
4 0.8078125 0.33828125 0.0328125 0.07109375
4 0.65 0.521875 0.05 0.08046875
4 0.596875 0.51484375 0.03828125 0.0671875
4 0.534375 0.53203125 0.04375 0.0671875
4 0.45625 0.5234375 0.05546875 0.084375
4 0.4015625 0.53046875 0.05703125 0.07109375