4 0.325 0.38046875 0.0296875 0.1140625
4 0.3640625 0.38203125 0.0421875 0.128125
4 0.42109375 0.38984375 0.05625 0.1015625
4 0.4875 0.40546875 0.07109375 0.1390625
4 0.575 0.3953125 0.07734375 0.14296875
4 0.6515625 0.41484375 0.04921875 0.12109375
4 0.69296875 0.421875 0.0265625 0.13359375
4 0.721875 0.42734375 0.0171875 0.10390625
4 0.3125 0.48671875 0.025 0.07890625
4 0.3484375 0.4984375 0.03515625 0.09453125
4 0.3921875 0.521875 0.03359375 0.13359375
4 0.44375 0.528125 0.04609375 0.1359375
4 0.49296875 0.54140625 0.0421875 0.13046875
4 0.5546875 0.5328125 0.0484375 0.11796875
4 0.603125 0.53515625 0.03828125 0.1265625
4 0.6515625 0.54140625 0.03984375 0.14140625
4 0.6953125 0.5453125 0.03046875 0.10703125