4 0.54609375 0.41953125 0.10703125 0.171875
4 0.446875 0.42421875 0.09921875 0.18203125
4 0.3546875 0.40390625 0.0765625 0.171875
4 0.6375 0.41171875 0.06875 0.16640625
4 0.715625 0.421875 0.08046875 0.16640625
4 0.7765625 0.4375 0.0421875 0.11484375
4 0.284375 0.40390625 0.07265625 0.15078125
4 0.23125 0.3984375 0.05 0.11953125
4 0.2140625 0.48671875 0.0609375 0.08828125
4 0.2671875 0.51796875 0.04609375 0.08828125
4 0.33203125 0.52890625 0.06875 0.13046875
4 0.40078125 0.5390625 0.06875 0.140625
4 0.46953125 0.54140625 0.0609375 0.09375
4 0.534375 0.53671875 0.06875 0.08359375
4 0.60703125 0.52890625 0.06875 0.09921875
4 0.67578125 0.53125 0.0609375 0.10390625
4 0.740625 0.5234375 0.0609375 0.08828125