4 0.58046875 0.43671875 0.16171875 0.290625
4 0.4171875 0.4203125 0.165625 0.33359375
4 0.2796875 0.4234375 0.11640625 0.30703125
4 0.1859375 0.4421875 0.07890625 0.28046875
4 0.71640625 0.4234375 0.109375 0.2859375
4 0.80078125 0.41796875 0.075 0.2859375
4 0.34375 0.6640625 0.11640625 0.2484375
4 0.44765625 0.67421875 0.10546875 0.2484375
4 0.5546875 0.6796875 0.109375 0.23828125
4 0.6578125 0.6796875 0.09765625 0.23828125
4 0.7484375 0.66171875 0.08984375 0.221875
4 0.81796875 0.62734375 0.0640625 0.153125
4 0.8609375 0.6109375 0.06015625 0.1640625
4 0.2328125 0.671875 0.1125 0.2859375
4 0.15625 0.65625 0.0640625 0.21171875