4 0.55546875 0.69140625 0.12421875 0.19140625
4 0.4265625 0.70234375 0.1421875 0.178125
4 0.31796875 0.7 0.09296875 0.1640625
4 0.6578125 0.7046875 0.0796875 0.1640625
4 0.7359375 0.69765625 0.04921875 0.16015625
4 0.2421875 0.6953125 0.07578125 0.15546875
4 0.1734375 0.70703125 0.0796875 0.1421875
4 0.3 0.8109375 0.06640625 0.1109375
4 0.378125 0.8265625 0.0796875 0.12421875
4 0.453125 0.8375 0.0796875 0.1375
4 0.5265625 0.84453125 0.07578125 0.15078125
4 0.60703125 0.8359375 0.07578125 0.1421875
4 0.67578125 0.83125 0.07109375 0.1421875
4 0.7359375 0.83359375 0.0578125 0.1375
4 0.4203125 0.25546875 0.146875 0.146875
4 0.56640625 0.2421875 0.12890625 0.15546875
4 0.68671875 0.19765625 0.07578125 0.1375
4 0.28671875 0.23125 0.09296875 0.1421875