4 0.73671875 0.378125 0.046875 0.125
4 0.78515625 0.38359375 0.04296875 0.13671875
4 0.6953125 0.38359375 0.03671875 0.11328125
4 0.8234375 0.375 0.03359375 0.13125
4 0.66328125 0.375 0.0265625 0.13125
4 0.85703125 0.36640625 0.03359375 0.13671875
4 0.65 0.4734375 0.0203125 0.0890625
4 0.675 0.4734375 0.0296875 0.0890625
4 0.7046875 0.4765625 0.03671875 0.0953125
4 0.74140625 0.4765625 0.03671875 0.10703125
4 0.7734375 0.4765625 0.03359375 0.10703125
4 0.80703125 0.4734375 0.0265625 0.1015625
4 0.83671875 0.4734375 0.03359375 0.11328125
4 0.86640625 0.45546875 0.03359375 0.1015625
4 0.16328125 0.4046875 0.0265625 0.059375
4 0.19140625 0.4015625 0.0296875 0.07734375
4 0.23359375 0.4046875 0.053125 0.08359375
4 0.28203125 0.4015625 0.03671875 0.065625
4 0.196875 0.48203125 0.06640625 0.08359375
4 0.2484375 0.48828125 0.0296875 0.07109375
4 0.3015625 0.48203125 0.0296875 0.08359375