4 0.55859375 0.44921875 0.12421875 0.2359375
4 0.42734375 0.4328125 0.13125 0.225
4 0.3296875 0.42734375 0.08515625 0.2359375
4 0.65390625 0.446875 0.07421875 0.23046875
4 0.725 0.43515625 0.07421875 0.253125
4 0.25546875 0.42421875 0.078125 0.2640625
4 0.3015625 0.559375 0.07109375 0.10703125
4 0.37265625 0.56171875 0.08515625 0.1125
4 0.45390625 0.58125 0.07109375 0.10703125
4 0.528125 0.584375 0.08515625 0.10078125
4 0.61015625 0.57890625 0.078125 0.1125
4 0.6828125 0.56171875 0.0671875 0.13515625
4 0.196875 0.41015625 0.053125 0.1796875