4 0.5546875 0.4484375 0.1125 0.240625
4 0.43828125 0.45078125 0.1203125 0.28984375
4 0.334375 0.4703125 0.0875 0.2515625
4 0.6546875 0.45390625 0.0875 0.240625
4 0.7328125 0.45625 0.06171875 0.24609375
4 0.25078125 0.47265625 0.07265625 0.25703125
4 0.3234375 0.6640625 0.07265625 0.20234375
4 0.3984375 0.66953125 0.08359375 0.21328125
4 0.46875 0.653125 0.07265625 0.21328125
4 0.54375 0.63671875 0.06875 0.18046875
4 0.6125 0.65 0.06875 0.1859375
4 0.678125 0.6609375 0.06171875 0.21875
4 0.73984375 0.6421875 0.0546875 0.19140625
4 0.790625 0.62578125 0.04765625 0.18046875
4 0.790625 0.44296875 0.04765625 0.2078125
4 0.25078125 0.653125 0.07265625 0.18046875
4 0.190625 0.46484375 0.04765625 0.2296875
4 0.19453125 0.6421875 0.0546875 0.16953125