4 0.6 0.6734375 0.18671875 0.20859375
4 0.43125 0.66875 0.18671875 0.21796875
4 0.29140625 0.66875 0.12890625 0.19140625
4 0.7375 0.6734375 0.12421875 0.20859375
4 0.19296875 0.65546875 0.1203125 0.2
4 0.83125 0.66875 0.0625 0.21796875
4 0.55546875 0.80859375 0.10703125 0.13359375
4 0.46640625 0.8109375 0.09765625 0.10234375
4 0.3640625 0.8203125 0.10703125 0.12890625
4 0.28203125 0.8265625 0.10234375 0.15078125
4 0.653125 0.8203125 0.115625 0.15546875
4 0.74453125 0.8265625 0.09296875 0.15078125
4 0.82421875 0.815625 0.10234375 0.15546875
4 0.6203125 0.178125 0.20859375 0.30234375
4 0.421875 0.184375 0.2046875 0.2890625
4 0.23359375 0.14921875 0.15546875 0.2265625
4 0.80234375 0.1625 0.1640625 0.2359375
4 0.7 0.32890625 0.1203125 0.21328125
4 0.58203125 0.3359375 0.10703125 0.18203125
4 0.46015625 0.3375 0.1203125 0.1953125
4 0.3265625 0.3375 0.1640625 0.2046875
4 0.2265625 0.33984375 0.115625 0.20859375
4 0.80859375 0.33984375 0.10703125 0.2