4 0.54765625 0.35859375 0.12109375 0.2609375
4 0.425 0.36171875 0.11015625 0.24453125
4 0.32421875 0.3671875 0.09140625 0.18984375
4 0.23828125 0.34765625 0.0953125 0.17421875
4 0.17421875 0.3671875 0.0328125 0.1359375
4 0.14140625 0.3671875 0.02578125 0.08125
4 0.10625 0.31484375 0.0296875 0.08671875
4 0.65390625 0.353125 0.0765625 0.20625
4 0.734375 0.34765625 0.0625 0.20625
4 0.80625 0.33671875 0.03671875 0.17421875
4 0.85859375 0.33984375 0.0328125 0.08125
4 0.46171875 0.51875 0.05859375 0.06015625
4 0.53828125 0.51328125 0.08046875 0.06015625
4 0.37890625 0.5078125 0.0546875 0.0703125
4 0.31328125 0.4890625 0.0625 0.06484375
4 0.25625 0.4890625 0.065625 0.0546875
4 0.2 0.47265625 0.04765625 0.06484375
4 0.65 0.4890625 0.06953125 0.06484375
4 0.72734375 0.48125 0.06953125 0.03828125
4 0.82265625 0.4484375 0.0328125 0.03828125