7 0.32734375 0.71015625 0.0609375 0.3265625
7 0.8125 0.66640625 0.146875 0.2859375
7 0.69765625 0.346875 0.0390625 0.328125
7 0.3125 0.328125 0.05625 0.365625
7 0.609375 0.34453125 0.046875 0.4203125
7 0.3765625 0.71875 0.05625 0.3125
7 0.359375 0.33828125 0.0625 0.3671875
7 0.39296875 0.34296875 0.0515625 0.3921875
7 0.43984375 0.365625 0.0390625 0.36875
7 0.48125 0.36953125 0.05 0.3890625
7 0.5296875 0.3734375 0.04375 0.396875
7 0.571875 0.35859375 0.046875 0.4015625
7 0.65234375 0.37890625 0.0515625 0.3140625