7 0.328125 0.41484375 0.05 0.2765625
7 0.6640625 0.696875 0.059375 0.228125
7 0.3484375 0.75234375 0.0625 0.2640625
7 0.81953125 0.6671875 0.0859375 0.21875
7 0.45703125 0.43828125 0.0890625 0.3203125
7 0.74140625 0.696875 0.1265625 0.26875
7 0.59609375 0.40625 0.0796875 0.31875
7 0.63203125 0.38203125 0.0796875 0.2828125
7 0.25703125 0.73671875 0.1296875 0.2953125
7 0.509375 0.4421875 0.053125 0.309375
7 0.55625 0.42265625 0.046875 0.3015625
7 0.3703125 0.4078125 0.065625 0.346875
7 0.61171875 0.72734375 0.0421875 0.2734375