4 0.2515625 0.67109375 0.05625 0.2578125
4 0.3015625 0.65625 0.046875 0.25
4 0.33984375 0.6609375 0.0296875 0.25
2 0.3703125 0.62890625 0.0375 0.2109375
4 0.65 0.66015625 0.0375 0.2859375
4 0.27421875 0.43359375 0.0703125 0.1953125
4 0.60546875 0.3890625 0.0390625 0.246875
4 0.6875 0.665625 0.046875 0.315625
4 0.7421875 0.653125 0.0625 0.265625
2 0.32890625 0.45 0.0453125 0.125
2 0.3640625 0.39453125 0.034375 0.2140625
4 0.634375 0.40234375 0.03125 0.2109375
4 0.39765625 0.38671875 0.0328125 0.2421875