4 0.70859375 0.61875 0.0609375 0.159375
4 0.32265625 0.37890625 0.0484375 0.2296875
2 0.2859375 0.584375 0.06875 0.175
2 0.32734375 0.62109375 0.0640625 0.1828125
2 0.36796875 0.6453125 0.0421875 0.140625
4 0.653125 0.640625 0.071875 0.171875
2 0.60625 0.6484375 0.040625 0.15625
2 0.3609375 0.459375 0.0375 0.175
2 0.39453125 0.46484375 0.0328125 0.1828125
2 0.68828125 0.4359375 0.0484375 0.16875
2 0.6140625 0.46953125 0.0375 0.1640625
2 0.64921875 0.46484375 0.0421875 0.1609375
2 0.3953125 0.6625 0.0375 0.15625
2 0.56953125 0.4703125 0.0265625 0.246875