4 0.47890625 0.515625 0.0328125 0.20625
4 0.51640625 0.5234375 0.0296875 0.184375
2 0.33671875 0.5140625 0.0609375 0.1875
2 0.4484375 0.5171875 0.03125 0.190625
2 0.2765625 0.6625 0.084375 0.16875
2 0.54765625 0.51640625 0.0328125 0.1796875
2 0.35859375 0.709375 0.0359375 0.1875
2 0.61875 0.7171875 0.0375 0.190625
2 0.5859375 0.72265625 0.03125 0.1796875
2 0.703125 0.671875 0.071875 0.15625
2 0.709375 0.50390625 0.04375 0.1484375
2 0.290625 0.48828125 0.0375 0.1671875
2 0.6640625 0.515625 0.046875 0.159375