4 0.246875 0.303125 0.071875 0.190625
4 0.2953125 0.29296875 0.075 0.2140625
2 0.28125 0.49609375 0.059375 0.1796875
4 0.70703125 0.30859375 0.0703125 0.2109375
2 0.76640625 0.31953125 0.0765625 0.1796875
4 0.73046875 0.53125 0.0609375 0.20625
2 0.68359375 0.49375 0.0390625 0.10625
2 0.6453125 0.5 0.040625 0.109375
2 0.35234375 0.30078125 0.0390625 0.2140625
4 0.3234375 0.5328125 0.046875 0.20625
2 0.6515625 0.3140625 0.034375 0.215625
4 0.6203125 0.58203125 0.046875 0.2609375
2 0.61484375 0.32421875 0.0390625 0.2140625