1 0.725 0.6 0.071875 0.128125
1 0.65625 0.63125 0.025 0.140625
1 0.62890625 0.634375 0.0328125 0.128125
1 0.59921875 0.653125 0.0296875 0.125
1 0.54765625 0.6703125 0.0359375 0.190625
1 0.5734375 0.6609375 0.025 0.171875
1 0.4296875 0.465625 0.028125 0.15625
1 0.3953125 0.64296875 0.03125 0.0859375
1 0.35078125 0.58984375 0.0296875 0.0984375
1 0.2671875 0.56171875 0.0375 0.1171875
1 0.44140625 0.6796875 0.0328125 0.153125
1 0.5640625 0.47109375 0.0375 0.1953125
1 0.50859375 0.64453125 0.0234375 0.1515625
1 0.48828125 0.64453125 0.0234375 0.1484375
1 0.52421875 0.65625 0.0140625 0.08125
1 0.51171875 0.490625 0.0171875 0.096875
1 0.375 0.61328125 0.028125 0.0859375
1 0.478125 0.49140625 0.025 0.1015625
1 0.53203125 0.4921875 0.0234375 0.09375