5 0.59296875 0.4609375 0.0984375 0.15625
5 0.73828125 0.465625 0.0703125 0.15625
5 0.8484375 0.5625 0.0625 0.09375
5 0.9125 0.57421875 0.075 0.0703125
5 0.51796875 0.4390625 0.0515625 0.090625
5 0.39921875 0.4296875 0.1015625 0.109375
5 0.259375 0.45390625 0.10625 0.1484375
5 0.12109375 0.72109375 0.1484375 0.1921875
5 0.36171875 0.7640625 0.1296875 0.059375
5 0.909375 0.90390625 0.0625 0.1921875
5 0.79921875 0.89921875 0.0359375 0.0546875
5 0.65234375 0.853125 0.0703125 0.184375
5 0.1375 0.475 0.0625 0.2
5 0.08515625 0.42890625 0.0671875 0.1140625
5 0.9765625 0.61171875 0.046875 0.0671875