6 0.3421875 0.228125 0.075 0.14375
6 0.4140625 0.2625 0.046875 0.09375
6 0.4890625 0.2796875 0.09375 0.1125
6 0.59375 0.30859375 0.06875 0.1171875
6 0.603125 0.6109375 0.075 0.190625
6 0.240625 0.1859375 0.065625 0.10625
6 0.14921875 0.2421875 0.0546875 0.125
6 0.103125 0.240625 0.059375 0.096875
6 0.040625 0.48828125 0.075 0.1328125
6 0.2125 0.53515625 0.059375 0.1484375
6 0.3453125 0.52734375 0.075 0.0859375
6 0.428125 0.553125 0.1125 0.10625
6 0.54375 0.42578125 0.0625 0.0703125
6 0.6578125 0.4125 0.05 0.175