1 0.21484375 0.2578125 0.0546875 0.1375
1 0.2640625 0.23203125 0.034375 0.0765625
1 0.32421875 0.315625 0.0671875 0.1875
1 0.38125 0.3828125 0.0625 0.146875
1 0.46015625 0.47578125 0.0703125 0.1359375
1 0.53359375 0.5296875 0.0671875 0.1375
1 0.59375 0.578125 0.05625 0.15
1 0.66875 0.60546875 0.06875 0.1359375
1 0.6578125 0.740625 0.071875 0.10625
1 0.72421875 0.7265625 0.0484375 0.128125
1 0.59375 0.7171875 0.046875 0.121875
1 0.53125 0.6359375 0.0625 0.159375
1 0.43984375 0.584375 0.0765625 0.1
1 0.34453125 0.47734375 0.0796875 0.1203125
1 0.26015625 0.37578125 0.0796875 0.1234375
1 0.215625 0.25625 0.05625 0.121875