1 0.2 0.7390625 0.0625 0.115625
1 0.25625 0.6703125 0.0625 0.171875
1 0.340625 0.5421875 0.08125 0.121875
1 0.4421875 0.43046875 0.075 0.0828125
1 0.525 0.378125 0.078125 0.11875
1 0.59609375 0.321875 0.0546875 0.084375
1 0.6671875 0.2890625 0.059375 0.134375
1 0.7265625 0.28359375 0.059375 0.1234375
1 0.71953125 0.39296875 0.0578125 0.0671875
1 0.6578125 0.3859375 0.06875 0.1375
1 0.596875 0.4203125 0.065625 0.128125
1 0.5296875 0.4828125 0.071875 0.109375
1 0.4640625 0.54765625 0.06875 0.1171875
1 0.39375 0.5953125 0.09375 0.184375
1 0.3234375 0.696875 0.071875 0.146875
1 0.2609375 0.7828125 0.046875 0.065625