0 0.6188132359375 0.663296996875 0.69567416875 0.7643478015625 0.7227400046875 0.7582996484375 0.7622329828125001 0.7117427484375 0.7679261765625001 0.6928623843749999 0.7661482375 0.670620621875 0.7535352609375 0.688531834375 0.670621759375 0.69196704375 0.6077862234375 0.6154520765625 0.6188132359375 0.663296996875
0 0.9299495234374999 0.6113783984375 0.922292559375 0.585419465625 0.9063714796875001 0.5889772015625 0.8841933890625 0.60666635 0.8545341750000001 0.5909442359375 0.8166080718750001 0.53936031875 0.7912380125 0.488932453125 0.783642990625 0.4705060328125 0.766495321875 0.45421425624999995 0.77948610625 0.546898471875 0.8352779734375 0.6073792625000001 0.8797392515625001 0.6477529359374999 0.897865734375 0.6537641843750001 0.9206446515625 0.6436430859375 0.9299495234374999 0.6113783984375
0 0.3402439984375 0.6022891859375 0.330939128125 0.6345538765625001 0.348526546875 0.76897359375 0.3729533734375 0.700628875 0.40356894375 0.6736638875 0.3804741609375 0.5807220656250001 0.3402439984375 0.6022891859375
0 0.2696521890625 0.7463517000000001 0.24031900624999997 0.7352983578125001 0.23934019218749997 0.7455788890624999 0.25747282031249996 0.8169904953125 0.2891352921875 0.8526778453125001 0.3278352890625 0.8389990109375001 0.347975196875 0.7665813484374999 0.347299959375 0.7491240796875 0.32212980625 0.7270786578124999 0.31900753437499996 0.735322715625 0.2696521890625 0.7463517000000001
0 0.10547923749999999 0.7603988562499999 0.133040625 0.814610796875 0.15496461718750001 0.8298352546875 0.1645172640625 0.8277006124999999 0.184539428125 0.8056182843749999 0.2100689546875 0.7420580578125 0.22849901250000001 0.7203315046875 0.21980129062499998 0.697120590625 0.1667103765625 0.706468878125 0.1122131890625 0.7387704734375 0.10547923749999999 0.7603988562499999
0 0.6703186828125001 0.0732337640625 0.651281475 0.1504359203125 0.629301684375 0.1930793078125 0.6417349734375 0.21797091875 0.6958666421874999 0.2058746140625 0.7023528171875 0.15411618437500002 0.7304594109375 0.14532001249999998 0.708163753125 0.084900484375 0.6850751171875 0.057359023437500004 0.6703186828125001 0.0732337640625
0 0.5264218171875 0.160728996875 0.5218932703125 0.191926365625 0.52777229375 0.1956435359375 0.560593265625 0.1782475296875 0.5951302359375 0.175560775 0.5673830171875001 0.0987513 0.5422748078125 0.0842383875 0.52225264375 0.1063207171875 0.5264218171875 0.160728996875
0 0.3825868953125 0.2557567421875 0.43451316406249996 0.23409145156250002 0.48135953281250005 0.2412312859375 0.4796435359375 0.22652203593750003 0.431075028125 0.13927259375 0.40755892656250003 0.12440390937500001 0.38269849375 0.140021046875 0.3774389078125 0.21162899375 0.3825868953125 0.2557567421875
0 0.090623990625 0.3763389296875 0.155349065625 0.3593599625 0.17770052187500002 0.3619116421875 0.1932560828125 0.37855919375 0.2108312140625 0.38217819531249997 0.10132899531249999 0.255720571875 0.080080240625 0.25795338437500004 0.0716922375 0.2724050296875 0.0715125515625 0.315207853125 0.090623990625 0.3763389296875
2 1 0.569278975 0.9595801359375 0.5292935796875 0.9496619687500001 0.5516335109375 0.9344222734375001 0.6380488765625 0.9197277828124999 0.661456128125 0.8995817296874999 0.668473434375 0.8546929875 0.6407725390625 0.8219278140625 0.6003006953125001 0.7801613453125 0.564355740625 0.7809046703125 0.65474588125 0.7705590421874999 0.689758590625 0.774907903125 0.7013640453125001 0.762908221875 0.7292000171875 0.7438648703124999 0.7410018109375 0.721823134375 0.776112690625 0.702717840625 0.7803819765625 0.6915111406250001 0.7753398796875001 0.680118609375 0.7477002484375 0.6640116968750001 0.72866045 0.648028675 0.7246856765625 0.6425771109375 0.7082957265625 0.6124448046875 0.664720090625 0.6006867546875 0.65728575 0.5902730359375 0.6193655859375 0.5801070937499999 0.6115754718749999 0.5785769296875001 0.6194637578125 0.5610017984375 0.61584475625 0.56847293125 0.619206153125 0.5637585515625 0.6278059859375 0.570988053125 0.6664376953125 0.5716013484375 0.6763624546875 0.5657842671875 0.6801777953125 0.570257015625 0.706848275 0.5610140875 0.746645475 0.563956671875 0.7812042390625 0.557160778125 0.7953001125 0.56144769375 0.79937305625 0.5573466093749999 0.8178976484374999 0.5483453109374999 0.8224245359375001 0.54840725625 0.8299570468749999 0.5553270375 0.8309262000000001 0.5453469281250001 0.8457336171875 0.4979492078125 0.8362015406250001 0.4550800375 0.79547209375 0.4425848046875 0.7630479703125 0.43725713125 0.7617230453125 0.4393386453125 0.75622700625 0.430764809375 0.748081115625 0.43284632500000003 0.7425850765625001 0.42641595 0.736475659375 0.41116396406250005 0.6920903078125 0.3889363953125 0.7046036515625 0.3874681765625 0.720024446875 0.3663433109375 0.737322284375 0.34828491562499997 0.80424390625 0.3484707484375 0.8268414421875001 0.32955128437500003 0.8537082609375 0.31210004062499996 0.8651542828125001 0.2796445875 0.8623449984375 0.2614561625 0.8488012406250001 0.265129784375 0.842949428125 0.258699409375 0.8368400109374999 0.244550125 0.79723915 0.2329098171875 0.7394694734375 0.22335716875 0.7416041140625 0.22868484375000003 0.742929040625 0.21019284374999997 0.7571230828125 0.182581803125 0.8261793468749999 0.150374125 0.8535001109374999 0.1578452578125 0.8568615078124999 0.1520281765625 0.8606768484374999 0.164771184375 0.9232310171875 0.15999486093749998 0.9242983390624999 0.1691200453125 0.9348364734375 0.1724900921875 0.9567224624999999 0.19986564843750002 0.9883368671874999 0.2161279171875 1 0.3340189703125 1 0.347752 0.9980527390624999 0.36201902812500003 0.9873182625 0.385962590625 0.989514171875 0.40819015781249995 0.9770008265625 0.5414378203125 0.9522561015625 0.57003381875 0.938319665625 0.5870576 0.9395464203125 0.5854035468750001 0.93236968125 0.596610246875 0.937411778125 0.59973251875 0.9291677171874999 0.748839315625 0.8933327453125001 0.7535536953124999 0.8847329125 0.8188920656249999 0.8776787031250001 0.8395275249999999 0.8655211328125001 0.8336485 0.8618039625 0.8357300140625 0.8563079234375 0.8458340124999999 0.8565655265625001 0.8496315234375 0.8657787375 0.8645118453125 0.8649690203124999 0.9807357250000001 0.8389975406250001 0.9844093484374999 0.833145728125 0.9811631875 0.8263247625 1 0.8172791593750001 1 0.8106763171875 0.9831827593750001 0.8132962125000001 1 0.8035723000000001 1 0.7901862625 0.9978772499999999 0.789888959375 1 0.7891689734375 1 0.569278975
2 0 0.32605767812500003 0.00519536875 0.33254259375 0.008565415625 0.3544285828125 0.01762865625 0.35743420625 0.019158820312499998 0.3495459203125 0.02828400625 0.36008405625 0.0295105953125 0.379933571875 0.0390632421875 0.3777989296875 0.04071729375 0.3849756671875 0.0728072296875 0.40799024062499994 0.08554409375000001 0.40514405 0.0649582890625 0.29403341250000004 0.0637316984375 0.274183896875 0.07303657031250001 0.241919209375 0.085773434375 0.2390730203125 0.1119224 0.250837909375 0.1484231390625 0.29299045156250003 0.146341625 0.298486490625 0.1624485359375 0.3175262890625 0.183883121875 0.3378910125 0.2062965203125 0.34797520312499997 0.201823771875 0.3213047234375 0.20708950312500002 0.3150971375 0.20225123437499998 0.308631946875 0.20285838437499998 0.2531563453125 0.19857146718750002 0.2490834 0.2165679171875 0.174629265625 0.23450856718750002 0.158042975 0.25900348125 0.162631128125 0.285214390625 0.18192853125 0.3325563109375 0.2493284578125 0.3412540328125 0.2725393703125 0.36642418593750004 0.294584790625 0.383875428125 0.2831387703125 0.3683756671875 0.2086233703125 0.3719873453125 0.195239046875 0.3654950265625 0.181597115625 0.3653091953125 0.15899958125 0.37694335625000003 0.1513689 0.3705749265625 0.1527919953125 0.36518530625 0.1439345578125 0.3724706078125 0.1246984203125 0.3851455265625 0.11431971875 0.41649828125 0.112344509375 0.4416684328125 0.1343899328125 0.4453420546875 0.1285381203125 0.46120733437499994 0.1828482296875 0.483682678125 0.20046493281250002 0.48699078125 0.214818409375 0.505482784375 0.2006243671875 0.501195865625 0.1965514234375 0.5122167328125 0.1789959828125 0.5191365171875 0.17996513593750002 0.514112415625 0.150902409375 0.4965372859375 0.147283409375 0.5095157796875001 0.10916690625 0.5195578328125 0.1018919984375 0.5205366484375 0.091611465625 0.553295675 0.06668294999999999 0.5682379421875 0.0734057453125 0.5738133921874999 0.10486071562499999 0.588879546875 0.1266485328125 0.6014367234375 0.1666051703125 0.6148488249999999 0.1812162484375 0.6370144484375 0.1611703921875 0.641604940625 0.1375055375 0.660951865625 0.097965940625 0.6586845203125 0.080864446875 0.6769906890625 0.044072867187499996 0.695668521875 0.0524763609375 0.7041184671875 0.0455572265625 0.7053450578125 0.0654067421875 0.7263521796875 0.0984442421875 0.7340710890625 0.1319356875 0.741052815625 0.14043735 0.7605855734375 0.12349528750000001 0.794013696875 0.05062368125 0.8104861250000001 0.049458190624999995 0.8313693609374999 0.0674306671875 0.849681675 0.09603945 0.8518458484375 0.0063099687500000005 0.46638861875000004 0.0034547312500000002 0 0.105017434375 0 0.32605767812500003