0 0.7897428953125 0.418853190625 0.758119284375 0.41154410781250006 0.7456335890625 0.42146107187500004 0.74695290625 0.49554025937499996 0.7569499937499999 0.5646533203125 0.7736833843750001 0.5744785796875 0.7881338328124999 0.547269340625 0.800362134375 0.46820874687499997 0.8006053078124999 0.408941321875 0.7979201 0.40401086093750005 0.7897428953125 0.418853190625
0 0.6411071374999999 0.31313358125 0.7109082843750001 0.3129145109375 0.721770696875 0.30300264375 0.730069490625 0.25852660156249996 0.730593340625 0.19678885 0.7230990796875 0.1770568171875 0.70143505 0.1820637 0.692195921875 0.191970471875 0.6411071374999999 0.31313358125
0 0.6101897562499999 0.1996361828125 0.5958001015625001 0.212028565625 0.5688031640625 0.26397162500000004 0.5490198078125 0.3381170421875 0.5730745640625 0.2917172421875 0.5923546671875 0.280684990625 0.6018927671875 0.299852515625 0.6056778546875 0.3300073671875 0.6318072156250001 0.3378572125 0.632513446875 0.23166889531249998 0.62317601875 0.1995954265625 0.6101897562499999 0.1996361828125
0 0.5132700859375 0.2814320265625 0.5036894843749999 0.30862598281250003 0.48739586562500004 0.323493784375 0.48380782812499995 0.3407911546875 0.5151507625 0.3505705625 0.538438075 0.3455585859375 0.5499226390625 0.3158892109375 0.553510675 0.298591840625 0.546016415625 0.27885980625 0.5263171390625 0.26657441249999997 0.5132700859375 0.2814320265625
0 0.536898871875 0.2591328703125 0.543831775 0.2838055515625 0.5603452796874999 0.2812842796875 0.563091278125 0.271397884375 0.536898871875 0.2591328703125
0 0.4457751671875 0.24707164062500003 0.44815640625000003 0.3260863828125 0.4643284375 0.340852290625 0.47190677968749994 0.2741535109375 0.4676215765625 0.19761419062500002 0.4617505984375 0.17787706406249998 0.4463598125 0.1705170328125 0.43162868281250005 0.20019659843749998 0.4457751671875 0.24707164062500003
0 0.3872529171875 0.3336858609375 0.39723578437499996 0.27438786875 0.3740092640625 0.2645829875 0.35567622499999996 0.20601097968749998 0.32213799062500004 0.1759495109375 0.33009655625 0.35115135625 0.376830275 0.36829079062500003 0.3872529171875 0.3336858609375
0 0.850692959375 0.26802579843749996 0.8703922359374999 0.28031119531250004 0.877006953125 0.2506571015625 0.850692959375 0.26802579843749996
0 0.22619740937500002 0.5515024281249999 0.2304076 0.5144475515625 0.209024246875 0.5169841078124999 0.2028725890625 0.499717303125 0.197160703125 0.5071435640625 0.188520440625 0.5689067890625 0.202849303125 0.5713312609375001 0.22619740937500002 0.5515024281249999
0 0.7909354734375 0.194130021875 0.732474015625 0.2659273875 0.726299071875 0.320274540625 0.757656096875 0.3171905671875 0.7824252234375 0.249921721875 0.8003944890625 0.196569778125 0.7909354734375 0.194130021875
2 0.714403175 0.582072965625 0.6974498984374999 0.559901175 0.6236209421875001 0.5527245546875 0.6162857734375 0.5601559093749999 0.6087307187500001 0.5552407328125 0.5851627265625 0.5627230328125 0.5032173578125 0.5555718875 0.383875696875 0.563354775 0.3495668796875 0.5511152328125 0.3322113375 0.5610474796875 0.32952613125 0.5561170203125 0.2780816578125 0.5661562531250001 0.2606653203125 0.590905359375 0.26182554375 0.6378211578124999 0.2680987875 0.6254542468750001 0.2755322546875 0.6600031375000001 0.28745659218749997 0.6550268234375001 0.28661455468749997 0.6624377984375001 0.3052519078125 0.6697876375 0.3412448015625 0.66720523125 0.378641090625 0.6522711953125 0.3861961453125 0.6571863734375001 0.382388221875 0.6621372125 0.43186793906250004 0.6693902515625 0.4294026203125 0.6768063234375 0.43343043124999997 0.6842020140625 0.47569656875 0.6692526953125 0.4797243765625 0.6766483875 0.5192445140624999 0.6715854640625001 0.540005715625 0.688806415625 0.5519300515625 0.6838301015625 0.5640742734375 0.6912003203125 0.6068409781249999 0.6861272078125 0.6595672609375 0.6933700578125 0.6834159328125 0.68341743125 0.6871630640624999 0.6932834484375 0.6904096296875 0.693273259375 0.6877244234375001 0.6883427984375 0.6947789125 0.68338176875 0.7199093953125 0.6907112296875 0.7297098828124999 0.67586380625 0.734018371875 0.680789171875 0.7286479578125 0.6709282484375 0.7390098046875 0.6511401734375 0.7327973546875 0.648690228125 0.73678765625 0.599288821875 0.7281706796875 0.5894380875 0.7303553203125001 0.5844923421875 0.724704228125 0.577101746875 0.714403175 0.582072965625
2 0.689230034375 0.1895103359375 0.70770829375 0.16969678906250002 0.7252837234375 0.1721110734375 0.7349626234375 0.1868973609375 0.7320950390625 0.22641746875000002 0.741493259375 0.2436740828125 0.759690840625 0.22633085937500003 0.762998196875 0.2115038140625 0.7589703875 0.204108121875 0.766024878125 0.19914709218749999 0.75556473125 0.176954925 0.755906203125 0.1596677421875 0.76380273125 0.1472957375 0.7457875296875 0.12018839218749999 0.7466295671875 0.1127774171875 0.7390137203125 0.122679096875 0.7339239859375 0.1103478484375 0.725246215625 0.115313971875 0.717971840625 0.1079284703125 0.6744238921875 0.105595703125 0.673923328125 0.095719496875 0.657910390625 0.1081169734375 0.6465474109375 0.1081526375 0.6444235640625 0.0982815265625 0.6352452265624999 0.09337144375 0.6081499906250001 0.103334259375 0.5513351015625 0.1035125734375 0.53560284375 0.11343972656250001 0.504479796875 0.11600685 0.3914113796875 0.111422828125 0.3870420984375 0.12131431875000001 0.3846375703125 0.11391353281250001 0.38054896875 0.12133469687500001 0.3832341734375 0.1262651578125 0.3736535734375 0.1534591125 0.3793046640625 0.160849709375 0.367319534375 0.18064287968749998 0.36345081874999996 0.20041057499999998 0.35779972656250003 0.193019978125 0.3421282609375 0.18813027499999999 0.352929878125 0.1930352625 0.372727453125 0.2473009015625 0.39863918125 0.2620362421875 0.41633619531250005 0.2348168140625 0.430566759375 0.1952610421875 0.4438944921875 0.1779331046875 0.45363418749999995 0.1779025359375 0.46381365468749997 0.20256502968749998 0.469244859375 0.19760909531249998 0.46771987656249997 0.239594434375 0.47565390937499996 0.28401952812500003 0.47968171875000004 0.2914152203125 0.4897020921875 0.2889143265625 0.48695609375000004 0.298800721875 0.49775771406249997 0.3037057109375 0.49423046875 0.3061862234375 0.4958537515625 0.3061811296875 0.502908240625 0.3012201015625 0.5067769546875 0.28145240625 0.530686421875 0.256682921875 0.547139134375 0.26897850624999997 0.566899203125 0.26644704531249996 0.6025739125 0.2095378640625 0.618025490625 0.202081034375 0.6357600109375 0.23165870625 0.6350770671875 0.26623306874999997 0.6393247625 0.285975290625 0.6441946093750001 0.28596000625 0.6594263046875 0.26615664843750003 0.689230034375 0.1895103359375