0 0.1830065359375 0.3821656046875 0.14215686249999998 0.339702759375 0.114379084375 0.32908704843750003 0.1094771234375 0.33545647500000003 0.114379084375 0.3821656046875 0.14215686249999998 0.384288746875 0.16176470625 0.40552017031250004 0.1813725484375 0.3906581734375 0.1830065359375 0.3821656046875
0 0.6372549015625 0.27388534999999997 0.633986928125 0.2462845015625 0.616013071875 0.2271762203125 0.5555555562500001 0.2356687890625 0.5228758171875 0.2590233546875 0.49673202656250004 0.29723991562499996 0.48856209218749996 0.32271762187499997 0.4852941171875 0.3418259015625 0.490196078125 0.35668789843750004 0.5171633984375 0.310685775 0.5876356203124999 0.2843333328125 0.6089918296875 0.27046284531250003 0.6372549015625 0.27388534999999997
0 0.2189542484375 0.35456475625 0.2107843140625 0.36518046718749997 0.2124183 0.4798301484375 0.2205882359375 0.49893842812500006 0.22875817031249998 0.4840764328125 0.23202614375000002 0.4076433125 0.223856209375 0.358811040625 0.2189542484375 0.35456475625
0 0.740196078125 0.4416135875 0.7728758171875 0.4182590234375 0.784313725 0.3864118890625 0.784313725 0.3481953296875 0.7450980390625 0.2569002125 0.7173202609375 0.25477707031249996 0.69607843125 0.26539278125 0.6732026140625 0.29723991562499996 0.668300653125 0.32271762187499997 0.678104575 0.3694267515625 0.6764705875 0.40976645468750006 0.6830065359375 0.42038216562499997 0.69607843125 0.4309978765625 0.740196078125 0.4416135875
0 0.8333333328125001 0.239915075 0.8071895421875 0.25477707031249996 0.7745098046875001 0.29299363125 0.7728758171875 0.3014862 0.777777778125 0.3014862 0.8251633984375 0.28662420312500003 0.8643790843750001 0.2845010609375 0.8643790843750001 0.2675159234375 0.8333333328125001 0.239915075
0 0.8905228765625001 0.31634819531249997 0.8823529406249999 0.3078556265625 0.8692810453125001 0.32271762187499997 0.8725490203125 0.35456475625 0.8905228765625001 0.31634819531249997
0 0.7745098046875001 0.7303609343749999 0.7450980390625 0.7367303609375 0.741830065625 0.7600849249999999 0.7516339875 0.77919320625 0.776143790625 0.7940552015625 0.794117646875 0.7855626328125 0.7892156859375 0.7409766453125 0.7745098046875001 0.7303609343749999
0 0.39379084999999997 0.2845010609375 0.3235294125 0.305732484375 0.30882352968750004 0.32271762187499997 0.3006535953125 0.36518046718749997 0.30228758125 0.40976645468750006 0.3313741828125 0.321781315625 0.3954395421875 0.3342632703125 0.421568628125 0.2951167734375 0.40849673124999997 0.2845010609375 0.39379084999999997 0.2845010609375
1 0.294117646875 0.40976645468750006 0.2728758171875 0.375796178125 0.2483660125 0.35456475625 0.2189542484375 0.3481953296875 0.2107843140625 0.3609341828125 0.215686275 0.49893842812500006 0.24019607812500002 0.5286624203125 0.26633986875 0.5371549890625 0.312091503125 0.4968152859375 0.2990196078125 0.45435244218750004 0.294117646875 0.40976645468750006
1 0.14215686249999998 0.339702759375 0.114379084375 0.32908704843750003 0.1094771234375 0.33545647500000003 0.1111111109375 0.41188959687500004 0.12745097968750002 0.46496815312499995 0.20915032656250002 0.48195329062500003 0.2026143796875 0.4012738859375 0.14215686249999998 0.339702759375
1 0.7745098046875001 0.7303609343749999 0.7450980390625 0.7367303609375 0.741830065625 0.7579617828125 0.7516339875 0.77919320625 0.777777778125 0.7940552015625 0.794117646875 0.7855626328125 0.7908496734375 0.7430997875 0.7745098046875001 0.7303609343749999