0 0.5984112671874999 0.5471774171875 0.5943253000000001 0.548664190625 0.5916676937500001 0.5441034609375001 0.5893378578124999 0.5430023296875001 0.5885592921875 0.54098751875 0.5847031140625 0.5387902453125 0.581263103125 0.5413498031249999 0.583372803125 0.5459584671875 0.585932359375 0.549398478125 0.587469246875 0.55405725625 0.5910505359375 0.5565546296874999 0.5955334125 0.5561624296875001 0.60014425625 0.554077634375 0.601767475 0.5499705328125 0.5984112671874999 0.5471774171875
0 0.5226527609375 0.477816265625 0.5205296374999999 0.47649628593750004 0.5185932453125 0.4801790671875 0.5201871109375 0.48405490156250003 0.5234371624999999 0.48678201874999993 0.5257128078125 0.4898453390625 0.528692021875 0.492345196875 0.53175534375 0.49006955156250004 0.5278453015625 0.4884039953125 0.5267495328125 0.48448458437499997 0.5249501953125 0.4811286359375 0.5226527609375 0.477816265625
0 0.49379736718749995 0.47958792031249997 0.49777221093749996 0.47683099999999995 0.500447034375 0.47298323125 0.5000286875 0.468201496875 0.49566164218750003 0.46647554218750004 0.4916345046875 0.468634746875 0.4883881109375 0.4728336671875 0.483789403125 0.4753440234375 0.47912350000000004 0.473644215625 0.4799416359375 0.4726692 0.4748348953125 0.4728148359375 0.4702212859375 0.47171274375000005 0.4654918453125 0.47272880937500006 0.46650790937500003 0.47745825000000003 0.4686671140625 0.4814853875 0.4735795828125 0.48256133125 0.4783090234375 0.48154526718749996 0.48303846406249995 0.48052920312499997 0.48901563281250005 0.48000626874999996 0.49379736718749995 0.47958792031249997
0 0.41378313125000005 0.5864683328125 0.4226000640625 0.5868513453124999 0.430416184375 0.5826792484375 0.43620664531250003 0.575145909375 0.4394534109375 0.565501234375 0.44152964843750003 0.5559589671875 0.44193756406249995 0.5471398562500001 0.44169982812499997 0.53782513125 0.44088710000000003 0.528535615625 0.438381146875 0.519971434375 0.4335089265625 0.511037078125 0.4246796203125 0.5036284109375 0.42048261875000004 0.49581446875 0.42382961406249997 0.4873154171875 0.43123828125 0.4784861125 0.44119064375 0.47176814218749996 0.44695619999999997 0.46423698281250003 0.437311525 0.46099021718750005 0.4273990828125 0.461280246875 0.4202581828125 0.46657275625 0.4133722125 0.47477913593750004 0.40449015 0.48024907343749995 0.3955056796875 0.48454848281249996 0.38395012500000003 0.48613665937499995 0.374710725 0.4875221984375 0.3647982828125 0.48781222812499997 0.35605636875 0.48799985 0.3471871421875 0.48701912187499996 0.3387631109375 0.484242759375 0.32747532343749997 0.482294140625 0.3182381015625 0.483704584375 0.309101109375 0.4862606515625 0.30470871875 0.49600555625 0.3061443734375 0.5058177703125 0.31091418593750003 0.513581596875 0.31177702812499997 0.5234439234375 0.31371016875 0.5320582203125 0.3168390484375 0.5411450984374999 0.317701890625 0.551007425 0.3203581875 0.5612900421875 0.3249626421875 0.5737611953124999 0.32634818125 0.5830005953125 0.32721102343749997 0.5928629234375 0.3286466765625 0.6026751359375 0.32930688125 0.6102213109375 0.33707070781250004 0.6054514984375 0.345569759375 0.60879849375 0.35414631406249997 0.613318196875 0.364211278125 0.6147715078125 0.37382085468750004 0.6110197 0.3825002796875 0.6032336109374999 0.388290740625 0.595700271875 0.3959543390625 0.5897848359375 0.404493615625 0.5872810609375 0.41378313125000005 0.5864683328125
0 0.7140479875 0.4820260921875 0.7071384000000001 0.4865204046875 0.703802321875 0.4931363390625 0.6994784593750001 0.49936187812500005 0.6966931453125 0.501086196875 0.691896090625 0.507353134375 0.6860178640625 0.5127359390625 0.69321469375 0.5169748234375 0.699177896875 0.512563309375 0.7044730484375 0.50625279375 0.708280140625 0.49957055625 0.7120645062500001 0.4929154015625 0.717444634375 0.48757617499999995 0.7212517265625 0.4808939375 0.7140479875 0.4820260921875
0 0.15275903125 0.5468171984375 0.156364028125 0.544996071875 0.15626445312499998 0.5409895046875 0.15618666718750002 0.5372319859375 0.153294609375 0.5357283234375 0.1510873796875 0.5391838453125 0.15241040781249998 0.54283241875 0.15275903125 0.5468171984375
0 0.6237715125000001 0.4128058015625 0.620443021875 0.409182109375 0.6156874328125 0.409899315625 0.611660296875 0.41205852031249995 0.6101921515625001 0.4124881125 0.60621730625 0.4152450328125 0.6019436046875 0.4180281015625 0.5986710640624999 0.4219281625 0.598166690625 0.42648947968749995 0.6024926859375 0.424304128125 0.6070390999999999 0.4211960546875 0.610987796875 0.418140275 0.6153660859375 0.41655264062499997 0.6204466796875 0.416108146875 0.6237715125000001 0.4128058015625
0 0.5002539703125 0.50519764375 0.496604571875 0.496758596875 0.487480415625 0.49286399843749995 0.47634732968750004 0.492683625 0.47653495156250003 0.5014255375000001 0.4773476796875 0.510715053125 0.48102416249999996 0.5191768265625 0.4824097015625 0.528416228125 0.4745935796875 0.5325883234375001 0.4840630078125 0.5341188328124999 0.4925247796875 0.5304423500000001 0.49956327343750007 0.5239793125000001 0.5010666984375 0.514487159375 0.5002539703125 0.50519764375
0 0.2691453703125 0.5662473984374999 0.2692667328125 0.5705030140625 0.273587715625 0.571128796875 0.2774417609375 0.5692858828125 0.27939994375 0.5658521484375 0.2826687359375 0.5630566171875 0.27861858906250003 0.56265809375 0.27538095625 0.56294135 0.2718724859375 0.562997346875 0.2691453703125 0.5662473984374999
0 0.6304321640625 0.5090163984375 0.628331021875 0.51856084375 0.62914375 0.527850359375 0.628238040625 0.53729021875 0.6318874390625 0.545729265625 0.6383531203125 0.5393163421875 0.6404816515625 0.5303717906250001 0.6482703828124999 0.5255998 0.64922620625 0.5167327515625 0.6478929609375 0.50809106875 0.646507421875 0.49885166718749996 0.6444217578125 0.48849403125 0.6441566328125 0.478579409375 0.64680568125 0.46898702812500004 0.647786409375 0.4601178015625 0.6390444953125 0.46030542343749997 0.6332039203125001 0.46726595 0.6299048609375 0.476312909375 0.6204127078125 0.47480948281249996 0.61034774375 0.473356171875 0.6027492750000001 0.47341866093749996 0.6007904609375 0.4777056953125 0.5992347421875001 0.48660013125 0.5941422281250001 0.4952268 0.59214349375 0.5059417749999999 0.59407445625 0.514531165625 0.602918778125 0.5155140734375 0.6113326156250001 0.511289684375 0.612836040625 0.50179753125 0.6199747624999999 0.496480115625 0.630142134375 0.49910395625000004 0.6304321640625 0.5090163984375
1 0.480281090625 0.57206785625 0.489439659375 0.5611531000000001 0.49782554218749997 0.5511591921875 0.507130096875 0.5419130625 0.5172586890625 0.532619934375 0.5274591859375 0.5241486671875 0.5349491265624999 0.513379896875 0.5353736046875001 0.4990132328125 0.5325349125 0.48578530468750003 0.5216223359375001 0.4766516421875 0.5092590218749999 0.47015445156249996 0.493850428125 0.4672864859375 0.480256446875 0.46594115937499997 0.4668106296875 0.46628936562499995 0.454135315625 0.46569181718749997 0.4413653734375 0.46429949375 0.42794228125 0.4646206140625 0.41493442187499996 0.46997469843750006 0.4018524796875 0.47448201562500003 0.38855264843750004 0.4764988484375 0.3760724984375 0.4784188703125 0.36376541875 0.48203024531249994 0.3504655875 0.48404707656249996 0.33672562031250003 0.481033125 0.3232776234375 0.481356425 0.3108964609375 0.48412103437500004 0.30248567187500003 0.494117121875 0.3070178953125 0.507196884375 0.3122751703125 0.5193850624999999 0.3125492921875 0.5319841140625 0.3142313984375 0.5512106718750001 0.315475546875 0.5654313515625 0.3166456125 0.578805265625 0.3194843046875 0.5920331937500001 0.323917540625 0.6042683703125 0.3316410296875 0.6153875359375001 0.357232271875 0.6190460328125 0.3674327671875 0.610574765625 0.3792278078125 0.601110746875 0.39511711250000003 0.5997206125 0.4097508453125 0.603484521875 0.4224510625 0.604079890625 0.4362807828125 0.598653903125 0.44846678281249996 0.5933717234375 0.46169471093750003 0.59053303125 0.47189520625 0.5820617640625 0.480281090625 0.57206785625
1 0.6549839953125 0.4801416875 0.6513953453125 0.4678075234375 0.646962109375 0.45557234687500003 0.640907246875 0.444307196875 0.6332086625 0.4331858515625 0.6262600359375 0.42117074375 0.6217527171875 0.4080888015625 0.60912658125 0.40834019843749997 0.59885418125 0.41598960468749996 0.58954745 0.4252108296875 0.5802428953125001 0.434456959375 0.5692205390625 0.44300013125 0.5661325046875 0.4558933328125 0.56889929375 0.4682994 0.5708420421875 0.4807524671875 0.572086190625 0.4949731453125 0.576593509375 0.5080550875000001 0.578585434375 0.5213570984375 0.5814241265625 0.5345850265625 0.5783609968750001 0.54747605 0.5777883546875 0.5601491843749999 0.585561021875 0.5721172937500001 0.5956268328125 0.5813250390625 0.6075835171875 0.59292709375 0.620665459375 0.5884197765625 0.6318587078125 0.581543053125 0.641765053125 0.569709628125 0.6483612296875 0.5581908999999999 0.6540116546875 0.5459016703125 0.6570996890624999 0.5330084671875001 0.6593409578125 0.520189346875 0.6590176578125 0.5067413515625 0.6561540609375001 0.4935156015625 0.6549839953125 0.4801416875