4 0.35390625 0.484375 0.0390625 0.1875
4 0.234375 0.51953125 0.059375 0.1046875
2 0.33515625 0.69765625 0.0546875 0.1953125
2 0.37890625 0.68828125 0.0328125 0.1796875
2 0.390625 0.48359375 0.034375 0.1796875
2 0.70625 0.4984375 0.04375 0.171875
2 0.66953125 0.5125 0.0328125 0.125
2 0.634375 0.49609375 0.034375 0.1359375
4 0.73515625 0.66484375 0.1015625 0.1484375
2 0.66484375 0.67578125 0.0390625 0.1359375
2 0.63125 0.6703125 0.03125 0.140625
2 0.59765625 0.6796875 0.0296875 0.184375
2 0.41015625 0.6890625 0.0328125 0.184375
2 0.515625 0.490625 0.034375 0.096875
2 0.565625 0.6640625 0.03125 0.16875