2 0.30625 0.38984375 0.078125 0.1484375
2 0.63359375 0.55859375 0.0515625 0.1828125
2 0.559375 0.5640625 0.034375 0.21875
2 0.4265625 0.578125 0.03125 0.23125
2 0.3984375 0.52265625 0.025 0.1015625
2 0.3734375 0.53125 0.021875 0.10625
2 0.35546875 0.3453125 0.0671875 0.1875
2 0.4015625 0.340625 0.03125 0.1875
2 0.67578125 0.359375 0.0859375 0.16875
4 0.596875 0.328125 0.0375 0.184375
4 0.3359375 0.57421875 0.05625 0.1828125
2 0.5828125 0.53203125 0.01875 0.1171875
2 0.5984375 0.52265625 0.01875 0.1015625