2 0.284375 0.375 0.06875 0.15625
2 0.3328125 0.3671875 0.0375 0.140625
2 0.3671875 0.3734375 0.040625 0.1375
2 0.4 0.365625 0.034375 0.15625
2 0.75703125 0.353125 0.0703125 0.1375
2 0.70390625 0.36640625 0.0390625 0.0703125
2 0.66875 0.3578125 0.0375 0.065625
2 0.75546875 0.5078125 0.0546875 0.1375
2 0.46953125 0.540625 0.0421875 0.16875
4 0.6953125 0.50078125 0.05625 0.1484375
4 0.653125 0.5171875 0.040625 0.153125
4 0.6140625 0.5296875 0.04375 0.140625
4 0.36875 0.5484375 0.0375 0.171875
4 0.3375 0.53984375 0.028125 0.1484375
4 0.6296875 0.321875 0.040625 0.153125