4 0.66015625 0.31875 0.0703125 0.171875
2 0.30859375 0.3828125 0.0921875 0.15625
4 0.38984375 0.58203125 0.0296875 0.1984375
4 0.61875 0.5453125 0.0375 0.184375
4 0.59375 0.53515625 0.028125 0.1609375
4 0.70546875 0.540625 0.0640625 0.184375
4 0.4109375 0.334375 0.034375 0.171875
2 0.37421875 0.3734375 0.0453125 0.075
2 0.65390625 0.51171875 0.0453125 0.0859375
2 0.41796875 0.55625 0.0296875 0.1375
2 0.61328125 0.321875 0.0296875 0.175
2 0.5875 0.30859375 0.025 0.1671875
2 0.44609375 0.5671875 0.0234375 0.171875
2 0.56875 0.525 0.028125 0.175