3 0.6224971484374999 0.39849082812500003 0.6213084703125 0.40856477812499997 0.622829628125 0.418822728125 0.6226362375 0.434360853125 0.6254541546875 0.44837324531249995 0.6276347046875 0.45933509375000003 0.6437553765625 0.4701106234375 0.6542712171875 0.47490300625000004 0.659791378125 0.47470109687499995 0.6617633515625 0.4724044703125 0.6717835765625 0.4489031671875 0.6746255437500001 0.43500731875 0.681686734375 0.387185196875 0.6840923125 0.369098984375 0.6873300421875 0.3485151625 0.684466690625 0.3292060796875 0.681493225 0.321630203125 0.6689159296875 0.31853104062500004 0.6619654859375 0.3190683828125 0.65600551875 0.33065155 0.6480956015625 0.342184703125 0.6399674906249999 0.3516226734375 0.63042630625 0.36463108437499997 0.621901040625 0.37076705468750004 0.6214109890625 0.38243326718750004 0.6224971484374999 0.39849082812500003
3 0.3416938421875 0.4380037484375 0.35305765624999996 0.4335435515625 0.3648406453125 0.43003871406250005 0.37200789375 0.42160657968750004 0.38166678125 0.41126326406249997 0.38764395937499996 0.40291510312499995 0.3880617421875 0.39388048750000004 0.3891375265625 0.375559796875 0.39390603281250003 0.35407062968749997 0.3839194765625 0.3385003984375 0.3721667375 0.31850532343750004 0.36360565624999996 0.30818130625 0.353709971875 0.30320445937499996 0.34731982031249997 0.3150055875 0.33964669999999997 0.3418589046875 0.336633365625 0.3689462375 0.335017284375 0.399218096875 0.33480807343749996 0.421511190625 0.3361172375 0.4340822859375 0.3416938421875 0.4380037484375
3 0.5280184609374999 0.40886271875 0.5290357734375 0.41198025312500003 0.5384730484375 0.41511337812500004 0.5502009812499999 0.41747514375000006 0.5690865421875 0.42256807343749997 0.586441328125 0.42856634375 0.6019074171875001 0.4330563265625 0.610366615625 0.43396028124999997 0.6142100734375 0.42993693750000006 0.6194824234375 0.4155881859375 0.6232508296875 0.3942164890625 0.6234400453125 0.34870843906250004 0.623537753125 0.328158578125 0.624451790625 0.3118660765625 0.6217295546875 0.30286542031249997 0.5901503859375 0.301998209375 0.567493634375 0.29829702812500003 0.5595541015625 0.297778521875 0.5566494875 0.303142671875 0.549025221875 0.3197210578125 0.545713834375 0.33294650312499996 0.53763255 0.3576711390625 0.53256738125 0.3752883953125 0.5289386984375 0.39697854375 0.5280184609374999 0.40886271875
3 0.5175118421875 0.59064485 0.5276195203125 0.593308553125 0.546465846875 0.597513115625 0.5603839484375001 0.5996734375 0.564892996875 0.60076231875 0.5657864046875 0.596806434375 0.5683158890625 0.5857936421875001 0.5728173453125 0.5724842234375 0.576536896875 0.5613874578125 0.581619278125 0.547005209375 0.5880644859374999 0.5293374765625 0.5894603468749999 0.52253203125 0.587464959375 0.517185325 0.583419128125 0.5123585187499999 0.5777200109375 0.5113536109375 0.5761720218749999 0.5090239484375 0.5704618921875 0.5091923609375 0.5623433999999999 0.5074670375 0.550962375 0.5086922265625 0.54357073125 0.5106208515625 0.537849590625 0.511962584375 0.53487751875 0.5143766828125 0.534800440625 0.522589928125 0.5258367609375 0.5500971328125 0.5176721984375 0.5786266875 0.5135727046875 0.5896564578125 0.5175118421875 0.59064485
3 0.6105079703125 0.6064549453125 0.615927640625 0.6068229484375001 0.6219172203125 0.6072914421875 0.635756853125 0.6076750343749999 0.64738910625 0.6050250640625 0.658540928125 0.6028780125 0.6675480140625 0.6062290984375001 0.6700961015625 0.6084412890625 0.6708497828125 0.60416695 0.672407390625 0.595333315625 0.672796953125 0.5842370140625001 0.671812675 0.5775995171874999 0.6690291828125 0.5700571375 0.66364735625 0.5605875265625 0.6540689640624999 0.5471459750000001 0.6469051359375 0.5400064859375 0.64123905 0.535481615625 0.6377693343749999 0.5351636265625 0.6329195765625 0.5348961140624999 0.6242828109375 0.54277531875 0.6230156640625 0.5510725390625 0.6165656453125 0.5743219171875 0.611238240625 0.5945372734375 0.6094906609375 0.6033374109375 0.6105079703125 0.6064549453125
3 0.338357134375 0.550240575 0.3501181015625 0.5490823796875001 0.355989978125 0.5468857781249999 0.3600406171875 0.5461309375 0.3637381484375 0.5373808140625 0.36626763125 0.526368021875 0.3673227859375 0.5203839484375 0.36637774218749997 0.5146348140625 0.3621701640625 0.511836196875 0.3555714390625 0.5103788484375 0.346760521875 0.511469584375 0.34300034375 0.5116880109374999 0.33667005781250003 0.5120408890625 0.3312455796875 0.517254534375 0.323285415625 0.5290726421875 0.31821885625 0.5366999234375001 0.314281109375 0.5457015046875 0.31223686875 0.55062973125 0.3197462125 0.5513662 0.338357134375 0.550240575
3 0.3872295921875 0.39637809687500003 0.38760130625 0.4175983625 0.391428940625 0.4203299859375 0.40178164531249994 0.4171605828125 0.41125676406249995 0.41119209687499997 0.42055773125 0.3984351453125 0.43245083125 0.38319709999999996 0.44497028906249997 0.37218291875 0.4538080375 0.363163890625 0.4619471609375 0.35255259843750003 0.47247123125 0.3361917125 0.47402263749999995 0.32294975 0.46882458125 0.3091053078125 0.4623421671875 0.30032307812500003 0.448596825 0.29496124687499997 0.42529789375 0.2937911734375 0.41830821562500003 0.2934401515625 0.4123248359375 0.297379984375 0.4069960390625 0.307605365625 0.400651321875 0.3247031875 0.3963460359375 0.34245442812500004 0.3921192203125 0.3619824015625 0.3889145234375 0.3790462609375 0.3872295921875 0.39637809687500003
3 0.41819846250000003 0.5484527140625 0.4161824453125 0.555442625 0.41522778125000004 0.5608567890625 0.42707342031250006 0.56588365 0.44493065937500004 0.5690323625 0.45242899375 0.5709421515625 0.4605192609375 0.5706057906249999 0.46712760781249996 0.5608998453125 0.471459725 0.5352203125 0.4737992390625 0.524174025 0.47785810624999997 0.5022659140625 0.4791975203125 0.491337096875 0.481700171875 0.4882525953125 0.4855105953125 0.4877492140625 0.49015316875000003 0.4847482203125 0.4896885578125 0.478496171875 0.4822122453125 0.474239740625 0.4700259015625 0.47003424843749997 0.46318695937500004 0.46882835937499995 0.45651596406249995 0.47000260781250003 0.44912432343750003 0.47193123281249993 0.44210161093749994 0.47510017343750005 0.4356267890625 0.48071624531249996 0.43053200468749997 0.48628184062499996 0.426979009375 0.48976877031250005 0.42602434687499996 0.49518293281250003 0.42479643593749994 0.5043685171875001 0.42327325 0.5196721640625 0.4205992328125 0.5359481484375 0.41819846250000003 0.5484527140625
3 0.680310471875 0.61494340625 0.6891778359375 0.617976040625 0.6986261218750001 0.6199358453125 0.7047664375 0.6195494703125 0.7036362328125 0.60818519375 0.7015954125 0.5975417953125 0.69862675625 0.5843842718750001 0.696262440625 0.5777972515625 0.6936861296875 0.5735233765625 0.6876965484374999 0.5730548828125 0.6841483625 0.5709601640625 0.6803991953125 0.5700052703125 0.676527515625 0.5719669281249999 0.671812675 0.5775995171874999 0.67260698125 0.5842035171875 0.672558128125 0.594478446875 0.6700568671875 0.607552925 0.6725547093750001 0.6100500703125 0.680310471875 0.61494340625
3 0.6756958828124999 0.457819846875 0.6787760375 0.4692341390625 0.6824653406250001 0.481637284375 0.6896966265625 0.4917268234375 0.6996990046875 0.5005420843749999 0.7074361625 0.49221044062499997 0.7142296703125 0.488119640625 0.723651759375 0.462456159375 0.73282123125 0.4282274859375 0.7378850078125 0.40062025625000003 0.741039459375 0.3838413515625 0.740769628125 0.3720411515625 0.7381134578124999 0.356000571875 0.733157009375 0.35189464375 0.7264467796875 0.352180528125 0.7099331296875 0.36807292187499996 0.7015475890625 0.3745273453125 0.6936486828125 0.384887178125 0.6812455374999999 0.38857647968750003 0.6771708484375 0.417239559375 0.6748547484375 0.43592917968749995 0.6713141546875 0.4482327625 0.6756958828124999 0.457819846875
3 0.47137024531250005 0.534616903125 0.46688739218749997 0.5611513031250001 0.46418514999999994 0.5753656031250001 0.47509194531250004 0.5790516609374999 0.5016548000000001 0.5872611953125 0.514092371875 0.5900419046875001 0.5148852875000001 0.5866559312499999 0.526618665625 0.5478844781250001 0.5309019296875 0.5324798765625001 0.534811453125 0.521416609375 0.535196203125 0.515901953125 0.535240246875 0.5112086703125 0.5333233296875 0.5076386953124999 0.5277969687499999 0.503432278125 0.5223600875 0.49982926875 0.5150909578125 0.498841340625 0.5083414953125 0.49823885937499995 0.5036755078125 0.49359651875 0.49759024687500003 0.48811628906250004 0.49329319062500004 0.48471426093750003 0.49010292343749995 0.485033178125 0.48581206874999994 0.48603947812500004 0.48145995468749997 0.48850405468749997 0.4788678234375 0.49098514687500006 0.47595979218749995 0.51192091875 0.47137024531250005 0.534616903125
1 0.41031172031249996 0.4054429625 0.413524009375 0.4027774046875 0.4191040328125 0.39112724375 0.426092321875 0.38148829375000004 0.4368517984375 0.3704575921875 0.445444521875 0.367271671875 0.44762228593750003 0.3582535734375 0.44541351406249996 0.3452300390625 0.44279797031249996 0.3400677984375 0.43212037968750006 0.33730360312499996 0.4273098578125 0.33792445781249997 0.4237066171875 0.3416963421875 0.41972963593749996 0.349809559375 0.4185299484375 0.36105682968749997 0.4176489421875 0.3738293703125 0.41661720312500006 0.387456778125 0.41249568593749997 0.40083319062499995 0.41031172031249996 0.4054429625
1 0.6286622703125 0.41573776249999994 0.632628240625 0.408797865625 0.6369018828125 0.404556559375 0.6439638296875 0.40227598281250004 0.6476565515625 0.39910750781250004 0.6488906640625001 0.39433025 0.647945621875 0.3885811171875 0.6428384359375 0.385330059375 0.63614541875 0.3888509484375 0.6326646921875 0.3897062796875 0.6283958593750001 0.38836593750000004 0.626273146875 0.391517434375 0.623429790625 0.39542330625 0.623078071875 0.39741799843750003 0.6212079796875 0.4091346890625 0.6225894109375 0.41907418593749995 0.6249082921875 0.42036451562500005 0.6286622703125 0.41573776249999994
3 0.5813288171875 0.547541625 0.5740012140624999 0.5679919234375 0.5685781265625 0.5831955421874999 0.5656074453125 0.5955996156250001 0.5706423625 0.6014822718749999 0.5858400125000001 0.604162028125 0.603758509375 0.6058524640625 0.60780915 0.6050976234375 0.6132260359374999 0.5854856765625 0.6204469453125 0.5611969640625001 0.62322765625 0.5487593937499999 0.6256958828125 0.5392048796875 0.6253599859375 0.5344446015625001 0.62202379375 0.5300367375 0.619794390625 0.52934981875 0.617335784375 0.5277410375 0.6134296796875 0.523232684375 0.607132425 0.5200656 0.6055844375 0.5177359375 0.6035339953125 0.5182558359375 0.5933870812500001 0.51470376875 0.5844694734375 0.511956090625 0.5835588546875 0.512676971875 0.5879343796875001 0.517855728125 0.589600071875 0.5228504828125 0.5875840546875 0.5298403953124999 0.5813288171875 0.547541625
3 0.36962863125 0.54840919375 0.382876328125 0.5510389359375 0.39933150624999997 0.5565847671874999 0.4075677015625 0.5609751875 0.41431716406249997 0.5615776671875 0.419817328125 0.538160803125 0.42293735468750004 0.5149118875 0.425410390625 0.499775725 0.424974003125 0.49558536093749994 0.42139759374999997 0.4914289546875 0.41832984062499995 0.48883131874999997 0.41191007500000004 0.4885807875 0.4058089921875 0.48985552656250003 0.3996576640625 0.491415221875 0.3933838234375 0.49589146875 0.38623859843749997 0.5019769640625 0.3804011453125 0.5106435765625 0.3754963328125 0.51624266875 0.370652778125 0.5203834828125 0.365485728125 0.5285806765625 0.3623360875 0.53977793125 0.35920846875 0.5486285468750001 0.36962863125 0.54840919375