3 0.148896834375 0.3441485359375 0.1554985734375 0.3640373046875 0.16006970781250002 0.3762631078125 0.1622675203125 0.3774205734375 0.17160351406250002 0.3716561609375 0.1837796453125 0.364737740625 0.19493745468749998 0.3507305515625 0.20427119375 0.335064340625 0.1919112546875 0.3156555109375 0.1823581765625 0.28909780625 0.18285376250000002 0.26306673125 0.18289840625 0.25889994375000003 0.176750590625 0.2502394953125 0.1673283765625 0.2377594546875 0.161326575 0.2296278 0.1573727828125 0.22551203281249999 0.150921571875 0.22595565 0.148940121875 0.2339294921875 0.148531565625 0.2417251953125 0.14479639375 0.25664253124999997 0.143068375 0.2763553265625 0.1459273640625 0.317935865625 0.148896834375 0.3441485359375
3 0.115372721875 0.38382231875 0.1199726265625 0.3822393953125 0.1241382703125 0.37568287499999997 0.11803284218750001 0.3529538421875 0.11714845 0.33336470625 0.11603182031249999 0.29500232656250003 0.10792374687499999 0.2872814265625 0.096194771875 0.2757227765625 0.0842577296875 0.271449196875 0.08613320937499999 0.298646815625 0.0899167234375 0.335846109375 0.0954970734375 0.375224134375 0.103809421875 0.3790471828125 0.11157477812500001 0.3833627046875 0.115372721875 0.38382231875
3 0.134514503125 0.3931637515625 0.1406328265625 0.39244211562500003 0.14855177343749998 0.390511996875 0.155061246875 0.385641734375 0.15882970000000002 0.3767192625 0.15793394375 0.36729178125 0.1535905359375 0.3540356296875 0.14655075 0.33256048125 0.146542453125 0.3161441078125 0.14460871250000001 0.2933731328125 0.143985325 0.27874851562499997 0.13854413906250002 0.269864528125 0.13167228749999998 0.2650746921875 0.1255032765625 0.2634485359375 0.1197549078125 0.2670558328125 0.1172461234375 0.2817768703125 0.1155355109375 0.2978425921875 0.1192925109375 0.3587524078125 0.1277515984375 0.3862950609375 0.130652253125 0.39061620625 0.134514503125 0.3931637515625
3 0.37208296406249997 0.2755895171875 0.37308992343749997 0.2928399421875 0.374059815625 0.30748271875 0.3872255 0.321461796875 0.407260784375 0.3303289171875 0.43648604375 0.33290282968749996 0.46332662031250005 0.3345700546875 0.47809018124999997 0.337949484375 0.4900310109375 0.3388358484375 0.495143909375 0.307574775 0.49868165781249996 0.266590046875 0.494999515625 0.23408633281250002 0.490097025 0.2082934984375 0.4733800625 0.1758883703125 0.46235392812500004 0.167493403125 0.44634431562500004 0.1580555484375 0.43112530156249995 0.1567368125 0.42095406874999997 0.1585488953125 0.41140396562500003 0.1650837984375 0.40541425000000003 0.1699813 0.39843191718750004 0.18055933125 0.388434659375 0.20557130468749998 0.3816649015625 0.228667859375 0.3754693765625 0.2507522265625 0.37208296406249997 0.2755895171875
3 0.654781415625 0.49026267343749996 0.6670067015625001 0.49898105781249996 0.6746396578125 0.5025079296875 0.681933684375 0.49924220625000004 0.6879173562500001 0.48783012656249997 0.6948058953125 0.465782078125 0.6994792125 0.44622363906249995 0.7063813671875 0.42391573437499996 0.7117923390625001 0.400226828125 0.7127456359375001 0.38203685468750004 0.7096089546875 0.3623296828125 0.7040119234375 0.3497895421875 0.7010628359375 0.3530224015625 0.6988945156249999 0.3612470203125 0.6871738359374999 0.366104746875 0.675055965625 0.36859652187499997 0.6681394703125 0.36797347187499996 0.6496634625000001 0.35918807343750003 0.642472340625 0.35386036249999997 0.6368503265625 0.35174173125 0.6330841281249999 0.3705659984375 0.6315588546875001 0.39966995625 0.6343883515625001 0.4318684109375 0.6383701015625001 0.4586552765625 0.6437257890625 0.4724856203125 0.654781415625 0.49026267343749996
3 0.352058778125 0.43557265 0.3662201484375 0.4172931703125 0.375534225 0.395372240625 0.384182528125 0.3728952765625 0.39124278437500004 0.36414532187500004 0.39467609531250003 0.3450430390625 0.3947631265625 0.3268076671875 0.3874668453125 0.32017159375 0.3748579875 0.3088274015625 0.3656097484375 0.3195472515625 0.3550609828125 0.32524810625 0.33020032499999996 0.328896053125 0.31815054531250003 0.33008854374999996 0.3165156015625 0.338080546875 0.32868866875 0.3577401546875 0.3287075203125 0.4004747 0.3340261390625 0.4116973984375 0.342825690625 0.43274362968749996 0.352058778125 0.43557265
3 0.734977021875 0.524691721875 0.7444400921875001 0.536392190625 0.7512922828125 0.53492730625 0.754167234375 0.5264791484375 0.7615074374999999 0.505757625 0.7686040390625 0.47642450781249995 0.7716923765625 0.44401504999999997 0.7707845343749999 0.4215584109375 0.7663806109375 0.4028271078125 0.760756340625 0.39080668125 0.757750525 0.385177171875 0.7495879796875 0.3784957 0.7439561343750001 0.3732497078125 0.7360992375000001 0.367365965625 0.7279215390625 0.3742333640625 0.721931825 0.379130865625 0.7133296984374999 0.384152028125 0.7113815296875 0.398120734375 0.7100075921875 0.41107725312500004 0.7052291140625 0.429327328125 0.6994655937500001 0.446483496875 0.70929861875 0.4610696296875 0.7200546359375 0.4845635296875 0.727956896875 0.5094712953125 0.734977021875 0.524691721875
3 0.5651817234375 0.46289732031249997 0.5767351921875 0.46454509374999997 0.588395353125 0.45421221718749993 0.6078882375 0.42370476718749994 0.61736195 0.4020527734375 0.628870053125 0.384676525 0.6368503265625 0.35174173125 0.6278896078125 0.3437155765625 0.6194448609375 0.339103878125 0.61526713125 0.332631240625 0.6125752640625 0.3442158390625 0.6089974687499999 0.34950031406250004 0.5842866140625 0.3502898375 0.5543138671875 0.34871903125000003 0.5517385234375001 0.3514503390625 0.5478263109375 0.3697458125 0.54666269375 0.3853190578125 0.5499416015625 0.40894224218749997 0.5552488578125 0.4303265921875 0.559571071875 0.4506170359375 0.5651817234375 0.46289732031249997
3 0.182488775 0.4821873734375 0.18710834062499998 0.4868591734375 0.1983478609375 0.47129284218749995 0.21504750625 0.44767440937499997 0.2307719390625 0.42608942968749997 0.24183063124999998 0.41728845468750003 0.2472007484375 0.3943791171875 0.2526798125 0.3693909265625 0.2466197515625 0.3656859171875 0.23685481875 0.3498005 0.2329555 0.34464530625 0.22374586093749999 0.344683790625 0.2102185203125 0.3442354234375 0.20425757500000002 0.335324196875 0.19637795156249999 0.3497637609375 0.1871433296875 0.36022375625 0.18218934375 0.368562953125 0.179034446875 0.38898268125 0.1769463046875 0.40893717343749997 0.17606110156250002 0.4258278609375 0.176511234375 0.4404433984375 0.17805157031250002 0.45746120625 0.182488775 0.4821873734375
3 0.18178773125 0.286722775 0.1906205609375 0.31376387499999997 0.20730424531249997 0.340174134375 0.21096600468750001 0.343232315625 0.2212423984375 0.3427285953125 0.2331968453125 0.3433551015625 0.246982940625 0.338866190625 0.26232226718749996 0.32794442031250004 0.2843851765625 0.3113818953125 0.2822494140625 0.30241056875 0.27503258750000004 0.284313559375 0.280516971875 0.24264913593749998 0.2811630859375 0.23695044687500003 0.27665246875 0.23019979375 0.27029811875 0.2155354 0.2625630671875 0.1841221359375 0.250016259375 0.16496408125 0.240909525 0.15640913437499998 0.2291184984375 0.152664346875 0.2194632375 0.1578908859375 0.2127358671875 0.1669188578125 0.20667048437500002 0.179890078125 0.20016930781250003 0.201176715625 0.1952039578125 0.21967756718749998 0.188648309375 0.24200363125000002 0.1822016078125 0.2622508421875 0.18178773125 0.286722775
3 0.49692865625 0.29672434999999997 0.49094191875000004 0.334714459375 0.493669321875 0.3390265234375 0.50943154375 0.34324000312499997 0.535269671875 0.34746039687499997 0.56349626875 0.3492002609375 0.5905918109375 0.349317425 0.6085185656250001 0.34869350468750004 0.612402009375 0.344206759375 0.6156446625 0.32874247031250003 0.6177502109375 0.305140903125 0.6172388390625 0.2618594046875 0.6121547984375 0.2196411140625 0.6048948625 0.192421878125 0.5918963875000001 0.1719373015625 0.584121203125 0.16449441874999998 0.5699454921875 0.1598429421875 0.5604264156250001 0.1624709140625 0.5518242890625 0.1674920765625 0.53733760625 0.178719103125 0.519098346875 0.208510540625 0.50886731875 0.2280382828125 0.5026385140625 0.244127784375 0.49779194374999997 0.2636771421875 0.49692865625 0.29672434999999997
3 0.777774990625 0.5467380234375 0.7824921406249999 0.559492621875 0.7839833234375 0.5608736249999999 0.7883804828125001 0.549899540625 0.7923706203124999 0.53343214375 0.793639396875 0.5191672609375 0.795020909375 0.49943630624999996 0.7934041828125 0.467301409375 0.787407703125 0.442493521875 0.7856010390625 0.437187428125 0.7812598859375 0.433833071875 0.7723029546875 0.4224197 0.7697820859375 0.42411158125000004 0.7715698109375 0.4463537609375 0.7689407140625 0.47331530468749994 0.7643725578125 0.4941821078125 0.761198 0.5083471125 0.770215446875 0.5252356375 0.777774990625 0.5467380234375
3 0.7237810546875 0.25102710625 0.7168494078125 0.26395292656249997 0.7090477078124999 0.2802205671875 0.7081882078125 0.3098805578125 0.7067015359375 0.32830314843749997 0.703135828125 0.34661678125 0.708512709375 0.3534128328125 0.7138389046875 0.3578610953125 0.717786653125 0.355462284375 0.7233035078125 0.3562725515625 0.73258728125 0.3614493609375 0.740121121875 0.3701824484375 0.7497476140625 0.3787646359375 0.75523344375 0.383481834375 0.76671503125 0.389816109375 0.770397984375 0.38583999687500004 0.7808726140625 0.37492385 0.79417755 0.35972633125 0.79996073125 0.34882488437500003 0.8087981609374999 0.335998940625 0.8110149124999999 0.3202203171875 0.8088943000000001 0.29770011875 0.8075408359375 0.280431534375 0.8030317515625001 0.26039186718749996 0.7987738421875 0.24218935625000002 0.7955380453124999 0.22768839999999999 0.7916228546874999 0.2128912671875 0.788118475 0.20020022656249997 0.7825993640625 0.1894881640625 0.7764303531250001 0.18786200625 0.765274078125 0.188580184375 0.7571508546875 0.1944081546875 0.74646211875 0.2060947953125 0.737482459375 0.215004728125 0.7306249484375 0.23314584531250002 0.7237810546875 0.25102710625
3 0.120635246875 0.469044090625 0.13187097812499998 0.45686497656249997 0.14079011875 0.44247989218750006 0.1407507953125 0.4299704484375 0.14852453593749998 0.391031709375 0.1352075140625 0.3932000703125 0.130027334375 0.3892806015625 0.1277515984375 0.3862950609375 0.12420636249999999 0.37438359062500004 0.120998525 0.3825537296875 0.11229502656250001 0.3828793109375 0.10781768750000001 0.3821235234375 0.10670628906249999 0.3867555453125 0.10037079062500001 0.4148256984375 0.0939944375 0.443675421875 0.09290495625 0.4644639609375 0.0975441828125 0.4753904828125 0.1083539546875 0.474654146875 0.120635246875 0.469044090625
3 0.6175179749999999 0.286367659375 0.616880159375 0.30848272187500003 0.615080259375 0.33288201875 0.6178583484375 0.33954187343750003 0.6266496015625 0.34417173125 0.637679521875 0.3491794828125 0.6490521609375 0.3575926125 0.6605065140625 0.36444660156249997 0.6676197109374999 0.3679462328125 0.674763934375 0.3675389359375 0.6892528703125 0.366213703125 0.697253528125 0.36272444375 0.70130039375 0.3551194171875 0.70758141875 0.328088690625 0.7093049265625 0.288572303125 0.706411125 0.2542859140625 0.7026805515625 0.2293362078125 0.6964487671875 0.21233310312499998 0.6872368734375 0.202469790625 0.6711243578125 0.2016253703125 0.6628278812499999 0.2074442609375 0.6539942390625 0.2168829875 0.6441309109375 0.2293945953125 0.6358813328124999 0.2409484953125 0.6249648703124999 0.2536654828125 0.617785834375 0.26136692968749997 0.6175179749999999 0.286367659375
3 0.5053701609375 0.4472553453125 0.518939890625 0.433635128125 0.530130259375 0.40243199374999994 0.53806814375 0.383565784375 0.5474972109375 0.366080578125 0.5525541015625001 0.349147946875 0.5240627078125 0.3458307828125 0.49662823906250003 0.3389210234375 0.49099260625 0.33706225 0.48610066874999996 0.3375875859375 0.4749852484375 0.3375261921875 0.4727427921875 0.340535515625 0.470746190625 0.362058228125 0.469666540625 0.3859741296875 0.48001021406250005 0.4206509515625 0.4865536921875 0.4449663640625 0.4953040890625 0.45037579218749996 0.5053701609375 0.4472553453125
3 0.1493119796875 0.485399490625 0.160296534375 0.47138322187500004 0.17175999375 0.458173759375 0.1784737453125 0.44940564531250005 0.17606110156250002 0.4258278609375 0.1762979359375 0.40473406562500003 0.179819 0.3905872203125 0.18272650937499998 0.36494311874999996 0.1642277765625 0.3764810234375 0.1589386484375 0.374640409375 0.15595474843749998 0.3851674203125 0.1485381546875 0.390771853125 0.1441704875 0.411128021875 0.1410700640625 0.4305083203125 0.1419703296875 0.45973939531249997 0.140684146875 0.4776513515625 0.14175315625 0.487087915625 0.1493119796875 0.485399490625
3 0.2399028453125 0.46070269374999995 0.24718172031250002 0.47098584062500004 0.266651878125 0.4608016984375 0.2871184453125 0.44154980781250003 0.3028897765625 0.42569983906250003 0.3174717875 0.41265381406249996 0.3283610140625 0.400456540625 0.3297788734375 0.360142425 0.310809621875 0.32761925937499997 0.303386984375 0.326709115625 0.2845720484375 0.31113111875 0.27019052656250003 0.323666509375 0.26284049375 0.341260675 0.2539334390625 0.368674915625 0.24659927812500002 0.3959110203125 0.2430630625 0.42360673593750003 0.23946633125 0.44582730000000004 0.2399028453125 0.46070269374999995
3 0.284042459375 0.30797651875 0.292921465625 0.3175618140625 0.3025751953125 0.3256242875 0.3154602109375 0.328384128125 0.338958296875 0.3275310453125 0.36062248124999996 0.3218915859375 0.3755782359375 0.30834400624999997 0.3734016171875 0.3001522515625 0.37175007656250003 0.275311503125 0.3742664359375 0.25381602812500004 0.3813009890625 0.23229677343750002 0.3703210328125 0.206446003125 0.3599311796875 0.1892249828125 0.34901399375 0.178751159375 0.3403142828125 0.175689521875 0.3295998421875 0.1746068609375 0.3158175359375 0.1757085546875 0.307184384375 0.184636646875 0.2970933296875 0.198178603125 0.2879078625 0.2242754015625 0.28066903125 0.2496925078125 0.2757528359375 0.2838301640625 0.27873745625 0.29649396562499997 0.284042459375 0.30797651875
3 0.8244443171875 0.5512684250000001 0.8338990890625 0.5465525171875 0.8371205453125 0.538122521875 0.8367385046875 0.5222077015625 0.835388828125 0.5015519 0.834806296875 0.48614771250000005 0.830758709375 0.470561928125 0.8299272578125001 0.46322238125000004 0.8258448578124999 0.45493074531250005 0.82305540625 0.45843254375000003 0.8158120656250001 0.4640460578125 0.800098271875 0.4522785734375 0.7887975140625 0.4391789421875 0.78849790625 0.44489579062500006 0.79345865625 0.46626198125 0.7947485390625 0.5046334421875 0.7928298609375 0.5279842312499999 0.79876356875 0.5374151703125001 0.809279775 0.5489102609375001 0.8244443171875 0.5512684250000001
3 0.42276561093750004 0.44553192968750005 0.4361295296875 0.449098578125 0.444056053125 0.4403940234375 0.45339736718749996 0.417953378125 0.46424727031249996 0.3932466625 0.46939191406249997 0.38126946875 0.47242352343749994 0.3399976421875 0.4711600671875 0.3375862921875 0.458940825 0.3353824875 0.4184949828125 0.3314388171875 0.3949091421875 0.3273364609375 0.39413892968750003 0.348662875 0.3951148640625 0.3698202296875 0.39988495625 0.3948244140625 0.4038939453125 0.42109156406250003 0.41018398906250003 0.43366802499999996 0.42276561093750004 0.44553192968750005
3 0.83000518125 0.4650504578125 0.8331880375 0.467301828125 0.836894440625 0.46619321874999997 0.8422418296874999 0.4636071890625 0.8457923859375001 0.458842428125 0.8475423203125001 0.45528615156249996 0.8538785421874999 0.450406809375 0.8588537234375 0.43503331875000006 0.8630345187499999 0.4149279265625 0.86828585625 0.3909700828125 0.8744132890625 0.370185 0.8754505515625001 0.3603376828125 0.8723531937500001 0.353139953125 0.863204071875 0.3586535890625 0.8537727484375001 0.36623700000000003 0.8478609562500001 0.3729625796875 0.842755634375 0.397449215625 0.83501291875 0.432481021875 0.8290761453125001 0.44962811093750005 0.8256988421875 0.454401953125 0.83000518125 0.4650504578125
3 0.792215671875 0.43362552968749996 0.7871603140625 0.437269146875 0.7879721046875 0.4383539734375 0.792537196875 0.4440652 0.8000710359375001 0.45279828593750004 0.8063958921875001 0.458080596875 0.8161313343750001 0.46458392968749995 0.8224130796875 0.460744015625 0.8289437484375 0.4488394609375 0.8355871515625 0.43146883437500005 0.84221846875 0.4010690515625 0.8495874421874999 0.36653879843750004 0.848165884375 0.35056949843749996 0.8496586 0.3386614859375 0.8458273765625 0.3322070078125 0.8373886718750001 0.3341098890625 0.8294757687500001 0.3425545890625 0.8261998390624999 0.3520240109375 0.8242690749999999 0.36234564375 0.8111108765624999 0.40126276406250005 0.7982462421875 0.4279484578125 0.792215671875 0.43362552968749996
3 0.79886133125 0.42615670000000005 0.81145738125 0.4012809234375 0.8232938624999999 0.3643790984375 0.8301627375 0.3360763296875 0.8305690390624999 0.318378828125 0.8299108390625 0.3110483609375 0.829474325 0.2961729671875 0.8262619765625001 0.2845395140625 0.8196685359375 0.28106712031250003 0.8076558265625 0.284867259375 0.8118267031249999 0.3213051421875 0.80769055 0.337243746875 0.7997330046875 0.3498552328125 0.795257921875 0.359001240625 0.766674175 0.3905956796875 0.7610521609374999 0.38847705 0.7664721531249999 0.404395328125 0.7731011265625 0.42376438125 0.7798874828125 0.433500578125 0.7841877796875 0.43763450312499996 0.791322171875 0.43409984531249995 0.79886133125 0.42615670000000005
3 0.0793202515625 0.3722917796875 0.0846229984375 0.3738725375 0.0931668625 0.3732780203125 0.0960887109375 0.370564871875 0.0905575171875 0.3468236515625 0.090025671875 0.33376725625 0.088865121875 0.3227624734375 0.0875313171875 0.3117486125 0.0859834046875 0.301505240625 0.0774410734375 0.28881074375 0.0681512546875 0.27711935468750004 0.0641800578125 0.2766506625 0.062374115625000004 0.2945353796875 0.062187967187500005 0.3179769671875 0.06296341093749999 0.33964495625 0.06784019531249999 0.352668490625 0.0731043421875 0.364930615625 0.0793202515625 0.3722917796875