1 0.1721873703125 0.510140796875 0.1670672 0.5297461203125 0.1657134828125 0.5493301125000001 0.1707510390625 0.5626686046875 0.1796932671875 0.5668118234375 0.1890487015625 0.558874953125 0.1994602 0.544648709375 0.20238925000000002 0.5319616 0.2045818234375 0.5096016453125001 0.221601075 0.49333736406249995 0.23486849531249998 0.4753160171875 0.2440739859375 0.44744800937500007 0.24539113750000002 0.43231002187499995 0.244958896875 0.41617422968750006 0.242024709375 0.4065879296875 0.2375356765625 0.4028788875 0.2278840453125 0.408668634375 0.207538615625 0.43247996874999994 0.1974949921875 0.4554030703125 0.19551962812499998 0.47424961718749997 0.19658082968749999 0.49023365312499995 0.1858519203125 0.4972595046875 0.1721873703125 0.510140796875
3 0.054099242187499993 0.7180726953125001 0.0762270015625 0.7294175140625 0.0873091640625 0.732866921875 0.1108689015625 0.7380091515625 0.1402421375 0.7308332390625 0.1624591015625 0.71606590625 0.177490540625 0.6972639640625 0.1893844828125 0.6783315984375 0.19602293906249998 0.65729501875 0.1989673390625 0.6351086375 0.1958108078125 0.6067623359375001 0.1903183484375 0.587676521875 0.1753761140625 0.5803663171875 0.1618007703125 0.5671354609375 0.15206501249999999 0.5449912625 0.14460522656250002 0.5361419234375 0.13830975 0.523106940625 0.1200566890625 0.51384451875 0.1007475640625 0.5108714703125 0.080715134375 0.5118889171875 0.0657933875 0.51735285 0.0483762828125 0.536197946875 0.032758309375 0.56525818125 0.024954821874999998 0.598201275 0.0236428078125 0.6356126718749999 0.0229531671875 0.6660406453125 0.025886628125 0.683347815625 0.034588984375 0.701392915625 0.054099242187499993 0.7180726953125001
3 0.5966904359375 0.5125229671875 0.60936110625 0.5365325953125 0.6255393265625 0.5462068906249999 0.6412129 0.5409165296875 0.6548986625000001 0.53308850625 0.6710212796875 0.5189929265625 0.6821487671875001 0.5016653890625 0.700043440625 0.4781791421875 0.7124215406250001 0.46143729375 0.7241275265625 0.442461534375 0.7333176671875 0.42409279843750003 0.7390741140625 0.4034465171875 0.74309579375 0.38002402968750004 0.7378125046874999 0.366034878125 0.728617953125 0.35440933281250003 0.710950703125 0.3426094890625 0.6992907703125 0.33308743281250003 0.68209305 0.3252565078125 0.6680540374999999 0.322609271875 0.6527205390625 0.3247115515625 0.6299769937499999 0.3271818296875 0.620086940625 0.331431715625 0.603458953125 0.33828350937499996 0.5904094671875 0.3450705765625 0.5835903671875 0.3651745625 0.577841234375 0.38493164375 0.5753670890625 0.40336607343750003 0.5773022609375 0.42756988281249997 0.5865516875 0.47068617343749997 0.5966904359375 0.5125229671875
3 0 0.8667922484374999 0.01445429375 0.8674981765625001 0.037588378125 0.863336284375 0.059675162500000004 0.8491328265625 0.0698840796875 0.836641590625 0.0827185328125 0.8102053218749999 0.0932038859375 0.7793662015625 0.0912036234375 0.7554443265625 0.084583421875 0.736098153125 0.07304635468750001 0.7269014265625 0.049422251562500005 0.7143202609375 0.0329770859375 0.6989420375 0.02336419375 0.67712316875 0.019302264062499998 0.6672765093749999 0.00863185625 0.6671887546875 0 0.6658728765624999 0 0.8667922484374999
3 0.17362672343750002 0.5793685109375 0.190448528125 0.58711265 0.2163661328125 0.5803267921875 0.2523836859375 0.5666668375 0.272078215625 0.5456748609375001 0.284291021875 0.518501146875 0.28973664375 0.49748614375000005 0.29129439218750003 0.4607254046875 0.28627146406250004 0.44560850937499996 0.2775179171875 0.43378781406250005 0.27546060156249996 0.4015378046875 0.2671560984375 0.380911890625 0.25196958125 0.3575092875 0.2351631265625 0.3402658765625 0.21385156093750002 0.33653356562500003 0.1963854421875 0.3384404546875 0.1795621859375 0.34613805625 0.16697419062500002 0.3655041125 0.15490619218749999 0.390335553125 0.1461775421875 0.4212832796875 0.1446709828125 0.45181961406250004 0.1440522953125 0.49651819062499997 0.1465213625 0.532129853125 0.1537632140625 0.552213471875 0.17362672343750002 0.5793685109375
3 0.4425421515625 0.4950497734375 0.454325678125 0.497176290625 0.46373084999999997 0.49845675624999997 0.4786679484375 0.4834935515625 0.4959760859375 0.4702655953125 0.51971205625 0.44634614062500005 0.5453349125 0.42197141718750003 0.5623037 0.40421067187500004 0.5719268078125 0.394256859375 0.5829175296875 0.370661521875 0.5880303875 0.3519453984375 0.5894411546875 0.34068954375 0.588886046875 0.324228421875 0.5802480546875 0.31362225625 0.558981090625 0.296833871875 0.5438296874999999 0.28442700468750004 0.530492765625 0.27273600781249996 0.5155505312499999 0.2654258015625 0.4951714390625 0.262799659375 0.477560515625 0.2670488203125 0.460419846875 0.26754603125 0.45173725156250005 0.269995940625 0.44059586250000005 0.2813810078125 0.4303503828125 0.29831824687499997 0.43001616875000004 0.3160588671875 0.42895865312500003 0.3377899828125 0.42703230156250005 0.3735747359375 0.425806590625 0.41575746406249997 0.42865157343750004 0.45145591406249996 0.43235807499999995 0.47398992656249994 0.4425421515625 0.4950497734375
3 0.8975199828125 1 0.906025109375 0.963160246875 0.9167795875 0.9148624421875 0.8985477390625001 0.9106532890624999 0.8865535921875001 0.918871853125 0.8658914765624999 0.9277619250000001 0.8330340812499999 0.931163828125 0.8171798625 0.9355215937500001 0.798643778125 0.9377753875 0.7915014046875 0.936126440625 0.776673275 0.94547250625 0.7702600656249999 0.9543856046875 0.7633400375 0.9714966593750001 0.7597675359375 1 0.8975199828125 1
3 0.7286650265625 0.6997881640625 0.7371940515625 0.71601146875 0.7507182046875001 0.7354667296875 0.769607540625 0.74368819375 0.7882292015625 0.753926603125 0.8001136546875 0.75904605 0.8189101000000001 0.7556645140625 0.8443874250000001 0.7413529343749999 0.8605904843750001 0.7174761468749999 0.880308403125 0.678374825 0.90353314375 0.6326590453125001 0.910497775 0.6024919171875001 0.90946655 0.57523020625 0.9012271343749999 0.5543223562499999 0.8908763140625 0.538272384375 0.8748641140625001 0.531309084375 0.8586347062499999 0.5278591921875 0.842715396875 0.5324988937499999 0.8235715640624999 0.5399577109375 0.806653965625 0.5514940515625 0.7929170140624999 0.56554648125 0.7765047859374999 0.58432660625 0.75352064375 0.6084196359375 0.7378734171875 0.641036675 0.7288917234375 0.672222940625 0.7286650265625 0.6997881640625
3 0.30930099375000003 0.4770580375 0.31979661875 0.4907657375 0.3379633765625 0.4952568265625 0.35973202187500003 0.48157384687500004 0.38042484062500004 0.45368522968749997 0.3997288296875 0.43438486875000004 0.40694505625 0.4194209375 0.41768931875000004 0.40289581406249997 0.425917734375 0.38697771406250003 0.4287604796875 0.369519271875 0.42580580625 0.34715883125 0.4171612265625 0.32972099843749997 0.4070268890625 0.3178784859375 0.39133282812500003 0.3103947078125 0.36657294375 0.306163253125 0.345586103125 0.308742134375 0.3264642078125 0.31353335000000004 0.3135229625 0.322424146875 0.29636549218749997 0.34786236875 0.28367584375 0.371956365625 0.27881530468750004 0.3981548171875 0.27670245000000004 0.4184544359375 0.27915175468750003 0.4335710890625 0.28783948593750003 0.45339458906249996 0.2950389109375 0.46337167187499995 0.30930099375000003 0.4770580375
3 0.76142311875 0.906910096875 0.7791262078125001 0.9219848078125 0.7939236359375 0.9316372859375001 0.81848825 0.936714546875 0.841268359375 0.9297982687499999 0.8815431125 0.925139165625 0.8985762656249999 0.91481735625 0.91399896875 0.8866029265625001 0.9311593406249999 0.8302812234375001 0.9349367375 0.7907663375 0.9369208640625001 0.7555888484375 0.9310159265625 0.740862253125 0.91737549375 0.72791333125 0.8985731859375001 0.7167423281249999 0.8840273546875 0.7222930468750001 0.866474209375 0.7271494749999999 0.8401075625000001 0.742740553125 0.8195968390624999 0.7561200234375 0.7985514953124999 0.765812509375 0.7777657859375 0.782098121875 0.7640654 0.7917045484375 0.7459089156250001 0.8317602781250001 0.745595190625 0.8622750390625 0.74964104375 0.889341840625 0.76142311875 0.906910096875
3 0.7156542203125 0.6026471124999999 0.73688679375 0.600718890625 0.7650671984375 0.59356455 0.781695909375 0.5789918859375 0.797479178125 0.560363515625 0.808736846875 0.54247210625 0.814449415625 0.5271610296875 0.8127373140625 0.5139963515625 0.8099910828124999 0.50445344375 0.8104481640625 0.487038153125 0.8047319109375 0.464634078125 0.796384253125 0.4416224984375 0.77484303125 0.4200193875 0.7582238078125 0.41054024062499994 0.73660728125 0.4209917484375 0.7235490296875 0.44410975625000004 0.708025396875 0.469331253125 0.6978654953125 0.49876069687499996 0.691906465625 0.5211419859374999 0.6876010375 0.563801559375 0.6935125609375 0.5853598250000001 0.7016876109375 0.5988287421875 0.7156542203125 0.6026471124999999