3 0.1628672109375 0.398486296875 0.174129728125 0.4127894125 0.186792771875 0.41906476562500006 0.203465603125 0.4227879203125 0.22069984062499998 0.418454009375 0.2477727453125 0.40504089531250004 0.26875471093750003 0.3896202625 0.283692684375 0.37084764375 0.2895098984375 0.34861559375 0.2898268859375 0.32349925 0.2834935203125 0.296355853125 0.2755581734375 0.27498966406249997 0.254908846875 0.26484579375 0.2393411828125 0.253533265625 0.23490116875 0.2363274734375 0.2362880375 0.22067126875 0.2397873578125 0.20867846406249999 0.23464708124999997 0.1954865515625 0.22691119531249998 0.184447515625 0.2122099640625 0.188421175 0.198005546875 0.194207 0.19021673125 0.20874223593750002 0.1827232734375 0.2228390796875 0.17541362656249998 0.2477112359375 0.16676206875 0.2949717234375 0.161021109375 0.32303958593750004 0.15736130312500002 0.35566716249999997 0.157789534375 0.38350175468750003 0.1628672109375 0.398486296875
3 0.76693955 0.7350197609375 0.7762714359375 0.7645113875 0.7781001921875 0.78431821875 0.7888442671875 0.8214871234375 0.8040030343750001 0.8525283390625 0.8185750781250001 0.8682931359375001 0.8248674765624999 0.87255120625 0.8429408328125 0.8682466 0.8620900515625 0.8491723375 0.8848911046874999 0.8297768953125001 0.9008989609375 0.8204644171875 0.9172001796875 0.8187901500000001 0.9286388328124999 0.8120103343749999 0.9343621484375 0.792467228125 0.9399935562499999 0.7675364671875 0.9433893078125 0.734450965625 0.9445494 0.6932107234375 0.9441544625 0.65640321875 0.9438963859375 0.631715496875 0.939675471875 0.6082354999999999 0.934861853125 0.59370888125 0.9073254281249999 0.5963369171874999 0.8919415781250001 0.5957997015625 0.8815884546874999 0.6115915015625 0.8680823078125 0.6214400453125 0.8519199437499999 0.627157496875 0.8303982046874999 0.6259572375 0.8180421812500001 0.634948534375 0.8086866703125001 0.6382114640625 0.792944865625 0.6399052671875001 0.7822221234375 0.6422230437499999 0.7698348 0.6521106578125 0.7583335453125 0.6606831 0.7536684499999999 0.6739813078125 0.7525769375 0.6891991203125001 0.759283909375 0.7136633406249999 0.76693955 0.7350197609375
3 0.944488784375 1 0.9499152578125001 0.9886452265625 0.96257261875 0.9549857390625001 0.966341975 0.9192210609375 0.9664321875 0.8685206796875 0.959259703125 0.8413479796875001 0.9470348609375 0.822524221875 0.9310016843750001 0.8085032156249999 0.928824640625 0.8147090453124999 0.9157859984375 0.81918946875 0.9006349046875 0.8200064921875001 0.882559553125 0.8323876984374999 0.8686484984374999 0.8458117328125001 0.8547687421875001 0.8583394515625 0.8417907078125 0.8691038437499999 0.8259550000000001 0.873486590625 0.8194298484375 0.8678742828124999 0.8131667578125 0.8707964984375 0.8027197359375 0.8892772390625 0.7935107578125 0.92844159375 0.7983067359375 0.9514929671875001 0.8106840906249999 0.98198835 0.82170360625 1 0.8609863750000001 1 0.8627211359375 0.999510159375 0.8726830078125 0.9949222921875001 0.8817295062499999 0.9844693109374999 0.8931172234375 0.9951871671875001 0.9006911656250001 1 0.9025348421875 1 0.91324043125 0.9963385890625001 0.9195552203125 1 0.944488784375 1
3 0.713171434375 0.30193775624999997 0.7442031906250001 0.3034701125 0.762695109375 0.30321845625 0.7826971046875 0.2918019375 0.7978991359375 0.27348724375 0.7992097484375 0.251995228125 0.7955482468749999 0.228534765625 0.7856569484375 0.19902360624999998 0.7685089359374999 0.16881033125 0.7509716640625 0.1417243890625 0.7399262546875 0.129223671875 0.727853925 0.122071540625 0.707979121875 0.1218262 0.696820175 0.12861578125 0.688955103125 0.1373152046875 0.689745278125 0.146765578125 0.6829500890625 0.1649251421875 0.672377865625 0.18699114375 0.6626331000000001 0.19338140625 0.6607983625 0.1978043734375 0.6640256499999999 0.21766004218749999 0.669586484375 0.22682830625 0.6728920234375 0.2444431875 0.678838125 0.26663731875 0.6948380078125 0.28963123749999997 0.713171434375 0.30193775624999997
3 0.7751814171875 0.4589060140625 0.7953319390625 0.4753143203125 0.816759778125 0.479203521875 0.8370394859375001 0.475873371875 0.848867396875 0.46596622343750005 0.8563511859374999 0.4280877375 0.8608814140625001 0.3945931484375 0.86114178125 0.3470396359375 0.857079359375 0.31100146562500003 0.8491929562499999 0.28021420468749997 0.8385700937499999 0.255613240625 0.8249447265625 0.24481724374999997 0.8103686953125001 0.2452056453125 0.7985877359375 0.253768321875 0.7978834859374999 0.2739354015625 0.783489275 0.29317571249999996 0.7637356859375 0.3054983140625 0.7508691921875 0.30504900625000003 0.7484437421875 0.310348753125 0.7381492328125 0.340501121875 0.7319740609375 0.3649641890625 0.7305832046875 0.3967735921875 0.739342021875 0.41861724218749996 0.7576108546875 0.44079298749999996 0.7751814171875 0.4589060140625
3 0.1158426515625 0.5341475359375 0.1355276609375 0.5478473640625 0.1597525640625 0.5518342421875 0.1694307421875 0.56338980625 0.181518721875 0.57009378125 0.2047813 0.5695600187500001 0.22110016250000003 0.5593609921875 0.23275991093749998 0.5382303765625001 0.23868468125 0.5209378250000001 0.24411463281249998 0.493756509375 0.2391798 0.46666195000000005 0.2299378265625 0.45063457968750004 0.21684256406250002 0.432677834375 0.2093863875 0.4216485671875 0.1962401875 0.4211894921875 0.176009425 0.4150985703125 0.1611576734375 0.39932400625 0.158767509375 0.3875742390625 0.1536252390625 0.38245892656249997 0.142656084375 0.375794021875 0.1302883984375 0.369080278125 0.123761253125 0.37154456874999997 0.1159567875 0.38652796093749997 0.11062472187500001 0.394867134375 0.106998209375 0.418521796875 0.1039154578125 0.44264415156250003 0.103893828125 0.46732210625 0.107136765625 0.48672961875 0.10717773593749999 0.50961494375 0.1067238859375 0.52261150625 0.1158426515625 0.5341475359375
3 0.496489515625 0.1795028765625 0.5115370390625 0.1575931546875 0.5224828687499999 0.1328479765625 0.5237172250000001 0.10552014843749999 0.5219394046875 0.06821564687500001 0.51384955 0.0432544328125 0.49803746875000005 0.014882625 0.48396024375 0.009006590625 0.46517296874999997 0.009696637499999999 0.4325372359375 0.0220180859375 0.40726777187499996 0.03190455 0.3895327328125 0.05057949375 0.37028761875 0.0804193 0.359371096875 0.1123447625 0.35566832812500004 0.1301636125 0.356812471875 0.153536165625 0.37080745937500004 0.177806184375 0.3808435953125 0.1871307296875 0.3976396328125 0.1953452265625 0.42176864218750004 0.21009764843749998 0.4449686203125 0.2113565125 0.46837204843749997 0.20678933281249998 0.482779915625 0.1951774625 0.496489515625 0.1795028765625
3 0.0495387890625 0.9011154078124999 0.0638038125 0.901613553125 0.0804942875 0.8968119515625 0.085947565625 0.90104071875 0.09281303125 0.912946765625 0.10734011875 0.9219794359375 0.1220863046875 0.9247379015625 0.135858503125 0.9072706859374999 0.1543857109375 0.889969515625 0.1654997015625 0.8764478062500001 0.1773003015625 0.851283775 0.1788183515625 0.8078125140625 0.1756849609375 0.7852679015625 0.165038475 0.7934214921875 0.14702771875 0.79593346875 0.1282287796875 0.7809184734375 0.1202601390625 0.7685251984375 0.1027658328125 0.7562479828125 0.0912998640625 0.7477709140625 0.07296643750000001 0.7354643984375 0.05809704375 0.7282145890625 0.045791959375 0.7197082171875 0.0450174328125 0.7098096859374999 0.04195830625 0.7011774859375 0.029586632812500003 0.7106169421875 0.0234740625 0.73328738125 0.0175179921875 0.7514762484374999 0.012616153124999998 0.7795734140625 0.013713346874999999 0.8042904390625001 0.012371434375 0.8266787703125 0.009975290625 0.8391588015625 0.012795678125000001 0.8706665609375 0.0137873109375 0.8823674890625 0.016689937499999998 0.8954812625 0.025701148437499998 0.90207779375 0.037511415625 0.9006954015625 0.0495387890625 0.9011154078124999
0 0.920943321875 0.9521858999999999 0.9225433093750001 0.9544852921875 0.9272357171875001 0.9564439703125001 0.9315095624999999 0.954349696875 0.9335770578125 0.9512809687500001 0.937929153125 0.946945909375 0.9348367328125 0.9472866234374999 0.9295379609375001 0.94665288125 0.9256533734374999 0.945619821875 0.9209296640625 0.9445574578124999 0.919421584375 0.947645721875 0.920943321875 0.9521858999999999
3 0.763521071875 0.6083659046875 0.76961001875 0.6184500203125001 0.778339528125 0.633113384375 0.7909869203125 0.63983689375 0.8064646703125 0.6376851671875 0.81867984375 0.632727284375 0.8301184968750001 0.6259474703125 0.8508324187499999 0.6262221109375 0.8678808515625 0.619189490625 0.88221046875 0.6098184078125 0.891847678125 0.5984886453125 0.8961881109375 0.5784485453125 0.8986038921875 0.5493671578125 0.89958785 0.529209846875 0.9021424874999999 0.504171640625 0.9021621234375001 0.4875702859375 0.8952204015625 0.46982842500000005 0.8855265749999999 0.4587210171875 0.8770747765625 0.45214402031249995 0.8620332328125 0.44982394374999995 0.8507041281250001 0.4534666546875 0.8491471031250001 0.46597599062499995 0.834475178125 0.477129934375 0.8155940015625 0.480508925 0.7984087078125001 0.4754217625 0.7931548921875 0.48152015 0.7813113328125 0.49187545468750005 0.7652075843749999 0.511953475 0.7556915859375 0.5358511765625 0.751288553125 0.5576839062500001 0.75561901875 0.5780268015625001 0.763521071875 0.6083659046875
3 0.2392785828125 0.2553258953125 0.2535572640625 0.2634524828125 0.275262815625 0.2754280546875 0.29670830000000004 0.2707925015625 0.31173419375 0.27356073593749997 0.33400314531249997 0.26940264375 0.344495125 0.257654028125 0.3653988390625 0.24447418281250002 0.37228593593750003 0.2317022734375 0.37616284843750003 0.20087709375 0.37834188750000003 0.186594665625 0.370294996875 0.1764421765625 0.3596075421875 0.161710440625 0.355368984375 0.1467552 0.3554355703125 0.128809371875 0.356354934375 0.1185212890625 0.34639704843749997 0.10695595625000001 0.32767436562499996 0.09777677343749999 0.3167345171875 0.098292153125 0.3016889859375 0.1121252734375 0.2883529953125 0.1251206859375 0.2733367703125 0.146134090625 0.2532055875 0.17728906718749998 0.24056587031249999 0.202423796875 0.2362723875 0.2211194265625 0.23477596875 0.23991273125 0.2392785828125 0.2553258953125
3 0.608285834375 0.217957084375 0.632326925 0.21116865312500002 0.656665365625 0.19586523125 0.6709949843749999 0.1864941484375 0.6817060625 0.16847133125 0.690242090625 0.1485777421875 0.6847028890625 0.11473152187499999 0.6747040328125 0.0802808640625 0.6599325281249999 0.0541889125 0.629916028125 0.031602928125 0.599633478125 0.0166356203125 0.5610653 0.014391381249999998 0.54432588125 0.0286140546875 0.5331942453125 0.050660521874999996 0.5241750625 0.0763703875 0.52283115625 0.10683531718749999 0.52251416875 0.1319516625 0.5355155296875 0.1525973515625 0.5440102890625 0.1739830765625 0.5525676500000001 0.19357617031250002 0.5658037625000001 0.2074995 0.5867014953125 0.218549453125 0.608285834375 0.217957084375
3 0.043171032812499996 0.6985276125000001 0.0445655765625 0.7147296484375001 0.046848184375000004 0.7215399171875 0.063348865625 0.7301928015625 0.087509175 0.744048909375 0.107644046875 0.7609053734375 0.1204928953125 0.7698794375 0.1257896734375 0.778589778125 0.1489074125 0.798242628125 0.1675714828125 0.7930612421875 0.1792448875 0.7795590671875 0.19499267343749999 0.7536354671875001 0.2038573515625 0.724330575 0.2086809421875 0.698474196875 0.21309763125 0.6842699078125001 0.22897061718749998 0.6547610484375 0.2361727078125 0.6249493937499999 0.2371879640625 0.6038957671875 0.227916684375 0.5806881125000001 0.21578374843749998 0.567252009375 0.2047187 0.571352646875 0.180943659375 0.5705224046875 0.1664322234375 0.561041578125 0.1586650375 0.55089885625 0.1369731421875 0.5465517281250001 0.12027100312500001 0.5356482890625001 0.10805981718749999 0.5244529734375 0.10557774843750001 0.5073155515625001 0.1007151828125 0.50221000625 0.08850200312499999 0.49909128750000004 0.072636990625 0.4962937515625 0.06164620625 0.5143068015625001 0.053575690625000005 0.5369088671875 0.052169184375 0.5691664265624999 0.052253115625 0.60686048125 0.0475996828125 0.635863728125 0.0430674625 0.6774349156249999 0.043171032812499996 0.6985276125000001