3 0.2796409609375 0.7047470015624999 0.29297636875 0.7118038859375 0.3094778375 0.715046334375 0.339036703125 0.7064655234375 0.3529845125 0.6981290171875 0.3602192984375 0.68908694375 0.36636404843750003 0.656932175 0.36565125468750004 0.6206634828125 0.363566696875 0.5974462609375 0.35475564375 0.57125994375 0.34551346562499996 0.5491755171875 0.3363521125 0.5406722515625 0.3280285078125 0.533765109375 0.3181751453125 0.534237553125 0.3085446921875 0.5373725546875 0.30119232500000004 0.5475333250000001 0.292272228125 0.572610059375 0.280880515625 0.6068524796875 0.26593324687500003 0.6629652859374999 0.266288425 0.6739361515625 0.2712904140625 0.69331280625 0.2796409609375 0.7047470015624999
0 0.34440740000000003 0.6625418265625 0.34665732656250003 0.6578770640625 0.3476383765625 0.655718065625 0.34622498125 0.654815475 0.3440007765625 0.6568438125 0.3410576234375 0.66332080625 0.34043053125 0.6692871921875 0.341634490625 0.6697907515625 0.3433614328125 0.66771015 0.34440740000000003 0.6625418265625
0 0.7255371312500001 0.6573579578125 0.7274343171875 0.6560492859375 0.7276290640624999 0.6470213109375 0.7271440546875 0.6420690953125 0.72499701875 0.6361881546875 0.7229810328124999 0.6314520453125 0.721763603125 0.6286849578125 0.7201407703125 0.6273833359375 0.7196961734375 0.6292217 0.7210973171874999 0.6350242421875001 0.7255873562499999 0.6449216265625 0.7250251796875 0.6478786875 0.7253264734375 0.649795446875 0.7253926093749999 0.6539496015624999 0.7255371312500001 0.6573579578125
3 0.6549494203124999 0.5564383078125 0.6611149562499999 0.5695279421875 0.6699100984374999 0.5791237734375 0.6819227484375 0.5796323171875 0.6947315140625 0.567782925 0.7088618203125 0.555318396875 0.7217477531250001 0.535559728125 0.728052934375 0.5234038015625 0.7368946453125 0.499072865625 0.727025375 0.48295482500000003 0.7118295359375 0.4625067515625 0.7017385765624999 0.4508896328125 0.6886775218750001 0.44122245312499997 0.6796741609375 0.4383910703125 0.6741785671875 0.4404525890625 0.66974363125 0.446772790625 0.6609264234375 0.46130382187499996 0.6507619546875001 0.47908641875 0.6470079937500001 0.4884943421875 0.6405203171875 0.504778290625 0.6445681984375 0.5308409968750001 0.6549494203124999 0.5564383078125
0 0.283331284375 0.6289771375 0.282742165625 0.62740714375 0.2827286953125 0.6251436171875 0.281982803125 0.6250652203125 0.281158525 0.6257326234375 0.2805179625 0.6294354828125 0.2811597453125 0.632896103125 0.280924584375 0.6351334984375 0.28212854374999996 0.6356370578125 0.2835676625 0.6339032234374999 0.283331284375 0.6289771375
3 0.4210481234375 0.576719490625 0.428161671875 0.5473056765625001 0.4324619 0.51835020625 0.42786409531249997 0.490344609375 0.424668653125 0.475305034375 0.41502229062499996 0.46184955156249996 0.40285165 0.455669125 0.3902511015625 0.46075406875 0.3760289390625 0.47170086875 0.36339041562499996 0.4843221890625 0.3504260953125 0.50482665625 0.3420155109375 0.5250557015624999 0.34450547187499997 0.5468074625 0.3590105234375 0.583394721875 0.3724782 0.598759915625 0.396910121875 0.6054750171875 0.40989035156250003 0.6015610359375 0.4210481234375 0.576719490625
0 0.6769820171875 0.5357559000000001 0.6761050749999999 0.534532675 0.6751889390625 0.5336823468749999 0.6742336109375 0.5332049203125 0.6735011906249999 0.53539005 0.673763290625 0.537679709375 0.6746402328125 0.538902934375 0.6759617718750001 0.538287796875 0.67682524375 0.537247496875 0.6769820171875 0.5357559000000001
3 0.707284215625 0.665996015625 0.7264961171875 0.6793258234375 0.7500890703125 0.677281321875 0.7703579703125001 0.6733793718750001 0.7908473390624999 0.6578130234375 0.797125578125 0.6411300421874999 0.800381059375 0.6245063765625 0.7759418218749999 0.5748103984374999 0.7512931484375 0.524715390625 0.741384684375 0.5089702484374999 0.7284191453125 0.5223112359375001 0.7140426468750001 0.549076590625 0.7003728484375 0.5762932421875 0.6967523765625 0.6011729531250001 0.698616465625 0.6360545765625 0.707284215625 0.665996015625
3 0.446398678125 0.52207713125 0.469327784375 0.540698871875 0.4870062703125 0.5399178265625 0.498571884375 0.527937775 0.514623878125 0.5043646703125 0.5301896453125 0.46867586875 0.5394367609375 0.4428794671875 0.548158453125 0.40534027031250003 0.5494506125 0.3858711203125 0.5475497671875 0.3656893546875 0.5443543265625 0.350649778125 0.5375225046875001 0.3438994296875 0.519987321875 0.34092535156250003 0.502308834375 0.3417063984375 0.4713365734375 0.34938461875 0.44858258749999996 0.360188725 0.43149443906249996 0.3697032421875 0.424862240625 0.38257883593750003 0.41999617968749997 0.393000928125 0.417552725 0.41385714531250006 0.4179507546875 0.4459455515625 0.42206355 0.46899893125 0.433950025 0.4970165625 0.446398678125 0.52207713125
3 0.7292101468750001 0.7874383640625 0.7324435625 0.7949415609375 0.7400469984375 0.7991338812500001 0.7548484656250001 0.808983984375 0.779175059375 0.8119178296875 0.7966833015625 0.8103648546875 0.8135362890625 0.80308773125 0.8276274015625 0.7909961015625 0.8388525281250001 0.7774721890625 0.8459158515625 0.76049470625 0.85288731875 0.7419994937500001 0.8536050484375 0.7303873578125 0.8483164546875 0.71852095 0.837217503125 0.704535775 0.82700774375 0.6868738734375001 0.8183681546875 0.668622965625 0.8136160140625 0.656435921875 0.8109717171874999 0.65050271875 0.803683046875 0.6504906859374999 0.7938296859375 0.6509631296875 0.78990548125 0.659599121875 0.7703187765624999 0.6737522703125001 0.7502593140625 0.6780532515625 0.7438488046875 0.6864279234375 0.73204803125 0.7006453687499999 0.7217145375 0.7248195125 0.7172550984375 0.7409396203124999 0.7162372921875 0.757798475 0.7233838796875001 0.7687291109375 0.7292101468750001 0.7874383640625
0 0.796559625 0.7756661546875 0.7951719515625 0.7721271375 0.79347073125 0.7715713140625 0.791835646875 0.77516964375 0.7928436390625 0.7775377 0.794754296875 0.7784925546875 0.7958272046875 0.777851284375 0.796559625 0.7756661546875
0 0.342395071875 0.6792961531249999 0.342538375 0.67554103125 0.342564096875 0.6729046046875 0.34139933125 0.672028146875 0.34032642343749997 0.6726694156249999 0.33926698437499997 0.6755742125 0.3393723140625 0.6793554671875001 0.3404721640625 0.6832412515625 0.3415585421875 0.6848635078124999 0.3426314515625 0.6842222390625 0.342395071875 0.6792961531249999
0 0.675629878125 0.510353546875 0.68368894375 0.500644071875 0.687402490625 0.48444556875 0.6871257 0.472728903125 0.683931478125 0.46485280625 0.681902021875 0.4578531703125 0.682176375 0.45524287656249995 0.6760904437499999 0.44857092343750005 0.67215276875 0.4549433890625 0.663413946875 0.46872862499999995 0.659724903125 0.47512722343749997 0.6548196468749999 0.48592221406249997 0.6534086890624999 0.49934658125000003 0.6521275640625 0.5067522984374999 0.655608390625 0.5071181484375 0.6632118250000001 0.5113104671875 0.675629878125 0.510353546875
0 0.6964694890625001 0.5536388921875 0.6986018359374999 0.550092825 0.70073418125 0.546546759375 0.7001707859375 0.542340340625 0.699358759375 0.538107790625 0.6975130171874999 0.5341436109375 0.6959820421875 0.5343597171875001 0.6951577640625 0.53502711875 0.6962184203125 0.5392858015625001 0.6967034296875 0.54423801875 0.6960236734375 0.5483137765625 0.69488585 0.5519643703125 0.694153428125 0.5541495015625 0.6964694890625001 0.5536388921875
0 0.662448746875 0.5640128515625 0.6666632124999999 0.5693570515624999 0.670157509375 0.5719864265625 0.6723694625000001 0.5748580421875 0.67407068125 0.5754138656250001 0.6753003640624999 0.5732809999999999 0.675678825 0.5672884812500001 0.6712292 0.5641816765625001 0.6684416 0.5620035953125 0.6661243203125 0.5553507265625 0.666267621875 0.551595603125 0.665586646875 0.54850788125 0.6667244703125 0.5448572875 0.6651530828125 0.5382828140625 0.6631505671875 0.5358102296875 0.659669740625 0.5354443796874999 0.6556389890625 0.5331356390625 0.656869890625 0.5381662515625 0.6576292515625 0.540508175 0.6577872453125 0.5461800578125 0.6578276578125 0.5529706375 0.6594774328125 0.5587993124999999 0.662448746875 0.5640128515625
3 0.5934433968749999 0.5341389875 0.609185503125 0.5350395140625 0.6234199171875 0.5191927609375 0.63731384375 0.5018021484374999 0.6494526671874999 0.4748016046875 0.65661888125 0.44727841718750005 0.660882353125 0.4330228046875 0.6640055640625 0.4080908296875 0.6616221484375 0.39728380625000004 0.654162015625 0.3893363640625 0.643077753125 0.38477819375 0.6296125140625 0.383739959375 0.610324665625 0.38548290937499996 0.588210025 0.38542067812499997 0.5743663234375 0.390374959375 0.5586646296875 0.396265015625 0.5523325078125 0.4038938890625 0.5482772515625001 0.4113850515625 0.5417258796875 0.4378418046875 0.5404998546875001 0.461465109375 0.5486164609374999 0.48230017812500003 0.5625814 0.4977176359375 0.581024125 0.5279324296875 0.5934433968749999 0.5341389875
0 0.4013548703125 0.5799279046875 0.4004644578125 0.5764411515625001 0.4025845515625 0.5777950390625 0.40518843593750004 0.5769376625 0.40708562343750004 0.5756289906250001 0.40802748125 0.5738428921875001 0.407843765625 0.570807434375 0.408523521875 0.5667316765625 0.408535775 0.561831725 0.40797237812500003 0.5576253062500001 0.405773896875 0.5570172171875 0.40238492812500004 0.558169096875 0.3988783796875 0.5604396734375 0.39711224375 0.5628931734375 0.3960136125 0.56617086875 0.3958568390625 0.567662465625 0.3950325609375 0.5683298671875 0.3933840046875 0.569664671875 0.39406498125 0.5727523921875 0.3944973265625 0.5758139812499999 0.3962512109375 0.5782604328125001 0.3980050953125 0.580706884375 0.3999157515625 0.5816617390625 0.4013548703125 0.5799279046875
0 0.6952214609375 0.5248543140625 0.6930487015625 0.5216098015624999 0.6911772375 0.520282046875 0.68905714375 0.5189281609374999 0.688023428125 0.51919653125 0.6871207640625 0.52060973125 0.6890448921875 0.5238281125 0.6918459625 0.5282697203125 0.6935741234374999 0.533352596875 0.6965576890625 0.5336661828125 0.6971198656250001 0.530709121875 0.6952214609375 0.5248543140625