3 0.3960501765625 0.655757253125 0.4010036296875 0.673150575 0.4058606171875 0.68125886875 0.41192748124999995 0.688330053125 0.4167396515625 0.690949809375 0.42189207656249994 0.6922474515625 0.4256386734375 0.6933450140625 0.4327399625 0.6930657625000001 0.43589870625 0.6904517593749999 0.43591237187500004 0.687067665625 0.43958681874999994 0.6894448796875 0.44414455625000004 0.6887230046874999 0.4470351953125 0.6861514671875 0.45475850937500006 0.68112354375 0.457851934375 0.6780971453125 0.4591544625 0.670704246875 0.459862303125 0.6612918296875 0.45752455625 0.6430614796875 0.45397693125 0.6258682390625 0.445544984375 0.6073348937499999 0.43214289531250005 0.5921251859375001 0.41914637812500005 0.5760057625 0.41390432343750005 0.5637310453125 0.411773171875 0.5606866578124999 0.40422832968750005 0.5546950421875 0.397199190625 0.5536946421875 0.389548028125 0.557442915625 0.3874928421875 0.5687596953125 0.3868883015625 0.5857650921875 0.386407559375 0.605287328125 0.392763821875 0.640213596875 0.3960501765625 0.655757253125
3 0.3452687375 0.6578818671875 0.3532814453125 0.6807090265625 0.3603933828125 0.694378546875 0.36351795781249996 0.70022478125 0.3671719015625 0.7076781343749999 0.370303309375 0.7118323203125 0.37251344375 0.7119050125 0.37618105625 0.715974271875 0.381117028125 0.7211108671875001 0.38612515 0.7249678125 0.3908788390625 0.725483125 0.3959142953125 0.72257188125 0.398413034375 0.7175259671875 0.4017434125 0.705584475 0.40526974375 0.6948801703124999 0.40805708437500005 0.6847156515624999 0.4010036296875 0.673150575 0.39552080625 0.6541501328125 0.3888106265625 0.6239300734375 0.37312625312500003 0.6099273281250001 0.3624051875 0.5942929890624999 0.3575550328125 0.5844926484374999 0.3535608359375 0.5783614078125 0.34951196875 0.5857665453124999 0.34514334999999996 0.5894176546875001 0.3372172515625 0.5949004375 0.3327179984375 0.5977267546875 0.3351552328125 0.6079092640625 0.3375066484375 0.62275551875 0.3391395765625 0.63306541875 0.340126165625 0.6375593109375 0.3428588375 0.64093116875 0.3452687375 0.6578818671875
3 0.6764448234375 0.6544667046875 0.680923575 0.656716528125 0.6858078953125 0.6580566343750001 0.6880833484375 0.6585417203125 0.6892279078125 0.6570922171875 0.6912489234375 0.6542356703125 0.693256275 0.6547632203125 0.6945314671875 0.654138509375 0.6958134953124999 0.6518217500000001 0.6968927375 0.64995985 0.7001236296875 0.646066196875 0.70113755625 0.6437919 0.7011580578125 0.6387157609375 0.7021993171875 0.6296732765625 0.703154759375 0.6252945375000001 0.7044124703125 0.6124130984375 0.70505118125 0.586947465625 0.702575965625 0.569584371875 0.7010220234375 0.556302775 0.7006847890625 0.5402920234375 0.69903438125 0.5177253984375 0.6973877875000001 0.5107995937500001 0.68996674375 0.5073248171875 0.68533685625 0.50932634375 0.679122671875 0.5221473265625 0.6766414140625 0.539449965625 0.67136216875 0.552968353125 0.6616831578125 0.561265215625 0.6547846515625 0.561089609375 0.6566135296875 0.572636696875 0.6567821484375 0.580642071875 0.656610509375 0.5899695625 0.65827760625 0.5918192265625 0.6580474859375001 0.5990422734374999 0.6570130609375 0.6063927109375 0.6559338171875 0.6082546109375 0.6518590468750001 0.6039808203125 0.6513312640625 0.6034879484375 0.6503310078125 0.6023781500000001 0.646020871875 0.6081337015625 0.6495441828125 0.614762265625 0.654408003125 0.6211785109375 0.660801453125 0.6303116765625 0.6649847671875 0.6393721515624999 0.668566559375 0.64810515625 0.670763028125 0.6515619421875 0.67356785 0.6536541484375 0.6764448234375 0.6544667046875
3 0.736652275 0.55742335625 0.73287834375 0.5630939828125 0.7326072203125 0.5804693140625 0.731652571875 0.6178217375 0.7307487796875 0.6259969671875 0.731271315625 0.629296134375 0.7392938796874999 0.6330983796874999 0.7439822515625 0.633201296875 0.7483440359375 0.6312422359375 0.7507774578124999 0.625783925 0.7535579640625001 0.617311453125 0.755376196875 0.6149097671875 0.7529898187499999 0.5755500625 0.7525044703125 0.5464577921875 0.7493624156250001 0.5283548328125 0.74741355 0.5299317265625 0.7462621578124999 0.533073278125 0.7445608921875 0.5396838484375001 0.7417219015625001 0.546051878125 0.7393537968749999 0.551922584375 0.736652275 0.55742335625
3 0.5334931375 0.60735573125 0.5359577062499999 0.6107700546875 0.540501775 0.6134322734375 0.550170934375 0.6241603234374999 0.5531200578125001 0.6236932281249999 0.5557874125 0.6266526906250001 0.5624109828125 0.6285628078125 0.5697082234375 0.6295207453125 0.5792155984375 0.630551371875 0.5827457421875 0.6354878875 0.587492596875 0.637695246875 0.5896890640625 0.6411520312500001 0.5927103390624999 0.6394052859375 0.599072640625 0.63966581875 0.6048402515625 0.6379068359375 0.607397475 0.6349653656250001 0.609294690625 0.62959198125 0.6089164546875 0.6237335125000001 0.607493146875 0.61127670625 0.6049321109375 0.5985773578125 0.601116384375 0.58142658125 0.5981049640625 0.5641484140624999 0.59624875 0.5593695140625 0.591659865625 0.5512187578125001 0.582200325 0.5383438015625 0.579010434375 0.532085171875 0.5738990125 0.520635246875 0.570114434375 0.5123571 0.5619339015625 0.5144982515625001 0.5514642484375 0.5195384125 0.54159611875 0.524906040625 0.5347560984374999 0.526834875 0.530490778125 0.5380789640625 0.52602950625 0.5480858671875 0.5181413921875 0.5607492328125 0.5240229515625 0.5805320046875 0.5294784390625 0.6063006343749999 0.5334931375 0.60735573125
3 0.6018857296875 0.5567857390625 0.5968571046875 0.5580049359375 0.5977715453125 0.5637784796875 0.600782965625 0.581056646875 0.604664009375 0.5986198218750001 0.607493146875 0.61127670625 0.611532159375 0.622896484375 0.6152855890625 0.622302 0.61683571875 0.6199427765625 0.6195235734375 0.617826096875 0.6232185203125 0.6151271687500001 0.6268998 0.6158123343749999 0.630666896875 0.61183375625 0.6332894359375 0.60930468125 0.6345714640625 0.606987921875 0.6383902109374999 0.6068058328125 0.6405281953124999 0.6081581734375 0.641999340625 0.6087706500000001 0.646020871875 0.6081337015625 0.6503310078125 0.6023781500000001 0.655665715625 0.6082970750000001 0.656679640625 0.606022778125 0.6577140671875 0.5986723406250001 0.6580095046875 0.5918616890624999 0.6565451921875 0.5895571671875001 0.65671683125 0.580229675 0.6566135296875 0.572636696875 0.6545165500000001 0.561132071875 0.6508762734375 0.5502946234375 0.649040559375 0.5404395828124999 0.6439223046875 0.53068170625 0.640457478125 0.5261575859375001 0.6341741609375 0.522925353125 0.6266673 0.5241143234375001 0.621442725 0.5240963328125 0.6198136109375 0.5294272531249999 0.6162219640625 0.5397191609374999 0.6115579078125 0.5501809234375 0.6065087828125 0.5564762609375 0.6018857296875 0.5567857390625
3 0.4286090921875 0.7207754640624999 0.429045809375 0.7287383765625 0.43234583281249994 0.740897940625 0.4331296390625 0.745846690625 0.4492947515625 0.7403272000000001 0.456722628125 0.742109928125 0.467570515625 0.7429282390624999 0.475541428125 0.7429339953125 0.48620019843750006 0.7408230703124999 0.481985734375 0.7228899625 0.478451778125 0.702312628125 0.474484915625 0.6894132 0.4721373125 0.6902077640625001 0.4652388078125 0.69003215625 0.4622312 0.688394809375 0.455463328125 0.68904399375 0.45285445781250006 0.688188975 0.44695621093750004 0.689123165625 0.44253594218750003 0.688977784375 0.4398480875 0.6910944640625 0.4380366890625 0.691804103125 0.43722554999999996 0.6936235374999999 0.43567541875 0.6959827609375 0.433987821875 0.6992092390625 0.431836171875 0.7012409921875 0.43054730937499996 0.705249796875 0.43060579375 0.707354240625 0.42891819531250003 0.71058071875 0.42978098593749997 0.712557771875 0.429702 0.71552946875 0.4286090921875 0.7207754640624999
3 0.7082434531249999 0.69212715625 0.6979211234375 0.6772751453125 0.693906425 0.6762200484374999 0.689826409375 0.674752553125 0.6855952578125 0.6775364078125 0.6825671484375 0.6809752 0.679669675 0.6852387859375 0.673950690625 0.7081271234375001 0.6761988078125001 0.7153803984375 0.6785843921875 0.7217664187499999 0.6927353234375 0.7174114265625 0.706095615625 0.7097997281249999 0.715355390625 0.7057966765625 0.7082434531249999 0.69212715625
2 0.5215326328125001 0.6498332437500001 0.523770103125 0.6431377453125 0.5270731468750001 0.6379644421874999 0.5311873312500001 0.6309717015625 0.5338751859374999 0.628855021875 0.53101188125 0.6246583734375 0.5263888265625 0.62496785 0.5210267843749999 0.6258171140625 0.51511486875 0.6301354 0.5131591703125 0.6334043406250001 0.5103991625 0.636800671875 0.5107842312499999 0.6409670921874999 0.5177070515625 0.6517073796874999 0.5206288406249999 0.658008471875 0.5215326328125001 0.6498332437500001
3 0.5811220296874999 0.722407 0.5793584671875001 0.711272309375 0.576470846875 0.6965109796875 0.5745113328125 0.6841391015625 0.5745455015625 0.675678865625 0.5731601765625001 0.6704026437499999 0.569217628125 0.66806789375 0.5680282531249999 0.6640288609375 0.56742673125 0.6637013921875 0.5642679875 0.6663153937499999 0.564116853125 0.6705667421875 0.5613120312500001 0.6684745359375001 0.5564140421875 0.6705185250000001 0.551639853125 0.6750793515625 0.5485532609375 0.6764137031249999 0.54806870625 0.6802951187499999 0.5439681875 0.683903765625 0.5408162796875 0.6848257203125 0.5360420921875 0.6893865484374999 0.5328180312499999 0.691588153125 0.5312094187499999 0.6918429328125 0.527899540625 0.698708284375 0.53563429375 0.7406028203125 0.55217764375 0.7409417984375 0.5640394546875 0.7394858140625 0.5783931703125 0.7346759609375 0.583762046875 0.73213465 0.5811220296874999 0.722407
3 0.45870026406250003 0.6504846078125001 0.46080407812499996 0.660297184375 0.4649737265625 0.6727417546875001 0.4726287 0.6846343 0.477107453125 0.686884125 0.4860133078125 0.68758728125 0.5053819796875 0.6849423265625 0.5157141640625 0.680769421875 0.523162540625 0.6774760093750001 0.5239425328125 0.6667839421874999 0.52096909375 0.6566863578125 0.5220756718749999 0.64805626875 0.5255230171874999 0.6403236640625 0.5325278421874999 0.630759384375 0.5346794921875 0.6287276328125 0.5294784390625 0.6063006343749999 0.5240229515625 0.5805320046875 0.5166839140625 0.5567526625 0.51092996875 0.5551275515625 0.5041309468749999 0.5469041046875 0.49559951562500004 0.5364185984375001 0.4797814890625 0.538923928125 0.46181864375000004 0.5417689625000001 0.45001531562499997 0.545329390625 0.45257635 0.5580287390625001 0.453704221875 0.577296196875 0.45404145468749996 0.5933069484375 0.45144322968750006 0.606400703125 0.45517314062500003 0.628215225 0.45870026406250003 0.6504846078125001
3 0.5358302453125 0.7418400078125 0.5284357453124999 0.6986233578125 0.526672184375 0.6874886671875 0.5238225437499999 0.679907921875 0.52013443125 0.6809148031250001 0.5127582046875 0.6829285656249999 0.5053819796875 0.6849423265625 0.4860133078125 0.68758728125 0.477107453125 0.686884125 0.474484915625 0.6894132 0.478451778125 0.702312628125 0.481985734375 0.7228899625 0.48620019843750006 0.7408230703124999 0.4977149234375 0.7423812453124999 0.5183382875 0.7441877203125 0.5358302453125 0.7418400078125
3 0.6785843921875 0.7217664187499999 0.6722972640625 0.7028933671875001 0.6648655734375 0.68546981875 0.6620022671875 0.6812731703125 0.6599880859375 0.682437665625 0.6585754234375 0.6839296328125 0.6561556703125 0.68600385 0.6530037625 0.6869258031250001 0.6495769171875 0.68958226875 0.642619928125 0.68730221875 0.634137125 0.69794606875 0.629899140625 0.7024219703125001 0.634079434375 0.7288153109375 0.6401804671875 0.7274262609375 0.649890628125 0.7280020296874999 0.661353703125 0.7257637156250001 0.6704691765625 0.7243199671875 0.6785843921875 0.7217664187499999
3 0.579286315625 0.712551959375 0.5810498765625 0.72368665 0.5827686234375 0.7293328046875 0.58488610625 0.7357612875 0.59379879375 0.734772396875 0.6111532828125 0.7332919390625 0.6239500359375 0.73253335625 0.6283703046875 0.7326787375 0.6307900578125001 0.7306045218749999 0.634079434375 0.7288153109375 0.6282730453125 0.6904200234375 0.627451259375 0.6782906875 0.6254849124999999 0.6676108562499999 0.6237593328125 0.6636567484375 0.620627925 0.6595025625 0.6156129671875 0.6573376640624999 0.611185865625 0.65888433125 0.6075767375 0.6569195140625 0.60476508125 0.6565193546875 0.6023521625 0.6569015234375 0.5986708828125 0.6562163578125 0.59525770625 0.655488728125 0.5903733828125 0.6541486234375 0.5864240015625 0.6535059203125 0.5824024703124999 0.6541428687499999 0.5763599203124999 0.6576363609375 0.570179903125 0.661997109375 0.5693482624999999 0.6688926859375 0.5733561265625 0.6716398328125 0.574408034375 0.676546121875 0.574707284375 0.6853762890625 0.5766667984375 0.6977481671875 0.579286315625 0.712551959375
3 0.3476315921875 0.7196505796875 0.3527392015625 0.7154596843750001 0.358056428125 0.709121884375 0.3579941328125 0.6913766203125 0.35135308125 0.6772097765625 0.3452687375 0.6578818671875 0.343302390625 0.647202034375 0.33103119531249997 0.6339269187500001 0.3220941921875 0.6243511296875 0.319309871875 0.6171827828125 0.3108437546875 0.6071096703125 0.3067637390625 0.6056421765625 0.30011966874999996 0.6088082 0.3035229921875 0.62856074375 0.312168371875 0.660588003125 0.33154165 0.706557553125 0.3338755859375 0.7091470828124999 0.341073340625 0.7181528593750001 0.3476315921875 0.7196505796875
3 0.3267294796875 0.703937796875 0.32783605625 0.6953077078125001 0.3182079 0.6744273765625 0.312168371875 0.660588003125 0.308091375 0.641787640625 0.3030179375 0.6375183015625 0.2933282765625 0.6318663921875001 0.28665305625 0.626159784375 0.2819578515625 0.6277489140625 0.29097463437500004 0.667326690625 0.2970901265625 0.6955272328125 0.3100798109375 0.7133387046874999 0.316892496875 0.71817805625 0.32140541875 0.7119676453125 0.3267294796875 0.703937796875
3 0.705964828125 0.5597473234375 0.7018574765625 0.5650480171875001 0.7049790312499999 0.58822711875 0.7044124703125 0.6124130984375 0.7034745109375 0.6290485625 0.7100639125 0.6394189171875 0.7156014046875 0.64488298125 0.7186090109375 0.6465203296875 0.7245930781250001 0.64092239375 0.7285249781250001 0.6293083703125 0.731652571875 0.6178217375 0.7325487374999999 0.5783648703125001 0.7335725171874999 0.5570656609375 0.732090725 0.5425044109375 0.7293230921875 0.514619103125 0.7254975109374999 0.5164932390625 0.720585853125 0.5219213218750001 0.7153066078125 0.53543970625 0.7131207875000001 0.545931696875 0.7096081265625 0.55325190625 0.705964828125 0.5597473234375