3 0.42829104687499997 0.523107259375 0.42189979843750003 0.523330875 0.419821390625 0.5283191015625001 0.418937778125 0.5290002171875 0.420479403125 0.540415796875 0.42565088281249996 0.5495977296875 0.4369175765625 0.5657446078125 0.4514877828125 0.579721271875 0.46635402031249995 0.5865093765625 0.48025106093750003 0.58482678125 0.4875357359375 0.5752610515625001 0.48521572187500006 0.5563563984375001 0.4847333625 0.54167876875 0.48668605937500004 0.5290746015625001 0.486776128125 0.517341853125 0.47920972031250003 0.5045505796875001 0.47233611406250003 0.4900965640625 0.4680883734375 0.478697640625 0.465678290625 0.4715257390625 0.45988444062499995 0.4695957984375 0.454105746875 0.47122842187499997 0.45262473593749997 0.4740630921875 0.44935153124999994 0.48335843125 0.444215696875 0.49352518593749994 0.43802059531250004 0.5069539921875 0.4331005421875 0.5130039375 0.43186561875 0.5188469234374999 0.42829104687499997 0.523107259375
3 0.4865906546875 0.5285837890625 0.48490901875 0.5390978328125 0.48427149375 0.5427872625 0.4849696328125 0.5533480843749999 0.48531112500000007 0.5568472125 0.48996545625000004 0.565110953125 0.49713509218749996 0.5723764078125 0.5063733203125 0.5833146375 0.5161786390625 0.5849741859375001 0.528945978125 0.5809643906249999 0.5376465687499999 0.5751983 0.5410954296875 0.5633220265625 0.5430481265625 0.550717859375 0.5445541078125 0.5427847515625001 0.5450659203125 0.5314793812499999 0.538820021875 0.5219969359375 0.53506445625 0.51661464375 0.5314141140624999 0.5030621656250001 0.5213725250000001 0.48973330156249995 0.5151819046874999 0.48227754375 0.5097946453125 0.477212421875 0.5060542359375 0.4753926921875 0.5015407703125 0.4783074546875 0.4972484234375 0.48932896875000004 0.49280539218749997 0.49783298125000003 0.48943678124999995 0.5066375062499999 0.486108296875 0.5139061578125 0.486314259375 0.518450346875 0.4865906546875 0.5285837890625
3 0.6659265328124999 0.304752478125 0.6828961515625 0.30145391875 0.689051128125 0.2895609875 0.6921834671875 0.269087146875 0.6882469109375 0.2540622265625 0.6783756421875 0.22592886406249998 0.6641112828125 0.196102640625 0.6554303296875 0.18454672968750002 0.639394265625 0.1769673 0.6323753109375 0.1722193453125 0.6254116375 0.1694980796875 0.6132416984375 0.17135431875 0.6077090921875 0.17599525625 0.6007355999999999 0.18193499062500001 0.5957049875 0.183931559375 0.5928784968749999 0.188555840625 0.5935668187500001 0.2077776625 0.5916694015624999 0.22240851562500003 0.5897818 0.22837837031250002 0.600903146875 0.254231309375 0.6141180562499999 0.2786585828125 0.6207553906250001 0.28144328281250003 0.6445032109375 0.292107925 0.6536059078124999 0.3040912140625 0.6659265328124999 0.304752478125
3 0.580138484375 0.4732167734375 0.5848026328125 0.4728195125 0.5911537546875001 0.47413177187500005 0.59482906875 0.4825858125 0.5983991609375 0.49921004062499996 0.6086565296875001 0.5084220937499999 0.616925559375 0.510889625 0.6281815796875 0.502589375 0.6405218390625 0.4859286390625 0.6517172453125 0.4633781375 0.6533587578125 0.45439996875000005 0.6446573124999999 0.4270579328125 0.634720946875 0.40555888281249997 0.62669266875 0.3938761046875 0.6112843109375 0.39126824375 0.59967164375 0.3925068015625 0.5870549875 0.399034096875 0.5807742984375001 0.4033110890625 0.5748502578125 0.4146497734375 0.5718231390625 0.42695342812500003 0.5724009015625 0.44212187187499996 0.57451495625 0.45648233437499997 0.57726653125 0.46715336562500004 0.580138484375 0.4732167734375
3 0.5917280984375 0.35686771093749997 0.5954738453124999 0.37091100312499997 0.6015440890625 0.38297438437500003 0.6148740390625 0.390570471875 0.6276315593749999 0.39522167812500003 0.63963118125 0.4081699375 0.66092879375 0.41319855156249996 0.669860315625 0.4068782140625 0.6766777875 0.3861974140625 0.677962653125 0.370157553125 0.671274521875 0.3444616015625 0.6633915906250001 0.3230727625 0.653184165625 0.303663834375 0.644176871875 0.2921713578125 0.632438490625 0.2857939765625 0.6229042328125 0.28204430625 0.6139976796875 0.2832662078125 0.6038312328125001 0.29542953125000004 0.595878725 0.3015595671875 0.5901053671875001 0.31541575312500003 0.5900456078125 0.334273628125 0.59122076875 0.3472885171875 0.5917280984375 0.35686771093749997
3 0.5360987515625 0.5184510312499999 0.5453521328125001 0.5329518234374999 0.5604296718749999 0.5565076796875 0.57728873125 0.54915574375 0.5889513421875 0.5377203125000001 0.5952917906249999 0.5145854453125 0.5973648640625 0.4973736546875 0.59482906875 0.4825858125 0.591575496875 0.47455915156249995 0.584707228125 0.4723286984375 0.5791594671875 0.473407075 0.5685204796875001 0.4622317671875 0.562711478125 0.4567392640625 0.5568222265625 0.4543185109375 0.550948128125 0.45546031875 0.545741859375 0.46003782343750005 0.5406862765625 0.46713282968750003 0.5367755468750001 0.4801175984375 0.5349182531250001 0.4932125796875 0.53243325625 0.5013359890625 0.5332669250000001 0.5108517484374999 0.5360987515625 0.5184510312499999
3 0.230850075 0.3297278484375 0.23758814843749998 0.345226925 0.24444660156250003 0.3561183765625 0.24964305000000003 0.360201871875 0.2555171484375 0.3590600640625 0.26334928125 0.3575376515625 0.267706725 0.339881825 0.27470518906249997 0.32884365312499997 0.2857855546875 0.3231243390625 0.294882915625 0.322884065625 0.2983371140625 0.32323135468749997 0.29919041874999996 0.3154251140625 0.2915990375 0.307732278125 0.278891459375 0.2928841984375 0.270155225 0.27930160000000004 0.26500871875 0.265021228125 0.263401996875 0.260239959375 0.23232403750000002 0.2484533609375 0.22492880468749998 0.25396571562500003 0.22136938437499998 0.2617886140625 0.220697071875 0.27923748125 0.221274834375 0.2944059265625 0.22438305781249998 0.31213864999999996 0.230850075 0.3297278484375
3 0.3062529140625 0.4510697 0.31260851875 0.43149739531250003 0.3229006765625 0.42695000937499994 0.33632069375 0.4228133484375 0.34296784687500004 0.41693704687500005 0.3430222703125 0.38585560937499996 0.3404160421875 0.365478515625 0.33479251250000003 0.348744078125 0.32835580468750003 0.33828000468749997 0.3154475984375 0.33111129687499996 0.30207752499999996 0.32505108437499997 0.29315581874999996 0.322710421875 0.2857855546875 0.3231243390625 0.2744742546875 0.3293979 0.2678021296875 0.3403726375 0.26220976406249996 0.3638714515625 0.263435721875 0.3997975921875 0.2701238546875 0.4254935421875 0.28272621249999996 0.4485118109375 0.296111440625 0.4581345859375 0.3062529140625 0.4510697
3 0.358429565625 0.5417805390625 0.364630003125 0.5405752953125 0.36436876093750004 0.5340044171875 0.3555371234375 0.5199310046875001 0.3549343875 0.5098609984375 0.3567818625 0.5054270187500001 0.366150284375 0.5030966234375 0.3815836140625 0.500606046875 0.38632267656249997 0.4849134734375 0.38616665625 0.47017240937500004 0.3822399171875 0.4464864890625 0.37958374687499996 0.43630627187500004 0.3730115078125 0.42688725937500005 0.3625633296875 0.41669357968750004 0.3451568125 0.41600219687499995 0.343429715625 0.4158285515625 0.33501533906250003 0.42306708281249994 0.31260851875 0.43149739531250003 0.30794970625 0.4441182171875 0.3082510734375 0.44915322187499995 0.3117007890625 0.4703850734375 0.3175605890625 0.498788828125 0.32054309999999997 0.5089056125 0.33180979375 0.5250524890625 0.3439449453125 0.5369556875 0.358429565625 0.5417805390625
3 0.427930771875 0.5700382562499999 0.431284228125 0.55767116875 0.42429024843749996 0.5478247781250001 0.4207103375 0.53986155 0.41870684375 0.5295544640625 0.42157345937499996 0.523394309375 0.42829104687499997 0.523107259375 0.43223208281250003 0.517247615625 0.4283356515625 0.5006868203125 0.42347535937499997 0.48787889062499995 0.421170496875 0.47253680156250005 0.419197309375 0.46935484218749995 0.40846825468750003 0.469912284375 0.39621806249999997 0.47484027187500005 0.3865937359375 0.48282335156249995 0.3865134859375 0.48589510156250004 0.3817744234375 0.5015876734375 0.371045365625 0.5021451156250001 0.3567818625 0.5054270187500001 0.3538198421875 0.5110963609375 0.3561898015625 0.5198041375 0.36967576874999997 0.5421412890624999 0.394041478125 0.5664385015625 0.404760715625 0.5745420593749999 0.41448578437499994 0.57927335625 0.42333705625 0.57602476875 0.427930771875 0.5700382562499999
0 0.261145159375 0.3549099390625 0.26099447656249997 0.3523924375 0.25790674375 0.350445840625 0.255637525 0.3544524390625 0.25582833437499997 0.3554340671875 0.2577462421875 0.3565893390625 0.25914700156250003 0.3568264171875 0.261145159375 0.3549099390625