3 0.537539540625 0.1052647390625 0.5545024390625 0.1183324796875 0.567064815625 0.1205776453125 0.5817369375 0.11498850468749999 0.595950903125 0.10566798749999999 0.610623025 0.10007884687499999 0.619243034375 0.0952328109375 0.6248369890625 0.0907583296875 0.6264885796875 0.079192646875 0.6241978031250001 0.0605357640625 0.616771225 0.050084740625 0.5942143718749999 0.041491481250000004 0.5721156734374999 0.036629596874999996 0.5469909187499999 0.0321392671875 0.5374545984375 0.029522549999999998 0.50976194375 0.0291351484375 0.5020582453125 0.0414439375 0.5034327109375 0.052638067187500005 0.5057234890625 0.07129495 0.510124009375 0.0821175265625 0.5201184875 0.0884656203125 0.537539540625 0.1052647390625
0 0.7995906265625 0.3382230765625 0.7939966703125 0.342697559375 0.7914287718749999 0.34680048750000003 0.7893190265625 0.35463479375 0.7923450828124999 0.35426324062500003 0.79491298125 0.3501603109375 0.7974808828125 0.3460573828125 0.8005069375 0.3456858296875 0.8039911484375001 0.349045653125 0.804449303125 0.3527770296875 0.8079335140625 0.356136853125 0.81352746875 0.35166237031250003 0.809585103125 0.3445711703125 0.8061008921875 0.341211346875 0.7995906265625 0.3382230765625
3 0.7861007921875001 0.45350834687499997 0.8030636890625 0.46657608906250003 0.818652121875 0.46844970156250004 0.8428605640625 0.465477278125 0.8666108515625 0.458773478125 0.8752308624999999 0.45392744374999994 0.8789921968750001 0.43452745468750004 0.8853214296875 0.4110245375 0.8790882859375 0.3852764546875 0.8707453984375 0.367362678125 0.8568085546875001 0.3539233828125 0.8403038125 0.34458701875000003 0.8351680125 0.3527928765625 0.8174698359375 0.3587535703125 0.7841832265625001 0.362840653125 0.778131115625 0.36358375781249996 0.7639171515625 0.372904275 0.7536455515625 0.3893159921875 0.752910271875 0.40834442812500005 0.75822710625 0.42662975937500003 0.7721639484375 0.44006905312500005 0.7861007921875001 0.45350834687499997
3 0.8485171656249999 0.7867313625000001 0.8615376984375 0.7927079046875 0.8766679765625 0.7908501390625 0.8883140421875 0.7856325515625 0.9020698515625 0.7725806578125 0.9202261843749999 0.770351340625 0.9348983046875 0.7647622000000001 0.9456280609375 0.7520818593749999 0.9498475484375 0.736413246875 0.9501246734375 0.7136534359375 0.9455431187500001 0.6763396703125 0.9397681296875 0.6543229640625 0.9318833968750001 0.6401405640625 0.923998665625 0.6259581640625 0.9109781328125001 0.6199816218749999 0.90098365625 0.613633528125 0.89841575625 0.6177364578125 0.881633890625 0.6311599046875 0.864852025 0.64458335 0.8471538484375 0.65054404375 0.8350496265625 0.65203025625 0.82248725 0.649785090625 0.8096477500000001 0.6702997374999999 0.8007506171875001 0.697905584375 0.79836375 0.728499703125 0.8111071593749999 0.75723605625 0.8280700578125 0.7703037968750001 0.8485171656249999 0.7867313625000001
3 0.651698275 0.159425165625 0.6607764421875 0.1583105078125 0.6784746187499999 0.1523498140625 0.6926885828125 0.143029296875 0.7078188609375 0.14117153124999998 0.7124965046875 0.12923429687500002 0.7106638828125 0.1143087890625 0.7118573171875 0.09901173125 0.6944362625 0.0822126125 0.67793151875 0.0728762484375 0.6584007203125 0.06391143593750001 0.6428122890625 0.06203782343749999 0.6355667453125 0.0780779875 0.62877935625 0.097849528125 0.6271277671875 0.1094152109375 0.6324446 0.127700540625 0.6442716984375 0.1489741421875 0.651698275 0.159425165625
3 0.30710117812500004 0.12977138125 0.3115017015625 0.1405939578125 0.32241248749999996 0.1544048046875 0.332406965625 0.1607528984375 0.3545056640625 0.1656147828125 0.3666098859375 0.16412857187500002 0.374771740625 0.1555511578125 0.3836688734375 0.12794531250000002 0.3883465171875 0.1160080765625 0.3855975859375 0.09361981875 0.38422311875 0.0824256890625 0.382848653125 0.071231559375 0.37588023125 0.0645119125 0.37239602031249996 0.061152087499999994 0.3628596984375 0.058535368750000004 0.343051778125 0.0723303703125 0.3232438578125 0.0861253703125 0.312055946875 0.095074334375 0.304352246875 0.10738312187500001 0.30526855625 0.11484587500000001 0.30710117812500004 0.12977138125
3 0.14426649375 0.9300169374999999 0.171500990625 0.9266729609375 0.1901154796875 0.9281750203125 0.20432944375 0.9188545031249999 0.22111130937499998 0.90543105625 0.23743502031250002 0.8882762328125 0.246790309375 0.8644017609375 0.243125065625 0.83455075 0.2364337671875 0.805071290625 0.212502446875 0.7852839015625 0.20434059218749998 0.7938613140624999 0.189210315625 0.795719078125 0.1761897828125 0.7897425359375 0.1627110953125 0.7800346171875 0.15271661875 0.7736865234375 0.143180296875 0.77106980625 0.133643975 0.7684530875 0.1215397546875 0.7699393 0.1159457984375 0.77441378125 0.11080999843749999 0.782619640625 0.11144918749999999 0.81284220625 0.1155725859375 0.8464245937499999 0.1192378296875 0.8762756062499999 0.1245546609375 0.8945609359375 0.13124596093750002 0.9240403953125 0.14426649375 0.9300169374999999
0 0.1801655921875 0.42185416875000004 0.1931861234375 0.42783071093749997 0.218310878125 0.43232104062500004 0.23178956562500003 0.44202895781249996 0.2513203640625 0.4509937703125 0.2569143203125 0.4465192875 0.271128284375 0.4371987703125 0.272779875 0.42563308906249997 0.270947253125 0.41070758281249997 0.2630625203125 0.3965251828125 0.2586619984375 0.38570260625 0.248667521875 0.3793545109375 0.235646990625 0.37337796875 0.22308461249999997 0.3711328046875 0.207038025 0.36552781562500003 0.1909914375 0.35992282656249996 0.1763193171875 0.3655119671875 0.168615615625 0.37782075625 0.161828228125 0.3975922984375 0.167145059375 0.41587762812499995 0.1801655921875 0.42185416875000004
3 0.7316429421875 0.3352031109375 0.7520900515625 0.351630675 0.7776729609374999 0.35985238124999996 0.8174698359375 0.3587535703125 0.8321419562499999 0.3531644296875 0.8428717109375 0.3404840890625 0.8466330453124999 0.3210841015625 0.8459938578124999 0.290861534375 0.8402188687500001 0.2688448296875 0.8288499265624999 0.25130260625 0.8218815046874999 0.2445829578125 0.80491860625 0.23151521718749998 0.769522253125 0.2434366046875 0.746230121875 0.25387177968749997 0.72944825625 0.26729522656250004 0.7196348109375 0.2874383203125 0.7163316328125 0.310569684375 0.7316429421875 0.3352031109375
0 0.2138254140625 0.345756275 0.2086896140625 0.3539621328125 0.215658034375 0.36068177968750004 0.2342725234375 0.36218383906249996 0.2498609546875 0.3640574515625 0.26242333125 0.3663026171875 0.27150149843750004 0.3651879578125 0.2740693984375 0.361085028125 0.2722367765625 0.3461595234375 0.2673781 0.3316055703125 0.27205574375 0.31966833437500003 0.270223121875 0.30474282812500003 0.26884865625 0.2935487 0.26536444531250003 0.2901888765625 0.262338390625 0.290560428125 0.259312334375 0.29093198125 0.2583960234375 0.2834692296875 0.2549118140625 0.2801094046875 0.24629180156250002 0.284955440625 0.24418205781250002 0.2927897453125 0.23996256875 0.30845835781250003 0.2348267703125 0.316664215625 0.22666491406249997 0.325241628125 0.22152911406250003 0.3334474859375 0.2138254140625 0.345756275
3 0.18411910625 0.3039521796875 0.1868680375 0.3263404390625 0.192184871875 0.34462576875 0.202637503125 0.3547052390625 0.21217382499999998 0.35732195624999996 0.2312464671875 0.3625553921875 0.24380884531250002 0.3648005578125 0.2684754421875 0.3655595109375 0.28617361875 0.35959881718750003 0.2947936296875 0.35475278125 0.30295548437500003 0.3461753703125 0.31111734062499996 0.337597959375 0.3153368296875 0.321929346875 0.31698841718750004 0.310363665625 0.314697640625 0.2917067828125 0.30681290781250004 0.27752438281249997 0.2963602765625 0.2674449109375 0.2893918546875 0.2607252640625 0.27728763437500004 0.262211475 0.2642671015625 0.2562349328125 0.2577568359375 0.2532466625 0.2377678828125 0.2405504734375 0.228231559375 0.23793375625 0.21401759375 0.2472542734375 0.197235728125 0.2606777203125 0.1843962296875 0.28119236718749996 0.18411910625 0.3039521796875
3 0.12834943906250001 0.50018138125 0.1297239046875 0.511375509375 0.1280723171875 0.5229411921875 0.1233946703125 0.5348784281250001 0.124033859375 0.5651009921875 0.129350690625 0.5833863218750001 0.13980332499999998 0.5934657921875 0.1541983234375 0.6106364640625 0.16465095624999998 0.620715934375 0.181613853125 0.6337836765625 0.198576753125 0.6468514171875 0.21159728437499997 0.6528279593749999 0.23883178124999999 0.6494839828125001 0.2525875921875 0.6364320890624999 0.26542709375 0.6159174421875 0.2691884265625 0.5965174546875 0.272949759375 0.577117465625 0.27927899218749996 0.5536145484375 0.27561375 0.5237635359375 0.26727086093749997 0.505849759375 0.2593861296875 0.49166735937499995 0.24196507500000003 0.47486824062500005 0.22802823125 0.461428946875 0.21803375625000002 0.45508085156250005 0.20198716718749998 0.4494758640625 0.170810303125 0.4457286390625 0.15870608125000002 0.44721485000000005 0.15054422812499998 0.4557922625 0.1367884171875 0.46884415625000003 0.132110771875 0.48078139062499997 0.12834943906250001 0.50018138125
3 0.77261095625 0.56879361875 0.7779277890625 0.5870789484375 0.78764514375 0.6161868546875 0.8055243515624999 0.63671735 0.8350496265625 0.65203025625 0.8471538484375 0.65054404375 0.8678780796875 0.6442117984375 0.881633890625 0.6311599046875 0.8953897015625 0.6181080109375 0.9151976218750001 0.6043130109375 0.9224431671875 0.5882728453125 0.9266626562500001 0.5726042328125 0.9204295124999999 0.5468561515625 0.9176805796874999 0.5244678921875 0.9209837578125001 0.501336528125 0.9121827140625 0.4796913734375 0.900813771875 0.46214915 0.8877932390625001 0.4561726078125 0.8752308624999999 0.45392744374999994 0.8666108515625 0.458773478125 0.8549647859375 0.463991065625 0.8398345078125 0.46584883125000004 0.8216781765625001 0.4680781484375 0.8095739546875 0.46956435937499996 0.7988442 0.4822447 0.7855465453125 0.4990279703125 0.774816790625 0.5117083109375 0.7680294015625 0.531479853125 0.7672941234375 0.5505082890625 0.77261095625 0.56879361875
3 0.42209128281249997 0.11565237187499999 0.434653659375 0.1178975359375 0.4549197359375 0.10783391406250001 0.47261791249999996 0.10187322031249998 0.486831878125 0.092552703125 0.4980197875 0.0836037375 0.5026974328125 0.071666503125 0.5008648109375 0.056740996875000005 0.49508982343749997 0.034724289062500004 0.48766324687499996 0.024273265625000002 0.46345480468750005 0.0272456890625 0.43016819531249995 0.0313327703125 0.4033918515625 0.038408123437500004 0.3917457859375 0.0436257109375 0.38101603125 0.0563060515625 0.38330680781250004 0.0749629359375 0.388623640625 0.093248265625 0.39256600625 0.100339465625 0.3990762734375 0.1033277359375 0.40907075 0.1096758296875 0.42209128281249997 0.11565237187499999
3 0.220346828125 0.22375135625000003 0.2307994609375 0.23383082656249998 0.2347418265625 0.2409220265625 0.24125209218750002 0.24391029843749998 0.254272625 0.24988683906250003 0.2647252578125 0.259966309375 0.273803421875 0.2588516515625 0.2828815890625 0.2577369921875 0.2880173890625 0.24953113437500002 0.303147665625 0.24767337031249997 0.31176767656250004 0.24282733437499998 0.3138774203125 0.23499302968750002 0.3190132203125 0.2267871703125 0.3171805984375 0.2118616640625 0.31580613125 0.200667534375 0.313973509375 0.1857420296875 0.309114834375 0.17118807656249999 0.30123010156249996 0.157005675 0.2942616796875 0.150286028125 0.2872932578125 0.1435663796875 0.2777569359375 0.14094966250000002 0.2570327046875 0.14728190937500002 0.23768293906250001 0.164808284375 0.22741133906250002 0.1812200046875 0.21457184062499998 0.20173465 0.21594630625 0.21292877968749999 0.220346828125 0.22375135625000003
0 0.17041479531249998 0.7677258296875 0.17646690625 0.7669827234375 0.1829771734375 0.76997099375 0.185545071875 0.765868065625 0.18857112812500001 0.7654965125000001 0.1915971828125 0.765124959375 0.1846287609375 0.7584053125 0.17811849531249999 0.7554170421874999 0.172066384375 0.756160146875 0.168582175 0.7528003234375 0.1650979625 0.7494405000000001 0.1590458515625 0.75018360625 0.1569361078125 0.7580179109375 0.1639045296875 0.764737559375 0.17041479531249998 0.7677258296875
3 0.7262411671875 0.2411755921875 0.7409132890625 0.2355864515625 0.7655798875000001 0.23634540468749998 0.7802520078125 0.2307562640625 0.79400781875 0.21770437031249998 0.7982273078125 0.20203575625 0.7919941640625 0.176287675 0.7831931203125 0.154642521875 0.7692562781250001 0.1412032265625 0.7457831140625 0.125147215625 0.7336788921874999 0.1266334265625 0.716438871875 0.136325496875 0.7066254265625 0.15646859062500001 0.69681198125 0.17661168437500002 0.696993015625 0.203102871875 0.7062522140625 0.228479403125 0.7262411671875 0.2411755921875
3 0.10164689062500001 0.7079921109375 0.1004534578125 0.7232891703125001 0.103202390625 0.745677428125 0.108519221875 0.7639627578125 0.1241076546875 0.7658363703125 0.1275918640625 0.76919619375 0.13410213124999998 0.7721844640625 0.1562008296875 0.777046346875 0.1796739953125 0.7931023609375 0.188752159375 0.7919877015625 0.2013145359375 0.7942328671875 0.215528503125 0.7849123484375 0.2353364234375 0.7711173484375 0.2486340796875 0.7543340781250001 0.25542146718750003 0.7345625375 0.25964095625 0.7188939265625 0.260376234375 0.6998654906249999 0.25643386874999996 0.692774290625 0.24506492500000002 0.675232065625 0.23112808281250002 0.661792771875 0.2211336046875 0.6554446765625 0.21159728437499997 0.6528279593749999 0.20160280625000002 0.646479865625 0.1850980640625 0.6371435 0.17464543125 0.6270640296875001 0.16116674375 0.6173561109375 0.1516304234375 0.6147393937500001 0.130906190625 0.6210716406250001 0.1171503796875 0.634123534375 0.11036299218750001 0.653895075 0.1096277125 0.672923509375 0.1084342796875 0.68822056875 0.10164689062500001 0.7079921109375