3 0.24282056875000002 0.32816505625 0.261272459375 0.346226103125 0.273958328125 0.3485991234375 0.29152550625 0.3428922984375 0.2960248203125 0.3389615703125 0.300537925 0.33248136875 0.3052351328125 0.3252013453125 0.30820126718749996 0.3116361484375 0.31671616406249997 0.299539175 0.323308803125 0.286287775 0.3218166203125 0.2751172625 0.316485871875 0.275644096875 0.3117070515625 0.279883834375 0.30083424375 0.2807238984375 0.29611729531250003 0.276547196875 0.2901805859375 0.26522189687500003 0.2890771046875 0.25168371562499997 0.290128065625 0.23263317187500002 0.2929652625 0.209669909375 0.295065671875 0.1960183140625 0.2935392 0.18816529531249998 0.28197844375000003 0.1802253125 0.25898624375 0.16763103906250001 0.248004621875 0.16441738749999998 0.23465054218749998 0.1647210453125 0.22567241249999997 0.17181447968750002 0.21158154843750002 0.181429803125 0.20566382499999997 0.193785975 0.2045651625 0.2125911140625 0.2076922578125 0.24178073125 0.2116314234375 0.25680514374999996 0.22357937187500002 0.286826953125 0.236808953125 0.315580921875 0.24282056875000002 0.32816505625
3 0.7840427796875 0.47636789375 0.8173435765624999 0.4625091796875 0.8355048125 0.4406420921875 0.8473465875 0.42382357031250006 0.851260815625 0.40116031249999995 0.8496668984375001 0.3816051640625 0.8477394453124999 0.3542197921875 0.8425536906250001 0.3249209796875 0.8331548375000001 0.3010253359375 0.8243962312500001 0.28566433125 0.812194846875 0.27530208125 0.80398033125 0.28020965000000003 0.8026435359375 0.29167538125000003 0.7993088187499999 0.312952596875 0.7882507765625 0.3329296046875 0.771262734375 0.34336276250000003 0.7567082578125001 0.3540869203125 0.7367824171875 0.36076158281250004 0.720054515625 0.35331663281250003 0.715499659375 0.3735576234375 0.7224444453125 0.397930290625 0.7328111359375 0.4241845984375 0.7554615796874999 0.45161669531250004 0.7712957968749999 0.470186565625 0.7840427796875 0.47636789375
0 0.8625898671875 0.738954865625 0.8634078921875 0.7387958578125 0.863073975 0.7370780109374999 0.8626923578125 0.73511475625 0.8623312359374999 0.7323834796875001 0.8614383078125 0.7312836515625001 0.86059308125 0.73042923125 0.859754559375 0.731356259375 0.8595976625 0.7331695125000001 0.859624865625 0.734182940625 0.8607086046875001 0.7362643953125 0.8617446421875 0.73810044375 0.8625898671875 0.738954865625
3 0.12296193124999999 0.647909775 0.12709114999999999 0.6761405609375 0.13452675 0.7004178234375 0.15549306875 0.7340349015625 0.1669848703125 0.754722246875 0.1797784234375 0.7794861046875 0.1968327796875 0.7990921984375 0.20870733281249998 0.803405678125 0.22619251875000002 0.8007709390625 0.243760453125 0.782839365625 0.25190006249999997 0.7766729609375 0.26722447968749996 0.7716567624999999 0.282255596875 0.769499046875 0.2899733484375 0.750680684375 0.2949437328125 0.7351978265625 0.295803884375 0.7151656546875 0.300352034375 0.6931432125 0.298383584375 0.6672938859374999 0.2973691796875 0.6463526953125001 0.293505296875 0.62647474375 0.287473559375 0.60854625625 0.276752078125 0.5874544968750001 0.26683445 0.5748655765625 0.26065176874999996 0.5727565375 0.24759731562499998 0.5780955375 0.23180258281250002 0.58243911875 0.209715971875 0.5867323203125 0.19546225781249998 0.5841547 0.18323366875 0.5727790203125 0.169553515625 0.5548091609375 0.15086198125 0.5538582015625 0.1355375640625 0.5588744 0.1306215875 0.576384115625 0.1259441234375 0.5951208640625001 0.1229295296875 0.6206654015625 0.12296193124999999 0.647909775
3 0.6689965812499999 0.24787162343750002 0.686583878125 0.24750915 0.6994132328125 0.24450601718749998 0.7103136203125 0.238567009375 0.718187890625 0.22404776875 0.7215017328125 0.209650946875 0.7207183765625 0.2003800859375 0.7156682671875 0.182260790625 0.710454175 0.17028566875 0.694116109375 0.1421359296875 0.6834285390625 0.1238390484375 0.67260456875 0.10658739843750001 0.66522970625 0.09223081718750001 0.6548618828125 0.0843136296875 0.6408470578125 0.07685066874999999 0.6250799078125 0.0760953046875 0.6167834015625 0.08407496249999999 0.6112607109375 0.101957290625 0.6111097625 0.11777674062500001 0.61181150625 0.12400731406250001 0.6259824734375 0.1418817703125 0.630330840625 0.1537704921875 0.625449153125 0.1679627125 0.6032395546875 0.17686404687499999 0.6019508390625 0.1824628109375 0.603844759375 0.200940928125 0.611614275 0.22693603750000002 0.622213525 0.2404111828125 0.6473258765625001 0.2508105859375 0.6689965812499999 0.24787162343750002
3 0.1643327171875 0.5410525890625 0.1724574 0.5557727781249999 0.18576935 0.575342284375 0.1944262203125 0.5823186515625001 0.20908205156249998 0.5860915046875 0.23558598593750002 0.5809396625 0.2597793359375 0.5708886890625 0.27028469374999997 0.5594235249999999 0.282133175 0.5443864546875 0.28653113124999996 0.5259587156250001 0.2874393625 0.5000595765625 0.28437300625 0.480790640625 0.28104055625 0.4653936140625 0.2768282109375 0.4585720359375 0.27117771562500004 0.4487191765625 0.262438096875 0.4570396453125 0.253759971875 0.4630560484375 0.23324829062500002 0.46322292656249997 0.2036027140625 0.453959371875 0.18955397812500002 0.44370153281249997 0.1815384890625 0.42692268437500003 0.178450878125 0.4206465171875 0.15466672812499999 0.42756180156249995 0.1474397921875 0.446284759375 0.145038621875 0.47323813281250005 0.1487113171875 0.4982468296875 0.151191834375 0.5110079828125 0.1643327171875 0.5410525890625
3 0.8325269671875001 0.64369086875 0.846494846875 0.6386836765624999 0.8626369078125 0.6396208437500001 0.8938097109375001 0.64451266875 0.909345434375 0.6397100765625 0.9173013187500001 0.6282311218750001 0.9200971421874999 0.6129162765625 0.9221163171875 0.590112021875 0.9216266375 0.5718703046875 0.9251789890625 0.55870051875 0.9282204093749999 0.5402817843750001 0.92933956875 0.5207086234375 0.927357328125 0.49740876875 0.9142854 0.45461680156249995 0.90324379375 0.429257721875 0.887886978125 0.40702954687500004 0.87643579375 0.39091853125 0.8657269703124999 0.38561441875 0.855767590625 0.3867862890625 0.84973434375 0.39330729531249997 0.8506473921875 0.399751475 0.847578390625 0.42326915468750004 0.8372362609374999 0.440814890625 0.817732278125 0.4601415109375 0.7843494921875 0.4770723125 0.770852684375 0.4705273765625 0.761159778125 0.4617149609375 0.7564405609375 0.49421250156249996 0.7626485609375 0.5278968359375 0.778044484375 0.579150834375 0.8022415203125 0.6197803000000001 0.8182121375 0.637304940625 0.8325269671875001 0.64369086875
3 0.446590671875 0.167583553125 0.44551996875000005 0.1751773734375 0.4518043859375 0.18567104843749999 0.45903614218750005 0.199291409375 0.473091584375 0.21133069999999998 0.4838891046875 0.21534417499999997 0.49241033281249996 0.21114102343750002 0.5039927203125 0.1999758640625 0.5084514171875 0.19146880625 0.5161624609375 0.17086899375 0.5236677703125 0.17017414687500002 0.5316232765625 0.164807565625 0.5345208343750001 0.1578773578125 0.5315014234375 0.151078575 0.530738565625 0.14103969375 0.521761946875 0.12368363281250001 0.5146867125 0.11436239374999999 0.5031330390625001 0.10209148750000001 0.485751475 0.0825489953125 0.47678080781250004 0.07919913437500001 0.464142640625 0.07707151875 0.4547284859375 0.0801748421875 0.4460570671875 0.0879726953125 0.43853050312499997 0.10166031093750001 0.43562548437500004 0.119033815625 0.4352431109375 0.1292953078125 0.4399052734375 0.137557525 0.44699392187500003 0.150441665625 0.446590671875 0.167583553125
3 0.19039920625 0.44455595312499996 0.20838115781250002 0.4558320078125 0.22257337812500003 0.4607136953125 0.24033769375 0.4638823203125 0.2550960125 0.46381506406249995 0.2636720265625 0.45552639843750004 0.2729706578125 0.4465879109375 0.27889508749999997 0.43601318750000007 0.287035828125 0.4115096625 0.2873842921875 0.398453290625 0.28758331875 0.3767668734375 0.286807046875 0.363165090625 0.27855975312500003 0.346940659375 0.2620699859375 0.34683511718750004 0.25291559218750004 0.3381727046875 0.24190043593750002 0.3260518 0.2335782359375 0.308568534375 0.2243836046875 0.2892174171875 0.21389279375 0.28590836249999996 0.1929927890625 0.2823305359375 0.181772653125 0.2778898515625 0.17299912343749999 0.283415440625 0.164579253125 0.3021156015625 0.1581490859375 0.333672321875 0.15900621406249998 0.3625391390625 0.1659644140625 0.39047470624999997 0.1803388484375 0.4251184375 0.19039920625 0.44455595312499996
3 0.70891675 0.3396914859375 0.72381741875 0.3525851984375 0.7357258843750001 0.35969355625 0.7416156468749999 0.358548703125 0.7555425296875 0.355077553125 0.7677860421875 0.34556663906249996 0.7883394765625 0.3316389671875 0.799179503125 0.3096669046875 0.8043071640624999 0.2862584203125 0.8024747359375001 0.2654762375 0.7939080734374999 0.23275973906249997 0.783384484375 0.208318684375 0.7725538078125 0.18928558281250002 0.7604892015625 0.17176572968749998 0.750366975 0.160744653125 0.73705426875 0.1533998921875 0.7272924062499999 0.157334840625 0.7220976796875 0.16292881875 0.7145439109375 0.1756030046875 0.7195053234375 0.1950129390625 0.7223674578125 0.20973734687499998 0.717219678125 0.227801478125 0.7107567312499999 0.23822619843749998 0.7009400828125 0.24624666093749997 0.681798353125 0.2499674359375 0.679104640625 0.2675545453125 0.677965359375 0.28178335468750004 0.680288978125 0.29635775937500003 0.6874048312500001 0.310255328125 0.6985288062499999 0.326429946875 0.70891675 0.3396914859375
3 0.1356185203125 0.9034395859375 0.1496247515625 0.9396829640625001 0.1733585546875 0.9753088890624999 0.1872913890625 0.9858439375 0.20707336718749997 0.9906578015624999 0.22586030781250002 0.9920995749999999 0.2357511078125 0.99756269375 0.2458945890625 0.9955909999999999 0.25127341875 0.9891972000000001 0.2620381609375 0.972078675 0.27354526562500003 0.965767053125 0.28646369374999997 0.9553609109375 0.293432 0.9300665671875 0.29273176875 0.8993864984375 0.2896937484375 0.8627938703125 0.28112037968750003 0.8282959218749999 0.2725395484375 0.80424126875 0.2672095546875 0.79254335625 0.2608908484375 0.785367175 0.2520703734375 0.7784226109375 0.2420767046875 0.782911975 0.2254154921875 0.799393903125 0.214290384375 0.8015564046874999 0.20285185781249998 0.8012330375 0.19272254687499998 0.794542884375 0.1818914921875 0.7816221578125 0.175743475 0.7700832515625 0.1567448515625 0.774540246875 0.1385165484375 0.7785928296875 0.1248684171875 0.793979715625 0.1201492015625 0.8264772562499999 0.12802715781250001 0.8626384546875 0.1356185203125 0.9034395859375
3 1 0.666752625 0.9901589890625001 0.628331059375 0.980099009375 0.6027811703125 0.9678365093749999 0.5886106125 0.9490294515625 0.5818244875 0.9228594328125 0.588694178125 0.9204929296875 0.606217684375 0.917553621875 0.6269086828125 0.9093044390625 0.6412461203125 0.8945390359375001 0.6456442984375 0.8759771953125 0.641866659375 0.8566245359375 0.6392614562500001 0.849794140625 0.639061075 0.8459015421875 0.642619190625 0.8381770859375001 0.6596561015625 0.8405614437500001 0.6841511890625 0.8460539078125 0.714154421875 0.8522764531250001 0.7330645359375 0.8631276281250001 0.751329615625 0.8793564999999999 0.7815380140625 0.8895737531250001 0.7991622765625 0.9042221218750001 0.8133784281249999 0.9148627453125 0.8192051546875 0.9196143609374999 0.8139519875 0.9285444109375 0.8127255203124999 0.9368125781250001 0.82206955625 0.95079349375 0.8267376375 0.9578150750000001 0.8218072718749999 0.9706313921874999 0.8091288640625001 0.982159371875 0.7959368484375 0.9947505921875001 0.7855943078125 1 0.7709213171875 1 0.666752625
3 0.531453721875 0.15083316875 0.53499115 0.158549975 0.5318822859375001 0.1652665765625 0.5236677703125 0.17017414687500002 0.5321468687500001 0.1858441609375 0.5421733140625 0.202486796875 0.550680371875 0.20694549218749997 0.5624595203125 0.21076815781249997 0.5729440015625 0.2061833890625 0.58053168125 0.19630408125 0.59317098125 0.18009457499999998 0.59895863125 0.1766774578125 0.616900721875 0.171152434375 0.625960465625 0.1670992859375 0.6302082312499999 0.15226625 0.62546445625 0.1409637453125 0.610598075 0.12475253906249999 0.587599546875 0.1042644421875 0.5773752078125 0.0909711015625 0.56319715625 0.07742756875 0.5546561875 0.07017399375 0.5435929500000001 0.06392005625 0.5331565484375 0.0626378578125 0.526987278125 0.064091721875 0.5231762953125 0.0706901234375 0.52279354375 0.0870639890625 0.5219471828125 0.1045466890625 0.5174337 0.1171392625 0.5215983421875 0.12371543437500002 0.530738565625 0.14103969375 0.531453721875 0.15083316875
3 0.2896025859375 0.24215844375 0.28932232343750003 0.2546922 0.29022158125 0.26368585312500004 0.2933908046875 0.27300230625 0.301372759375 0.2808739 0.31252507343749997 0.2797248265625 0.31690848437499997 0.2760713078125 0.3240660875 0.2762080859375 0.330692259375 0.2718639375 0.3384632875 0.273409553125 0.346179903125 0.2729283109375 0.3519332671875 0.2728286875 0.3596021828125 0.2721020390625 0.36658276875 0.2687077171875 0.3711912765625 0.26271833125 0.373488825 0.2579421859375 0.3748524484375 0.2536022578125 0.37943337499999996 0.252711815625 0.3839531859375 0.248013065625 0.3863461375 0.2437277359375 0.386626021875 0.237306353125 0.38653099687500003 0.23070316562499998 0.384432096875 0.219905265625 0.3824148125 0.212147653125 0.37833140468750004 0.214724140625 0.3684201078125 0.21002904375 0.3638194375 0.19946276093749998 0.3613456265625 0.18848305781250002 0.360446746875 0.1733770328125 0.357441128125 0.164028778125 0.34931606406250004 0.15542096249999998 0.338069103125 0.14385447499999998 0.32507019375 0.1328832109375 0.3192419234375 0.131724 0.3121316453125 0.1379450015625 0.3094047765625 0.140512484375 0.30393054375 0.14641547187499998 0.2978764203125 0.159816875 0.296403225 0.1723278359375 0.29512754375 0.1876018734375 0.29484728125 0.20013563125 0.2913761640625 0.222458078125 0.2896025859375 0.24215844375
3 0.368890421875 0.2107016609375 0.37788829375 0.215064953125 0.3833487375 0.2117114375 0.38649821875 0.20957116562500003 0.38998199375000003 0.2030363671875 0.3949918640625 0.210466959375 0.40522999375 0.22121082812499998 0.4158229140625 0.226792146875 0.4264982046875 0.22318900625000002 0.43282475 0.2138095171875 0.43593399218749995 0.20098054062499998 0.43699165781250005 0.18371144687500002 0.4373192453125 0.1775354703125 0.4419888703125 0.175354390625 0.4456019609375 0.17210528593750002 0.4467479484375 0.159657928125 0.44675541093750004 0.14921463125 0.43771059218749997 0.13238118593749998 0.41377218750000005 0.09832310625 0.40491109375 0.0868022109375 0.39661534375 0.0825571203125 0.3828863546875 0.082678975 0.3721495703125 0.08858618124999999 0.3619643375 0.104318665625 0.358363528125 0.12946779218749999 0.3599224 0.164565184375 0.3611481125 0.1857199796875 0.3644805625 0.2011170046875 0.368890421875 0.2107016609375