0 0.910110246875 0.82912710625 0.9092083265625 0.828147640625 0.90890121875 0.8252257015625 0.908113103125 0.8234285796874999 0.9068719 0.8230219046875 0.9067580953125001 0.8238395609375001 0.9084180828124999 0.8282306984375 0.9088647859375 0.8324807921874999 0.9097345296875 0.8369549890625001 0.911091665625 0.8346638265624999 0.9110937937499999 0.8327836453125 0.910110246875 0.82912710625
0 0.9318786328125 0.8442958984375 0.931457721875 0.8421916156249999 0.932898615625 0.8406973453125 0.9319408578124999 0.83918661875 0.9319429859374999 0.8373064390625 0.9299115390624999 0.8369828203124999 0.92861236875 0.8379250656250001 0.9273711640625001 0.8375183890625 0.9249703859375 0.8393821125 0.9251937375000001 0.8415071609375 0.9269138203124999 0.8426691999999999 0.928124975 0.8446904234374999 0.930381903125 0.84525890625 0.9318786328125 0.8442958984375
3 0.8392033859374999 0.8709560703125 0.8463844375 0.8841667031249999 0.85576445 0.8992947390625 0.8641630453125 0.9088860562500001 0.877900040625 0.9141563703125 0.8884524 0.915732925 0.9024491828125001 0.9158731953125001 0.9112213640625001 0.9195168125000001 0.9188704046874999 0.918175734375 0.9304212109375 0.9102475640625001 0.9421996265624999 0.90068408125 0.9464965140625001 0.8940554593750001 0.9523223109375 0.8829690984375 0.953078 0.863552975 0.9550921718750001 0.8542100578125 0.9509325000000001 0.8393390374999999 0.9539086843750001 0.8277464875 0.9561268015625 0.8127422671875 0.9553535859375 0.79778388125 0.9489306015625001 0.78798491875 0.9458640265625 0.779713140625 0.943645659375 0.7700093875 0.935921378125 0.76303285 0.9268678781249999 0.7586131046875 0.92094105 0.759236040625 0.912244109375 0.7639100390625 0.9038564062500001 0.769625796875 0.8971071578125001 0.7738265203125 0.8847703640625 0.7780773875 0.8729725437500001 0.7798545171875 0.8663886812499999 0.78752920625 0.8547155562500001 0.8037957546875001 0.8475562859375 0.8211992703125001 0.8436739234375 0.8355727156249999 0.8400149140625001 0.8520712078124999 0.8392033859374999 0.8709560703125
0 0.92527135625 0.872652571875 0.9255569328125001 0.8696683390625 0.924601303125 0.86627743125 0.92256985625 0.8659538140624999 0.9211611390625001 0.8639533546875 0.9208540296875001 0.8610314140625001 0.9185691828125 0.8601972999999999 0.9185649281250001 0.8639576625000001 0.919320865625 0.8692495140625001 0.9206436968749999 0.8723332609375 0.9226450984375001 0.8742714265625 0.9246207078124999 0.8740637828125 0.92527135625 0.872652571875
3 0.156623784375 0.300290009375 0.1509397125 0.3108243421875 0.146498971875 0.319885171875 0.1439200375 0.3295560125 0.1416245484375 0.3381228 0.1400613375 0.3479554484375 0.1400485671875 0.35923653125 0.14105364843749998 0.36879924218750004 0.1420308109375 0.37809632187500003 0.1443930296875 0.38536786875 0.14773879375 0.3962959546875 0.15190910625 0.40176607343750004 0.1563907859375 0.40639776875000005 0.15994262812499999 0.40978437031250003 0.16259041875 0.4140716859375 0.16622601718750002 0.418255178125 0.1686225390625 0.42015181406249996 0.171077028125 0.420699534375 0.1724019859375 0.42190310000000003 0.1751657125 0.423492578125 0.17866384375 0.42446773593750003 0.182640853125 0.4261982578125 0.19291189375 0.426998684375 0.2031270984375 0.42726784999999995 0.21111329375 0.4272341609375 0.21630358906249997 0.429105728125 0.22329985 0.43105604375000006 0.23032615937499998 0.431391809375 0.23616923124999997 0.42997198281250004 0.24142175 0.4267342671875 0.2474365921875 0.42314786406250005 0.2530863609375 0.417988440625 0.2569022421875 0.41248463593749995 0.258940075 0.4071677109375 0.2621374828125 0.3995803875 0.2647422078125 0.39205535937499997 0.26749078437499996 0.38209812187500003 0.2672780765625 0.3705721734375 0.2661934953125 0.356452209375 0.264340203125 0.3483214765625 0.261166209375 0.3352268140625 0.25637955 0.3257929984375 0.252295121875 0.31923959218750003 0.2499586953125 0.31411385625 0.2486379921875 0.309149928125 0.246810490625 0.30316500625 0.24390929843750003 0.29836719375 0.24024578124999998 0.29391806875 0.23725870625 0.2902035453125 0.23325590468750002 0.2863272125 0.23049218124999998 0.28473773593749996 0.228632503125 0.28224754218750003 0.22705627343749998 0.2786532984375 0.22449223749999997 0.27516287500000003 0.22263255937499998 0.2726726828125 0.21922031562500002 0.2706142375 0.21575010312499998 0.2699047109375 0.2121102484375 0.269481578125 0.2078519203125 0.26697492968750003 0.2020968625 0.2654312890625 0.197610928125 0.26455995312499997 0.1948171546875 0.26458502500000003 0.19202338125 0.2646100984375 0.1886068796875 0.2663120109375 0.1855575796875 0.2677067671875 0.183045125 0.26850796718750003 0.180109628125 0.26908506718749997 0.17773676875 0.2712144203125 0.174854984375 0.27420296093749996 0.17155015625 0.27696739843749996 0.1679898015625 0.2811015203125 0.16343951406249999 0.2872196453125 0.160216315625 0.29266115625 0.156623784375 0.300290009375
3 0.131854278125 0.5929438546875 0.13335764375 0.61104828125 0.13678503749999998 0.6246534406250001 0.1445265953125 0.6412965093749999 0.15190733750000002 0.6526061999999999 0.1574026125 0.6592798828124999 0.1629537234375 0.6664848296875 0.169011634375 0.674710771875 0.176175409375 0.6782548734375 0.18094266406249998 0.6799023359375 0.18867758750000002 0.6774779718749999 0.202195490625 0.676862878125 0.2146934125 0.6798463375 0.2266824078125 0.683688984375 0.2320466015625 0.6815137921875001 0.2363413625 0.6767653515625 0.24314857656250002 0.671215709375 0.2523265234375 0.66541689375 0.2582919125 0.6556586875 0.2641413703125 0.64859831875 0.266754609375 0.6335525671875 0.2673579359375 0.624089371875 0.266868165625 0.608026934375 0.2658673421875 0.5947038640625 0.25718955781249997 0.5824562375 0.24887684999999998 0.5717816328125 0.237854125 0.5619289937499999 0.2298979765625 0.5603481296874999 0.22137706562499998 0.5590951921875 0.20837021875 0.5569709203125 0.1905660703125 0.55481373125 0.176856990625 0.5498090484375 0.1602682546875 0.5459127234375 0.153175465625 0.5544465984375 0.1477211296875 0.5614654390625 0.13958256875 0.571452053125 0.134549146875 0.5805751765625 0.131854278125 0.5929438546875
3 0.38269025156250003 0.1516466265625 0.3835557390625 0.1598811828125 0.3864548015625 0.166559175 0.38938816875 0.1678622578125 0.3929636703125 0.17527484843750002 0.3990752890625 0.1859122328125 0.40372660937499993 0.1902575328125 0.40629064687499994 0.19374795625000002 0.41550953125 0.2016416640625 0.42396821874999996 0.2080038828125 0.430363284375 0.21753721406249998 0.436423321875 0.22388297499999998 0.44304812499999996 0.22990081093749998 0.44978673125 0.23510099062499998 0.45830551406250003 0.238234109375 0.46671900781250003 0.23466416250000002 0.47476742656250004 0.22952119531249998 0.4824528984375 0.220925028125 0.4855944703125 0.2128064421875 0.489642215625 0.20190696406250003 0.49281596250000004 0.19029364843750002 0.4965887765625 0.1729775 0.5012893015625 0.1587866265625 0.5034773718750001 0.1453969546875 0.5036682984375 0.1263087546875 0.502809196875 0.1124336578125 0.49940759375 0.100974309375 0.4947347390625 0.0907228359375 0.4878028296875 0.0817830609375 0.4775081265625 0.07695664218750001 0.4689872140625 0.0757037046875 0.4630625140625 0.074446459375 0.4601828546875 0.07555481875 0.44762271093750006 0.0776806390625 0.43215498906249994 0.0806491890625 0.419906209375 0.0819365875 0.4096330390625 0.08301634062499999 0.4011099984375 0.08364358281249999 0.3934051203125 0.084453396875 0.39210169375000004 0.08915600312500001 0.385577925 0.0936015921875 0.38136905 0.0972667453125 0.37998186718750004 0.10117245781249999 0.3764151265625 0.11094712031250001 0.375305003125 0.119389321875 0.3742571046875 0.12272224375 0.377016571875 0.1280720828125 0.3800810203125 0.138224040625 0.38269025156250003 0.1516466265625
3 0.2882808578125 1 0.28878200781249996 0.993263346875 0.2882558046875 0.9844559984375 0.28569815625 0.9753250359375001 0.2815900640625 0.9647456375000001 0.27849556875000003 0.9562082296875 0.273060390625 0.9463054453125 0.26663740625 0.9365064828125 0.2612838546875 0.929280771875 0.2553655390625 0.922382984375 0.2504908671875 0.9159126375 0.2436985515625 0.9083010171874999 0.237552628125 0.9030385437499999 0.2321669 0.8993075625 0.22638605312500001 0.8956181109375001 0.22142336718750003 0.89211123125 0.211551703125 0.8875089140625001 0.20328631874999997 0.8848862921875 0.1944540421875 0.8844717765624999 0.1880204140625 0.8840737171875 0.18499690625 0.8876142843749999 0.1794351515625 0.8898102390625 0.1739872015625 0.8911885375 0.16887215 0.8976345859375 0.164605309375 0.902648659375 0.1604480140625 0.9106054359375 0.15781537031249998 0.9178648328125 0.15507105000000002 0.9240617078125 0.153282359375 0.9336494906249999 0.15358308125 0.9422119703125 0.153712034375 0.9529410281249999 0.15449376406249998 0.9603786921875 0.154599053125 0.96708175625 0.15579743906250001 0.9803840640624999 0.1573630265625 0.993379209375 0.1588091234375 1 0.2882808578125 1
3 0.271330715625 0.20578429374999999 0.27740803125 0.2217965875 0.28114891875 0.2326831453125 0.28354331250000003 0.23645996249999998 0.2868997203125 0.23798714687500003 0.2933591375 0.2405310171875 0.298351871875 0.24242334843750002 0.30328663906250003 0.24566459531249998 0.30545555156250004 0.249196546875 0.3116573125 0.25499028125 0.318254196875 0.2607424875 0.3254158421875 0.26616676875 0.3316734421875 0.272491765625 0.33745641875 0.2743010359375 0.3452729734375 0.2745537453125 0.352498971875 0.2729885671875 0.359958965625 0.2641475328125 0.3652479140625 0.2536547265625 0.36974874999999996 0.2413648 0.37407781562500003 0.2312414484375 0.3774190734375 0.2212219171875 0.3816986875 0.20492676250000003 0.3850099 0.1965217828125 0.3872152453125 0.19279864375 0.38716579375000004 0.18662684062499998 0.385280325 0.1819908375 0.383534453125 0.1786829875 0.3842537125 0.1665219546875 0.3832507578125 0.1550790640625 0.38069949375 0.14030755781249998 0.37800224843749997 0.12984843906250002 0.3731297046875 0.1214979125 0.3675764640625 0.1161731453125 0.35886011875 0.113060790625 0.34861699687500003 0.1125259953125 0.34014979375 0.11368450000000001 0.33105986249999997 0.11651984687500001 0.3244845125 0.1166738125 0.3149736671875 0.117404878125 0.30215799374999996 0.12090038125 0.29580812500000003 0.1212992140625 0.285648759375 0.12156131249999999 0.2797777671875 0.1227155078125 0.2712504703125 0.12710311093749999 0.260404021875 0.13603151093750002 0.250349946875 0.142996671875 0.24706878125 0.14978710312500002 0.2510995015625 0.153929065625 0.259019215625 0.16276501875 0.26030774375 0.171223678125 0.2651996921875 0.1873605578125 0.271330715625 0.20578429374999999
3 0.5894968859375 0.2397535578125 0.593010165625 0.25227543125 0.5957932953125 0.2616512609375 0.5987202765624999 0.2685948828125 0.6028905921875001 0.2740650015625 0.608950628125 0.28041076249999997 0.6137995109375 0.2847352984375 0.62057029375 0.286440746875 0.6279616765625 0.288349534375 0.6345370265625 0.2881955671875 0.640858978125 0.28753110312499996 0.646021353125 0.2891370390625 0.6477994015624999 0.288950159375 0.6487356265625001 0.2845547140625 0.6513682703125 0.27729531406249996 0.6541426375 0.269483890625 0.65632219375 0.2636149390625 0.6604752296874999 0.259418525 0.661834496875 0.25524718125 0.6677634515624999 0.252744065625 0.6745664109375 0.250954784375 0.68047170625 0.2444256765625 0.684738546875 0.23941160468749997 0.6885243812499999 0.23552235000000002 0.6912944921874999 0.23147128593750002 0.693076796875 0.22752404375 0.692881365625 0.22566462812500002 0.6926580140625 0.22353958281250003 0.69316906875 0.22080021562500002 0.6937939281250001 0.2172431921875 0.6948697453125 0.2141759015625 0.6951574484374999 0.2093114890625 0.6957823078125001 0.20575446562500002 0.6956748890625 0.20093158125000002 0.6952002671875 0.19641585625 0.6942746859375 0.1914104 0.6919103390625 0.18601903125000002 0.6901086296875001 0.18217992031250002 0.6878817484375 0.1799968875 0.68517811875 0.1751783109375 0.6815167296875 0.16884900625000002 0.6767000249999999 0.161029740625 0.67233215 0.1555803875 0.6670344375 0.1488859390625 0.6604676015625001 0.141519184375 0.6541241171875 0.136277475 0.6463118203125 0.13226440625 0.6377930375 0.1291312875 0.631136059375 0.12660818125 0.6262550015625 0.1257783734375 0.6226151468750001 0.12535524375 0.6180991640625 0.1260984578125 0.61465474375 0.1275347421875 0.6110685984375 0.129523053125 0.6084702578125001 0.13140754062499999 0.6059277546875 0.13382328906250002 0.603329415625 0.13570777812499998 0.6020281171875 0.1385302015625 0.6003596156250001 0.1416597875 0.59925375 0.146341628125 0.597497234375 0.152434678125 0.5966726859375 0.1578926484375 0.5954830640625 0.1617775953125 0.5944931296875 0.1637615984375 0.5932176218749999 0.1687298328125 0.5922814 0.173125278125 0.5908383765624999 0.1764997296875 0.5888284625 0.1820822859375 0.5878922390625 0.1864777296875 0.58768829375 0.19213903593749998 0.5870870953125 0.1997220515625 0.58670925 0.20943011406249998 0.5870979875 0.215029125 0.5856528375 0.22028375625000002 0.5871647171875 0.2308674625 0.5894968859375 0.2397535578125
0 0.9155305265625 0.8521911546875 0.9156743781250001 0.849758946875 0.9170830953125 0.8517594078125 0.91846389375 0.8534942359375 0.9175361828125 0.850368959375 0.9186098734374999 0.8491818484375001 0.9174545546875 0.8476918859374999 0.9172591234375 0.8458324703125 0.9187279343749999 0.8446038296875 0.9163872515625 0.8432384546874999 0.914439559375 0.8437117296875 0.9129428296875 0.8446747390624999 0.9141260656249999 0.8464303328125 0.9145469796875 0.848534615625 0.914233484375 0.8512532171875 0.9155305265625 0.8521911546875
3 0.5035095484375 0.1419022234375 0.5048754468750001 0.15679831718749998 0.507179696875 0.165418784375 0.51311741875 0.18010292187500002 0.5186642734375 0.19106823125 0.5273441859375 0.201435675 0.53839695625 0.209673765625 0.5492005859375 0.2136409984375 0.5578653499999999 0.2124617296875 0.5659438156250001 0.2057042125 0.573118234375 0.1998474109375 0.5798137734375 0.193235246875 0.584477865625 0.1862994640625 0.5908383765624999 0.1764997296875 0.594293440625 0.16566254375 0.5973533828125001 0.1548668859375 0.59996449375 0.141701315625 0.5996938187499999 0.131524284375 0.598158278125 0.1169145890625 0.5946707890625 0.106538528125 0.59123488125 0.10045409062499999 0.5841591187499999 0.093946521875 0.5745408546874999 0.089854703125 0.5681394046875 0.0859619125 0.564585434375 0.08445549375 0.5569106046875001 0.083650759375 0.5475436109375 0.0819496171875 0.5417026671875 0.0814892640625 0.5340278374999999 0.08068452968749999 0.5274825359374999 0.07922394687499999 0.5181434609375 0.0777884359375 0.5106082265625 0.0783118546875 0.5048747 0.0826743875 0.5016493734374999 0.089996078125 0.500172046875 0.098745440625 0.5011513375 0.10616233906250001 0.5031721421875 0.11588685937500001 0.503075615625 0.1263710484375 0.5035095484375 0.1419022234375
0 0.2169241890625 0.42930906406249997 0.21878599687500003 0.4299190765625 0.22059196406249998 0.429997828125 0.22287893906249998 0.42895176093750004 0.224854546875 0.428744115625 0.22677219062499998 0.42988538906249996 0.22806923281249997 0.4308233265625 0.2316253296875 0.43044956562500003 0.2338843859375 0.4291378671875 0.237468403125 0.42902973749999995 0.24029222187500002 0.427390115625 0.2432856828125 0.42546409843750005 0.2462791453125 0.42353808125 0.24902133750000002 0.41922138750000004 0.2522982453125 0.41619131875 0.25407842187499996 0.41412425781250006 0.2548707953125 0.41216101875 0.2569623359375 0.40925553593749997 0.25905387968750004 0.406350053125 0.2597087859375 0.40117848125 0.2613235765625 0.3956374546875 0.2597688796875 0.39794938125 0.25688496562499996 0.402818103125 0.253859328125 0.40823885000000004 0.24933908749999997 0.41274242499999997 0.2446513328125 0.4156522140625 0.2381576125 0.4184832546875 0.2333023453125 0.41979925937499996 0.22926524062500003 0.42129783749999994 0.22635766406250002 0.422140565625 0.2240148515625 0.4226553703125 0.22280369531250002 0.420634146875 0.2213348828125 0.42186278593750004 0.2193893203125 0.42045588125 0.2181481171875 0.42004920625000003 0.2165955484375 0.42048095312499995 0.215352215625 0.4219544578125 0.2142226890625 0.4226103078125 0.2137137625 0.42346949375 0.213739553125 0.42561530625 0.2143301078125 0.42743319218750003 0.21480898593750003 0.42818855468750006 0.2169241890625 0.42930906406249997
3 0.73926009375 0.562405021875 0.74762225625 0.579251428125 0.7544403609375 0.5890088625 0.7593408234375 0.59762501875 0.7666614703125 0.6121638078125 0.7767200515625 0.6261462625 0.7855738624999999 0.63246695 0.79572684375 0.637845396875 0.8125431875 0.6401064046875 0.825831353125 0.6430068078125 0.8381660171875 0.6406361203125 0.8463261125000001 0.6365556765625 0.8547459906249999 0.627345190625 0.8656246140625001 0.6149220609375 0.8735656140625 0.6049562093749999 0.8803813437500001 0.5918858453125 0.883123534375 0.58756915 0.8815794796875001 0.5804801765625001 0.8874611140625 0.5699250765625 0.8918760625000001 0.5587184374999999 0.8943712406250001 0.5482507046875 0.8945837015625001 0.5350686765625 0.89166310625 0.5224845124999999 0.8871298453125 0.51356119375 0.8809344687499999 0.5021269171875 0.8762036484375001 0.4932243640625 0.8746401890625 0.47834903593749994 0.8715478234375 0.4679314453125 0.8687067265625 0.459904534375 0.8680366718749999 0.45352939531249997 0.8551263515624999 0.44092093125 0.8432017078125 0.430088825 0.8353657484375001 0.422049765625 0.8288462390625 0.42273499374999995 0.8235679296875 0.42382689687499997 0.8209996359374999 0.42409683437499995 0.8135696921875001 0.43132331874999996 0.8049822984375 0.43894002343749994 0.7919884703125 0.4502426421875 0.7742810984374999 0.46230924062499995 0.763348765625 0.4723209296875 0.7595049656249999 0.47755910312500005 0.7603768375 0.48015311875 0.750460228125 0.490326615625 0.7411620906249999 0.502583628125 0.7365431953125 0.5194515734375 0.73528070625 0.5378467031249999 0.7361140171875 0.5495759890625 0.73926009375 0.562405021875
3 0.1448777671875 0.7548626984375 0.14213131875 0.7629397546875001 0.138326328125 0.783750634375 0.14039871406249999 0.797766775 0.145597771875 0.8168255953125 0.1527229859375 0.8295049671875001 0.1556499671875 0.836448590625 0.16379516249999998 0.8455294109375 0.1734049109375 0.8571419515625 0.1821728375 0.8645459296875 0.1920681625 0.8731742375 0.2005268515625 0.8795364546875 0.209919634375 0.8833834078124999 0.2238262734375 0.888367328125 0.23793685937500003 0.8876899406250001 0.2507246125 0.8839288062499999 0.26114801875000004 0.8747763046875001 0.26956576875 0.867445996875 0.2769140859375 0.8575424406250001 0.282261003125 0.845700715625 0.2876379671875 0.8322444421874999 0.291526715625 0.81223045625 0.2925594671875 0.7973508203125 0.2899523640625 0.782048053125 0.2853116859375 0.7683018500000001 0.2771986671875 0.7557263015625 0.2668608953125 0.7390875390625 0.2603799453125 0.7306374953125 0.2509377078125 0.720618740625 0.24742017187499998 0.7118572296875 0.2387381328125 0.7033699640625 0.2340051828125 0.6963475906250001 0.2303395390625 0.693778646875 0.22707753125000002 0.6836474546875 0.21937690937499998 0.6806969078125 0.20868495468749998 0.6777922000000001 0.19482989687500002 0.677099903125 0.185995490625 0.6785655671875 0.177526159375 0.6816042515625 0.168599484375 0.6897937453125 0.158820340625 0.703175575 0.15239760625 0.718084590625 0.14916589375 0.7310468234374999 0.1458783421875 0.74347779375 0.1448777671875 0.7548626984375
3 0.20783177031250002 0.185064646875 0.2021798734375 0.1921042515625 0.1974298953125 0.20012332187499998 0.1951365359375 0.206809928125 0.193042865625 0.2115955921875 0.1904102203125 0.2188549890625 0.187187021875 0.22429650156249997 0.1842988515625 0.2329255828125 0.1821150375 0.2425548953125 0.1821623609375 0.25060687812500004 0.183283375 0.25747175 0.185763653125 0.26016528125 0.189538846875 0.265676928125 0.1922488625 0.26485496406250003 0.1988242109375 0.264700996875 0.202689546875 0.26536899531249997 0.21123624843750002 0.26876774531250003 0.21961543749999998 0.2705727078125 0.2242688859375 0.273037828125 0.2266053140625 0.278163565625 0.2296181796875 0.2840239 0.2330304265625 0.286082346875 0.23787930937500001 0.2904068828125 0.24365589999999998 0.29785669531250003 0.2482192078125 0.305165465625 0.2481397078125 0.3006082109375 0.2513607765625 0.29704688125 0.253001359375 0.293651665625 0.25729186406250004 0.2926635859375 0.26195169687500003 0.2894881640625 0.26808247343749997 0.2832039234375 0.2732834109375 0.2756745875 0.27642498125000003 0.2675560015625 0.27880635468750004 0.2579059265625 0.2792700859375 0.24711457656250002 0.2789693625 0.2385520953125 0.2773436796875 0.22878604687499998 0.27501363749999996 0.21801976875 0.270796 0.20449767031250002 0.267196834375 0.1930590859375 0.2622190015625 0.1780054921875 0.2598567828125 0.17073394375 0.259130890625 0.16382754375 0.2540307390625 0.157112328125 0.24636229375 0.150667053125 0.2428362453125 0.149426265625 0.2392822765625 0.14791984375 0.2313476625 0.1522451546875 0.2250451140625 0.160695971875 0.219900015625 0.16875656875 0.21571480312500002 0.176447715625 0.20783177031250002 0.185064646875
3 0.667395115625 0.3537633109375 0.6734272359375 0.359843440625 0.6795173203125 0.364574653125 0.6849330953125 0.36669108437500003 0.6899279578125 0.36670323437499996 0.69125291875 0.3679068015625 0.6912207421875001 0.37140153124999997 0.69628871875 0.38161147500000003 0.7002484515625 0.3736754640625 0.7031044468750001 0.3685411125 0.7077127015625 0.3610740671875 0.71437819375 0.35607645312499997 0.7174554125 0.354947328125 0.7232147265625 0.3527306078125 0.726856709375 0.3512735609375 0.7316603953125 0.34566593125 0.738010265625 0.34526709843750003 0.7428096953125001 0.3434198328125 0.74944726875 0.3381565875 0.7561728546875 0.329929871875 0.7600746218750001 0.3233427796875 0.7610366375 0.3210931453125 0.7628489890625 0.3155313546875 0.7648610312499999 0.30806861875 0.764616146875 0.3000373984375 0.7621185921875 0.2876773359375 0.7605487453124999 0.27844255 0.7561872578125 0.26735265625000004 0.7533182421875 0.2590601140625 0.749914509375 0.24948094531249998 0.7443033031249999 0.2455050984375 0.7361838984375 0.23857009062499998 0.7275297765625 0.2303484578125 0.7197754468750001 0.22498647031250002 0.7116775765625001 0.2239576328125 0.70425614375 0.223663396875 0.6990895125 0.22581782343749998 0.6958684421875 0.229379153125 0.69372531875 0.2279930140625 0.69081135625 0.23447628437499998 0.68614939375 0.23953188593750002 0.6748456 0.25361109375 0.6684356359375 0.25723902656250003 0.6647335578125 0.2619251734375 0.6594488640625 0.26865761718750003 0.656197746875 0.2738334984375 0.6520962906250001 0.2823215375 0.6497686265625 0.29438305468750003 0.6498717875 0.3029663 0.649354346875 0.3113462078125 0.6532026546874999 0.3270556484375 0.6586335765625 0.34071879374999997 0.6627459234375 0.34753783125000004 0.667395115625 0.3537633109375
3 0.141819096875 0.465402278125 0.13980279843750001 0.47662537499999996 0.139334809375 0.49117708593750004 0.14191825 0.5024538625 0.1450127453125 0.5109912703124999 0.1474286734375 0.5206742609375 0.1526319859375 0.53597271875 0.1584944640625 0.5423392437500001 0.1594780109375 0.54599578125 0.168252321875 0.5477592171875 0.1790580796875 0.54984626875 0.19051023125 0.5542824703125 0.20331951875 0.5564275078125 0.22225319531249998 0.557928846875 0.23766082187499998 0.5581893953125 0.248193775 0.5519795984375 0.2582478515625 0.5450144375 0.2666376828125 0.5374185 0.271222275 0.5259254640625 0.27820764531250003 0.51256870625 0.2774107671875 0.493584328125 0.27638202343749996 0.4799956265625 0.27146215625000003 0.463593115625 0.2627285359375 0.45081422812499994 0.2554251640625 0.4459419734375 0.24056076875 0.43944732656249996 0.22967125312499997 0.43656338281249996 0.22335143125 0.435347665625 0.2109415234375 0.42940073749999996 0.2012352453125 0.42827238593750006 0.1852370640625 0.42619395000000004 0.17519363125 0.42375820937500003 0.1712381546875 0.42793385937500006 0.1637802921875 0.4348947140625 0.15753571093750002 0.44199661093750003 0.15041713125 0.44838467499999995 0.14586471406249998 0.45638297968749997 0.141819096875 0.465402278125
3 0.6950631609375 0.442167465625 0.7011468609375 0.45253921874999997 0.7075698453125 0.46233818125 0.71687674375 0.46726842187499995 0.7259023250000001 0.471422534375 0.73515764375 0.472061153125 0.7408310734375 0.470927721875 0.7487055921875 0.46983150937499996 0.7514671875000001 0.47330116875000006 0.755132834375 0.4758701109375 0.7590260875 0.476803740625 0.7631512046875 0.47234169374999996 0.770297703125 0.4662192625 0.778178609375 0.459482509375 0.786199109375 0.4540739125 0.7915933484375001 0.450284171875 0.7992187265624999 0.444917103125 0.8057725437500001 0.438856965625 0.8155732203125 0.43138130468749997 0.8177785671875 0.42765816562500003 0.8211413609375 0.42354480937499994 0.8212315015625 0.41870116093750004 0.824285059375 0.41354604375 0.8273686625 0.4067763796875 0.8282769671875 0.402115303125 0.8288180703125001 0.3977613859375 0.828148015625 0.391386246875 0.8270549203125 0.3847870046875 0.8262173531249999 0.376818078125 0.8239689406249999 0.3687288734375 0.8199725234375 0.359212 0.8150720625 0.350595840625 0.8085352734375 0.3416145359375 0.7993743546875 0.3323719078125 0.7854483109375 0.3196016359375 0.78087861875 0.3179334078125 0.7741615453125 0.3186394015625 0.7667938234375 0.32075660625 0.7649298890625 0.3220267734375 0.7633494015625 0.3221928890625 0.7615455625 0.320233959375 0.7591126078125 0.3255924125 0.753883753125 0.33285611875 0.7467630421875 0.3411243625 0.7370503796875 0.34563655312499997 0.7316603953125 0.34566593125 0.72648950625 0.3515807203125 0.7213507921875 0.3540007765625 0.7093790734375001 0.3598246640625 0.7039247375000001 0.3668435046875 0.70041809375 0.37338906875 0.696258671875 0.383226025 0.6947813453125 0.39197538593750003 0.69437558125 0.401417815625 0.6930399765625 0.40961515156250006 0.691702246875 0.4196926671875 0.6922263203125001 0.43038019531250005 0.6950631609375 0.442167465625
3 0.8138819140625 0.728860796875 0.8248682046875 0.7459685265625 0.835126475 0.7580500375 0.8447684015625001 0.766167846875 0.857062378125 0.7748126125 0.869897453125 0.7791034609375 0.8789852578125 0.7781482937499999 0.8906993218749999 0.7755742718749999 0.9027848453124999 0.7689327265625 0.9127251171875 0.762785221875 0.921256671875 0.7546372578125 0.9323565171875 0.74621935625 0.9403554828124999 0.7349045859375 0.9479593281250001 0.7236313453125 0.9542360828125 0.7130347171875 0.9576632281249999 0.7019319 0.95781559375 0.691978971875 0.9552943765625 0.6755929171874999 0.9510746109375001 0.6639509968749999 0.9428435296875 0.6559534640625 0.9383102718749999 0.6470301453125 0.9366566687500001 0.6369984671875 0.9340668421875 0.6313622343749999 0.9318806515625001 0.6181637484375 0.9298898937500001 0.60682468125 0.9239500453125 0.594020721875 0.9167969125000001 0.5810757171875001 0.9146665609375001 0.5684084953124999 0.9078636031249999 0.5701977765625 0.8980413921875 0.5717672625 0.88612976875 0.5743620515625001 0.8817770406250001 0.5804594109375001 0.8831514531250001 0.5878347828125 0.87789255 0.5967130375 0.872491925 0.6061433187499999 0.8654549734374999 0.6152084546875 0.8547459906249999 0.627345190625 0.8431909281250001 0.63903371875 0.8299500859375 0.6441853015625 0.81998828125 0.644426634375 0.8124251250000001 0.6446844234375 0.8121632140624999 0.651694646875 0.8063653359374999 0.6630466390625 0.803125109375 0.68352959375 0.8046542656250001 0.70377983125 0.80918326875 0.7164635109375 0.8138819140625 0.728860796875