0 0.7116089296875 0.6994927093750001 0.7139702 0.700307115625 0.7170569875 0.7020967312499999 0.7181947734375 0.7006767171875 0.7159390515624999 0.6986558984375 0.7120211953125 0.697097484375 0.709861096875 0.6963006765624999 0.7083836703124999 0.6946518609375001 0.70686993125 0.6957350718749999 0.7071568 0.699407109375 0.7053627312499999 0.7013775296875 0.7054319671875 0.70290314375 0.70792516875 0.7022095359375 0.7104975328124999 0.7006111203125001 0.7116089296875 0.6994927093750001
3 0.4116399390625 0.5067052953125 0.411864109375 0.5134109625 0.41478265312499996 0.5194406203125 0.4196008125 0.522293446875 0.437950146875 0.525722275 0.452803815625 0.522767040625 0.46125635000000004 0.5165165765624999 0.46541507343750005 0.50837089375 0.4658835 0.4983827953125 0.46263862656250004 0.4798642125 0.459937715625 0.475980975 0.456956475 0.47298494687500003 0.45629365312500003 0.4689761078125 0.45529118906250005 0.46189843750000004 0.4548723859375 0.459734415625 0.45238257031250007 0.45343835312499997 0.45029509375 0.4471774921875 0.4465454859375 0.44137903593749994 0.4433366859375 0.43866701093750005 0.43971562343750004 0.43835020937499997 0.43092344687499995 0.44153184218749997 0.423493225 0.4499991296875 0.4189750109375 0.45993682968750005 0.41694007187500004 0.4716113453125 0.4158647484375 0.48853631249999996 0.4116399390625 0.5067052953125
3 0.6467277671875 0.6023389671875 0.6560145203125 0.6074062140625001 0.6656706890625 0.60825101875 0.67121775625 0.6050893859375 0.6842081171875 0.60257895625 0.687192746875 0.5985853171875 0.690309309375 0.5930836609375 0.6932808609375 0.5799715296875 0.6941746265625001 0.5767066984375 0.6969053109375001 0.5732986625 0.6981520296875 0.5636825671875 0.6994350609375 0.5513344453125 0.6980864171875 0.5366286984374999 0.6939642390625 0.5235037703125001 0.6904092625 0.5131636703125 0.6846874125 0.5160060984375 0.6815280015625 0.5196805375 0.6761194078125 0.5258934 0.6727852125 0.529248634375 0.6725905796875 0.5337902796875 0.6711460765624999 0.53639910625 0.663085959375 0.54511519375 0.6489841968750001 0.5487440343750001 0.6433315828125 0.5531120796875 0.638147159375 0.566030609375 0.6376951953125001 0.5781475296874999 0.6394561046875 0.5904580515625 0.642592278125 0.59863413125 0.6467277671875 0.6023389671875
0 0.333804334375 0.698957625 0.3314759921875 0.702400859375 0.3291047984375 0.704016875 0.32687207812499997 0.7086841234375 0.3284451265625 0.7115569515625 0.33160115156250003 0.7148721828125 0.3347835625 0.7178858109374999 0.338107834375 0.7169610015625001 0.342220321875 0.713977771875 0.3462734984375 0.7070385015625 0.3483314375 0.70205205 0.351035734375 0.69894561875 0.35262863437499997 0.6969575984375 0.3512303671875 0.6944039734375 0.3504092234375 0.6922047515624999 0.35064670468750003 0.689490325 0.349317675 0.688462315625 0.3476027671875 0.6895279265625 0.345046865625 0.693255165625 0.34267567187500003 0.69487118125 0.3389062125 0.6939335734375 0.338240003125 0.696914403125 0.33592158437499997 0.6979272140624999 0.333804334375 0.698957625
0 0.33117533906249996 0.745226084375 0.3369993515625 0.7481669125 0.3389945890625 0.7462140921875 0.34188359375 0.7409964375 0.34709755625 0.7393252203125 0.34921480625 0.7382948093749999 0.34847282343749997 0.735190778125 0.346454584375 0.7304555328125 0.342843446875 0.7277083078125 0.3397203453125 0.7286507171875 0.3370160484375 0.7317571484375 0.3363597640625 0.7323075546875 0.33447999687499996 0.7306235390625 0.3307533875 0.7315131484374999 0.3286262125 0.7349739828125 0.329289034375 0.7389828234375 0.3304597453125 0.74182045 0.3322438890625 0.7422804546874999 0.33117533906249996 0.745226084375
0 0.6740079875 0.5870988078125 0.675416178125 0.5872220078125 0.676448415625 0.5870084046875 0.6770255406250001 0.587362809375 0.676956303125 0.5858371921875001 0.6745686484375 0.5853243890625001 0.6725833328124999 0.5848467859375 0.6715774828125001 0.5847587843750001 0.6724777859375 0.586053196875 0.672827353125 0.586691603125 0.6740079875 0.5870988078125
3 0.6015419046875 0.47469371718750003 0.605759703125 0.4890426578125 0.6137338875 0.49521071718750004 0.62236774375 0.49383869999999996 0.6320965359375 0.48921944999999994 0.641221815625 0.48454740156250004 0.644295528125 0.477218528125 0.6438438015625 0.47079686406250004 0.6422906015625001 0.4630631890625 0.6404834562499999 0.45591511875 0.6385543015625 0.4478446390625 0.6375155265625 0.44349899531250003 0.6381125 0.43899255000000004 0.6299371453125 0.4328068921875 0.6222234421875 0.43061247343750003 0.6178141609375001 0.4323540921875 0.612431953125 0.438265353125 0.608421625 0.44703184062499995 0.6065813203125 0.4541647109375 0.606492234375 0.4574999453125 0.602613840625 0.46475841874999996 0.6015419046875 0.47469371718750003
3 0.3888319375 0.498631621875 0.385820921875 0.502926865625 0.3824932640625 0.5108413453125 0.37934692812500004 0.5236342734375 0.37907967343750004 0.533639971875 0.377648246875 0.5453672890625 0.37570893125 0.5582658171875 0.37636182812499996 0.56470508125 0.37737421718749997 0.5693523265625 0.378990115625 0.5740523734375 0.3820769046875 0.5758419890625001 0.3883824171875 0.5779132078125 0.3932797359375 0.5798612265624999 0.3994269265625 0.5837420609375 0.4020322140625 0.5864012875 0.40680752499999995 0.587426896875 0.411042021875 0.585366075 0.4196395671875 0.586726084375 0.428003015625 0.5838108531249999 0.432178203125 0.5777939921875 0.43645893750000003 0.5705707203125 0.4402516328125 0.5596578109375 0.44235580625 0.549508909375 0.44298909062499997 0.5422704375 0.44100716249999994 0.5348031640625 0.43504467968749994 0.5288111062499999 0.4304804640625 0.5253726734375 0.42455090625 0.523638259375 0.4186213484375 0.52190384375 0.41478265312499996 0.5194406203125 0.41176848593750004 0.51218695 0.4122006015625 0.5049308781249999 0.4061260328125 0.4955859875 0.4032767265625 0.4910819421875 0.3999359953125 0.48987793125 0.397030528125 0.49296676406250006 0.3929971984375 0.49504518593749997 0.3888319375 0.498631621875
3 0.49613235624999996 0.43994300624999993 0.4969237265625 0.44943350000000004 0.498915578125 0.45447034999999997 0.5024475578125001 0.4581223828125 0.5071173203125 0.4603544046875 0.5118991671875001 0.4659392578125 0.5181155953125 0.4713457109375 0.5273265734375 0.47032809843749995 0.53635623125 0.46443203593750004 0.54153726875 0.458503175 0.5458608515625001 0.4531071203125 0.55090995625 0.448686275 0.551516853125 0.44174940625000003 0.5511377484375 0.42986368906249994 0.5500495859375001 0.4191315828125 0.5461186546875 0.408454678125 0.5405156640625 0.4006706015625 0.5355227203124999 0.3974985734375 0.5254906 0.3963169640625 0.518815671875 0.3984681875 0.513093821875 0.40131061875 0.5071509515625 0.40899629531250004 0.5025371140625 0.41770998437499995 0.4985860984375 0.4304325109375 0.49613235624999996 0.43994300624999993
0 0.7048579937499999 0.7140976546875 0.70533949375 0.7132280453125001 0.7051218625 0.7110816265625 0.7050262390625 0.7098576140625 0.7054385046875 0.707462390625 0.7058243828124999 0.70536876875 0.7050460890625 0.704996765625 0.7039610765625001 0.7058135734375 0.7031728578124999 0.70787199375 0.7033641046875 0.71032001875 0.703433340625 0.7118456328125 0.703449803125 0.7139744546875 0.7048579937499999 0.7140976546875
3 0.5594380265625001 0.4670592546875 0.567550684375 0.47627854375 0.5766725765625 0.47859616406249994 0.583680609375 0.47495452499999996 0.5933401640625 0.4688096609375 0.5998666953125 0.46603763125000003 0.6036823906250001 0.4618127875 0.606492234375 0.4574999453125 0.606726565625 0.443236603125 0.6049293453125 0.43365810781249997 0.6009192546875 0.42388601406250004 0.5960253203125 0.4149483265625 0.5921701625 0.4103562828125 0.5842388281249999 0.40601544218749996 0.577435353125 0.40268501093750003 0.5686530999999999 0.403436221875 0.5630004875 0.4078042671875 0.5572587875 0.41550754375 0.5542443859375 0.4267924578125 0.552822884375 0.43608935000000004 0.553821959375 0.4501566875 0.5594380265625001 0.4670592546875
0 0.6987534171875 0.7305826203125 0.6968373375 0.73163063125 0.6960755062499999 0.7333874484375 0.6968538 0.7337594515625 0.6983675390624999 0.732676240625 0.699076596875 0.7315226296875 0.6987534171875 0.7305826203125
0 0.655028990625 0.565380196875 0.6538120453125 0.5677050203125 0.653469015625 0.5716258609375 0.6541945359375 0.5726010687499999 0.655296009375 0.57391308125 0.6572120890625001 0.5728650703125 0.6580003078125001 0.5708066515625 0.6603451140625001 0.5694922359375 0.6637485437499999 0.56766261875 0.6635572984375 0.56521459375 0.664398290625 0.562552965625 0.6661560484375 0.5633145734375 0.6667694828124999 0.56093695 0.6665518515625 0.5587905281250001 0.6653712171875 0.558383325 0.6637618546875 0.558242525 0.6626504578125 0.5593609359375 0.6625185234375001 0.5608689499999999 0.6609783984375001 0.5622537640624999 0.659464659375 0.563336975 0.6565691171875 0.5639953828125 0.655028990625 0.565380196875
3 0.6424874390624999 0.5442247921875001 0.64962401875 0.5460648078125 0.6538485921875 0.5464344109375 0.6626836171875 0.54507999375 0.6711460765624999 0.53639910625 0.672389409375 0.5337726796875 0.6726895890625 0.528024621875 0.6730853906250001 0.5235005765625 0.6726172015625 0.5149500921875 0.673577053125 0.5016619609374999 0.6738806187499999 0.48892423437500004 0.672703371875 0.4815273609375 0.668502034375 0.4693072421875 0.6635981765625 0.46279997812499996 0.6581237328125 0.46049755625 0.653417659375 0.4609975640625 0.6478342796875001 0.4668912234375 0.6439130375000001 0.47232247968749996 0.644295528125 0.477218528125 0.6414229859375 0.4845650015625 0.6333299421875 0.4890234484375 0.62660539375 0.5033267921875 0.6218068453125001 0.5141517 0.622875159375 0.5297446546875 0.62694795 0.5364831203125 0.63347109375 0.5407007609375001 0.6424874390624999 0.5442247921875001
3 0.4559440859375 0.4683377 0.4576819953125 0.47396015468749997 0.4634268453125 0.47780579218749997 0.4675722578125 0.479080203125 0.47179683125 0.47944980625 0.4809714984375 0.48116422031250006 0.487540878125 0.4802194078125 0.490927846875 0.47626096718750005 0.4932232671875 0.46856009062500004 0.4973292171875 0.46101761406249997 0.49866163593749996 0.45505595468750004 0.4969237265625 0.44943350000000004 0.49661047187499996 0.4460630671875 0.49498803437500005 0.4368037765625 0.491274734375 0.4282732921875 0.489055325 0.4235204453125 0.48597846093749997 0.4193004046875 0.4802599984375 0.41515316562500004 0.47320911875 0.41696758593750005 0.46526447031249996 0.4220468390625 0.45917974375000004 0.43367095625 0.456462134375 0.44619748125 0.45561775625 0.4558487765625 0.4559440859375 0.4683377
3 0.3133999765625 0.7306027453125 0.3142012703125 0.737662815625 0.31759139062499997 0.7452532890625 0.32475096875 0.7537813703125 0.3370882 0.7633702625 0.3468927640625 0.7648358734375 0.35862333281250003 0.76282305 0.3677749984375 0.757849396875 0.3790373796875 0.7472860890625 0.3872756671875 0.731899534375 0.389966890625 0.7196746125 0.389581246875 0.7032296484375 0.38515235312499996 0.69129353125 0.37859628437500004 0.68281825 0.36671416875 0.672661353125 0.3546308828125 0.6624868562499999 0.3451264984375 0.6552731890625 0.33803276875 0.655260390625 0.33020359374999997 0.6567028078125 0.320735284375 0.6652956953125 0.318901515625 0.6769878109375 0.3156924828125 0.69281436875 0.3133871390625 0.702945671875 0.312499909375 0.7107697484375 0.312344740625 0.72412828125 0.3133999765625 0.7306027453125
3 0.6776905671875 0.677074896875 0.6694556656249999 0.6854717828125 0.664000834375 0.696847096875 0.6618538140625 0.70516878125 0.6623384640625 0.7158480859374999 0.6638916640625 0.7235817625000001 0.6678852953125001 0.7312250359375 0.67366306875 0.739328315625 0.6797574859375 0.7438123578125 0.68411060625 0.7496636140625 0.6899939296875 0.7565604796875001 0.693657840625 0.7587045015625 0.7010846749999999 0.757226884375 0.708023471875 0.7520596296875001 0.7095471343749999 0.74854599375 0.7144115296875 0.7462363703125 0.7181480640625 0.7429163359375 0.7206875046875 0.7370602765625 0.7258586171875 0.733561840625 0.729779859375 0.7281305875 0.7305351531250001 0.7218145234375 0.7305121531250001 0.7151264578125 0.730515540625 0.7081367875 0.7294603015625001 0.7016623234375 0.7285798484375 0.6955070625 0.7299914249999999 0.6886405953125 0.7301102859374999 0.6780140890624999 0.73019283125 0.6701196125 0.7298795765625 0.666749178125 0.7277030171875001 0.66382355 0.7277921015625 0.6604883171875 0.7271655921875 0.65374745 0.72132511875 0.6486778015625 0.7152999390625 0.645719375 0.7056304578125 0.6542946625 0.6950342890625001 0.6618771406249999 0.6869313203125 0.6687660125 0.6776905671875 0.677074896875
3 0.351126 0.6029174671875001 0.35181182187500004 0.6136143734374999 0.352342709375 0.619131228125 0.3557262921875 0.62216245625 0.3587702296875 0.6221248546875 0.364891034375 0.6263072953125 0.3745965890625 0.6335385625 0.38914669062499996 0.6433210546875 0.3925665828125 0.6436202578125 0.40256577968749996 0.6405442234375001 0.4086735078125 0.6356081734375 0.41340935781250004 0.62781689375 0.416657853125 0.6208072234374999 0.4193226890625 0.6088839046875 0.41952724531249996 0.6019118359375 0.4171858265625 0.5962365796875 0.41379570781249997 0.5886461062499999 0.4112695796875 0.5850820718749999 0.4057752859375 0.5876404984375 0.4024345546875 0.5864364875 0.3990773609375 0.5831036562499999 0.390770071875 0.5784260125 0.382129678125 0.575238784375 0.3788681078125 0.5731299640625 0.3775061515625 0.5678443109375 0.37551429999999997 0.5628074625 0.3666792734375 0.5641618796875 0.3590248828125 0.5659234984375 0.352722521875 0.5754011953125 0.3515285765625 0.584414084375 0.3509909140625 0.59287656875 0.351126 0.6029174671875001