0 0.8511581187499999 0.5852820750000001 0.8479200578125001 0.5399240937500001 0.82867476875 0.5202376671875 0.8110919484375 0.528353846875 0.8088083875000001 0.548117015625 0.8168377953125001 0.543717734375 0.8303334375 0.554065178125 0.8399938234375 0.578069365625 0.8511581187499999 0.5852820750000001
3 0.3365239921875 0.529993253125 0.3291167859375 0.5344251421874999 0.325072490625 0.5342131890624999 0.3210168046875 0.5520759515625 0.31963125468750003 0.5785137984375 0.31989567343749997 0.603230584375 0.3210342078125 0.6231730953125 0.3222672125 0.6413130296875 0.32318911875 0.65943665625 0.3253831125 0.683049546875 0.3271400484375 0.709049571875 0.33082656250000003 0.7339457015625 0.335942615625 0.7613267921875 0.33647034374999996 0.76316198125 0.3410347734375 0.7772589328125 0.3481547734375 0.784259690625 0.3568025828125 0.785917925 0.368002165625 0.7865048703124999 0.3767482390625 0.7803356171875 0.384533325 0.7686934078125 0.38992408125 0.755118184375 0.3967758671875 0.7434270625 0.4028794953125 0.7341067734375 0.408175784375 0.7223341328124999 0.4141018671875 0.6985442875000001 0.4144281578125 0.67446096875 0.4157469296875 0.6552497500000001 0.41858970937500006 0.6367209093749999 0.41816404374999994 0.62103333125 0.41727362812499996 0.6023088421875 0.417887125 0.566792878125 0.41886330625 0.5481662140625 0.4183746640625 0.5336803546875 0.41184157343749994 0.5333379703125 0.404158553125 0.5311277890625 0.3989643296875 0.5290480390625001 0.3916868796875 0.52505158125 0.3868352453125 0.5223872765625 0.3849686484375 0.522289453125 0.381452084375 0.5239126890625 0.3773448109375 0.52490245625 0.368445084375 0.5280511046874999 0.35963982968749997 0.529397171875 0.35061794218750003 0.5289243546875 0.3440848515625 0.52858196875 0.3365239921875 0.529993253125
3 0.2122394125 0.42527057343749997 0.21384269687500002 0.4482499953125 0.21444970468750002 0.47238222343749997 0.21493835 0.486868084375 0.21595472343750002 0.50318913125 0.21790819374999998 0.513534184375 0.22182273125 0.5221744828125 0.2284188015625 0.5213151484375 0.2429183171875 0.5184599734375 0.25023105625 0.515830665625 0.2583549328125 0.5096288046875 0.2658251203125 0.5039951968749999 0.27398428125 0.49116757031249997 0.28164340781249997 0.4819288015625 0.2848526703125 0.47426435624999996 0.2859825046875 0.45865829687500004 0.28724209375 0.434623890625 0.287938665625 0.4153800625 0.289166765625 0.39194651875000003 0.2918520953125 0.376421978125 0.29618739375 0.3591763796875 0.3017079078125 0.33717281250000003 0.30196742187500003 0.32031611875 0.2963084484375 0.31519946249999997 0.2839942234375 0.3061189546875 0.2683523734375 0.295056521875 0.26083060156250004 0.2838171359375 0.25060340000000003 0.27062843124999997 0.2411520515625 0.260492940625 0.229550696875 0.25566736562500003 0.22115101093749998 0.25522715625000003 0.21436600156250002 0.25969165312500003 0.214232446875 0.274144903125 0.21247281875000001 0.30176816562500003 0.21076857499999999 0.3402395171875 0.209938446875 0.3739365984375 0.21051016718749999 0.40469459218750004 0.2122394125 0.42527057343749997
3 0.20881462499999998 0.4787145171875 0.2033369953125 0.482042509375 0.1992574125 0.48845632187500004 0.191066759375 0.501884809375 0.1862075296875 0.5112703140625 0.17854080781249998 0.53255889375 0.17588696875 0.547482571875 0.1742608953125 0.5606525828125 0.170606978125 0.5827539749999999 0.1696307953125 0.6013806390624999 0.16868990156250002 0.6133815390625 0.1677175171875 0.625983296875 0.1666191734375 0.640988496875 0.1675801640625 0.6464614546874999 0.1682262578125 0.6579430125 0.1671317125 0.66692330625 0.165789046875 0.674685575 0.16472599062499999 0.683065009375 0.16521843281249998 0.6915259625 0.16751449375 0.7012864624999999 0.16956623125 0.7038040296875 0.1745438234375 0.70406489375 0.1806121640625 0.7013703703124999 0.18895646875 0.6909624890625 0.1956508046875 0.68227566875 0.20113223281249998 0.6729227718749999 0.20555440625000002 0.6659244015625 0.21265430937500002 0.6554513046875 0.22090414531250002 0.6468460031250001 0.22943359062500002 0.6388578671875 0.23211132499999998 0.6353831375000001 0.23382427187500002 0.63246035625 0.23526140624999997 0.6228955078125 0.2378951515625 0.5904979734375 0.243891809375 0.553456596875 0.2460179203125 0.5366977296875 0.24820321406249998 0.524762046875 0.24991615937499997 0.5218392671875 0.247088571875 0.5162684859375 0.23775558437500002 0.5157793640625 0.22499670468750002 0.5211358046875 0.21703407656249998 0.5183084578125 0.21493455 0.49289298906249995 0.21332367031250002 0.481963378125 0.20881462499999998 0.4787145171875
1 0.38212524062500003 0.3443998578125 0.3854175796875 0.35300754843750004 0.38634328125 0.3651062703125 0.38143737187500004 0.3991922578125 0.379229290625 0.447277371875 0.380304846875 0.4684216046875 0.3818527484375 0.480552934375 0.38760239375 0.48989191718749997 0.38944889531250004 0.4725158859375 0.3914642390625 0.4340608375 0.3940073125 0.397440978125 0.39428581406249996 0.35045976093750003 0.39364731875 0.326928390625 0.385416471875 0.30540916406249996 0.37218034375000003 0.2782050296875 0.3624808734375 0.26685151406249996 0.353557253125 0.2585512109375 0.3450039140625 0.25509039843750003 0.3394041234375 0.254796925 0.33358390312499997 0.258709471875 0.33072102812500004 0.2597644578125 0.329098753125 0.2669095640625 0.34658330625 0.26662086875 0.3588030625 0.27750395625 0.364765540625 0.29468672812499996 0.3725593265625 0.31859309062499996 0.37615896718749997 0.33324199062500004 0.38212524062500003 0.3443998578125
0 0.39009166875 0.34120229687500003 0.3894102875 0.3363465046875 0.3879492578125 0.334462403125 0.3860196828125 0.33556629843749997 0.3852085453125 0.33913885312500003 0.384739996875 0.34212685 0.3873471546875 0.3519036515625 0.38967850312499996 0.355038384375 0.390982084375 0.3599267859375 0.3919153828125 0.359975696875 0.39307290625 0.3497936828125 0.39009166875 0.34120229687500003
0 0.3905423328125 0.4159372109375 0.3896405234375 0.41528743749999997 0.388864675 0.412234225 0.3876517671875 0.4115681484375 0.388860878125 0.41825912968749995 0.3896367265625 0.4213123421875 0.390881125 0.4213775578125 0.39156630312499996 0.420208446875 0.391971871875 0.4184221703125 0.3905423328125 0.4159372109375
3 0.592494353125 0.645834865625 0.5926328125 0.6729550921875 0.5956064546875 0.6935962890625 0.6019354156250001 0.72164345625 0.6113514765625 0.7384047125000001 0.6180621125 0.753216653125 0.6222524609375 0.7684990203125001 0.6284983468750001 0.7802740499999999 0.6360868953125001 0.7842868140625 0.644486584375 0.784727021875 0.6537603875 0.7803929578125001 0.6606713562500001 0.7735250203125 0.666247253125 0.7623695421875001 0.6698305953125 0.75351968125 0.6739807515625 0.7338543375000001 0.676232821875 0.7146920296875 0.6794219890625001 0.689553728125 0.680492640625 0.6691244843749999 0.6834928687499999 0.64759134375 0.6851819203125 0.6332196125 0.687087603125 0.620666765625 0.691611840625 0.59981600625 0.6935213203124999 0.5812382546875 0.694340053125 0.565615890625 0.6948237953125 0.538528271875 0.6933703609374999 0.5245943609375 0.690081821875 0.5099617656250001 0.6880930625 0.506242478125 0.6835210390625 0.5041953359375 0.678232346875 0.5039181671875 0.6720418453125 0.5029912265625 0.6652291453125 0.502031678125 0.6577942453125 0.5010395203125 0.6520370046874999 0.5037503484375 0.64898139375 0.5144353984375 0.64275560625 0.5201342234374999 0.6327336421875 0.52683911875 0.621376609375 0.5292564750000001 0.6059437937500001 0.5320627390625 0.6000643921875 0.5311521 0.5965994140624999 0.5496483328124999 0.5960250031250001 0.5725136265625 0.5967264796875 0.594843275 0.5957188078125 0.6140708 0.5934667375 0.6332331078125 0.592494353125 0.645834865625
3 0.7990334390625 0.5084415531250001 0.7921577578125001 0.508683725 0.78577831875 0.5113619453125 0.7794781578125 0.53633720625 0.7754778546875001 0.565048059375 0.7755886203125 0.5867442390625001 0.774958825 0.5987614437500001 0.776160340625 0.6175022343750001 0.7844340703125 0.620345884375 0.7932116328125 0.613575771875 0.80270206875 0.6110605921875 0.8088333890625 0.6071643484375 0.822025528125 0.6054456765625 0.8374268546874999 0.6032402734375 0.8476931390625 0.6037783078125 0.8589242125000001 0.6037643921875 0.8709311359375 0.606803690625 0.8825010000000001 0.612230125 0.8954097328125 0.6159191953125001 0.905738996875 0.6152555078125 0.9152294328125 0.612740328125 0.92142373125 0.6076423640625 0.9263106531249999 0.6036809046875 0.9317291015625001 0.5955297265625 0.9360291109375 0.58490989375 0.9363440093750001 0.578901290625 0.93778114375 0.569336440625 0.93676476875 0.55301539375 0.934503996875 0.5366291296875 0.9328654234375 0.5202754734374999 0.9302381687500001 0.493024815625 0.9285995953124999 0.47667115937500004 0.926957225 0.466342409375 0.9204632187499999 0.453349353125 0.9166116625 0.4435073359375 0.9130674046875 0.43970652499999996 0.9055418359375 0.43449204375 0.9038880703125001 0.442238009375 0.8980640531249999 0.45217546249999996 0.890873475 0.45842623437499996 0.8854588234375 0.4605525078125 0.8760036765624999 0.45644192187500005 0.8751018671875 0.45579215 0.8689944421875 0.47113734375 0.8609889296875 0.486985575 0.8522113640625 0.49375568750000004 0.8449616046875 0.49518327500000003 0.8392396515625 0.49126833750000004 0.8286975562500001 0.484088234375 0.8231330515625 0.477168996875 0.822916421875 0.4753501125 0.8198054265625 0.47518707187500003 0.8160054546875 0.48221805 0.814099771875 0.49477089531249996 0.810173840625 0.5042053140625 0.806905396875 0.5070465734375 0.7990334390625 0.5084415531250001
3 0.52944036875 0.3370575546875 0.529428975 0.35513227187499996 0.5290397046875001 0.38041730937499996 0.5307613546875001 0.4130431 0.5324629062499999 0.428195034375 0.5338533609375 0.4433306671875 0.5404027484375 0.4671718125 0.5446522796875 0.4872773671875 0.5537257515625 0.5046231796875 0.561062384375 0.513442821875 0.5708916109375 0.5163679921875 0.5781060828125 0.52156616875 0.5895222953125 0.5239719984375 0.59835524375 0.5280499765625 0.6106417765625001 0.5317064375 0.6201322109375 0.5291912578125 0.629217078125 0.52846235625 0.6380891109375 0.5198896640624999 0.6461500078125 0.5148895234374999 0.6487685625 0.506591609375 0.65033165625 0.49462331875 0.652028303125 0.46820177812499997 0.6528470359375 0.4525794140625 0.654697334375 0.42917847656249997 0.6537124515625 0.41225656875 0.6535739921875 0.3851363421875 0.651631915625 0.356716571875 0.6495991671875 0.3240744765625 0.643931490625 0.28340924843750004 0.637882140625 0.2559792453125 0.6343139921875001 0.240729484375 0.6280051265625 0.2301561734375 0.611831746875 0.22328345781249997 0.6053301484375 0.2223402140625 0.5899918000000001 0.22334389687499998 0.577607 0.22751491875 0.57023128125 0.2313459484375 0.5624499968750001 0.23696325156250003 0.5556926796874999 0.24685179375000002 0.5486242640625 0.25672403125 0.543670565625 0.26791211718749997 0.5410520109375 0.27621003125 0.5375908296875 0.28868135625 0.53248348125 0.29684883906250004 0.530116846875 0.300339871875 0.5285499546875 0.31833306562499997 0.52944036875 0.3370575546875
3 0.6944823109375 0.5867112125 0.6910488234375001 0.6046065828125 0.68932828125 0.6195791749999999 0.686300359375 0.6356882703125 0.684953896875 0.6494754453125 0.6894553453125 0.664774115625 0.6981585375 0.6772804406249999 0.7072005203125 0.6952271125 0.7132259765625 0.711208165625 0.7225790578125 0.7291711421875 0.72836019375 0.7379092640625 0.7338894093749999 0.75145426875 0.7405446609374999 0.7554181171875001 0.749936828125 0.7607304234375001 0.7551940312500001 0.7616084515625 0.763754965625 0.75301945625 0.76796050625 0.744202203125 0.769086540625 0.7346210484375 0.7693775453125 0.717163496875 0.7677704624999999 0.7002089812500001 0.766068909375 0.68505704375 0.766174771875 0.6651797484374999 0.7654694984375 0.6488750046875 0.7643939421875 0.627730771875 0.7637239546875 0.6048002625 0.761124390625 0.58297365 0.7587729484375 0.5623650609374999 0.7567640921875001 0.541171915625 0.7531682515625 0.5204981109375 0.75267960625 0.5060122515625001 0.74861141875 0.4943513484375 0.7406487890625 0.491524003125 0.7313749859375 0.4958580671875 0.7232825984375 0.5014590671875 0.7120792171875 0.5068970265625 0.7017184640624999 0.508161575 0.6970519687500001 0.5079170140625 0.69512239375 0.5090209109375 0.6930353671875 0.51312910625 0.6925945109375 0.5215411484375 0.693768334375 0.5348578953125 0.695068115625 0.5457712031249999 0.6952103734375 0.5668665234375 0.6944823109375 0.5867112125
3 0.8376368453125 0.31946886406249997 0.8333998156250001 0.3288869765625 0.83080515625 0.34863384218750004 0.8294234046875 0.36904678125 0.8265654343750001 0.41167524375 0.8243448546875 0.430236690625 0.82221874375 0.446995559375 0.8207816078124999 0.4565604078125 0.8203092625 0.465573309375 0.8205220953125 0.4734171 0.824657059375 0.477851378125 0.8294457140624999 0.48171740312500005 0.8324307515625 0.4842838828125 0.8372508953125 0.48754904843749997 0.8420710390625 0.49081421406250003 0.8472337718749999 0.49349482343749995 0.8528965421875 0.4925865765625 0.857751975 0.489225975 0.862016696875 0.48523190781250003 0.8664703578124999 0.477632678125 0.8684352234375 0.46990301562500003 0.8730148421875 0.4599003453125 0.8744519765625001 0.450335496875 0.87794844375 0.43123840468749997 0.87991710625 0.4174838375 0.8788214562500001 0.37886575 0.8775129703125 0.33240387031249996 0.875165325 0.3057703765625 0.8724360046875 0.292372109375 0.87219548125 0.279104275 0.87257715625 0.26586904843750003 0.8706198859375001 0.2615488984375 0.8662330031250001 0.2619215015625 0.8624330328125 0.26895247968749997 0.8590071390625 0.2747980390625 0.8524034734375 0.2877071859375 0.848134953125 0.29772616093750004 0.8437442703125001 0.30412366875 0.8411572078124999 0.311820721875 0.8376368453125 0.31946886406249997
3 0.42021688749999997 0.6711492812500001 0.42160734218749996 0.6862849125 0.423553215625 0.7086797781249999 0.42403806250000003 0.7291905437499999 0.42514890625 0.7437090093750001 0.42740967812499997 0.7600952734375 0.43443141250000006 0.7749235171875 0.4431622953125 0.7928538875 0.45218038437499997 0.799351609375 0.4606745421875 0.7979892375000001 0.46708547031250003 0.7947101578125 0.47754828906249996 0.77959321875 0.48343908437499994 0.762429140625 0.48992438906249997 0.7398736234375 0.4930782671875 0.7213610890625 0.497382075 0.7047163484375 0.4982990765625 0.6812665 0.500180865625 0.657264703125 0.504125784375 0.6177057593749999 0.50640934375 0.5979425890625001 0.5075782625 0.569685859375 0.5072470671875 0.5521957 0.5068176046875 0.542533025 0.5048918265625 0.5376120171875 0.50196976875 0.5338438156249999 0.49864214375 0.5318618921875 0.49335345156250004 0.5315847234375 0.48775365937500004 0.53129125 0.4817482984375 0.532784053125 0.47608552812499993 0.5336923015624999 0.4700801671875 0.5351851046875 0.46472849531250005 0.5361096562500001 0.46062122031249997 0.5370994234375 0.45617135781249996 0.5386737484374999 0.45389919218749997 0.5403622 0.44749206093750005 0.537616375 0.4396830828125 0.5378096343750001 0.4341777609375 0.53571358125 0.431409353125 0.534965984375 0.4251873625 0.534639903125 0.4219818984375 0.53627944375 0.4201744828125 0.5410048046875 0.4184577375 0.549952490625 0.41785563437500006 0.5673937375 0.41749405624999997 0.5981028203125 0.41888071250000003 0.6192633578125 0.4194285375 0.6385724015625 0.42021688749999997 0.6711492812500001
1 0.16717570312500002 0.6958461125000001 0.1680775125 0.696495884375 0.1711255265625 0.6978606453125 0.1744254609375 0.694418525 0.1790957515625 0.6886381796875 0.182053096875 0.6857806156249999 0.1873455859375 0.680032878125 0.18853080312499998 0.6752749109375 0.189841978125 0.6681135 0.1931419140625 0.66467138125 0.1967844359375 0.660644703125 0.19704015156250002 0.6498129171875 0.1949922125 0.6412704421875 0.185320434375 0.635340971875 0.1775744359375 0.6343325125 0.17054130781250001 0.6375789828125 0.16845428125 0.64168718125 0.17012814375000002 0.6514150703125 0.16946685781249998 0.664033134375 0.1686204328125 0.6742314515625 0.16739992812499999 0.6856151859375 0.167210990625 0.689220346875 0.16717570312500002 0.6958461125000001
3 0.8749172046875 0.304552353125 0.8752245078125 0.3105935609375 0.8768039 0.3221240328125 0.8780054125 0.34086482500000004 0.8784587703125 0.36197645 0.8792547171875 0.38250351718750003 0.88010984375 0.407853771875 0.87938178125 0.427698459375 0.8758538234375 0.4473964125 0.8754129671875001 0.45580845468750003 0.8808553109374999 0.4591062265625 0.8836552062499999 0.4592529640625 0.8867662015625 0.459416003125 0.8918067734375 0.458475146875 0.8957289062499999 0.4550656359375 0.89843813125 0.450990046875 0.900245546875 0.4462646859375 0.9029547718750001 0.44218909687499997 0.9051992453125 0.43507660000000004 0.9084085078124999 0.42741215468749993 0.9106882703125001 0.41367389218749995 0.9120977124999999 0.39868499687500003 0.91366080625 0.38671670625 0.9148221296875001 0.37050978749999997 0.9163260421875 0.3537183109375 0.91596335625 0.3368290125 0.9166561296875001 0.3236100890625 0.9167267046875001 0.3103585578125 0.9149936625 0.2958074828125 0.9142845906250001 0.28552764375 0.9111849875000001 0.2672898890625 0.9107240359375 0.2582280734375 0.908829746875 0.252706203125 0.90547063125 0.2513251390625 0.899213353125 0.2576248234375 0.890337521875 0.2722224234375 0.8834819375 0.28993845 0.8786541984375 0.2987230953125 0.8774098 0.2986578796875 0.8749172046875 0.304552353125
3 0.747243753125 0.4430662859375 0.744810340625 0.45378394375 0.7420028484375 0.4656870171875 0.7473822125 0.4701865109375 0.7505838796875001 0.4745718765625 0.7557428140625 0.48327739062499997 0.7646034546875 0.49277941406250003 0.7737160125 0.49747455625 0.782923040625 0.5003671187500001 0.7847266578125 0.5016666625 0.7936855640625 0.5033412 0.8009315265625 0.5079385171874999 0.8068739078125 0.507647434375 0.8115127078125 0.50246795 0.8143831796875001 0.48936315468749997 0.8179426265625 0.46906434218750004 0.8203798375 0.4523217796875 0.8241005328125001 0.42299376093749996 0.8267342781250001 0.3905962265625 0.8294347984374999 0.350972065625 0.832935065625 0.3258500671875 0.8327575203125 0.3113805125 0.8345725312500001 0.2946053421875 0.8360134640625001 0.2790155859375 0.8353043921875001 0.26873574843750003 0.832886171875 0.2553537859375 0.82847539375 0.2442774390625 0.8210719843750001 0.24268442031249998 0.8150036437500001 0.24537894374999997 0.8062575687500001 0.251548196875 0.7980077343749999 0.2601534984375 0.7909670109375 0.27544978124999997 0.7876594796874999 0.2909417125 0.78065404375 0.2996122296875 0.77287275625 0.305229534375 0.7661192390625 0.3090931703125 0.75650284375 0.314011790625 0.7498437953125 0.3160728453125 0.7450160546875 0.3248574921875 0.746965728125 0.3412274515625 0.74878564375 0.3660257578125 0.7500501390625 0.38356482812500003 0.7507516140625 0.405894478125 0.749090253125 0.425690253125 0.747243753125 0.4430662859375
3 0.40596154218749997 0.3360088984375 0.40068535 0.3652553953125 0.398677603125 0.391660634375 0.3974809921875 0.41449331875000006 0.39510676093749997 0.4300341625 0.391724859375 0.464802528125 0.390867040625 0.49307556406249997 0.3912259265625 0.51598976875 0.394423796875 0.5264000390625 0.40434369375 0.5335475328125 0.4177524640625 0.533647746875 0.439501740625 0.529364984375 0.454249378125 0.5277278328125 0.47111173281249996 0.52740653125 0.48679266875 0.5258182921875 0.4936683484375 0.5255761203125 0.505304990625 0.52377593125 0.5160751109375 0.5147002015625 0.5220527796875001 0.5077833515625 0.527852903125 0.4863969484375 0.53004199375 0.46843636093749996 0.5306440968749999 0.45099511249999996 0.5305333296875 0.42929893124999996 0.529020715625 0.41054183593750004 0.5287525 0.3918499546875 0.5284565906250001 0.3677340296875 0.5271367140625001 0.3393468671875 0.525163146875 0.31152795625 0.5218469156250001 0.29147131718749997 0.5156678078125 0.272469659375 0.506161075 0.251486078125 0.4980800828125 0.23901236250000002 0.48719539687499996 0.232416815625 0.47391638281250004 0.22388825625000003 0.46741478281250004 0.22294501093750002 0.4549078203125 0.22349457031250003 0.4498042703125 0.22563714531249998 0.44233408281250003 0.2312707546875 0.4347379359375 0.239307803125 0.4322768328125 0.24460141562499998 0.427012034375 0.2557731984375 0.4203139 0.270484925 0.41591941875 0.2829073390625 0.41204887343749996 0.303189846875 0.4079616953125 0.32165347187500004 0.40596154218749997 0.3360088984375
3 0.68485990625 0.502457971875 0.696740871875 0.5079007109375 0.70669605625 0.5084224390625 0.7187697562500001 0.5042351109375 0.7297879968750001 0.49637740625 0.7380731203125 0.48114634218749996 0.7441566515625 0.45435219531250004 0.7492162125 0.42328681250000005 0.74942034375 0.39558203125 0.746737703125 0.35748328125 0.7444253453125 0.324224021875 0.7435072390624999 0.300075490625 0.7402892734375001 0.2721913640625 0.7337637781249999 0.2597991671875 0.72795115625 0.2516619046875 0.7184645187500001 0.248152178125 0.7075722359375 0.2536064421875 0.696085446875 0.2644521453125 0.687800325 0.2796832109375 0.6807948875000001 0.28835372812500004 0.6708560015625 0.311330759375 0.6667134390625 0.31894629375 0.6640633968749999 0.3278450671875 0.6608351453125 0.3656340390625 0.656712678125 0.390723428125 0.6549492531250001 0.42437159687500003 0.6529729953125 0.4501759734375 0.6526190125 0.4688352453125 0.6505243921874999 0.484993253125 0.6500835359375 0.4934052953125 0.6532852015625 0.497790659375 0.658479425 0.499870409375 0.6646107437500001 0.49597416406250006 0.6710216734375 0.49269508437500004 0.6780195140624999 0.496074378125 0.68485990625 0.502457971875
3 0.30124695468749996 0.328110996875 0.2980300984375 0.3478252546875 0.293628021875 0.3722974796875 0.290600103125 0.3884065734375 0.28819438124999996 0.4045482765625 0.28681642812499997 0.41893631249999996 0.28534020781249997 0.44115183281250003 0.28532501718750003 0.46525145312499994 0.2876411734375 0.4924858078125 0.2931036125 0.5132574375 0.30149950312499996 0.5197225515625 0.3112619515625 0.529874346875 0.32096521875 0.53520295625 0.33110934062499997 0.5321195249999999 0.34200162500000003 0.5266652625 0.3508068796875 0.5253191937499999 0.35967131874999997 0.5287963109375 0.3743244859375 0.528961740625 0.37936885625 0.5219959796875 0.3856299328125 0.509671390625 0.387570903125 0.490492778125 0.3903230125 0.46774161249999996 0.3915234203125 0.43888402343750005 0.39475547031249997 0.3950701453125 0.395561703125 0.34992411562500003 0.39430100625 0.3263601390625 0.384951721875 0.30237225625 0.374511690625 0.2813397625 0.3643789609375 0.266348478125 0.3518481046875 0.2554490859375 0.3417077796875 0.2525076125 0.33601351875 0.2540167203125 0.32941365 0.26090096093750004 0.3214749140625 0.2695225671875 0.3140324203125 0.28058022031249996 0.3092361703125 0.28876400625 0.3055268703125 0.3000173078125 0.3033415765625 0.3119529890625 0.30124695468749996 0.328110996875
3 0.5064924203125 0.614214725 0.5079458531250001 0.6281486359375 0.5081863765625 0.6414164718750001 0.5078399890624999 0.648025934375 0.5073323546874999 0.6636645999999999 0.50663958125 0.6768835234374999 0.5075375921874999 0.6835582015624999 0.508061525 0.69141829375 0.5079317671875 0.699846640625 0.50727428125 0.7064397984374999 0.509759278125 0.7125951359375 0.5133274296875 0.727844896875 0.5149068203125 0.7393753671875001 0.5178250796875 0.749168471875 0.520369259375 0.7601469953125 0.5238467390625 0.7711744296874999 0.5281945375 0.7834524968750001 0.5336645718749999 0.7921743171875 0.5415642203125001 0.79620338125 0.5468529125 0.79648055 0.5541656515625 0.7938512421875 0.5607340296875 0.7875678609375 0.567991384375 0.7740904625 0.5726339828125 0.7628860734375 0.5775285015625 0.7468748015625 0.580182340625 0.7319511234375 0.58237143125 0.7139905359375 0.58437538125 0.6936102046875 0.5871312875 0.6648341328125 0.5904149234375 0.6378932515625 0.5927337703125 0.61150431875 0.5951080015625 0.595963475 0.59551736875 0.58815229375 0.5953990046875 0.5785059234375 0.5953751109375001 0.5670569734375001 0.5948511796875 0.5591968796875 0.5935476000000001 0.5543084781250001 0.592307 0.54821835625 0.592527428125 0.544012334375 0.592062678125 0.5409754265625 0.5915664375 0.5385393781250001 0.588518421875 0.5371746171875 0.583635296875 0.535111171875 0.5814261109375 0.535597903125 0.579185434375 0.536685496875 0.5771928796875 0.5389911125 0.575916990625 0.53952675625 0.5728059953125 0.5393637171875 0.5721208156250001 0.540532828125 0.5692579421875 0.5415878125 0.567517303125 0.5390865484375 0.5650285078125 0.538956115625 0.5614212703125 0.5363570265625001 0.5576565875 0.5367622375 0.5532697046874999 0.537134840625 0.5502216875 0.53577008125 0.5483236 0.5362731171874999 0.5439367171875 0.5366457203125 0.5401720328125 0.5370509328125 0.5345407515625 0.5373583203125001 0.532114934375 0.5360261671875 0.5277280515625 0.536398771875 0.5249281546875 0.536252034375 0.5224393593750001 0.536121603125 0.5162488578125 0.5351946609375 0.5140396703125 0.53568139375 0.5112044890624999 0.542160421875 0.5098933125 0.5493218328125 0.5092950078125 0.560738175 0.5083579109375 0.5667141671875 0.5077596062499999 0.578130509375 0.5060944468749999 0.6039511921875 0.5064924203125 0.614214725
3 0.2434232609375 0.5564445921875001 0.23711170468749998 0.5994945703125001 0.23435200156249997 0.6342955453125 0.2323480515625 0.654675878125 0.23002920312500003 0.6810648109375 0.229112203125 0.7045146609375 0.22823049062499998 0.7213387453125 0.23120793125 0.7359550359375 0.24411286406250002 0.7456690109374999 0.2579624921875 0.7373571828125 0.2720048546875 0.7194152890625001 0.28190465625 0.7090889265625 0.293919175 0.700078415625 0.3044411765625 0.6897846624999999 0.3152427875 0.680108071875 0.319818609375 0.6761303078124999 0.3238981890625 0.6697164953125 0.32399645625 0.6618890093750001 0.3207784921875 0.6340048828125 0.3196399578125 0.6140623703125 0.3189661734375 0.5971567671875 0.318883096875 0.58088463125 0.31845743125000003 0.5651970515625 0.31588556093750003 0.5487944828125 0.3136877671875 0.5312064999999999 0.3072491453125 0.529061534375 0.2935053828125 0.517496065625 0.2893780140625 0.501011978125 0.28947248281250004 0.4992093984375 0.285865246875 0.496610309375 0.27976541718750003 0.4999056921875 0.2728582484375 0.500748725 0.26685288749999997 0.502241528125 0.254617940625 0.5154580609375 0.24760870625 0.530153484375 0.2434232609375 0.5564445921875001