3 0.5606028703125 0.7291127640624999 0.5601731921875001 0.7414171656249999 0.5568337296875 0.7586389734375001 0.5536374953125 0.7717593125 0.5503616906250001 0.7871582453125 0.551371734375 0.8017942937500001 0.5546361 0.812858871875 0.5572450078125 0.8252693828125001 0.5607973171875 0.8368002890625 0.5706973390625001 0.8407962 0.5751104984375 0.83638756875 0.5852477375 0.8248784375 0.593210225 0.8146621843749999 0.6002611375 0.8044140984375 0.60977474375 0.7933394640625 0.6171136015625 0.7835577078125 0.6212547296875 0.7782270265625 0.627249346875 0.7633793109375 0.6310040640625 0.7429780859374999 0.6353505859374999 0.7230538 0.6400487078125 0.7017729703125 0.641549103125 0.6849432156249999 0.6401556312500001 0.6725751484375 0.63748306875 0.6619875125 0.633723875 0.6563809468749999 0.62898945 0.652565421875 0.620801184375 0.6518232078125 0.6154923609375 0.6557442874999999 0.6109185687500001 0.656040840625 0.605385459375 0.65767271875 0.600684353125 0.6616150203125 0.598813459375 0.6629185109375 0.5950716734375 0.665525490625 0.5912662296875 0.6699553453125 0.58637415625 0.6793662703125001 0.5822171125 0.68515266875 0.577531921875 0.6886392531250001 0.5756769421875 0.6894870234375 0.572958128125 0.6889358062500001 0.562098790625 0.68627521875 0.5529512046875 0.6868683265625 0.545835146875 0.6902700234375 0.5392790609375 0.695060096875 0.5373604265624999 0.6977307421875001 0.5341627 0.70218181875 0.5412628453125 0.699235840625 0.5490835984375 0.70179031875 0.55384985 0.7046944046875 0.5576090421875 0.7103009703125001 0.5587464 0.721291271875 0.5606028703125 0.7291127640624999
3 0.36214990625 0.7144259703125 0.362487084375 0.7221944078125 0.3602660828125 0.73352370625 0.3560787015625 0.74889080625 0.3524338921875 0.7574327375000001 0.3499886 0.766472834375 0.3492853984375 0.7691859234375 0.34843897031250004 0.7760004796875 0.348472290625 0.78375830625 0.349993075 0.7924806249999999 0.3506181984375 0.8007153921875 0.3516108359375 0.807137896875 0.3523791859375 0.811271196875 0.3537234234375 0.8163371546875 0.35537152031249997 0.8214137265625 0.3570832734375 0.8246674203125 0.3596747734375 0.8288643875 0.36234584375 0.8307827609375 0.3635135375 0.832192359375 0.366824153125 0.8332205171875 0.37234135 0.832044359375 0.37784263125 0.8313239203125 0.38401528749999997 0.828801828125 0.39484130624999997 0.8237045890625 0.40142921875 0.8180030781250001 0.4077928421875 0.8100123625 0.41241288593750003 0.7996793906249999 0.415225690625 0.7888270328125 0.417702809375 0.7788755 0.420515615625 0.7680231421875 0.422593390625 0.7607953109375 0.426798178125 0.75364175625 0.43085973749999995 0.75058966875 0.4327942875 0.74746330625 0.434552290625 0.74068058125 0.43768486875 0.7293831156249999 0.4410735640625 0.7194634171875001 0.4441743140625 0.7090773890625 0.44628391875 0.7009381203125 0.4467469171875 0.6963915468749999 0.4459785671875 0.692258246875 0.44417133125 0.6917388609375 0.44150025781249996 0.6898204875 0.4391807890625 0.6865455703125 0.436956803125 0.680536340625 0.433181696875 0.6753854953125 0.4289595046875 0.6743255031250001 0.4250093421875 0.674187559375 0.4228186765625 0.6759361578124999 0.4173810515625 0.6748337234374999 0.41619744531249997 0.6738798421875 0.41165547968749994 0.673264959375 0.4055783078125 0.673052740625 0.401548578125 0.675193390625 0.3993260828125 0.677853425 0.39676790156249997 0.681414284375 0.392418396875 0.6840000421875 0.38840457968750003 0.685684975 0.38231149375 0.685928475 0.378057475 0.6857799203125 0.37287596562499997 0.6860552515625 0.36830217187500003 0.68635180625 0.3652635859375 0.686245696875 0.3638890125 0.6907604390625 0.36280238125 0.695741509375 0.361443721875 0.6998005328125 0.35970163125 0.7061275375 0.36107769843750004 0.710282059375 0.36214990625 0.7144259703125
3 0.49695469531249997 0.7396658015625001 0.50200889375 0.74303621875 0.5051762828124999 0.7481658421875 0.504873915625 0.756824496875 0.5043154328125 0.76410538125 0.50155036875 0.7735905843750001 0.49605206874999996 0.7916495515624999 0.492504234375 0.8061264359375 0.4933203265625 0.8088925796875 0.49560945937499995 0.8217482 0.499386059375 0.835568309375 0.5017388484375 0.8466010546874999 0.5076250515625 0.852281896875 0.515221515625 0.852547171875 0.5238250390625 0.8501099671875 0.530381125 0.8453198921875 0.5346495671875 0.8363434640625 0.540419896875 0.8192065453125 0.5445754484374999 0.8047508828125001 0.550137403125 0.7848690406250001 0.5540368390625 0.7690356125 0.5569928703125 0.7540817859375 0.55998073125 0.738216525 0.560394496875 0.726367840625 0.5595784046875 0.7236016984375 0.5585380234375 0.7185463484375 0.556649725 0.71163629375 0.553530078125 0.7051395125 0.5469725015625 0.7012603234375 0.5411991890625 0.701058715625 0.5338111 0.7035383625 0.5263752671875 0.7073851671875 0.5170208 0.713902615625 0.5105283703125 0.7168698140624999 0.5047073171875 0.7180353625 0.49736696875 0.7191478546875001 0.4884755 0.7211187296875 0.4813116984375 0.7258875812500001 0.4771546546875 0.7316739796875 0.47454873124999997 0.7366019968749999 0.47536482343750003 0.739368140625 0.47746000468750005 0.7403538546874999 0.48019473125 0.740449353125 0.4847526109375 0.7406085171875 0.49025389218750004 0.739888078125 0.49695469531249997 0.7396658015625001
3 0.088286809375 0.4808317796875 0.0902879984375 0.4932210671875 0.0911851515625 0.5023778828125 0.09317042656249999 0.515222890625 0.09996820625 0.520935565625 0.10750101406250001 0.5230237140625 0.11930375625 0.5248046984375 0.12699570468750002 0.5223356609375001 0.1355499953125 0.5125963484375 0.138267315625 0.5044783015625 0.1471732078125 0.49338244531250003 0.152817715625 0.4885605375 0.15772719531249998 0.48736315937499997 0.16613975 0.4903945765625 0.1762481453125 0.4971354109375 0.18317323593749998 0.49920233593749996 0.1851237015625 0.4956202546875 0.1848024359375 0.4873960984375 0.1854564046875 0.4773809015625 0.1857905984375 0.4678108109375 0.1831324578125 0.4480981921875 0.18108352656249999 0.43707605781250003 0.179241478125 0.42012958281249996 0.17476167812500001 0.40902256093749995 0.167723696875 0.40147640156250003 0.155760321875 0.3955833390625 0.1470757359375 0.391629871875 0.136870365625 0.3789540859375 0.1250994515625 0.376261665625 0.10413321093750001 0.375529509375 0.0942824234375 0.3788357046875 0.085919103125 0.3831063953125 0.0786279875 0.391520996875 0.07978275 0.4107248421875 0.0816247984375 0.42767131562499994 0.0829387015625 0.442317978125 0.08442915 0.460620996875 0.08678193906250001 0.471653740625 0.088286809375 0.4808317796875
3 0.2666647140625 0.7480497734375 0.26700338281249997 0.7644874749999999 0.2686688859375 0.7777775890624999 0.27060641875 0.791989753125 0.2725757796875 0.8052904796875 0.275871975 0.8154436203125 0.28076703125 0.823371221875 0.2854855421875 0.8276424640625001 0.2914354015625 0.8315004328125 0.2989682078125 0.8335885812500001 0.30817945 0.8311725984375 0.3165905140625 0.8255347546875 0.3225866234375 0.819356303125 0.3296534484375 0.8086524984375 0.335216896875 0.797439921875 0.34079625625 0.7857716234375001 0.3461195 0.7727255609375 0.3517466046875 0.7596901093749999 0.3561423578125 0.7470679328125 0.35964245156249997 0.733958203125 0.360360075 0.72212013125 0.3597349515625 0.713885365625 0.355415784375 0.7068904218750001 0.34860209062499997 0.7016334640624999 0.34172474375 0.6981993828124999 0.3360150859375 0.6961749 0.32390699375 0.685714040625 0.3122952203125 0.678464434375 0.2986360078125 0.6688619578125 0.2885276125 0.662121125 0.2843690765625 0.659238259375 0.2828338703125 0.6596409234375 0.28099480312499997 0.6600329765625 0.2793163703125 0.6645371078125 0.2771431109375 0.6744992484375001 0.2744431953125 0.690830840625 0.2713439375 0.7098861328125 0.26824467812499997 0.728941425 0.2676225390625 0.7380451859375 0.2666647140625 0.7480497734375
3 0.67046938125 0.440477559375 0.6902375953125001 0.44938081875 0.711093928125 0.46197226875 0.7278727890625001 0.4780715265625 0.7310575859374999 0.491414696875 0.7329966109375 0.5142961234375 0.741426571875 0.5255410875 0.7534854296875 0.5286998374999999 0.7631596703125 0.52173728125 0.77059251875 0.5005519515625 0.7733879203125 0.481486046875 0.7750489468749999 0.46876837031249996 0.7810435640625 0.45392065625000005 0.785407490625 0.442209915625 0.7877558046875001 0.42723486875 0.7878657109375 0.41537557343750003 0.787511128125 0.399393590625 0.7849977046875 0.38424876874999997 0.78099681875 0.3681394546875 0.7754925515625 0.35152136562499997 0.7714931578125 0.344081315625 0.7697958265625 0.3317026359375 0.767075521875 0.32248215625 0.7562465203125 0.3102408671875 0.7444437781250001 0.308459884375 0.7365116281249999 0.309095434375 0.72466114375 0.30868160625 0.7083960078125 0.30400714687499997 0.6991991875 0.297298146875 0.6906100859375 0.29061036875 0.6835895109375 0.29127775312500004 0.6712442000000001 0.2963219375 0.664272859375 0.30429143125 0.6584532953125 0.314126240625 0.6519146171875 0.3271298609375 0.64406501875 0.342825346875 0.6380052546874999 0.35082667343749996 0.6324895500000001 0.3606720953125 0.6280142234375 0.37557286562500003 0.6257136515624999 0.38918075625 0.621895278125 0.41140485625 0.6209548578125 0.42962298906249996 0.6241396531250001 0.4429661578125 0.632361240625 0.45146620000000004 0.6389347296875 0.454889671875 0.6442753812500001 0.45005715312500005 0.650271490625 0.44387870312500005 0.6604897921874999 0.4387602421875 0.67046938125 0.440477559375
3 0.422178134375 0.7639747296875 0.42042013125000005 0.770757453125 0.417607325 0.7816098109375 0.41405949062499997 0.796086696875 0.41257351875000003 0.8037914687500001 0.4121264328125 0.8078823249999999 0.41249543906249997 0.814739325 0.413152390625 0.82206265625 0.4138252546875 0.8289302671875 0.4144662921875 0.8367093156250001 0.4151709859375 0.8426654890625 0.4156195625 0.847243896875 0.4160681390625 0.8518223046875001 0.4170289484375 0.8591562453125 0.4174934390625 0.863278934375 0.4186133890625 0.8660556890625 0.42032514218749994 0.8693093859375001 0.42298030000000003 0.8716834765625 0.42837018281250006 0.8741530687499999 0.43257646093749996 0.8756687781249999 0.43739045625 0.877205709375 0.440413128125 0.8777675359374999 0.4486173078125 0.8780540328124999 0.4523431828125 0.875902771875 0.4582597203125 0.8720029140625 0.4654394375 0.8667783437500001 0.471642428125 0.85467555 0.476902015625 0.8434523609375001 0.48128185781250005 0.831285903125 0.48431895156250004 0.8227227484374999 0.48794784843750005 0.8146365359375001 0.4916722296875 0.8038160109374999 0.49776233281250004 0.7862339828125 0.5006069656250001 0.7744701890625 0.5040434015625 0.7631833343750001 0.504937571875 0.755001621875 0.5045367374999999 0.7490560578125 0.5022809234375 0.743958265625 0.49957802500000004 0.74295133125 0.4950838015625 0.740969290625 0.4917413578125 0.7408525703125 0.48561644531250003 0.74200750625 0.47864361093749996 0.7413077343750001 0.4732059859375 0.7402053015625001 0.4701514859375 0.7405549109375 0.46524200625 0.741752290625 0.46122818906249996 0.7434372203125 0.4542235265625 0.7436488875 0.452992178125 0.7440621625 0.450833340625 0.744899321875 0.4477470125 0.74616036875 0.4468354375 0.7461285359375001 0.4422616453125 0.7464250906250001 0.437143790625 0.7448775484375 0.4353206390625 0.74481388125 0.43410520625000004 0.7447714375000001 0.43341791875 0.7470288078125 0.432138828125 0.7488092390625 0.43053996562499997 0.7510347765625001 0.42804544062499994 0.7527727640624999 0.4254713453125 0.7567893437500001 0.422178134375 0.7639747296875
3 0.20245805468750003 0.7658836953125 0.2064097078125 0.774690903125 0.21164045156250003 0.7817176781249999 0.2179259984375 0.7846748203125 0.22560203125 0.782661503125 0.2347640390625 0.7729434125 0.242055153125 0.7645288109374999 0.2521923921875 0.7530196796874999 0.2601707921875 0.7423477078125 0.265462209375 0.7302130828125 0.2690418734375 0.7148247609375 0.27145384375 0.698026840625 0.2742333296875 0.67941665625 0.27386283125 0.663890390625 0.27042191875 0.6491694546875 0.2669825 0.64311778125 0.26386285 0.636621 0.252729990625 0.6243691 0.24908219531250003 0.6155725046875 0.24281107343750002 0.6034903796875 0.2375485 0.5973750421874999 0.231310696875 0.59305074375 0.22600038437499997 0.588302559375 0.2187555203125 0.5866807406250001 0.21128786093750002 0.5914389828125 0.20513260937500002 0.60217461875 0.1998571078125 0.6138535265625 0.19712387343749999 0.622427290625 0.1932880921875 0.636437846875 0.188508909375 0.65132800625 0.1844488421875 0.6630493562499999 0.180708546875 0.6743256 0.176312790625 0.686947778125 0.1718056390625 0.7027599859375 0.1679857734375 0.716314821875 0.174175834375 0.722006275 0.1796945234375 0.7294993796875 0.18633316093750002 0.7397692421875 0.19185185 0.7472623484375001 0.1982025421875 0.7570658796874999 0.20245805468750003 0.7658836953125
0 0.6943538593749999 0.3924902734375 0.6907553 0.3909957859375 0.68963535 0.38821903125 0.688483571875 0.3863537125 0.6874765109375 0.38905619062499996 0.689476209375 0.3927762171875 0.6924511390625 0.3947052 0.6951540375 0.3957121359375 0.6987685124999999 0.39675090625 0.6982562796875 0.393995371875 0.6943538593749999 0.3924902734375
0 0.7178275578125 0.3736901984375 0.7163400906249999 0.37272570625 0.7126619609375 0.3735098109375 0.7105190375 0.373891253125 0.710391725 0.37753700156250003 0.71248690625 0.37852271718749997 0.7152534609375001 0.3777067765625 0.7178275578125 0.3736901984375
0 0.6651456421875 0.357706003125 0.6695762078125 0.361510915625 0.6724715671875 0.36571849218749997 0.6756707859375 0.3699366796875 0.6797497515625001 0.3750981375 0.6801331796875 0.37283015625 0.6749024375 0.3658033796875 0.671399359375 0.36157458125 0.66877603125 0.3582890515625 0.6629057421875 0.3521524921875 0.657531771875 0.3492271828125 0.6511825703125 0.3480929140625 0.6487517031250001 0.34800802656249996 0.6571165156250001 0.3524066015625 0.660379390625 0.354801915625 0.6651456421875 0.357706003125
3 0.161419246875 0.6604200484375 0.1789301546875 0.6555562515625 0.1888749328125 0.6408464796875 0.19466117656249998 0.623253840625 0.2080105625 0.5981686515625 0.21187966406249997 0.591915921875 0.21846757499999997 0.5862144125000001 0.2281433078125 0.58792111875 0.235179796875 0.586798015625 0.23552990624999998 0.57677220625 0.23472823593749997 0.56488108125 0.23394248125 0.5525342359375001 0.23114260625 0.545592346875 0.230453828125 0.539180453125 0.2299560171875 0.5272999375 0.2239569234375 0.5161398609375001 0.21861478281250002 0.512303115625 0.2128096421875 0.51301294375 0.19691201875 0.5065262203125 0.185796565625 0.502487865625 0.17351341874999998 0.4970399125 0.1667156390625 0.4913272375 0.1590062859375 0.485582728125 0.1456857421875 0.49241795312500003 0.13441413124999999 0.5102753124999999 0.1279565140625 0.529669603125 0.1220573796875 0.54178300625 0.11182465781249999 0.55602645 0.10563757968750001 0.5676735234375 0.1057345546875 0.5736084765625 0.11666351718750001 0.6091232453125001 0.1389337140625 0.6596348375 0.151552546875 0.664181965625 0.161419246875 0.6604200484375
3 0.6124696890625 0.655182459375 0.6183066578124999 0.6535611921875 0.6223204765625 0.6518762625 0.63108463125 0.6535511359374999 0.636331290625 0.66012219375 0.639194821875 0.6652412062499999 0.6404913171875 0.6716743234375 0.6405405515625 0.6789764296875 0.64124524375 0.6849326046875001 0.640942878125 0.6935912578125001 0.6407678234375 0.6986041625 0.639601621875 0.7058638265625 0.638707453125 0.7140455390625 0.6430584484375 0.72012904375 0.6504798593750001 0.7254072234375 0.6580285796875 0.7270396546875 0.6658001 0.7222920234375 0.672787353125 0.7138668125 0.6798223515624999 0.7040744453125 0.684058965625 0.6960094531250001 0.68922306875 0.687520575 0.6956026078125 0.6790741437500001 0.7004469390625 0.6710303734374999 0.7023959109375 0.6587790265625 0.7007607453125 0.6359082093749999 0.6992210625 0.61030308125 0.6958756359375 0.592847834375 0.6935228437500001 0.5818150890625 0.6912829453125 0.576261578125 0.6877957828125 0.5715770609375 0.6827734140625 0.5672952078125 0.6742812875 0.5665423828125 0.664301696875 0.5648250640625 0.652882384375 0.5607760984375 0.64778044375 0.5587728375000001 0.6404878390625 0.558518175 0.6331952328125 0.5582635109375 0.62809329375 0.55626025 0.62267158125 0.554702096875 0.614002909375 0.5502929109375 0.609029775 0.553313165625 0.60266615 0.56130388125 0.6005883734374999 0.5685317109375 0.5969276484375 0.5775293625 0.591668059375 0.5887525499999999 0.59003736875 0.5918895265625 0.5845708984375 0.60903705625 0.5818709828124999 0.6253686468749999 0.5805297281249999 0.637641215625 0.5817784828125 0.6454414859375001 0.5873130843750001 0.6524788734375 0.5934872328125 0.6586260453125 0.6007161812499999 0.660703584375 0.6069047515625 0.6577257734375 0.6124696890625 0.655182459375
3 0.6176332984374999 0.5508759609375 0.621839575 0.5523916703125 0.626877859375 0.5562178062500001 0.635642015625 0.5578926796875 0.64109555625 0.558539396875 0.64742884375 0.5601293828125 0.6531385015625 0.5621538640625 0.6594717875 0.56374385 0.66913160625 0.5659062765625 0.67727213125 0.5680156484375 0.6854285703125 0.5696692999999999 0.68869144375 0.5720646125 0.69182700625 0.578105675 0.6946587078124999 0.584136125 0.69729944375 0.5956352 0.6996363203125 0.6071236640625 0.7022929687499999 0.61816701875 0.711233671875 0.623498253125 0.7222680625 0.6211459359375 0.730789034375 0.6036487968750001 0.7341921499999999 0.584604115625 0.73557965625 0.5622951265625 0.7346173546875 0.5462919234375 0.7330473359375 0.530267496875 0.732484378125 0.511540590625 0.73184185 0.495092278125 0.7281448203124999 0.4789935734375 0.7176355921875001 0.466307178125 0.703032975 0.4575843046875 0.6943643015625 0.4531751203125 0.6842240796875 0.4473457234375 0.67589109375 0.44203571249999996 0.665351528125 0.4389300171875 0.6567957468750001 0.44000006562499994 0.6458583296875 0.44828733437499996 0.6399099625 0.4530986296875 0.628891484375 0.45499522812500004 0.6216003703124999 0.463409828125 0.6169485 0.4746542390625 0.6146305203125 0.4800485859375 0.6094823296875 0.48808174375 0.6080137624999999 0.5040000609375 0.6079834265625 0.5135807625 0.6063701421875 0.52493128125 0.603444446875 0.53030440625 0.6029973609375 0.5343952625 0.602981446875 0.53485098125 0.6037657109375 0.5385285625 0.6053819796875 0.5445165703125 0.6074135046875 0.5473251578125 0.611844071875 0.5511300703125 0.6176332984374999 0.5508759609375