3 0.4237852015625 0.3286605 0.4323514046875 0.3339214953125 0.444540109375 0.3321681515625 0.4522988203125 0.3294632875 0.45436090937499996 0.327387921875 0.45506486874999996 0.3150427484375 0.45679064062499997 0.30391485937499996 0.455511975 0.297035665625 0.45113094374999996 0.2955244890625 0.449772815625 0.2852546796875 0.44580196406250006 0.2747562875 0.43940781093750003 0.274760815625 0.43298315781249996 0.27081507031249996 0.42902433906250004 0.26877688593750004 0.4266869328125 0.2697002765625 0.42244636562500004 0.2794802625 0.4213322296875 0.30081265 0.4196369578125 0.31589081406249997 0.4210930140625 0.325041303125 0.4237852015625 0.3286605
3 0.45691741406249997 0.3755468046875 0.46199597187499997 0.37768294999999996 0.465079871875 0.3768248703125 0.46537365468749997 0.3734669109375 0.46519626406250003 0.3711956171875 0.4654410828125 0.3683973171875 0.4656369390625 0.3661586765625 0.4658327953125 0.3639200359375 0.4672463171875 0.36066004218750003 0.46813969999999994 0.35904637031250003 0.4686108765625 0.35795970625 0.466096078125 0.35661180312499996 0.46390556250000003 0.3558562140625 0.46022206250000003 0.35497000624999997 0.45626324374999994 0.352931821875 0.45188221406249995 0.35142064375 0.44787443125 0.34994212187499996 0.44461314218750003 0.3485289078125 0.44204938125000004 0.3477406640625 0.4392897640625 0.3491910609375 0.438298453125 0.3519240515625 0.43756399375 0.36031895 0.43752706406249997 0.36933881875 0.4384999109375 0.3711157625 0.44297886875000003 0.3715076203125 0.44778210781250005 0.37249179374999997 0.45248741875 0.3745952859375 0.45691741406249997 0.3755468046875
3 0.40812088593749996 0.33574920625 0.41105789374999996 0.3365701046875 0.41217763281249997 0.33666806875 0.4139459375 0.3379506625 0.4157142421875 0.3392332578125 0.4174335828125 0.3410755109375 0.4185533203125 0.34117347656249997 0.41944670625 0.3395598046875 0.41951413593750003 0.3344902109375 0.418884034375 0.3287956484375 0.41726262187499996 0.3258340734375 0.4158186 0.32514379375 0.41241041875000006 0.3254095609375 0.4092775546875 0.3268273015625 0.4069401484375 0.32775069375 0.40427846093750003 0.32808176875 0.401616771875 0.32841284531250003 0.39942625781249996 0.32765725625000003 0.397657953125 0.3263746625 0.3955164015625 0.3250594140625 0.3924325015625 0.3259174953125 0.3892506765625 0.3278948953125 0.38691326875 0.3288182859375 0.3837314421875 0.3307956890625 0.382513775 0.33181704375 0.38166935468749996 0.332871053125 0.38070854062500004 0.33955431875 0.380463721875 0.3423526171875 0.3806900765625 0.3440642515625 0.3805921484375 0.345183571875 0.3833333015625 0.3482431109375 0.38575017031250003 0.350710334375 0.3907308 0.3539658015625 0.39361884375 0.35534635937500003 0.39580935781250004 0.3561019484375 0.397596128125 0.3528746078125 0.40019681875 0.34464298437499996 0.40170826875000004 0.3402636671875 0.4038193203125 0.33762864375 0.405410234375 0.33663994375 0.40812088593749996 0.33574920625
3 0.5816676125 0.3768739890625 0.58147175625 0.379112628125 0.5816981109375 0.3808242625 0.5832400609375 0.3803952234375 0.5859507125000001 0.37950448593749997 0.5878659093749999 0.3791081015625 0.5916473375 0.3788749890625 0.595477728125 0.3780822171875 0.5978641 0.37659916718750003 0.600299434375 0.37455645625 0.6025878765625 0.374192725 0.6028326953125 0.371394425 0.6030285515625 0.3691557859375 0.6025268765625 0.3662921765625 0.6009054640625 0.3633306015625 0.5975952109375 0.3624770484375 0.59428495625 0.36162349531250004 0.592418725 0.361460221875 0.58948171875 0.36063932187500003 0.5861225 0.360345428125 0.583411846875 0.36123616406250003 0.5814476875000001 0.3621922109375 0.579807809375 0.36374057031249996 0.5797588453125 0.36430023125 0.5804074109374999 0.3654848609375 0.58128233125 0.36838112500000003 0.5817350390625 0.37180439375 0.5816676125 0.3768739890625
3 0.49381984531249995 0.3793392921875 0.49416259218749997 0.375421671875 0.49450534062499996 0.3715040515625 0.49437691250000004 0.3686730984375 0.491684725 0.36505390000000004 0.48954317343750003 0.36373865156249996 0.4854864265625 0.3628197890625 0.48212720937500003 0.3625258953125 0.47811942656250006 0.3610473703125 0.4745338546875 0.35904184375 0.47005489687499996 0.35864998593749997 0.46813969999999994 0.35904637031250003 0.46630396875 0.362833371875 0.465490046875 0.36783765625 0.46495144374999997 0.3739939171875 0.46498194374999996 0.3779441890625 0.46866544374999997 0.3788303984375 0.47565919687499997 0.380570159375 0.49221046562500004 0.38483792656250004 0.4935260625 0.382697253125 0.49381984531249995 0.3793392921875
3 0.5824638953125 0.3419791421875 0.58637375 0.3445769875 0.5931901140625 0.3440454546875 0.59742425 0.3472356109375 0.6020011359375 0.3465081484375 0.6078631156250001 0.3396897375 0.6125628234375 0.320362878125 0.615769546875 0.3009054 0.6161492234375 0.2879679109375 0.616314578125 0.2817789953125 0.6112849859375 0.27908318906249996 0.6080052296875 0.2821799109375 0.6036851999999999 0.28856928125 0.5951430656250001 0.30022870468749996 0.5876227421875 0.313105409375 0.5856401171875001 0.318571390625 0.5831798890625 0.338094178125 0.5824638953125 0.3419791421875
3 0.3980255953125 0.304976965625 0.39888205 0.3123831640625 0.3994631859375 0.31863738750000004 0.40126198906250005 0.32387025625 0.4063405484375 0.326006403125 0.41012197656250005 0.325773290625 0.413628084375 0.32438820625 0.4162408109375 0.32461679062500004 0.4200712015625 0.3238240171875 0.4209645875 0.32221034843749996 0.420885125 0.3188197328125 0.42080565937500003 0.31542911875 0.42111790937500004 0.3075612234375 0.42143015781250004 0.2996933296875 0.4208979859375 0.292879446875 0.4193745 0.288798553125 0.418450615625 0.2864619484375 0.4167007765625 0.28066942031250003 0.41452872812499997 0.275403896875 0.4128278515625 0.269051709375 0.40806154218749996 0.2590476671875 0.40606688281250003 0.2560534375 0.4020101359375 0.2551345765625 0.3996727296875 0.25605796718749996 0.398271240625 0.2677781703125 0.39776313750000003 0.27788470468750004 0.397775171875 0.2863449125 0.3976403140625 0.2964841015625 0.3980255953125 0.304976965625
3 0.4368785 0.3681541890625 0.43702539218750003 0.3664752078125 0.43722124687499997 0.36423656875 0.4375150296875 0.360878609375 0.43775985000000006 0.358080309375 0.43805363281250004 0.3547223515625 0.438298453125 0.3519240515625 0.4392897640625 0.3491910609375 0.4386901640625 0.34744677031250004 0.43734407031250006 0.345637171875 0.43552680156249995 0.3449142375 0.43370953281249996 0.3441913046875 0.43263875625 0.34353367968750004 0.431145771875 0.34340305937500004 0.42960382187499996 0.3438321015625 0.42848408281249994 0.3437341375 0.42666681406249996 0.3430112015625 0.4248985109375 0.34172860781250003 0.42308124375 0.3410056734375 0.4212150109375 0.3408424 0.4195751328125 0.3423907609375 0.4186817484375 0.34400443125 0.41726822500000005 0.347264425 0.41665015937499994 0.3500300703125 0.4160810578125 0.35223605468749997 0.4153650640625 0.3561210203125 0.414698034375 0.359446325 0.41412893124999994 0.3616523109375 0.41360879375000004 0.363298634375 0.41299072812500004 0.3660642796875 0.4173717578125 0.3675754578125 0.425858496875 0.3694458375 0.4332744625 0.3706585953125 0.43598511406249996 0.369767859375 0.4368785 0.3681541890625
3 0.558055159375 0.375936053125 0.5581225875 0.370866459375 0.5574924875 0.365171896875 0.557315096875 0.3629006015625 0.5536805593749999 0.3614547328125 0.5506945890625 0.36119349375 0.54574445625 0.36188830156249996 0.5422873125 0.362713728125 0.53780835625 0.3623218703125 0.5337026453125 0.3619626671875 0.5299701812500001 0.36163611875 0.52693524375 0.36193454062499997 0.5252464046875 0.36404255937499996 0.5258460046875 0.36578685 0.52605389375 0.37200841875 0.5253194359375 0.38040331875 0.52473186875 0.3871192375 0.5308507031249999 0.3859627359375 0.537667065625 0.385431203125 0.5543347296875 0.38406971562500003 0.5571922734375 0.3814999984375 0.558055159375 0.375936053125
3 0.6145325875000001 0.340837184375 0.6192378984375 0.3429406765625 0.623392575 0.3427402203125 0.6254546609375 0.3406648546875 0.6276146765624999 0.33747016875 0.6275352140625 0.3340795546875 0.6288997734375 0.3313792203125 0.62994005 0.32808656875 0.6308518984375 0.3219629640625 0.63230235 0.3096831015625 0.6334590203125 0.300761196875 0.6338017671875 0.2968435765625 0.633624375 0.29457228281250003 0.6336918046875 0.2895026890625 0.6321988203125 0.28937206875 0.631030115625 0.2898337640625 0.6298614125 0.290295459375 0.6272791859375 0.29401715 0.624923315625 0.299450475 0.6217719875000001 0.3053781515625 0.618492234375 0.308474871875 0.61479026875 0.3120985984375 0.6142701296874999 0.313744921875 0.6134746718749999 0.3142392734375 0.6115715125000001 0.32309586874999996 0.608854428125 0.336956746875 0.6105248046875 0.3393586609375 0.6145325875000001 0.340837184375
3 0.38927557031250004 0.31041481875 0.39286114375 0.31242034531249996 0.3969668546875 0.3127795484375 0.39850880312500003 0.312350509375 0.3977502765625 0.3038249890625 0.39759135 0.29704376093749996 0.3982648109375 0.2807483125 0.39641704375 0.27607510468749996 0.39195655 0.27117331093749997 0.38736763125 0.26344056562499996 0.38587464531250004 0.26330994531249996 0.3841858046875 0.26541796562500003 0.3841183765625 0.27048756093750004 0.3834818453125 0.27776314062499996 0.3833469875 0.28790232968749996 0.38383019687500003 0.29527587187500004 0.3844113328125 0.3015300953125 0.3862101359375 0.3067629640625 0.38927557031250004 0.31041481875
3 0.473084228125 0.33692121249999996 0.4820421421875 0.337704928125 0.4865395640625 0.3335868515625 0.49092702343749994 0.3221278875 0.49636679375000003 0.3158364796875 0.502161346875 0.3140876640625 0.5028773390625 0.31020269843750004 0.49842327812500004 0.2923307625 0.49472774375000006 0.2829843453125 0.4834324234375 0.2831240203125 0.472137103125 0.2832636953125 0.4656145234375 0.28043726874999997 0.4604011078125 0.2884403109375 0.4565153203125 0.302762884375 0.4552053296875 0.3263339125 0.4547646546875 0.3313708515625 0.4578300890625 0.33502270312500004 0.473084228125 0.33692121249999996
3 0.5813248640625 0.3807916078125 0.5815207203125 0.37855296875 0.581814503125 0.375195009375 0.5815576484375 0.3695331 0.58073169375 0.3660771765625 0.5794345640625 0.363707915625 0.5773419765625001 0.3618330078125 0.5743560046875 0.3615717703125 0.5721165265625 0.361375840625 0.5675396421875 0.362103303125 0.5653001625 0.3619073734375 0.5638071765625 0.36177675468750004 0.562038871875 0.3604941609375 0.5598483578125 0.3597385703125 0.557559915625 0.360102303125 0.5569908140625001 0.3623082875 0.5568928859375 0.36342760625000003 0.5575904140625 0.3640525765625 0.5578962328125 0.3691548265625 0.5577308765625 0.37534374062500003 0.5578103390625 0.378734353125 0.5567700640625 0.3820270046875 0.5566721359375 0.383146325 0.559235896875 0.38393456718749996 0.5645103109375 0.38383207656249996 0.5705801796875 0.3832352328125 0.5813248640625 0.3807916078125
3 0.5063705890625 0.33475789843750003 0.512795240625 0.33870364375 0.5242679515625001 0.3408352640625 0.5348962421875 0.3440208953125 0.5439031203125 0.34424495 0.547360265625 0.34341952343750004 0.5498935281249999 0.34025749375 0.5511176265625 0.32626599375 0.5519989765625 0.316192115625 0.549961784375 0.300787403125 0.5483773015625 0.2888059609375 0.5456361484375 0.2857464234375 0.539046140625 0.2879895890625 0.53083471875 0.28727118281249997 0.523094471875 0.2854661125 0.5187134421875 0.28395493437499997 0.515580578125 0.2853726765625 0.5092779234375 0.29722802656249997 0.5053126734375 0.3081599859375 0.5025955921875 0.322020865625 0.5036294375 0.331698359375 0.5063705890625 0.33475789843750003
3 0.5251235796875 0.3826419578125 0.5255642546875 0.37760501875 0.5260049296875 0.3725680796875 0.52597443125 0.3686178046875 0.5255217234375 0.365194534375 0.524175628125 0.3633849359375 0.52118965625 0.36312369843750003 0.518154721875 0.36342211875 0.5143243296875 0.3642148890625 0.51124043125 0.365072971875 0.5078322484375 0.3653387375 0.5035306828125 0.3672181734375 0.49694067343750004 0.36946134218750004 0.49594936250000005 0.37219433281250003 0.49583296875 0.3778235875 0.49591243125 0.3812142015625 0.4958939671875 0.3857241359375 0.4992531859375 0.3860180296875 0.5074156421875 0.38729609531250003 0.520154984375 0.3878467 0.5244075859375 0.3865269234375 0.5251235796875 0.3826419578125
3 0.5561712890625 0.3458822203125 0.5639605000000001 0.34712763125 0.5767977703125 0.3465589140625 0.5815215453125 0.3441524734375 0.584464984375 0.332003228125 0.586423540625 0.30961683125 0.5864973984375 0.29157709375 0.582055371875 0.2821653671875 0.576456675 0.2816755453125 0.5703378406249999 0.2828320484375 0.5640841484375 0.2941277375 0.5578304578125 0.30542342968749997 0.5528618625 0.310628171875 0.5510991609375 0.330775928125 0.5537728828125 0.3389050609375 0.5561712890625 0.3458822203125
3 0.4046147765625 0.3371342921875 0.40250372656250005 0.33976931875 0.40071695625 0.3429966578125 0.39925446875000004 0.3468163125 0.39675170625 0.3539286171875 0.3961826046875 0.35613460468749997 0.3960846765625 0.3572539234375 0.3989237578125 0.3591941421875 0.401389590625 0.36110170468749997 0.40465088125 0.36251491874999997 0.407165678125 0.363862821875 0.40935619218749997 0.3646184109375 0.41256851875 0.3665912859375 0.41336397500000005 0.366096934375 0.413982040625 0.3633312890625 0.41460010625 0.3605656453125 0.41521817343749995 0.3578 0.41588520312500005 0.35447469531250003 0.41660119531250006 0.3505897296875 0.4172192609375 0.3478240859375 0.4178373265625 0.345058440625 0.4184064296875 0.34285245625 0.41603852343750003 0.339825571875 0.413572690625 0.33791800781250003 0.41175542343749993 0.337195075 0.40849413281249997 0.3357818609375 0.40657893593749994 0.336178246875 0.4046147765625 0.3371342921875