3 0.429811290625 0.3261050171875 0.4381886703125 0.33166176406250003 0.4504311421875 0.3303348671875 0.458279525 0.3279024265625 0.46041278593749996 0.32590029062500003 0.46154715625 0.31358720625 0.463660234375 0.3025263234375 0.462622428125 0.295606696875 0.45829680625 0.29394354375 0.45729791718749996 0.2836325921875 0.45369587187500005 0.27300201562500004 0.44730545624999996 0.2727833890625 0.4410224203125 0.2686158296875 0.4371371453125 0.2664407265625 0.4347689375 0.26728198124999997 0.43018963593750004 0.2769080140625 0.428331690625 0.2981885234375 0.42611123125 0.3131983390625 0.4272470515625 0.32239406875 0.429811290625 0.3261050171875
3 0.4612870125 0.3741190578125 0.46628792499999994 0.3764311421875 0.46939989375 0.375681209375 0.46981068906249995 0.37233554999999996 0.4697126734375 0.3700594484375 0.470055003125 0.367271396875 0.4703288671875 0.36504095625 0.47060273124999996 0.3628105140625 0.4721291640625 0.3596018359375 0.4730783203125 0.358020328125 0.4735871328125 0.35695076875 0.47112090625 0.3555159203125 0.46895809687499995 0.35468434531250004 0.46530776874999996 0.35367012343750004 0.46142249218750003 0.35149502187500004 0.457096871875 0.34983186875 0.4531431296875 0.3482143765625 0.449933146875 0.34668820624999996 0.4473984578125 0.34581096875 0.44458990312499996 0.347164171875 0.443503815625 0.3498609015625 0.4424768265625 0.3582250546875 0.44212513124999997 0.3672381390625 0.4430353703125 0.369047953125 0.44749792499999996 0.36959588593750003 0.452263890625 0.370747090625 0.4568929234375 0.3730135140625 0.4612870125 0.3741190578125
3 0.4139091265625 0.332642728125 0.416815696875 0.3335656265625 0.41793133437499996 0.3337026109375 0.4196538 0.3350461359375 0.4213762640625 0.3363896609375 0.4230302640625 0.338290796875 0.4241459015625 0.33842778125 0.425095059375 0.336846271875 0.4253393734375 0.33178211874999997 0.42490839375 0.326069034375 0.42339132656249995 0.323052678125 0.4219722734375 0.3223124234375 0.41855689375000005 0.32245908437500004 0.4153764609375 0.32376662500000003 0.41300825156250004 0.32460788125 0.41033663125000003 0.3248458625 0.40766500937499994 0.325083846875 0.4055021984375 0.32425227031250003 0.40377973437500003 0.32290874375 0.40168538906249995 0.32151955781249997 0.398573421875 0.3222694890625 0.3953245234375 0.3241346421875 0.3929563140625 0.32497589531250004 0.389707415625 0.3268410484375 0.38845484375 0.3278192859375 0.3875741546875 0.32884318437500004 0.386380684375 0.3354888453125 0.38603835468750003 0.3382768953125 0.3862048359375 0.3399953875 0.3860679046875 0.3411106078125 0.3887006109375 0.344263946875 0.3910299015625 0.346814015625 0.3958938828125 0.350241321875 0.3987319875 0.3517218296875 0.40089479843750003 0.3525534078125 0.40279311250000005 0.3493903890625 0.4056794984375 0.3412545421875 0.4073428625 0.3369306421875 0.4095445890625 0.3343708984375 0.4111690390625 0.333438321875 0.4139091265625 0.332642728125
3 0.5859148984375 0.3797991515625 0.585641034375 0.3820295921875 0.585807515625 0.38374808437499996 0.5873635 0.38337311875 0.5901035875 0.382577525 0.59203145 0.3822482203125 0.5958187109375 0.3821472203125 0.5996744359374999 0.38148861093750003 0.6021111109375 0.3800897484375 0.6046162515625 0.378133271875 0.60691599375 0.3778496296875 0.6072583218750001 0.375061578125 0.6075321859375 0.3728311375 0.60713075625 0.36995176406249997 0.6056136890625 0.3669354078125 0.602335240625 0.36596684687500003 0.5990567921875 0.3649982875 0.5971973937499999 0.3647699828125 0.5942908250000001 0.363847084375 0.5909439109375 0.363436134375 0.5882038234375 0.3642317265625 0.58620749375 0.36511864374999997 0.5845145781250001 0.36660882968749997 0.5844461125 0.3671664390625 0.585052940625 0.3683729828125 0.5858262484375001 0.3712980171875 0.5861592109375 0.3747349984375 0.5859148984375 0.3797991515625
3 0.4980346078125 0.37919711093749997 0.4985138703125 0.37529383906249997 0.49899313125000005 0.3713905671875 0.49896358125000007 0.36855685625 0.496399340625 0.36484590625 0.49430499687499996 0.3634567203125 0.4902827890625 0.3623968390625 0.4869358734375 0.3619858890625 0.48298213125 0.360368396875 0.47946873749999996 0.35823895625 0.4750061828125 0.35769102343750003 0.4730783203125 0.358020328125 0.4711115421875 0.3617409546875 0.47012346875000005 0.3667137859375 0.46937034375 0.3728474984375 0.46926296250000005 0.3767964296875 0.47291329062500004 0.37781065156250004 0.47984206562500004 0.37979343125 0.496234309375 0.3846362296875 0.4976238125 0.3825427734375 0.4980346078125 0.37919711093749997
3 0.587928509375 0.34495335312500003 0.5917453187499999 0.3476860671875 0.5985760796874999 0.3473927453125 0.602696303125 0.350728728125 0.6072957875 0.350161440625 0.61339215625 0.3435517625 0.6187634984375 0.32440069375 0.6226473234375 0.3050669828125 0.6234782812499999 0.292150625 0.6238595265625 0.28597125 0.6189270796875 0.28310155625 0.615541246875 0.2860819296875 0.6110008640625 0.292316640625 0.6020570249999999 0.30367084375000003 0.5940918921875 0.31627725 0.591919715625 0.32167070937500003 0.58877965 0.3410957421875 0.587928509375 0.34495335312500003
3 0.40489392031250004 0.3015369125 0.40549138124999995 0.3089684890625 0.40585389374999997 0.315239184375 0.40746897656250003 0.3205316421875 0.41246989218749996 0.322843728125 0.41625715156250004 0.322742728125 0.4198094640625 0.321480846875 0.42241262031250004 0.321800475 0.42626834531249996 0.3211418640625 0.42721750312499995 0.31956035625 0.42725641875000003 0.31616903281250003 0.427295334375 0.3127777109375 0.427881978125 0.3049255078125 0.428468621875 0.297073303125 0.428174575 0.2902449984375 0.4267944390625 0.286113421875 0.42595266406250004 0.283745996875 0.424406046875 0.2778959296875 0.422419084375 0.2725578109375 0.420940934375 0.2661501328125 0.41652666250000003 0.2559858421875 0.4146377171875 0.252923825 0.410615509375 0.25186394375 0.40824730000000004 0.2527051984375 0.40643763593750004 0.26436935156249997 0.40557712968750004 0.274451996875 0.4052938984375 0.28290747031249996 0.4048052703125 0.2930357765625 0.40489392031250004 0.3015369125
3 0.4415183046875 0.366031596875 0.4417237015625 0.36435876562499997 0.44199756562500003 0.362128325 0.44240836093749997 0.358782665625 0.44275069062499994 0.3559946140625 0.44316148593750004 0.352648953125 0.443503815625 0.3498609015625 0.44458990312499996 0.347164171875 0.44405154375 0.34540001875000004 0.44276942343750003 0.3435445453125 0.44097849218749996 0.3427586296875 0.4391875609375 0.341972715625 0.4381403875 0.34127812031250004 0.4366528703125 0.3410954765625 0.43509688750000003 0.34147044375 0.43398124843749997 0.34133345937500004 0.4321903171875 0.34054754374999996 0.430467853125 0.33920401875 0.428676921875 0.338418103125 0.426817525 0.338189796875 0.42512460937499996 0.339679984375 0.424175453125 0.34126149375 0.42264901874999994 0.3444701703125 0.421934809375 0.34721256093749997 0.4212890671875 0.349397340625 0.42043792656249995 0.35325495 0.41965525000000004 0.35655495 0.41900950625 0.35873973124999997 0.4184322296875 0.3603669 0.417718021875 0.3631092890625 0.4220436421875 0.3647724421875 0.4304599359375 0.3669378671875 0.437829059375 0.3684086984375 0.440569146875 0.36761310625 0.4415183046875 0.366031596875
3 0.5623495625 0.3780377265625 0.5625938765625 0.37297357343750004 0.562162896875 0.36726048906250003 0.56206488125 0.36498438593750004 0.55848301875 0.3634125546875 0.5555079843749999 0.36304726718749997 0.55053661875 0.36356889375 0.5470527734374999 0.364273165625 0.5425902218750001 0.3637252328125 0.538499546875 0.36322296249999997 0.534780753125 0.36276635156250003 0.5317372515625001 0.362958671875 0.529975871875 0.36500646875 0.53051423125 0.366770621875 0.5305048640625001 0.3729956546875 0.529477875 0.381359809375 0.528656284375 0.38805113125 0.534811753125 0.387108878125 0.5416425140625 0.38681555625 0.5583475390625 0.3860365921875 0.561293025 0.38356816718750003 0.5623495625 0.3780377265625
3 0.6200175203125 0.3449312703125 0.6246465531250001 0.3471976953125 0.6288056937500001 0.3471423578125 0.6309389546874999 0.34514022187500004 0.633209146875 0.342022865625 0.6332480625 0.33863154375 0.63470603125 0.33598047656249996 0.6358605859375001 0.3327261359375 0.6369855890625 0.32663808437499997 0.6388637187499999 0.314416321875 0.6403310546875 0.3055402203125 0.640810315625 0.3016369484375 0.6407122984375 0.29936084687500003 0.6409566124999999 0.2942966953125 0.639469096875 0.29411405 0.6382849921875 0.2945346765625 0.6371008875 0.29495530468750003 0.6343903484375 0.29858460937500003 0.6318462921875 0.3039324046875 0.6284900125 0.309746490625 0.6251041828125 0.3127268640625 0.6212780046875 0.3162191859375 0.620700728125 0.3178463546875 0.619888503125 0.3183126421875 0.6176774109375 0.32709742343750003 0.61447824375 0.3408550328125 0.616063778125 0.3433137796875 0.6200175203125 0.3449312703125
3 0.39595944843750003 0.30666608125 0.3994728453125 0.308795521875 0.40356351874999996 0.30929779375 0.4051195015625 0.308922828125 0.4046589734375 0.3003760296875 0.40473680468750006 0.29359338749999997 0.40597855781250003 0.2773313671875 0.404295009375 0.2725965203125 0.400008303125 0.26754204531250003 0.39569204999999996 0.2596538578125 0.39420453125 0.2594712140625 0.39244314999999996 0.261519009375 0.3921988375 0.2665831625 0.3913087796875 0.273832096875 0.3908201515625 0.2839604015625 0.391045734375 0.29134631718750004 0.39140824531249996 0.2976170125 0.3930233296875 0.30290947031250004 0.39595944843750003 0.30666608125
3 0.4787919921875 0.33608120937499997 0.4877170984375 0.33717707343750003 0.49235549843750004 0.3332184625 0.4971401984375 0.32191960000000003 0.502796221875 0.31582187031250003 0.5086482765625 0.31427634531250004 0.5094994171875 0.3104187359375 0.505671790625 0.2924022421875 0.5023046921875001 0.2829325453125 0.49101137812499995 0.282677934375 0.4797180640625 0.282423325 0.4732980984375 0.27937098437499996 0.46780855624999995 0.28718720468750003 0.4634252859375 0.3013654421875 0.46129347656249997 0.32487639375 0.460677284375 0.329894884375 0.4636134015625 0.3336514953125 0.4787919921875 0.33608120937499997
3 0.5854356359375 0.3837024234375 0.5857095 0.3814719828125 0.5861202953125 0.378126321875 0.5860611953125 0.3724588984375 0.585356353125 0.3689762546875 0.5841426984375 0.3665631671875 0.5821168203125 0.364616371875 0.579141784375 0.36425108281249996 0.5769105078125001 0.36397711718750003 0.5723110234375001 0.3645444046875 0.5700797468750001 0.3642704390625 0.5685922296875 0.36408779375 0.5668697640625 0.36274426875 0.564706953125 0.3619126921875 0.5624072109375 0.3621963359375 0.56176146875 0.364381115625 0.5616245359375001 0.36549633593749997 0.562299828125 0.36614526875000003 0.5624273953125 0.37125508281249997 0.56204615 0.37743445625 0.5620072328125 0.3808257765625 0.5608526796875 0.3840801171875 0.5607157468749999 0.3851953375 0.5632504375 0.386072575 0.568525215625 0.3861542203125 0.574612215625 0.3857695765625 0.5854356359375 0.3837024234375
3 0.5121335734375 0.3350808890625 0.5184166078125 0.3392484484375 0.5298079375 0.3417791625 0.5403185765625 0.345333775 0.54931215 0.345872028125 0.5527959953125 0.3451677578125 0.55543806875 0.34209606406250004 0.5571497171875001 0.32815580781250003 0.558382103125 0.3181188234375 0.5568837671875 0.30265240000000004 0.555718396875 0.2906229578125 0.553085690625 0.28746961875 0.5464214109375 0.28948143125 0.5382400640625 0.2884768875 0.530567528125 0.2864027859375 0.52624190625 0.2847396328125 0.5230614734375 0.286047175 0.5163489125 0.2976753453125 0.5120045578125 0.308462259375 0.5088053921875 0.3222198703125 0.50950086875 0.33192754999999996 0.5121335734375 0.3350808890625
3 0.5292040124999999 0.38359025 0.5298202046875 0.37857175781249996 0.5304363984375 0.373553265625 0.53054378125 0.369604334375 0.53021081875 0.36616735 0.5289286984375 0.3643118765625 0.5259536625 0.3639465875 0.5229101609375 0.3641389078125 0.5190544359375 0.36479751875 0.5159424687499999 0.3655474515625 0.5125270875 0.3656941109375 0.50816255 0.3674222796875 0.5014982703124999 0.36943409374999997 0.5004121828125 0.3721308234375 0.500099403125 0.3777525859375 0.5000604859375 0.38114390781249996 0.4998846375 0.3856504515625 0.503231553125 0.3860614015625 0.511344434375 0.38762355312499996 0.5240568 0.3886184203125 0.528352871875 0.3874478609375 0.5292040124999999 0.38359025
3 0.561515703125 0.3479364546875 0.56925670625 0.34945294531250004 0.582106003125 0.349332590625 0.5869108859375001 0.3470924734375 0.5902765328124999 0.335053353125 0.5930151703125001 0.31274894531249997 0.5937185609375 0.294722775 0.5896077046875 0.28516175781249997 0.5840295140625 0.2844768421875 0.5778740453125 0.2854190953125 0.5712299484375001 0.2964896546875 0.564585853125 0.3075602140625 0.559438640625 0.31258838437500003 0.55697386875 0.33266235 0.5593622593750001 0.3408798421875 0.561515703125 0.3479364546875
3 0.41035681406249996 0.333904609375 0.40815508749999996 0.33646435625 0.406256775 0.339627371875 0.40466187500000006 0.3433936609375 0.4019124203125 0.3504142875 0.40126667656250004 0.35259906875 0.40112974531249995 0.3537142890625 0.403899384375 0.3557524078125 0.4062971421875 0.3577448640625 0.409507125 0.35927103437499996 0.4119733484375 0.36070588125 0.41413615937500003 0.361537459375 0.4172776765625 0.3636212390625 0.4180899 0.3631549515625 0.418804109375 0.3604125609375 0.4195183171875 0.357670171875 0.420232528125 0.35492778125 0.42101520312499996 0.35162778125 0.42186634375 0.3477701703125 0.42258055156249996 0.34502778125 0.42329476093749996 0.34228539062499996 0.423940503125 0.3401006125 0.421679678125 0.3369929328125 0.41928192031249994 0.335000475 0.4174909890625 0.3342145609375 0.41428100625 0.3326883890625 0.41235314218749997 0.33301769531250003 0.41035681406249996 0.333904609375