3 0.23780502499999998 0.46036189531250005 0.235113915625 0.48545716250000004 0.2351832859375 0.5023176453125 0.23925754062500001 0.5199263890625 0.24341219375 0.5319222109374999 0.250785571875 0.538056353125 0.26502416093750003 0.54420234375 0.2756661859375 0.548223990625 0.287924140625 0.5425261828125 0.2988420546875 0.5381393046875 0.308630653125 0.5275867015625 0.31606498437499997 0.514996625 0.31786116249999996 0.5071626218749999 0.316532153125 0.4860001484375 0.31691891875 0.46261659374999997 0.31433447812500004 0.4549444796875 0.30627058125 0.43190642187500006 0.29882783281249997 0.408911796875 0.2934287765625 0.3879329296875 0.283062640625 0.375502759375 0.2696580296875 0.370819721875 0.2623193359375 0.37311582187500003 0.25396852187499996 0.3809596921875 0.24727042500000002 0.39641052499999996 0.24083508281250002 0.4170300625 0.2383068796875 0.4397956609375 0.23780502499999998 0.46036189531250005
3 0.5667755750000001 0.6519220781249999 0.5689842781250001 0.6605043421875 0.5710952390624999 0.6704844078125001 0.5738273484375 0.68050790625 0.5764443703125 0.6877140859375 0.5783750828125 0.6958087 0.5807141109375 0.702527228125 0.5844583437499999 0.7070029578125 0.5921249515625 0.7089436953125 0.5990879078125 0.7075577453124999 0.605592621875 0.703798690625 0.6132876031250001 0.6874811453125 0.6173382015625 0.674186240625 0.6217971171875 0.6595152546875 0.627693815625 0.6421355359375001 0.6315641640625 0.6269551828125 0.6348632875 0.615480578125 0.6370157562500001 0.5936251296874999 0.6371744546875 0.5735031109375 0.6355217343749999 0.5658961484375 0.625401009375 0.5544195625 0.6219347703125 0.5504314828125 0.6188616109375 0.5497483765625 0.6028441859375 0.555651509375 0.592595240625 0.5549348328125 0.575105346875 0.5551164562500001 0.5710027203125 0.5557659953125 0.5666068625 0.5606089390625 0.56325991875 0.57723053125 0.5634096921875 0.5884780921874999 0.562139021875 0.6066495062499999 0.562240975 0.62304405625 0.5619498484375 0.6361336343749999 0.563472240625 0.6456043296875 0.5667755750000001 0.6519220781249999
3 0.41246595625 0.6270853390625 0.414952653125 0.636155253125 0.4178324296875 0.6485301390625 0.42033646874999997 0.6618151734375 0.4242956359375 0.6766065984375 0.42581802968750004 0.68607729375 0.4287130453125 0.6937711265625001 0.43544793125 0.6956467109375 0.44631802499999995 0.6964068218749999 0.452234171875 0.6921383999999999 0.45639985781250003 0.6816608171875 0.4610716015625 0.6684093484375 0.4662341703125 0.65706505 0.47173989531249994 0.6452765359375 0.4784227546875 0.6345067578125 0.4829489359375 0.6278000796875001 0.4864067578125 0.5962034578125001 0.48765798125000004 0.5649207484375001 0.4853515328125 0.5577362859375 0.45153153437500004 0.5549031484375 0.4233843765625 0.5557441812499999 0.41689490156250003 0.5548221796874999 0.41473822499999996 0.558885278125 0.41415176249999996 0.5672720859375 0.41289633437499995 0.5807624453125 0.41170606562499995 0.5933209374999999 0.410630884375 0.6086967484375 0.4108783984375 0.618546509375 0.41246595625 0.6270853390625
3 0.3410859375 0.6347356859375 0.34532730625 0.6678071109375 0.34812668125 0.68579491875 0.35674235625 0.6920159296875 0.3715348265625 0.6902410484375 0.37787453125 0.6799154875 0.3877261875 0.659534840625 0.396858953125 0.6405085625 0.404571278125 0.6284061375000001 0.40971860781249997 0.62174289375 0.41234245156249993 0.5886833171875 0.41457531875000003 0.5612149468750001 0.41187579375 0.5507255140625 0.40803381562499996 0.5476475828125 0.4010861 0.54435248125 0.38508180937500003 0.536678384375 0.3645839171875 0.53524503125 0.35610067343749996 0.5360564609375 0.346883296875 0.5429033125 0.34260252812499997 0.550563575 0.3396964828125 0.5653431484375 0.33832806875 0.5849123640625 0.3392986859375 0.6112001078125 0.3410859375 0.6347356859375
3 0.6335621421875001 0.643014103125 0.63513235625 0.647337809375 0.6374713859375001 0.6540563374999999 0.6382312765625 0.6878207390625 0.643306621875 0.72235511875 0.6462016375 0.73004895 0.6498155437500001 0.7363884140625 0.6534294515625 0.7427278796875 0.66068774375 0.7460447 0.663858646875 0.7453300078125 0.6728652953125 0.7459598140625 0.6786185375 0.744021059375 0.68281890625 0.74197371875 0.6874428328125 0.7338692390625 0.6882095453125 0.727367884375 0.6912937343750001 0.7055775875 0.6928423953125 0.687893825 0.6965782093749999 0.6567848546875 0.6971278828125 0.63107163125 0.696973903125 0.60203171875 0.69639846875 0.587945121875 0.6955623859375 0.5775859921875 0.6950542203125 0.5714637015624999 0.6935491703125 0.5662081265625 0.691357809375 0.5618409843750001 0.6887581296875 0.5588499234375 0.684638159375 0.55528434375 0.680976434375 0.5540918671874999 0.67693896875 0.553809540625 0.6713659796875 0.557633746875 0.6600723296875 0.562930775 0.6493346640625 0.569203103125 0.642045896875 0.575248390625 0.636865984375 0.58237756875 0.6367876875 0.596886665625 0.6354192750000001 0.6164558812500001 0.633933671875 0.6243116015625 0.6321548359375 0.6363607250000001 0.6335621421875001 0.643014103125
3 0.7068628578125 0.5320232093749999 0.700310325 0.5409292531250001 0.7077031500000001 0.5601746890625 0.7114148 0.5651163546875 0.7210946265625 0.57843495625 0.7313782578125 0.5875818749999999 0.74270659375 0.5907150875 0.7565978203125 0.5795129453125 0.7653742953125 0.5745081125 0.772660959375 0.55956665 0.781090071875 0.5372136828125 0.783533665625 0.5022686546874999 0.7835578296875 0.4662180203125 0.7846592796875 0.4236877484375 0.77872158125 0.4059487 0.7660358625 0.399911296875 0.7500510203124999 0.40534849531250006 0.7420607015625 0.4169632703125 0.7268184062499999 0.45194975 0.71935149375 0.465005759375 0.7160024453125 0.4727311765625 0.7120080843750001 0.516463790625 0.7068628578125 0.5320232093749999
3 0.7053326265625001 0.69672683125 0.7082602234375 0.703954728125 0.712642946875 0.7126890140625 0.7150797203125 0.7180097421875 0.7194298625 0.7272099609375 0.7242035609374999 0.73035304375 0.7298916375 0.7293461578125 0.73428749375 0.7245032124999999 0.7367699828125 0.715780778125 0.7394957796875 0.6991157515624999 0.7410444421875 0.6814319875 0.737912940625 0.6414149921875001 0.7354567203125 0.6229829687499999 0.7328875171875 0.6106298 0.7214919140625 0.599532278125 0.71395563125 0.5957278046875001 0.7080873046875 0.594849240625 0.7012220921875 0.5948373890624999 0.6979860265625 0.59648395 0.6970238265625001 0.6057809062499999 0.6971299875 0.6399678062499999 0.6965629718749999 0.661465909375 0.6960090906249999 0.66938678125 0.6969907359375 0.673201121875 0.6982177953125001 0.6779690453125 0.70024625 0.6846658578125 0.7029284359375 0.69094016875 0.7053326265625001 0.69672683125
3 0.19494318593749999 0.5154229906250001 0.1955664375 0.5243626015625 0.1954860375 0.5299755234375 0.19614187031250002 0.5384492 0.1994452046875 0.5447669484375 0.20524836875000002 0.5465773796875 0.212734728125 0.546632665625 0.21842280625 0.545625778125 0.22347239375 0.5403603359375 0.22759025624999998 0.535029740625 0.23447070781249998 0.5303605375 0.23976570625 0.5260486796875 0.2402717671875 0.5232747953125 0.2360671890625 0.5075297859375001 0.234885846875 0.4887186984375 0.23667991875 0.4719885203125 0.23757695625 0.46362343125 0.2339782875 0.4526029109375 0.22830334375 0.44003256874999996 0.22079753750000003 0.4268659875 0.216136821875 0.41764405 0.210379371875 0.4017904546875 0.20795994218749997 0.4006848484375 0.20176580156249999 0.40446561875000003 0.2002801984375 0.412321340625 0.19928541718749998 0.42208422968750003 0.196607440625 0.43360226874999996 0.1941422953125 0.4465398234375 0.1929409984375 0.48157172031249995 0.1944502578125 0.5046196468749999 0.19494318593749999 0.5154229906250001
3 0.6370751140625 0.49905045625 0.645923065625 0.5198022812499999 0.6620272046875 0.534974753125 0.6802706765625001 0.541869003125 0.6938381921875 0.5442223734375 0.7012746296875 0.540528471875 0.7102444890624999 0.5238318609375 0.7139976453125 0.4969380109375 0.71492095 0.4614184625 0.7147364921875 0.441740659375 0.71399605 0.42108755468750003 0.7097914703125 0.40534254687500004 0.69916258125 0.38774366875 0.6877191578125 0.3817931359375 0.6754112796875 0.38374175781250003 0.6631880109375 0.39786980625 0.6510146671875 0.41574704375 0.641065265625 0.437525490625 0.633750228125 0.47072523750000006 0.6370751140625 0.49905045625
3 0.8058140937499999 0.576399515625 0.8133461671875001 0.5624116359375 0.81899745625 0.544078334375 0.8239950140625 0.526167528125 0.8310840859375 0.5051254921874999 0.8337447203125 0.489392334375 0.8328066843749999 0.46263865624999995 0.8314146156250001 0.451304225 0.8280461203125 0.44591834375 0.8228966859375 0.4436854140625 0.8155753359375 0.45019663593750003 0.8084016546875 0.4590592421875 0.7996598640625 0.472494315625 0.7930095875000001 0.482798159375 0.7855426734375001 0.495854171875 0.7835988281249999 0.5013367875 0.7804037593750001 0.538102115625 0.7734450140625 0.557280415625 0.7762097046875 0.5668379828125001 0.7795130359375 0.5731557296875 0.7837480921875 0.5795386296875 0.790500321875 0.5856293359375 0.798084425 0.5842868203125 0.8058140937499999 0.576399515625
3 0.4065944359375 0.47450586093749997 0.40351445625000004 0.5140885078124999 0.40572736875000004 0.5404631203125 0.408246646875 0.549067103125 0.421308103125 0.55419435625 0.43521877499999995 0.5561035109375 0.45932846875 0.5549801515625 0.4820003796875 0.556565525 0.49734883593749996 0.555765946875 0.5073024453125 0.5517798515625 0.5147714640625 0.547620015625 0.5166979671874999 0.537922278125 0.5158729140625 0.5050897453125 0.5181210203125 0.47294031875 0.5197196046875 0.45900574375 0.5090255531250001 0.442338734375 0.500208078125 0.4122248 0.48779614374999997 0.388882696875 0.46603650781250006 0.3742511796875 0.4511615328125 0.3727428078125 0.438234609375 0.38354416874999997 0.428969415625 0.39553800625 0.4241825828125 0.40597215468750003 0.4182533015625 0.4238178078125 0.4132231625 0.44219454531249996 0.40890981093749995 0.45032074218749996 0.4065944359375 0.47450586093749997
3 0.48564004687500006 0.6027048125000001 0.4839631640625 0.6311484859375 0.493364996875 0.6439794375 0.49846871718749997 0.6602555328124999 0.502445225 0.6792620781250001 0.5050470093749999 0.6911493125 0.5088411671874999 0.6993742296875001 0.524402453125 0.69999416875 0.5329986796874999 0.6931038828125 0.5413300484375 0.6721487171875 0.5487123515625 0.646913278125 0.5554430296875 0.6309965125 0.5599844515625 0.6196087796875 0.563785428125 0.5875679421875 0.5630297468750001 0.5715958921875 0.5631579671875 0.56083598125 0.559887215625 0.5540523 0.546597690625 0.55218658125 0.5402059593749999 0.5498667796875 0.5309213171875 0.5487493234375 0.520296634375 0.548942796875 0.5168151562500001 0.5496357734374999 0.5082993296875 0.5509131359375 0.495550553125 0.554703775 0.49097444687499997 0.557661265625 0.4889980203125 0.5636098171875 0.4873342734375 0.5784762609375 0.48564004687500006 0.6027048125000001
3 0.2659417328125 0.6917532859375 0.2676596140625 0.6984283812500001 0.2692471703125 0.706967209375 0.2762773921875 0.7135455671875001 0.2803474375 0.7133619609374999 0.2912001890625 0.7099069499999999 0.29997666562499997 0.7049021171875001 0.306839771875 0.6960177921875 0.31456733593749997 0.6792343109375001 0.317458140625 0.6691357921875001 0.3216064828125 0.6544430890624999 0.3260979796875 0.63930616875 0.33091739375 0.6284060874999999 0.33603214375 0.622208778125 0.33978950937499997 0.613107278125 0.3388514734375 0.5863536 0.33919252499999997 0.5770132078125 0.3394358328125 0.56907061875 0.3401699625 0.563035196875 0.33526383437499996 0.5528596765625 0.3302273828125 0.5445478875 0.3215139640625 0.5397246796874999 0.31059394687499997 0.53521538125 0.30379389687499997 0.5342716625 0.3009009859375 0.5354740062500001 0.29439627343749997 0.5392330609375 0.28633868906250004 0.542883528125 0.2788370890625 0.547509296875 0.272532071875 0.5662651000000001 0.27027975625 0.5806221734375 0.26922191875 0.60021310625 0.268022725 0.6441411796875001 0.26655867187500004 0.674004371875 0.2659417328125 0.6917532859375
3 0.515336375 0.5172257375 0.5171236265625 0.540761315625 0.5303979140624999 0.5473080859375 0.5540188875000001 0.553173734375 0.5701361609375 0.5547689765625 0.6016018890625 0.5555646390625 0.6239611218750001 0.5482321203125 0.6295645890625 0.5350458046875 0.635307309375 0.488626175 0.6339935375 0.46278264687500004 0.6279039625 0.4248998609375 0.6190365625 0.391036740625 0.6118392265625 0.3689957015625 0.5992664890625 0.3568794421875 0.5852906546875001 0.3559021578125 0.5681938390625 0.3593887515625 0.558568146875 0.367611684375 0.5455130046875001 0.38917295625000004 0.5335698328125 0.4126848328125 0.5243067421875 0.4335748453125 0.521172628125 0.45161595625000006 0.5174215765625 0.48740598124999995 0.515336375 0.5172257375
3 0.3192858125 0.5180311203125 0.324289684375 0.526808840625 0.3342606375 0.5270378640625 0.351146725 0.531027928125 0.3820065453125 0.5270991 0.38931265625 0.5252689328125 0.39679691250000004 0.5164280437500001 0.40385550625000005 0.5047481171875 0.4054845703125 0.48145143125 0.4001485734375 0.450644521875 0.39004098125 0.42559070625000006 0.382417984375 0.40071062968750004 0.37368511875 0.3827761234375 0.3648718515625 0.370454540625 0.356223596875 0.3646994640625 0.344962528125 0.3695305578125 0.3358276578125 0.379660659375 0.32741588906249997 0.4062287484375 0.32284609531249997 0.43587476562500005 0.317427084375 0.4687388828125 0.317468084375 0.5038576515625001 0.3192858125 0.5180311203125