3 0.3371337625 0.6226994078125 0.35260855625 0.604901071875 0.3619384078125 0.5726299359375 0.3681957859375 0.5331224031249999 0.3661662109375 0.519301415625 0.3569487953125 0.4975922171875 0.35799169218750004 0.49100762812500004 0.3466322671875 0.509457775 0.333243265625 0.5140869328125001 0.3105806328125 0.523997059375 0.2941191609375 0.52138981875 0.28177305625 0.5194343875 0.2683840546875 0.5240635453125 0.2683278375 0.5510537125 0.26722872343750004 0.5846284671875 0.27128787499999996 0.6122704437500001 0.2835777609375 0.6412160390625 0.30826996875 0.6451269015625 0.3371337625 0.6226994078125
3 0.52940073125 0.7138994109375 0.5572216296875 0.69805650625 0.574782215625 0.6670889921875001 0.5841120671875 0.6348178578125 0.595527709375 0.5893775453125001 0.6038146625 0.563691 0.602827984375 0.5432854234375 0.585323615625 0.5472627703125 0.5575589359374999 0.5361155109375 0.542140359375 0.5269236796875 0.52776468125 0.5111472609375001 0.5235930953125 0.537485615625 0.5184348296875 0.5434183953125 0.5029600359375 0.5612167312499999 0.49368640468749997 0.5664977 0.4854556671875 0.5651940796875 0.4844127703125 0.5717786671875 0.4771124953125 0.6178707906249999 0.472940909375 0.644209146875 0.4790296359375 0.6856721109375 0.49752068437499997 0.702100340625 0.52940073125 0.7138994109375
0 0.22641235 0.41616936875 0.240844246875 0.404955621875 0.23881467031249998 0.3911346328125 0.23371262499999998 0.37007724531249997 0.220379840625 0.34771623749999997 0.2131920015625 0.339828028125 0.20704705781250002 0.3253552296875 0.198816321875 0.32405160781250003 0.1915722640625 0.343153565625 0.18948647031250002 0.35632274375 0.19255894375 0.3635591421875 0.19047315 0.3767283203125 0.1925027265625 0.390549309375 0.20276303750000002 0.4056739171875 0.20890797968750002 0.42014671562499994 0.22641235 0.41616936875
3 0.83433149375 0.573202209375 0.8322457015625 0.5863713859375 0.843548909375 0.5949114062499999 0.8641257484375 0.5981704578125 0.8857454859375 0.5948449203124999 0.9032498546875001 0.5908675734375 0.9156521765625 0.5658328375 0.9280544984375 0.5407981015625001 0.93529855625 0.5216961453125 0.939470140625 0.49535779062499996 0.9281669328125 0.4868177703125 0.9158208296874999 0.4848623390625 0.897273565625 0.49542427499999997 0.8890428281249999 0.4941206546875 0.8684659874999999 0.49086160312500005 0.85919235625 0.4961425734375 0.8571065625 0.50931175 0.8539778734375 0.5290655171875 0.8518920812499999 0.5422346953125 0.83433149375 0.573202209375
3 0.1749421390625 0.42151682187499995 0.1821861953125 0.40241486562500006 0.18021283906250002 0.3616037109375 0.16792295156249998 0.33265811562500003 0.15459016875 0.3102971078125 0.13917159375000002 0.3011052765625 0.1319837546875 0.29321706718749996 0.12369680000000001 0.3189036125 0.1205681109375 0.3386573796875 0.11946899687500001 0.372232134375 0.12248524999999999 0.40645870000000006 0.145091665625 0.4235387390625 0.1749421390625 0.42151682187499995
3 0.7693598484375 0.637159153125 0.7776468015625 0.611472609375 0.7797888125 0.571313265625 0.7757296625000001 0.5436712874999999 0.770571396875 0.5496040671875 0.753067028125 0.5535814140624999 0.7355626609375 0.5575587625 0.71498581875 0.5542997109375001 0.713942921875 0.5608843 0.7035701765625 0.5997400234375 0.7004414875 0.619493790625 0.6983556937500001 0.6326629687499999 0.701428165625 0.6398993671875 0.707573109375 0.654372165625 0.7147609484374999 0.662260375 0.731222421875 0.6648676171875 0.7528421578125 0.661542078125 0.7693598484375 0.637159153125
3 0.261196215625 0.5161753359375 0.2900037921875 0.5207380078125 0.31985426562499997 0.5187160921875 0.3414740015625 0.515390553125 0.3590345875 0.484423040625 0.36633486249999997 0.4383309171875 0.367433978125 0.4047561625 0.3664472984375 0.3843505859375 0.3552003078125 0.3488203984375 0.34395331875 0.3132902140625 0.3336930078125 0.29816560625 0.31827443125 0.288973775 0.3018129578125 0.28636653437500004 0.28842395781249996 0.2909956921875 0.2750349578125 0.29562485 0.2615897390625 0.327244175 0.24814452187499997 0.3588634984375 0.237771775 0.397719221875 0.23047149843749998 0.4438113453125 0.233487753125 0.47803790937499996 0.261196215625 0.5161753359375
3 0.7036826109375001 0.545759690625 0.7232165562499999 0.55560333125 0.75202413125 0.560166003125 0.7788021328125 0.5509076875 0.7942769265625 0.5331093515625 0.8035505593750001 0.5278283828125 0.8097517203125 0.515311015625 0.821111146875 0.4968608703125 0.828355203125 0.4777589125 0.8325267890625 0.45142055625 0.8377412703125 0.41849761250000006 0.832639225 0.397440225 0.8316525453124999 0.3770346484375 0.821392234375 0.36191003906249997 0.8090461296875 0.3599546078125 0.7895121859375 0.35011096875000003 0.76789245 0.3534365046875 0.7462727124999999 0.35676204375 0.7236100796875 0.36667216874999997 0.7122506546875 0.385122315625 0.705006596875 0.404224271875 0.6967196421875 0.4299108171875 0.6904622625 0.4694183515625 0.6893631499999999 0.50299310625 0.6882640359375001 0.5365678625 0.7036826109375001 0.545759690625
3 0.626139990625 0.71572186875 0.6477597281249999 0.7123963328125 0.6663069921875 0.70183439375 0.6828246828125 0.6774514703125 0.6973127984375 0.6392475578125 0.7014843843749999 0.6129092015625 0.7108142328125 0.5806380671875 0.71498581875 0.5542997109375001 0.7036826109375001 0.545759690625 0.692379403125 0.537219671875 0.6903498296875 0.5233986828125 0.688320253125 0.5095776953125 0.6800895171875 0.508274075 0.668730090625 0.5267242203125 0.6532552968750001 0.54452255625 0.6357509296875 0.54849990625 0.6141311921875 0.5518254421875 0.604857559375 0.5571064109375 0.5954714921875001 0.6163677109375 0.5902570093749999 0.64929065625 0.5932732625 0.6835172218750001 0.602490678125 0.7052264187499999 0.6055631499999999 0.7124628171875 0.626139990625 0.71572186875
3 0.200621025 0.4458332609375 0.20682218749999998 0.43331589375 0.21198045156249998 0.4273831140625 0.221254084375 0.42210214687500003 0.2336001890625 0.42405757812499995 0.24188714218750001 0.39837103125 0.2409004640625 0.3779654546875 0.2306401515625 0.362840846875 0.21626447187500003 0.3470644265625 0.21011952968749997 0.332591628125 0.20704705781250002 0.3253552296875 0.197773425 0.33063619843750003 0.1915722640625 0.343153565625 0.187400678125 0.369491921875 0.1832290921875 0.395830278125 0.182129978125 0.42940503281250003 0.18931781718750001 0.43729324218750004 0.200621025 0.4458332609375
3 0.3661662109375 0.519301415625 0.38361436250000003 0.5423142328125 0.407263675 0.552809684375 0.42679761875000005 0.5626533234375 0.46383593125000006 0.568519615625 0.497801771875 0.5671495109375 0.5173919328125 0.5500029843750001 0.5318800484375 0.511799071875 0.54022321875 0.45912235937499996 0.5464805984375001 0.419614825 0.548622609375 0.37945548125 0.5414909875 0.34457710625 0.5292011 0.315631509375 0.5127958453125 0.286034103125 0.4912323265625 0.26236947499999996 0.47169838124999997 0.252525834375 0.45216443906250003 0.24268219375000002 0.420228171875 0.2578732875 0.397509321875 0.29477358124999997 0.381978309375 0.3395620828125 0.3674901953125 0.377765996875 0.36018992031249997 0.42385811875 0.35700501406249996 0.4706020515625 0.3661662109375 0.519301415625
3 0.4451200125 0.6600520515625 0.453406965625 0.63436550625 0.46789508125 0.5961615921875 0.4731095625 0.5632386484375 0.46899419531250003 0.5625868390625001 0.4514898265625 0.5665641859375 0.4309129859375 0.563305134375 0.4103361453125 0.5600460828125 0.3866868328125 0.5495506328124999 0.374340728125 0.5475952015625001 0.371155821875 0.594339134375 0.3690138125 0.634498478125 0.37614543437500003 0.6693768546875 0.39359358437499997 0.6923896734375 0.42344405781249994 0.6903677546875 0.4451200125 0.6600520515625
3 0.8405326546874999 0.5606848421875 0.8488196078125 0.5349982953125 0.858149459375 0.5027271625 0.8602352515625 0.4895579828125 0.8540903078125 0.47508518593750004 0.84690246875 0.46719697499999996 0.8304409953125 0.46458973437499995 0.828355203125 0.4777589125 0.8252265140624999 0.4975126796875 0.8138670890625 0.5159628265625 0.7983922953125 0.5337611625 0.7839603984375 0.544974909375 0.790105340625 0.5594477062500001 0.8003656515625 0.574572315625 0.811668859375 0.583112334375 0.815784228125 0.5837641453125 0.8240149640625001 0.5850677656250001 0.8405326546874999 0.5606848421875
0 0.8561198843750001 0.4889061734375 0.849974940625 0.474433375 0.84690246875 0.46719697499999996 0.8335134671875 0.471826134375 0.8314276749999999 0.4849953109375 0.8241836171875001 0.5040972671875 0.814909984375 0.5093782359375 0.8087088234375001 0.521895603125 0.80662303125 0.5350647828125 0.8127679750000001 0.54953758125 0.8251140796875 0.5514930109375 0.8343877109375001 0.5462120421875001 0.8498625046875 0.5284137062500001 0.85299119375 0.5086599390625001 0.8561198843750001 0.4889061734375
3 0.191178740625 0.532084728125 0.1900796265625 0.5656594828125 0.20033993906249997 0.5807840921875 0.2126860421875 0.5827395234375 0.23123330625 0.572177584375 0.2456652046875 0.5609638375 0.25702463125 0.5425136921875 0.261196215625 0.5161753359375 0.24989300781249998 0.5076353171875 0.23656022499999999 0.485274309375 0.232501075 0.45763233281250004 0.23255729218750001 0.430642165625 0.2284419234375 0.42999035625 0.2202111875 0.428686734375 0.21198045156249998 0.4273831140625 0.20682218749999998 0.43331589375 0.20265060156249998 0.45965425 0.1922778546875 0.4985099734375 0.191178740625 0.532084728125
0 0.1585368828125 0.391919415625 0.169896309375 0.3734692703125 0.1781270453125 0.37477289062499997 0.181255734375 0.35501912343750003 0.16792295156249998 0.33265811562500003 0.15459016875 0.3102971078125 0.13917159375000002 0.3011052765625 0.1319837546875 0.29321706718749996 0.12369680000000001 0.3189036125 0.11848231718749999 0.3518265578125 0.12051189375 0.365647546875 0.1318151015625 0.374187565625 0.1461907796875 0.389963984375 0.1585368828125 0.391919415625
3 0.535995415625 0.51245088125 0.54521283125 0.5341600796875 0.5575589359374999 0.5361155109375 0.5770928796875 0.5459591500000001 0.5976697203125 0.5492182015625 0.6182465609375 0.5524772515625 0.6439816656249999 0.5498035265625 0.66252893125 0.5392415890625 0.6790466203125 0.5148586640625 0.6883764703125 0.482587528125 0.6977063203125 0.4503163953125 0.7029208031249999 0.41739344999999994 0.7060494921875 0.39763968437499997 0.690630915625 0.388447853125 0.6700540765625 0.3851888015625 0.644318971875 0.3878625296875 0.618583865625 0.39053625625 0.5938916578125 0.3866253953125 0.5897762890625 0.38597358437499996 0.5805026578125 0.391254553125 0.56711365625 0.3958837125 0.552681759375 0.4070974578125 0.5454377015625 0.4261994140625 0.5361078515625 0.4584705484375 0.53912410625 0.49269711562499996 0.535995415625 0.51245088125
0 0.8682411171875 0.59882226875 0.8764718531250001 0.6001258890625001 0.8939762234374999 0.596148540625 0.909451015625 0.5783502046875 0.920810440625 0.5599000578125 0.9290973953125 0.5342135140625001 0.93326898125 0.5078751578125 0.934311878125 0.50129056875 0.9271240374999999 0.493402359375 0.9230086703125 0.49275054999999995 0.9137350359375 0.49803151718749994 0.8889866109375 0.521110821875 0.881742553125 0.540212778125 0.872412703125 0.5724839125 0.8662115421875001 0.5850012812500001 0.8682411171875 0.59882226875