3 0.1909790546875 0.72715858125 0.213164103125 0.74013585625 0.23167822968750001 0.728579828125 0.237051565625 0.7043623578125 0.24263770624999997 0.6740510421875 0.248223846875 0.6437397265625 0.2492878546875 0.6132704921875 0.25077746875 0.5706135671875 0.24689374218750001 0.5521741109375 0.23332735 0.5517003625 0.2109295 0.544816934375 0.192628178125 0.550279115625 0.1745396546875 0.5496474515625 0.17326284375 0.5862105296875 0.1724116375 0.610585915625 0.17156042968750002 0.634961303125 0.17480575 0.6716822984374999 0.173741740625 0.70215153125 0.1909790546875 0.72715858125
3 0.1247962203125 0.547910371875 0.1336276796875 0.5543200515625 0.14309754375 0.5424481906249999 0.1529930109375 0.5183886375 0.15836635 0.4941711671875 0.16070717031249998 0.42713885625000003 0.17038983593749998 0.40917315 0.17124104375 0.3847977640625 0.16283518749999998 0.3662003921875 0.150120003125 0.34135125624999996 0.1320314828125 0.340719590625 0.1137301578125 0.346181771875 0.0943648265625 0.3821131875 0.0978229484375 0.41274033593750004 0.10085546406250001 0.4555551765625 0.104100784375 0.49227617187500006 0.111868234375 0.5291550843749999 0.1247962203125 0.547910371875
3 0.4851303359375 0.7313292921875 0.49784551875 0.7561784281249999 0.52024336875 0.7630618546875 0.543279625 0.75166374375 0.5576972234375 0.7277621062499999 0.5634961656249999 0.69135694375 0.56929510625 0.6549517812500001 0.5750940484375 0.6185466171875 0.57594525625 0.59417123125 0.5770092640625 0.5637019999999999 0.5774348687499999 0.55151430625 0.577860471875 0.5393266140625 0.559984753125 0.5326011015625001 0.53285196875 0.5316536046875 0.50119705625 0.530548190625 0.48763066562499996 0.5300744421875 0.4740642734375 0.5296006921874999 0.46459440937499996 0.541472553125 0.463956003125 0.5597540921874999 0.463104796875 0.584129478125 0.46635011718749997 0.6208504734375 0.4695954359375 0.6575714703125 0.4730535578125 0.68819861875 0.4851303359375 0.7313292921875
3 0.6924033453125 0.5006175953125 0.727941984375 0.5201624640625 0.7453921 0.53907566875 0.7680027515625001 0.53986525 0.7918902140624999 0.504091753125 0.7929542234375 0.47362252031249996 0.790134509375 0.42471383281249997 0.787101990625 0.3818989890625 0.7836438703125 0.351271840625 0.7763020218750001 0.3022052375 0.7545425765625 0.2770402703125 0.7321447265625001 0.27015684218749997 0.7091084703125 0.281554953125 0.69963860625 0.2934268140625 0.6897431390625 0.3174863671875 0.67963486875 0.3476397671875 0.673835928125 0.38404493125 0.681390575 0.4270176890625 0.68053936875 0.45139307500000003 0.679475359375 0.48186230625000004 0.6924033453125 0.5006175953125
3 0.4990157453125 0.46335796250000005 0.50657039375 0.5063307203125 0.5199239828125 0.512898315625 0.5380125062500001 0.5135299812499999 0.56966741875 0.5146353953125 0.592490871875 0.5093311296875 0.615101525 0.5101207109375 0.6428727125 0.4927866703125 0.6611740359375 0.48732448906250003 0.6837846890625 0.48811407031250004 0.6885196203125 0.48217813906250007 0.685487103125 0.43936329843750005 0.6822417828125 0.40264230312500005 0.6751127390625 0.34748185 0.658301028125 0.31028710625 0.6412765140625 0.279186209375 0.628348528125 0.26043092031250004 0.6018541515625 0.24120188437499998 0.5792435 0.240412303125 0.5473757859374999 0.24540073437499998 0.528861659375 0.2569567625 0.5193917953125 0.2688286234375 0.5051869984375 0.2866364140625 0.499600859375 0.31694772968749996 0.49874965156249995 0.341323115625 0.4972600390625 0.38398004218750004 0.4957704265625 0.42663696875 0.4990157453125 0.46335796250000005
3 0.15836635 0.4941711671875 0.1575151421875 0.518546553125 0.1659209984375 0.537143925 0.18810604687500002 0.5501212 0.2016724375 0.5505949484375 0.23784948125 0.551858278125 0.2606729359375 0.5465540140625 0.27961266406249996 0.52281029375 0.257427615625 0.50983301875 0.2533310890625 0.49748740937499997 0.254182296875 0.47311202343750003 0.25545910781250003 0.4365489453125 0.261045246875 0.40623762812499997 0.2666313859375 0.37592631249999997 0.271579121875 0.36389653437499997 0.272004725 0.3517088421875 0.267908196875 0.33936323281249997 0.259289540625 0.32685970625 0.25067088125 0.31435618125000003 0.23279516249999999 0.3076306703125 0.2147066421875 0.3069990046875 0.1959797140625 0.3246488796875 0.18629704687499998 0.3426145859375 0.176188778125 0.3727679875 0.17081543906250002 0.39698545625000004 0.160281565625 0.43932655 0.1592175578125 0.46979578125000004 0.15836635 0.4941711671875
3 0.2597684359375 0.44280070781249997 0.25439509843749997 0.4670181765625 0.2533310890625 0.49748740937499997 0.26173694531249997 0.51608478125 0.27961266406249996 0.52281029375 0.311267578125 0.5239157062500001 0.33840036093750003 0.5248632046874999 0.3834088625 0.5325362140625 0.4105416453125 0.5334837109375 0.42884296875 0.5280215296875 0.4342163078125 0.5038040609375 0.4398024453125 0.47349274374999994 0.44107925625 0.436929665625 0.43783393750000005 0.4002086703125 0.439536353125 0.351457896875 0.43996195625 0.3392702046875 0.4360782296875 0.32083074843750004 0.4235758484375 0.2898877671875 0.41043506093750004 0.277226325 0.3882500125 0.2642490515625 0.37489642343749996 0.25768145625 0.3341972484375 0.256260209375 0.3202052546875 0.267974153125 0.3105225875 0.2859398609375 0.2963177921875 0.3037476515625 0.28168739062500003 0.33374313437500003 0.271579121875 0.36389653437499997 0.2662057828125 0.38811400625000003 0.2608324453125 0.41233147499999995 0.2597684359375 0.44280070781249997
3 0.2730158078125 0.711719534375 0.2816344671875 0.7242230609375 0.29929738437500003 0.73704241875 0.32233364062500003 0.7256443078125 0.33632563437499996 0.7139303625 0.346221103125 0.689870809375 0.35202004531250003 0.653465646875 0.35329685624999996 0.6169025671874999 0.3545736671875 0.5803394875000001 0.3554248734375 0.5559641015625 0.35132834687500003 0.5436184921875 0.3381875578125 0.5309570515625001 0.3203118390625 0.5242315390625001 0.2977011875 0.5234419578125 0.28392199375 0.52906205625 0.2748777328125 0.5287462234375 0.26540786875 0.5406180843749999 0.25162867499999997 0.54623818125 0.2509902703125 0.5645197203125 0.2531715796875 0.6317099500000001 0.2566297015625 0.6623370984375 0.2730158078125 0.711719534375
3 0.3765992046875 0.7275393015625 0.389527190625 0.746294590625 0.40719010781250004 0.7591139484375 0.4300135625 0.7538096828125 0.4489532921875 0.7300659625 0.45906156249999996 0.6999125625 0.4695954359375 0.6575714703125 0.47087224687499996 0.6210083890625 0.46762692812499995 0.5842873953125001 0.4641688046875 0.553660246875 0.4648072109375 0.5353787062500001 0.45618855468749997 0.52287518125 0.4426221625 0.5224014328125001 0.4243208390625 0.5278636140625 0.4014973859375 0.5331678796875 0.37888673281249996 0.5323782968749999 0.3607982109375 0.5317466328125 0.3545736671875 0.5803394875000001 0.3539352609375 0.5986210265625 0.3528712515625 0.6290902609375 0.3606387015625 0.665969171875 0.3684061515625 0.702848084375 0.3765992046875 0.7275393015625
3 0.8039669937499999 0.5472224265625 0.8259392406250001 0.5662935484375 0.8440277625 0.5669252124999999 0.8679152265625 0.531151715625 0.878236296875 0.49490447031249996 0.8752037796875 0.452089628125 0.8721712625 0.4092747859375 0.8734480734375 0.37271170625 0.8704155546875001 0.3298968640625 0.8617968984375001 0.3173933390625 0.848656109375 0.304731896875 0.834876915625 0.3103519953125 0.8204593171875001 0.33425363125 0.8109894531249999 0.3461254921875 0.8015195890625 0.357997353125 0.7961462515625 0.382214821875 0.78992170625 0.43080767968749994 0.793167025 0.46752867499999995 0.7921030171875 0.49799790625 0.7867296796875001 0.5222153765625 0.8039669937499999 0.5472224265625
3 0.7077787359375 0.7085979578125 0.7295381812499999 0.733762925 0.7383696390625001 0.7401726046875 0.7564581625 0.74080426875 0.770662959375 0.722996478125 0.776036296875 0.698779009375 0.7818352375 0.662373846875 0.7925819125 0.61393890625 0.7930075171875 0.6017512125 0.7938587234375001 0.5773758265625 0.7949227328124999 0.5469065953125 0.7863040765625 0.53440306875 0.7774726171874999 0.5279933906250001 0.7680027515625001 0.53986525 0.7453921 0.53907566875 0.7320385093749999 0.5325080734375 0.7232070515625 0.5260983953125 0.7137371859375 0.5379702546875 0.6947974578125 0.5617139765625 0.6943718546875 0.57390166875 0.6887857140625 0.6042129859375 0.687508903125 0.640776065625 0.6991600796874999 0.6960944328124999 0.7077787359375 0.7085979578125
3 0.6156337125 0.7541904046875 0.6292001046875 0.754664153125 0.6520235578125 0.7493598875 0.6705376828125 0.7378038609375001 0.680645953125 0.7076504609375001 0.6819227640625 0.67108738125 0.683199575 0.634524303125 0.6840507812500001 0.6101489156250001 0.6851147906249999 0.5796796828125 0.685753196875 0.56139814375 0.6868172046875001 0.5309289109375 0.677985746875 0.5245192328125 0.6510657671875 0.5174778875 0.6237201812500001 0.5226242375 0.6008967281250001 0.5279285015624999 0.5866919312500001 0.5457362921875 0.5770092640625 0.5637019999999999 0.57530685 0.6124527718749999 0.5744556421875 0.636828159375 0.5736044359375 0.6612035453125 0.59020334375 0.7044921343749999 0.5983963984375 0.729183353125 0.6156337125 0.7541904046875