3 0.8515193703125 0.5621722 0.8460955718750001 0.56805819375 0.845223615625 0.58052774375 0.8447876375 0.58676251875 0.8493394796875 0.5933460765625 0.8543272999999999 0.593694859375 0.8593151203125 0.594043640625 0.8692907609375 0.5947412062499999 0.8805743359375 0.5767344453125001 0.8814462921875 0.56426489375 0.901205509375 0.49672871250000006 0.90251344375 0.4780243875 0.8979616015625 0.4714408296875 0.8875499828125 0.476978040625 0.8821261843749999 0.4828640328125 0.8708426109375 0.50087079375 0.8654188125 0.5067567875 0.8645468562499999 0.5192263374999999 0.8636749 0.5316958875 0.863238921875 0.5379306640625 0.8515193703125 0.5621722
3 0.5346189734375 0.721704959375 0.5441586359375 0.7286373 0.559122096875 0.729683646875 0.5736495796875001 0.7369647687499999 0.5836252203125001 0.7376623343750001 0.5940368390625 0.7321251234374999 0.599024659375 0.73247390625 0.6053204140624999 0.7141183625 0.6012045484375 0.7013000296875 0.597088684375 0.688481696875 0.5730215390625 0.674268234375 0.5535062359375 0.6666383296875 0.5339909328125 0.6590084234375 0.5240152921875 0.658310859375 0.5140396515625001 0.6576132953125 0.5086158546874999 0.6634992875 0.5068719421875 0.6884383890625 0.5059999859375 0.7009079390624999 0.5055640078125 0.7071427140625001 0.5151036703125 0.7140750546875 0.5346189734375 0.721704959375
3 0.2599565875 0.4205619109375 0.27903591250000004 0.43442659062500005 0.30809087812499997 0.44898883593749994 0.328042159375 0.45038396562500005 0.3388897546875 0.4386119796875 0.34649344375 0.401552109375 0.3482373546875 0.37661300781249996 0.3499812671875 0.3516739078125 0.34630138125 0.3326207984375 0.343057471875 0.307332915625 0.3393775859375 0.2882798078125 0.33027390156249997 0.2751126921875 0.3207342390625 0.2681803515625 0.30620675625 0.2608992296875 0.29666709375 0.2539668890625 0.2704200578125 0.270927303125 0.25782855 0.307638390625 0.250660840625 0.33846348437499996 0.24305715156250002 0.3755233546875 0.24673703906250002 0.3945764625 0.2599565875 0.4205619109375
3 0.3425696421875 0.4576650875 0.3416976859375 0.4701346375 0.3508013703125 0.483301753125 0.36532885312499996 0.49058287656250005 0.3893959984375 0.5047963390625 0.4288625828125 0.5138213734375 0.44339006562499994 0.5211024953125001 0.4587895046875 0.5159140671875 0.46963710000000003 0.50414208125 0.48135665312500003 0.4799005453125 0.48852436250000003 0.44907545000000004 0.490704253125 0.41790157343749995 0.48746034375 0.392613690625 0.4842164359375 0.36732580625 0.48053654999999995 0.34827269843750003 0.4723048203125 0.32263603281250003 0.458213315625 0.30912013437499997 0.43913399062499997 0.29525545468750003 0.42417052968749996 0.2942091078125 0.3983594734375 0.304934746875 0.382088078125 0.32259272499999997 0.3599569078125 0.352371471875 0.3428135578125 0.3824990015625 0.3401976890625 0.419907653125 0.3380178 0.45108152968750004 0.3425696421875 0.4576650875
3 0.6162198625 0.5582489796875 0.6203357265625 0.5710673125 0.6352991875 0.572113659375 0.65525046875 0.5735087890624999 0.665226109375 0.574206353125 0.685177390625 0.5756014828125 0.6951530296875 0.5762990484375 0.7060006265625 0.5645270625000001 0.7164122453124999 0.5589898515625 0.7172842015625001 0.5465203015625 0.7235799546874999 0.5281647578124999 0.7303116875 0.5035744390625 0.7370434203125 0.47898411875 0.7333635328125 0.4599310109375 0.72924766875 0.447112678125 0.7251318046875 0.4342943453125 0.7205799625 0.42771078749999997 0.6960768390625 0.41973209999999994 0.6856652203125 0.4252693109375 0.67026578125 0.4304577390625 0.6598541640625 0.43599495 0.6485705890625 0.4540017109375 0.6377229921875001 0.46577369687500003 0.63229919375 0.47165968906250005 0.6268753953124999 0.4775456828125 0.6192717078125 0.5146055515625 0.61709181875 0.545779428125 0.6162198625 0.5582489796875
3 0.174535603125 0.351936075 0.183203309375 0.371337965625 0.1972948140625 0.3848538640625 0.222233915625 0.386597775 0.23806933125000002 0.37517457187500003 0.24392910781250002 0.363053803125 0.250660840625 0.33846348437499996 0.25782855 0.307638390625 0.2595724625 0.2826992890625 0.2513407328125 0.2570626234375 0.24267302656249998 0.2376607328125 0.23899314062500002 0.2186076234375 0.23487727656250001 0.205789290625 0.2353132546875 0.19955451562499998 0.22577359062500002 0.1926221765625 0.2112461078125 0.185341053125 0.200834490625 0.1908782640625 0.18955091562499998 0.208885025 0.18238320624999999 0.23971011875 0.179331359375 0.28335354687500003 0.1771514703125 0.3145274234375 0.174535603125 0.351936075
3 0.1214134921875 0.32316036718749996 0.12054153593750001 0.33562991875 0.13463304062499998 0.34914581562499997 0.1500324796875 0.3439573875 0.1654319171875 0.33876895937499996 0.17129169375 0.326648190625 0.1771514703125 0.3145274234375 0.17889538124999999 0.289588321875 0.181075271875 0.2584144453125 0.182819184375 0.23347534374999998 0.17870331875 0.22065701093749998 0.1745874546875 0.20783867812499998 0.16504779218750001 0.20090633750000003 0.16049595 0.1943227796875 0.149648353125 0.206094765625 0.133376959375 0.22375274531249997 0.132069025 0.24245707031250002 0.124901315625 0.273282165625 0.1214134921875 0.32316036718749996
3 0.4107954234375 0.70051585 0.435298546875 0.7084945375 0.45524982812500003 0.7098896671875 0.47021328906250004 0.7109360140625001 0.47975295156250003 0.717868353125 0.49016457031250005 0.71233114375 0.5005761875 0.7067939328125 0.5064359640625 0.6946731640625 0.5081798765625 0.6697340625 0.509487809375 0.6510297375 0.5049359671875 0.6444461796875001 0.49040848437499995 0.63716505625 0.47089318125 0.6295351515625 0.451377878125 0.621905246875 0.4368503953125 0.614624125 0.4223229125 0.607343003125 0.4218869359375 0.613577778125 0.41559118125000005 0.631933321875 0.40973140468749997 0.6440540890625 0.40842347031250004 0.662758415625 0.4021277171875 0.681113959375 0.40125576093750004 0.693583509375 0.4107954234375 0.70051585
3 0.5264390984375 0.551970896875 0.540530603125 0.56548679375 0.5704575234375 0.5675794890625 0.5904088046875 0.56897461875 0.6116680203125 0.551665421875 0.6188357296875 0.520840328125 0.626003440625 0.49001523281250003 0.63317115 0.4591901390625 0.6349150625 0.4342510375 0.63210713125 0.40272837812500006 0.623439425 0.3833264875 0.6043601 0.3694618078125 0.5798569765625 0.3614831203125 0.5594697171874999 0.3663227671875 0.5336586609375 0.37704840625 0.517387265625 0.394706384375 0.4956920734375 0.41825035625 0.4839725203125 0.4424918921875 0.482228609375 0.46743099375 0.47549687656249995 0.49202131250000003 0.47331698749999995 0.5231951890625 0.49196033437500003 0.5432946453125 0.5264390984375 0.551970896875
3 0.8031411640625 0.6089113609375 0.8176686468750001 0.616192484375 0.8280802656249999 0.6106552734374999 0.8339400421875001 0.5985345046874999 0.8519553484375001 0.555937425 0.8641108781250001 0.5254611125 0.8712785890625 0.49463601874999996 0.8675987015625 0.4755829109375 0.8576230609375 0.47488534531250004 0.84721144375 0.48042255625 0.8309400484375 0.498080534375 0.8255162500000001 0.503966528125 0.8205284296875 0.5036177453125 0.80924485625 0.52162450625 0.8033850796875001 0.533745275 0.796653346875 0.5583355937500001 0.79035759375 0.5766911375 0.7940374796875 0.5957442453125 0.8031411640625 0.6089113609375
3 0.28222796875 0.603811871875 0.2867798109375 0.6103954296875 0.291331653125 0.6169789875 0.3004353375 0.6301461015625 0.3149628203125 0.6374272249999999 0.3216945515625 0.61283690625 0.31801466562499997 0.593783796875 0.318886621875 0.581314246875 0.31520673593750004 0.5622611390625 0.3056670734375 0.5553287984375 0.2956914328125 0.5546312343750001 0.28116395 0.5473501109375001 0.2662004890625 0.5463037640625 0.25167300625 0.5390226421875 0.24668518593750002 0.538673859375 0.24126138749999998 0.5445598515625 0.23540161093749998 0.5566806203125 0.23365770000000002 0.581619721875 0.24319736249999999 0.5885520625 0.2581608234375 0.589598409375 0.2681364640625 0.5902959734375 0.28222796875 0.603811871875
3 0.7341836359375 0.5915588578125 0.748275140625 0.6050747546874999 0.75825078125 0.6057723203125 0.77907401875 0.5946978984375 0.790793571875 0.5704563625 0.8025131234374999 0.5462148250000001 0.8096808328125 0.51538973125 0.8114247453125 0.4904506296875 0.8227083203125 0.47244386875 0.8231442984375 0.46620909375 0.8244522312499999 0.4475047671875 0.8303120078124999 0.435384 0.8212083234374999 0.42221688437499993 0.816220503125 0.4218681015625 0.789537490625 0.445063290625 0.77868989375 0.4568352765625 0.7628544765624999 0.46825848125 0.747019059375 0.47968168437500003 0.7415952625 0.4855676765625 0.7303116875 0.5035744390625 0.7235799546874999 0.5281647578124999 0.7222720218750001 0.5468690828125 0.7164122453124999 0.5589898515625 0.7250799515625 0.5783917421875 0.7341836359375 0.5915588578125
3 0.319950640625 0.63777600625 0.32992628125 0.638473571875 0.3440177859375 0.65198946875 0.35810929062499997 0.6655053671875 0.3722007953125 0.679021265625 0.3817404578125 0.6859536046875 0.3917160984375 0.6866511703125 0.40256369531249997 0.674879184375 0.4088594484375 0.656523640625 0.40973140468749997 0.6440540890625 0.4218869359375 0.613577778125 0.4173350921875 0.6069942203124999 0.3928319703125 0.5990155328125 0.3733166671875 0.5913856281250001 0.34881354375 0.583406940625 0.3342860609375 0.57612581875 0.329298240625 0.5757770359375 0.32799030625 0.5944813625 0.326682371875 0.6131856875 0.32038661875 0.6315412312500001 0.319950640625 0.63777600625