3 0.4928421171875 0.9617263406250001 0.5135909328125 0.9651162359375001 0.5337606453125 0.9629963140625 0.5403600156249999 0.9511613265625 0.5448287656249999 0.9339795921875 0.5468773421875001 0.9086962046875 0.5466915421875 0.8920036843749999 0.5418511953125 0.8758003765625 0.52362630625 0.8665745234375001 0.501905078125 0.868857515625 0.485127953125 0.8734062046875 0.47892188750000003 0.8740584874999999 0.46874413437499995 0.8667721890625 0.45293941875000004 0.8656479906250001 0.453808075 0.8739127140624999 0.44720870625 0.885747703125 0.44836691562500003 0.8967673359375 0.4595991265625 0.92901088125 0.46909402343749995 0.9447249765624999 0.482953915625 0.9571949500000001 0.4928421171875 0.9617263406250001
3 0.427782190625 0.9546377078124999 0.44184958906249994 0.9392324562500001 0.44447727031250006 0.9194588859374999 0.44933932656250003 0.8910944484375 0.4488639765625 0.8716470187500001 0.434424978125 0.8536672296875001 0.42493008125 0.8379531328125 0.40873206093750003 0.8480116390625 0.3978714484375 0.849153134375 0.388272796875 0.847376653125 0.37344049375 0.8405795656249999 0.36752398125 0.84398675625 0.3620828203125 0.8668413781250001 0.3675022734375 0.8885545031250001 0.3769971703125 0.9042685984375 0.393856340625 0.9303500421875001 0.40674382343750004 0.9484929046874999 0.427782190625 0.9546377078124999
3 0.7514747625 0.7061449515625 0.76194206875 0.7161861609375 0.7785116890625 0.7395126953125 0.7916887218750001 0.7604104656249999 0.814568159375 0.7691471062499999 0.8425992046875 0.7522742171875 0.8474612609375001 0.7239097796875 0.8521375171875001 0.678852821875 0.8548689515625 0.6451416390625 0.8551802125 0.6033288015625 0.8491816546875001 0.5761058593749999 0.839107653125 0.5548819484374999 0.8274821359375 0.5338211078125 0.80402359375 0.51957465 0.7764896078125 0.511327221875 0.7537959703125 0.5192831046874999 0.7468032921875001 0.5423007953125001 0.7386524062500001 0.5542988546875 0.7322388328125 0.5828263625 0.72814168125 0.6333931374999999 0.726382659375 0.6614314328125 0.7373253171874999 0.6909200703125 0.748950834375 0.711980909375 0.7514747625 0.7061449515625
0 0.8245649015625001 0.55083976875 0.8249582078125 0.5396570656249999 0.8105192109375 0.5216772749999999 0.7959764593750001 0.517635096875 0.7817232625 0.516347828125 0.767759615625 0.517815465625 0.7571885546875 0.5217118703125 0.7604773859375 0.5380782484375 0.7730753140625 0.5534662015625 0.7866456546875 0.56318126875 0.8064220593750001 0.5722440484375 0.8210685625 0.562348615625 0.8245649015625001 0.55083976875
3 0.31172973437499996 0.925055190625 0.33965702656249996 0.9221199140625 0.34838701875 0.9156316703125 0.36797762500000003 0.9080019328125 0.372446375 0.8908202 0.3685784390625 0.868944003125 0.3668411234375 0.8524145531249999 0.3691792515625 0.8298860749999999 0.3665732796875 0.8050919000000001 0.362022484375 0.7916434999999999 0.3495283078125 0.7623179343750001 0.3350893109375 0.7443381437500001 0.3184159375 0.7349492203125 0.30232167187500003 0.7310701125 0.286413203125 0.743883525 0.2794205265625 0.76690121875 0.2768965984375 0.7727371765625 0.27939881718750004 0.8114689640625 0.280163721875 0.8336713 0.2817972828125 0.8641383625 0.286244325 0.891524375 0.291374225 0.9104825906249999 0.31172973437499996 0.925055190625
0 0.882303971875 0.4584255625 0.8746501437499999 0.4453033046875 0.8678649734375 0.440445771875 0.8666030093750001 0.44336375156249996 0.864368634375 0.45195461875 0.8738635312499999 0.4676687125 0.8788076328125 0.46993440781249995 0.882303971875 0.4584255625
0 0.787531234375 0.7357793625 0.7890827484375 0.735616290625 0.7959716718750001 0.7265362125 0.7936552515625 0.7044969453125 0.7888149046875 0.6882936374999999 0.7784513515625 0.6643148171875 0.7740863546875 0.6675589390625001 0.7582816390625 0.6664347390625001 0.742766478125 0.6680654484375 0.742662725 0.6820030609375001 0.7449791453125 0.704042328125 0.7471097656250001 0.7093890734375 0.755446453125 0.7140835359375 0.767465275 0.7239616718749999 0.77172651875 0.7346551640625 0.787531234375 0.7357793625
3 0.782985225 0.513429846875 0.8021825249999999 0.5169828140625 0.8209865171875 0.5317184828125 0.8385285484375 0.54937213125 0.860435575 0.563781659375 0.87537163125 0.5566411328124999 0.8922525109375 0.5381548328125 0.9026377734375 0.51756590625 0.9146783046875001 0.4828762984375 0.9136238484374999 0.45791905312500003 0.911121628125 0.419187265625 0.90851565625 0.394393090625 0.8954423765625 0.35955770781249996 0.8907057828125 0.3294167875 0.8773429484375 0.291826496875 0.8629039531249999 0.27384670624999996 0.8474925421874999 0.26153980312499997 0.828005690625 0.25523192968749997 0.8122009765625 0.2541077296875 0.7954238499999999 0.25865641875 0.7769914546875001 0.2773057921875 0.764082265625 0.303730675 0.7570895890625 0.3267483671875 0.756592528125 0.3518686828125 0.7541506453125 0.388334775 0.7501572484375 0.4249639375 0.752369915625 0.46094081718749996 0.76147150625 0.487837615625 0.782985225 0.513429846875
3 0.6865958453125 0.9246499546875 0.6994012828125 0.9121626828125 0.7113380593749999 0.8914106859375 0.7143590468750001 0.8604544125 0.719221103125 0.8320899734375 0.7174837890625 0.8155605250000001 0.7104090656250001 0.8079480828125 0.685295253125 0.807802309375 0.66415313125 0.8155951203124999 0.6461140421875 0.8230617875 0.643590115625 0.8288977453124999 0.6439617125 0.8622827875000001 0.6524841984374999 0.8836697687499999 0.661296234375 0.9078116609375 0.66710899375 0.9183420812499999 0.6803897812499999 0.9253022375000001 0.6865958453125 0.9246499546875
3 0.77769359375 0 0.7740186718750001 0.010225459374999999 0.7694461671874999 0.04134480625 0.7669005328125 0.091748509375 0.7635899937499999 0.1199498765625 0.7618309703125 0.147988171875 0.7643331890625 0.1867199578125 0.7748825421875 0.2273913 0.7989201890625 0.2471475734375 0.8298467593750001 0.2578237671875 0.8483612 0.2698045296875 0.86571743125 0.2707656578125 0.8718197421875 0.2840509859375 0.889175975 0.28501211406250004 0.90779416875 0.2830552625 0.9239921890625 0.27299675625000003 0.9344812062500001 0.23847021875 0.9320827390625 0.1858008203125 0.9308424828125 0.1441510546875 0.9270783 0.1083372453125 0.9269962546875 0.0777071125 0.923521625 0.0446482125 0.9153924453125001 0.0120785265625 0.9028013640625 0 0.77769359375 0
3 0.21404933750000002 0.801625421875 0.2300398515625 0.8194421406249999 0.255443215625 0.822342821875 0.2688277578125 0.81536536875 0.277661503125 0.7949395140625 0.281944453125 0.761065259375 0.2920401625 0.7377214249999999 0.30048060312499997 0.728478275 0.312521134375 0.693788665625 0.31543836718749996 0.676770003125 0.3107017734375 0.6466290828125 0.2834790484375 0.59656881875 0.2674885359375 0.5787520984375 0.26109667187499996 0.5627118624999999 0.25286373906250004 0.5440797875000001 0.24142401875 0.5397114671875001 0.23918964531250003 0.548302334375 0.2310387578125 0.56030039375 0.21173770468750003 0.5706850390625 0.1961187875 0.5862533609375 0.187388796875 0.592741603125 0.1897052171875 0.6147808703125001 0.17913415625 0.618677275 0.1807677171875 0.6491443359375 0.18366324218750002 0.6766934203125 0.18926849375000002 0.715099065625 0.1937155359375 0.742485078125 0.204079090625 0.766463896875 0.21404933750000002 0.801625421875
3 0.7822324546874999 0.8644619953125 0.7929072703125 0.846627978125 0.7949558453125001 0.821344590625 0.79177076875 0.7910406 0.7870341734374999 0.7608996796875 0.7794841 0.733839809375 0.7653346546875001 0.7186149265624999 0.754867346875 0.7085737187500001 0.7384835265625 0.701939703125 0.73682825625 0.7160403875 0.72886316875 0.744730965625 0.7162435328125001 0.7739107578125 0.7130367468750001 0.7881745125 0.7096441609374999 0.7857457453125 0.7135120984375 0.807621940625 0.726295825 0.8397024156249999 0.737631790625 0.8580083484375001 0.75391185625 0.8785799765625001 0.767875503125 0.8771123390625 0.7822324546874999 0.8644619953125
3 0.1545994484375 0.6240413171875 0.1881537015625 0.614943940625 0.1889403125 0.59257853125 0.19738075156249998 0.5833353828125001 0.21726091093750002 0.5784605515625 0.232590275 0.560137321875 0.23987250468750002 0.5398745375 0.24473455937500002 0.5115101 0.2434943046875 0.469860334375 0.23904726250000002 0.44247432187499997 0.23149718749999998 0.4154144515625 0.22405086718749997 0.37441696874999997 0.21397686718750003 0.3531930578125 0.18441601406250002 0.3256612734375 0.16435005625000002 0.3138435828125 0.1476766828125 0.3044546578125 0.1361332125 0.31402395156249996 0.120328496875 0.31289975000000003 0.10839171875 0.3336517484375 0.095875834375 0.348893928125 0.090145121875 0.368993640625 0.088965203125 0.40254175156249994 0.083502334375 0.4699641203125 0.0906591015625 0.5082066937499999 0.10731076718749999 0.5621633625 0.12929983750000001 0.6072030234375 0.1545994484375 0.6240413171875
3 0.600661640625 0.972676784375 0.6168596609375 0.9626182796875 0.6268516187500001 0.953212059375 0.6427600859375 0.9403986453125001 0.6457810734375 0.9094423703125001 0.6502498234375 0.8922606359374999 0.6482229562499999 0.8729762781250001 0.637755646875 0.8629350703125 0.6182687953125 0.856627196875 0.6085663921875 0.8687883265625 0.588686234375 0.8736631562499999 0.575695 0.8694579078125001 0.56919938125 0.8673552828125001 0.5614418 0.8681706374999999 0.5496087765625 0.8749850218749999 0.5556073328125 0.9022079625 0.5610267859375 0.9239210874999999 0.56557758125 0.9373694875 0.5774926515625001 0.9611852359374999 0.586118890625 0.96863460625 0.600661640625 0.972676784375
0 0.17183500625 0.47460668906250003 0.1847224875 0.49274955 0.1867710625 0.46746616249999995 0.1915293640625 0.45303933750000003 0.2024937328125 0.437960228125 0.2192708578125 0.433411540625 0.22634558125 0.44102398125000003 0.22547692343749998 0.43275925624999995 0.21879550625 0.41396411093749996 0.21395515937499998 0.397760803125 0.20164678125000002 0.385127759375 0.18273903593750002 0.3843297015625 0.16256932500000001 0.3864496234375 0.1517087109375 0.3875911203125 0.14531684843749998 0.37155088125 0.1419242625 0.369122115625 0.13590399687500002 0.3864669203125 0.1437436234375 0.41628169843749996 0.1529489671875 0.4292408859375 0.1614714515625 0.45062786875 0.16205055625 0.45613768437499996 0.17183500625 0.47460668906250003
0 0.7668306203124999 0.43435286093750003 0.7719605203125 0.45331107656249997 0.772435871875 0.4727585078125 0.772042565625 0.4839412109375 0.7824061203125 0.5079200312500001 0.7938458374999999 0.5122883500000001 0.807995284375 0.5275132328125001 0.8222484812499999 0.528800503125 0.8311642734375001 0.53900478125 0.8428114984375 0.5154978781249999 0.8458324859375 0.484541603125 0.8389652703125 0.4490539359375 0.8270502015625001 0.42523818750000003 0.8188172687499999 0.4066061140625 0.8186314687499999 0.38991359062500003 0.8262032500000001 0.37240571562499997 0.8384295828124999 0.35440862812499996 0.8518141218749999 0.3474311734375 0.8550209093750001 0.3331674203125 0.8477603874999999 0.3088624578125 0.8403961125 0.2984951078125 0.8283772890625001 0.288616971875 0.8203301546875 0.28667741874999997 0.8072351671875 0.29640978125 0.7990842796875001 0.30840784062500004 0.78685795 0.326404928125 0.7830720578125 0.3351588640625 0.773369653125 0.3473199953125 0.774134559375 0.3695223328125 0.76937625625 0.3839491578125 0.7680105390625 0.40080475 0.764803753125 0.415068503125 0.7668306203124999 0.43435286093750003
0 0.7528574 0.85362273125 0.7491752640625 0.8484390546875 0.7473341953125 0.8458472171875 0.740549025 0.8409896859374999 0.7361840281250001 0.8442338062499999 0.741707234375 0.8520093187500001 0.747230440625 0.8597848296875 0.7537260578125 0.8618874546875 0.7528574 0.85362273125
3 0 0.247808853125 0.010771659375000001 0.2854198578125 0.0331540359375 0.3192768140625 0.0685276484375 0.35733902031250003 0.0974273515625 0.3487308578125 0.122169565625 0.31549158906249997 0.15156632812499998 0.28176310781249997 0.168261409375 0.24658428593749998 0.1668353546875 0.1882419984375 0.15996813906250001 0.1527543328125 0.1527076171875 0.1284493703125 0.1407925484375 0.1046336234375 0.12771926718749999 0.0697982390625 0.11201830625 0.054736428125 0.0804088765625 0.05248803125 0.054901759375000005 0.0635249609375 0.026581160937499997 0.0776429421875 0.0088316234375 0.08786451875 0 0.1056888578125 0 0.247808853125
0 0.21192350312500002 0.5873775593749999 0.214054125 0.5927243062499999 0.2192877796875 0.597744909375 0.22452143125 0.6027655125 0.22917598125 0.6022763 0.2322790125 0.6019501578125 0.23509249375 0.598869109375 0.23761642031250002 0.59303315 0.237037315625 0.5875233328125 0.2380097265625 0.581850446875 0.235589553125 0.57374879375 0.231907415625 0.5685651171874999 0.231514109375 0.5797478218750001 0.22743866562499998 0.5857468515625001 0.22307366874999998 0.588990971875 0.21968108593750002 0.5865622046875 0.21318546718750003 0.58445958125 0.21192350312500002 0.5873775593749999