3 0.597270896875 0.5418416140625 0.6177214625 0.5378664265624999 0.6405116015625001 0.5240904468750001 0.6557105437499999 0.4930979984375 0.65688860625 0.45548490781249995 0.6580666671875 0.41787181718750005 0.6510645015625001 0.3818488 0.6306304875000001 0.320398596875 0.62128875 0.29417637343749997 0.6119470125 0.2679541484375 0.5985151625 0.24252696093749998 0.5769030859375001 0.2186898484375 0.5652217765625001 0.2022684171875 0.5471107828124999 0.1964428140625 0.5307503296875 0.1996229640625 0.5120503046875 0.212603903125 0.4927612484375 0.244391390625 0.4857425328125 0.273793765625 0.488654584375 0.31061181875 0.4892270640625 0.3572306640625 0.4962292296875 0.3932536796875 0.5032313937499999 0.42927669531249996 0.5119841 0.474305465625 0.5213258359374999 0.500527690625 0.5289170328125 0.5177441593750001 0.5446884546875 0.5333705546874999 0.57682033125 0.5458168015625 0.597270896875 0.5418416140625
3 0.7293656859375 0.3479365421875 0.7130217828125 0.285691303125 0.693749278125 0.2520533984375 0.6738877421875 0.237222040625 0.6475965218749999 0.2329865109375 0.6224668125 0.2565632828125 0.6177876671875 0.276164865625 0.62128875 0.29417637343749997 0.632381028125 0.3294043515625 0.6469743890624999 0.3826438375 0.6557270953125001 0.4276726078125 0.6598172078125 0.42687757031249995 0.6738380890625 0.43349821093749996 0.693699625 0.4483295703125 0.7176512734375 0.462365890625 0.7386908703125 0.43958415781250004 0.7381183921875001 0.3929653125 0.7293656859375 0.3479365421875
3 0.164896953125 0.5885024953125 0.1795068640625 0.5763165906250001 0.18243546718749998 0.54770925625 0.1795234140625 0.5108912015625 0.161428971875 0.4396402078125 0.15967843125 0.430634453125 0.143907009375 0.41500805781250005 0.1164542765625 0.3829602296875 0.0977542515625 0.3959411703125 0.103005875 0.4229584328125 0.11175858125 0.46798720156250007 0.12635194375 0.5212266890625 0.13569367968749999 0.5474489140625 0.1532156421875 0.5720810625 0.164896953125 0.5885024953125
3 0.5230101734375 0.7712350046875 0.5306179203125 0.723026084375 0.5341355546875 0.675612203125 0.5300619921874999 0.6109818484375 0.5213092859375 0.5659530796875 0.5143071203125 0.5299300640625 0.5084664671875 0.521719346875 0.499697209375 0.5421159671875 0.4728169578125 0.556686984375 0.4424356234375 0.5532464921875 0.42782571249999995 0.565432396875 0.4254861390625 0.5752331890625 0.4359893875 0.6292677109375 0.4499937171875 0.7013137421875 0.4628365375 0.7455474765625001 0.48210904218749995 0.7791853796875 0.5060606890625 0.7932216999999999 0.5230101734375 0.7712350046875
3 0.6258520359374999 0.732552521875 0.6340488140625 0.66553705625 0.6235455671875 0.611502534375 0.6147928609375 0.5664737640624999 0.6095412359375 0.5394565015625 0.597270896875 0.5418416140625 0.5709796765624999 0.537606084375 0.5429379140624999 0.5243648015625 0.5388478 0.5251598390625001 0.5347576875 0.5259548765625001 0.5265774609375 0.5275449515624999 0.520147775 0.5381407796875 0.51955874375 0.5569473265625 0.5230598265624999 0.5749588343750001 0.535313615625 0.6379991109375001 0.5516575171875 0.700244353125 0.5685904500000001 0.743683046875 0.5902025265625 0.767520159375 0.60656298125 0.764340009375 0.6258520359374999 0.732552521875
3 0.8234051875 0.4605014609375 0.8082227968750001 0.4260685203125 0.795363425 0.44726017812499996 0.774912859375 0.451235365625 0.770822746875 0.45203040312500004 0.7760743703124999 0.479047665625 0.7848270765625001 0.5240764359375001 0.7935797828125 0.5691052046875 0.7970808640625 0.5871167125000001 0.8011709781249999 0.586321675 0.8128522874999999 0.602743109375 0.8251226265625 0.600357996875 0.8414830796875 0.597177846875 0.8467512546875 0.5587697171875 0.8362480078125 0.50473519375 0.8234051875 0.4605014609375
3 0.85732070625 0.3511026796875 0.846817459375 0.29706815625 0.8398152953125001 0.261045140625 0.826972475 0.21681140937499999 0.8228823609375 0.217606446875 0.810612021875 0.219991559375 0.8035933046875 0.24939393281250002 0.80241524375 0.2870070234375 0.7994866421875 0.3156143609375 0.80648880625 0.35163737500000003 0.8094008578125 0.3884554296875 0.812901940625 0.4064669375 0.8263337906249999 0.431894125 0.8345140171875001 0.4303040484375 0.8508744703125 0.42712389999999995 0.8549645828125 0.4263288625 0.8578931859375001 0.397721525 0.85732070625 0.3511026796875
3 0.7234588265624999 0.6014273875 0.7193852640625 0.5367970343749999 0.7123830984375 0.5007740187499999 0.707131475 0.47375675624999997 0.6972007078125 0.466341078125 0.6650688312499999 0.4538948328125 0.66097871875 0.45468987031249997 0.653960003125 0.48409224375 0.6387610593749999 0.51508469375 0.6218115765625 0.5370713890625 0.611291778125 0.5484622546875 0.6159543703125 0.5942860624999999 0.6206169640625 0.6401098703125 0.6334597828125 0.6843436031250001 0.638138928125 0.6647420187499999 0.6474806640625 0.69096424375 0.6731828546874999 0.7140063171875 0.6953839609375 0.7190368859375 0.7082433328125 0.697845228125 0.715851078125 0.64963630625 0.7234588265624999 0.6014273875
3 0.231500275 0.6035941953124999 0.242609103125 0.5733967843750001 0.25605750625 0.53339858125 0.2578245984375 0.47697894375 0.2490718921875 0.431950175 0.24206972656249998 0.3959271578125 0.2245477640625 0.3712950078125 0.1947554609375 0.34904797187500003 0.1708038109375 0.3350116515625 0.162623584375 0.3366017265625 0.1521037859375 0.34799259375 0.149175184375 0.3765999296875 0.152676265625 0.3946114375 0.166680596875 0.46665746874999997 0.18127395625 0.51989695625 0.207548625 0.589557875 0.21338927968750002 0.597768590625 0.231500275 0.6035941953124999
3 0.237929959375 0.592998365625 0.207548625 0.589557875 0.19761785781250002 0.5821421953125 0.1865255796875 0.54691421875 0.18477503906249998 0.5379084640625 0.173666209375 0.568105875 0.1765782609375 0.6049239281250001 0.187670540625 0.6401519078125 0.1929221640625 0.66716916875 0.19642324687499998 0.6851806765624999 0.199924328125 0.703192184375 0.20167487031250003 0.7121979390625001 0.21335617812500002 0.728619371875 0.2250374859375 0.7450408046875 0.2454880546875 0.7410656171875 0.2525067703125 0.71166324375 0.24609363437499998 0.6568336828125 0.237929959375 0.592998365625
3 0.38810263906250003 0.5357696796875 0.401534490625 0.5611968671875001 0.415555371875 0.567817509375 0.4809971828125 0.555096909375 0.5143071203125 0.5299300640625 0.5148961515625 0.5111235171875 0.5061434453125 0.4660947484375 0.5032313937499999 0.42927669531249996 0.492139115625 0.3940487171875 0.47695672499999997 0.3596157765625 0.4676149875 0.3333935515625 0.45827324999999997 0.3071713265625 0.4407512859375 0.282539178125 0.42497986406250005 0.2669127828125 0.4051183296875 0.2520814234375 0.3846677625 0.2560566109375 0.3642171953125 0.2600317984375 0.351357825 0.2812234578125 0.340248996875 0.31142086875 0.34141050625 0.33923316875 0.3419829875 0.3858520125 0.3489851515625 0.421875028125 0.3559873171875 0.4578980453125 0.365329053125 0.4841202703125 0.38810263906250003 0.5357696796875
3 0.4049859203125 0.775484546875 0.41784529062500003 0.7542928890625 0.42545303749999996 0.7060839671875 0.43072121250000006 0.6676758406250001 0.4184674234375 0.6046355625000001 0.405624603125 0.5604018296875 0.3956938359375 0.5529861515625 0.3822619859375 0.5275589640625 0.3588993671875 0.49471609687500007 0.3524696828125 0.5053119265625 0.3372707390625 0.5363043765625 0.3209102875 0.5394845265625 0.3121410296875 0.559881146875 0.3191431953125 0.5959041625 0.3319860140625 0.6401378953125 0.34073872031249997 0.685166665625 0.3535815390625 0.729400396875 0.3728540453125 0.7630383015625 0.4049859203125 0.775484546875
3 0.8040830296875001 0.6231397296875001 0.7900787 0.551093696875 0.7778249109375001 0.48805341875 0.7690722046875 0.4430246484375 0.76323155 0.43481393281249997 0.7451205562500001 0.428988328125 0.7328502171875 0.431373440625 0.7258315 0.46077581562500003 0.709471046875 0.463955965625 0.6995402796875 0.4565402859375 0.7053809328125 0.46475100312500006 0.7106325578125 0.49176826562500003 0.7170456921875 0.5465978265625 0.7257983984374999 0.5916265968750001 0.7252093671875001 0.6104331421875 0.73221153125 0.64645615625 0.739802728125 0.6636726281249999 0.76959503125 0.685919665625 0.7935466796874999 0.6999559859375 0.8064060515625 0.678764328125 0.8040830296875001 0.6231397296875001
3 0.856715125 0.4353346171875 0.844444784375 0.437719728125 0.830423903125 0.4310990875 0.8146524812499999 0.41547269218749994 0.812901940625 0.4064669375 0.80647225625 0.41706276718749996 0.8140634500000001 0.4342792375 0.8251557296875 0.46950721562500003 0.8362480078125 0.50473519375 0.847340284375 0.5399631734375 0.84558974375 0.53095741875 0.853769971875 0.5293673437499999 0.8637007390625 0.5367830234375 0.8742205375 0.52539215625 0.8730590265625 0.49757985624999995 0.8643063203124999 0.45255108593750004 0.856715125 0.4353346171875
3 0.315592459375 0.7741688250000001 0.3267012875 0.7439714140625 0.33605957656249996 0.704768246875 0.3296464421875 0.6499386859375 0.3191431953125 0.5959041625 0.313891571875 0.5688869015625 0.30805091562500003 0.560676184375 0.28409926875 0.5466398640625 0.2665773046875 0.5220077140625 0.2648267625 0.513001959375 0.2566465359375 0.514592034375 0.25605750625 0.53339858125 0.249038790625 0.5628009546875 0.242609103125 0.5733967843750001 0.23617941875 0.5839926125 0.23734092968749998 0.6118049125 0.242592553125 0.6388221749999999 0.25134525937499996 0.68385094375 0.2659386203125 0.7370904296874999 0.2893012390625 0.769933296875 0.29105177968749996 0.77893905 0.315592459375 0.7741688250000001
3 0.346039996875 0.5159077562500001 0.35364774374999997 0.46769883593749995 0.3513247234375 0.4120742375 0.340821475 0.3580397140625 0.33323028125 0.34082324375 0.306939059375 0.3365877140625 0.292918178125 0.32996707187499996 0.2648764171875 0.31672578906250004 0.246176390625 0.32970673125 0.23915767500000001 0.35910910625 0.2403191859375 0.386921403125 0.24673232031249998 0.441750965625 0.25957513906249996 0.485984696875 0.2724179578125 0.53021843125 0.2940300359375 0.5540555421875 0.326750940625 0.5476952421875 0.346039996875 0.5159077562500001
3 0.777891115625 0.22635185937500002 0.763870234375 0.21973121718750002 0.7556900078125001 0.221321290625 0.7369899828124999 0.2343022328125 0.7258811546875 0.26449964531250003 0.716522865625 0.3037028109375 0.725864603125 0.329925034375 0.742208503125 0.392170275 0.7346007578125 0.4403791953125 0.7427809843750001 0.4387891203125 0.7591414375000001 0.4356089703125 0.770822746875 0.45203040312500004 0.774912859375 0.451235365625 0.788933740625 0.45785600625 0.8058832234375 0.43586931093750003 0.8088118265625001 0.40726197500000005 0.8047382656250001 0.34263162187499996 0.7907339359375001 0.270585590625 0.777891115625 0.22635185937500002