3 0 0.8535835703125001 0.00211593125 0.8678046609375001 0.006676375 0.9064683312499999 0.0108556375 0.9505831703125001 0.017321995312499998 0.9619909906249999 0.028546267187500002 0.9572980421875 0.0426225328125 0.9637601765625 0.0679230703125 0.9655293625000001 0.09398597343750001 0.956396209375 0.1132013359375 0.941306403125 0.13603105937499999 0.926469340625 0.16038551406249998 0.8898275984374999 0.17751124375 0.8526803734374999 0.18740825156250002 0.8150276671875 0.1788522609375 0.7815624265625 0.165538359375 0.7641979531249999 0.1550764546875 0.7579885625 0.1354799109375 0.7785295375 0.12349327343750001 0.7941248234375 0.1018071 0.792608378125 0.0768877453125 0.785388021875 0.0479728453125 0.7833660953125 0.021909940625 0.79249925 0.0106856703125 0.7971921953125001 0.0114480359375 0.78628985625 0 0.8250299999999999 0 0.8535835703125001
3 0.23197915156249999 0.3853962265625 0.2559524234375 0.354205653125 0.26946379062500003 0.3168056875 0.2761276171875 0.273449071875 0.26357608125 0.245182259375 0.2534953609375 0.2335216984375 0.2274324578125 0.24265485 0.2074547296875 0.2686469953125 0.19546809375000002 0.2842422828125 0.18595227187500002 0.31644381875 0.18975035 0.3660098265625 0.191077615625 0.3989695859375 0.20515388125 0.40543171874999995 0.23197915156249999 0.3853962265625
3 0.1838213890625 0.6066195140625 0.19657039062499998 0.580121890625 0.2133149390625 0.5484258343749999 0.21959758125 0.5105203890625 0.21351240468750002 0.493661396875 0.195059409375 0.4978488625 0.17222968593750002 0.5126859265625 0.16100541562499998 0.5173788734375 0.14122515625 0.4886065796875 0.13475879531249998 0.47719875937499995 0.1123102546875 0.486584653125 0.09994243593749999 0.507631109375 0.08681225000000001 0.5395799046875001 0.08091079062499999 0.5720341828125 0.0906103296875 0.5891459140624999 0.11629205000000001 0.5854639296874999 0.14159258749999998 0.5872331156249999 0.1621352140625 0.6051030703125 0.1838213890625 0.6066195140625
3 0.301993053125 0.31908035468749996 0.333576234375 0.28294409531250003 0.35754950625 0.251753521875 0.3609801515625 0.20269299531249999 0.34957216562500004 0.158072675 0.32979190625 0.12930038125 0.314953271875 0.1337405875 0.291361184375 0.1594799890625 0.2774686328125 0.202331125 0.2708048078125 0.24568774062499998 0.2709885234375 0.295001009375 0.27593015 0.328213509375 0.301993053125 0.31908035468749996
3 0.80091754375 0.7155049765625 0.8366799859375 0.7234835546875 0.87320479375 0.72055979375 0.9120167 0.6849290140625001 0.9226760703125001 0.63637396875 0.9264879 0.5818622734375001 0.92192745625 0.543198603125 0.9129902828124999 0.5151845328125 0.8776090234374999 0.501754784375 0.8414653968750001 0.4992273765625 0.8157836765625 0.502909359375 0.7965683171875 0.5179991640625 0.77259504375 0.5491897375 0.7626980390625 0.5868424437499999 0.764025303125 0.619802203125 0.77866646875 0.6701264328125001 0.784751646875 0.686985425 0.80091754375 0.7155049765625
3 0.24965602968749998 0.4961888046875 0.2776248484375 0.459799803125 0.281817859375 0.3998369375 0.264889596875 0.3822197234375 0.227602421875 0.39604582499999996 0.19830634062500002 0.3994750671875 0.18822561875 0.38781450624999997 0.18975035 0.3660098265625 0.179669628125 0.3543492640625 0.1568399046875 0.3691863296875 0.140857721875 0.3899800453125 0.13704589218750002 0.444491740625 0.1440771515625 0.4997616609375 0.16100541562499998 0.5173788734375 0.19144504843750001 0.497596121875 0.2207411296875 0.494166878125 0.24965602968749998 0.4961888046875
3 0.7005327625 0.281215071875 0.7113758484375 0.28197329375 0.7176584921875 0.24406784843749998 0.7207079546874999 0.20045849062499999 0.715766328125 0.167245990625 0.7075915203124999 0.1283295796875 0.691425621875 0.099810028125 0.6668874515625001 0.087138503125 0.64843445625 0.0913259671875 0.6328334578125 0.1066685140625 0.625407265625 0.16092746875 0.62350135 0.1881833171875 0.6215954359375 0.215439165625 0.6345281546875 0.23825480781250002 0.6518376 0.2504208515625 0.6763757734375 0.2630923765625 0.7005327625 0.281215071875
3 0.11588336562499998 0.7990705109375 0.147466546875 0.76293425 0.169731371875 0.7042350875000001 0.18077192656250002 0.650228871875 0.1830590234375 0.6175218546875 0.162516396875 0.5996519015625 0.13436386250000001 0.5867276343750001 0.1018346 0.5844529671875 0.0797672421875 0.5883876921875 0.066072159375 0.5764743875 0.0361974265625 0.6401192375 0.02744396875 0.661418434375 0.0203989609375 0.710226221875 0.0144975 0.7426805 0.0141163171875 0.7481316687499999 0.0082148578125 0.7805859453124999 0.021909940625 0.79249925 0.036367390625 0.7935102125 0.066425840625 0.7791786296875001 0.0949595578125 0.7866517265625 0.11588336562499998 0.7990705109375
3 0.7901157078125001 0.40251363749999997 0.8125642484375 0.39312774375 0.8350127890625 0.38374185 0.8456721609375 0.335186803125 0.8414928984375001 0.2910719640625 0.8249458171875 0.26800358125 0.814865096875 0.2563430203125 0.804968090625 0.2939957265625 0.79906663125 0.32645000468749996 0.7846091796875 0.325439040625 0.76292300625 0.3239225953125 0.7419991984375 0.3115038109375 0.727541746875 0.310492846875 0.7119407484375 0.3258353921875 0.705276921875 0.36919200937499996 0.707366553125 0.39124942812499997 0.7267656296875 0.42547289218750006 0.751684984375 0.4326932484375 0.7901157078125001 0.40251363749999997
0 0.005914009374999999 0.91737066875 0.008384821875 0.93397691875 0.017703178125 0.9565398203125 0.024931903124999998 0.9570453015625 0.039008171875 0.9635074359375 0.0751517953125 0.9660348437499999 0.09398597343750001 0.956396209375 0.12442560625000001 0.9366134578124999 0.136793425 0.9155670015625 0.1259503375 0.914808778125 0.10978443906249999 0.8862892265625 0.0903853625 0.8520657625 0.080304640625 0.8404052015625 0.0618516453125 0.8445926671875 0.029703565625 0.8368668296875 0.012775301562499999 0.8192496140625 0.0011698484375 0.8293937328125001 0.0000263 0.845747240625 0.00211593125 0.8678046609375001 0.005914009374999999 0.91737066875
3 0.4238823359375 0 0.41484190937500004 0.0037798671875 0.3963889125 0.00796733125 0.376030003125 0.0394106453125 0.358523090625 0.0820090390625 0.3554736265625 0.125618396875 0.36479198125 0.1481812984375 0.3864781578125 0.14969774375 0.43099405625 0.13637712500000002 0.486734225 0.11836355937500001 0.488640140625 0.0911077109375 0.48731287500000003 0.058147950000000004 0.47552370625 0.0189788 0.454981078125 0.0011088468750000001 0.45205977343750003 0 0.4238823359375 0
3 0.8859262953125 0.9022175796875 0.9235946515625001 0.8829403078125001 0.9496575546875 0.87380715625 0.9724872781249999 0.8589700921875 0.9804921203125 0.7444955281250001 0.9755504921875 0.711283028125 0.966994503125 0.6778177890625 0.93161324375 0.664388040625 0.9011736125 0.6841707921875 0.8884246093750001 0.71066841875 0.8692092484374999 0.7257582218749999 0.8330656234375 0.7232308140625 0.8113794484374999 0.7217143687500001 0.8077650875 0.7214616281249999 0.8087111671875 0.7598725578125001 0.825441965625 0.8322542078125 0.851688584375 0.8724343234375 0.8859262953125 0.9022175796875
3 0.5086178671875 0.06511556562500001 0.5034787734374999 0.086667503125 0.4975773125 0.11912178124999999 0.522115484375 0.13179330625000002 0.5542635640625 0.13951914375000002 0.5940215515625 0.14229929218749998 0.625407265625 0.16092746875 0.628456728125 0.11731811249999999 0.6282730125 0.06800484375 0.6121071140625001 0.0394852921875 0.5919456703125 0.01616416875 0.5565644109375001 0.0027344203125000003 0.55295005 0.0024816796875 0.5305015078124999 0.011867573437499999 0.5086178671875 0.06511556562500001
3 0.8095422859375001 0.228581690625 0.7937575703124999 0.19461096718749998 0.773596128125 0.17128984375 0.7465871421875 0.14201206875 0.7277529640625 0.1516507046875 0.718237140625 0.183852240625 0.7151876781250001 0.2274615984375 0.712519396875 0.2656197859375 0.7186045734375 0.2824787765625 0.7283041124999999 0.29959050781249996 0.75569428125 0.3234171140625 0.78099481875 0.32518630000000004 0.8026809937499999 0.3267027453125 0.8101071859375001 0.2724437890625 0.8095422859375001 0.228581690625
0 0.1349150109375 0.7346674390625 0.146901646875 0.7190721515625 0.158888284375 0.703476865625 0.1607941984375 0.6762210171875 0.151094659375 0.6591092859375001 0.12009012968749999 0.6350299390624999 0.088704415625 0.6164017625 0.0750093296875 0.604488459375 0.052560790625 0.6138743546875001 0.040574153125 0.629469640625 0.0314395140625 0.6562200078125 0.024775687499999997 0.6995766234375 0.0352375921875 0.7057860171875 0.0489326765625 0.71769931875 0.0698564859375 0.7301181031249999 0.09839020468750001 0.7375911984375 0.11969519531249999 0.7445588140625 0.1349150109375 0.7346674390625
0 0.810052184375 0.6887546109375 0.8378235343749999 0.7071300468749999 0.860653259375 0.6922929828125 0.875873075 0.68240160625 0.870931446875 0.6491891078124999 0.8865324453125 0.6338465609374999 0.88767599375 0.6174930515625 0.8739809109375001 0.60557975 0.8610481921875 0.58276410625 0.8389808343749999 0.58669883125 0.8269941968750001 0.6022941187499999 0.8359313703125 0.6303081890625 0.8336442734375 0.6630152078125 0.8108145499999999 0.6778522703125 0.7895095578125 0.6708846562499999 0.77981001875 0.653772925 0.766114934375 0.641859621875 0.7750521078125 0.6698736921874999 0.791980371875 0.68749090625 0.810052184375 0.6887546109375
3 0.8559228484375 0.5002383390625 0.8795149375 0.47449893593750003 0.8854163984375001 0.44204465937500004 0.8740084124999999 0.39742433906249997 0.8538469671875 0.37410321562500004 0.8353939718750001 0.37829067968749996 0.8125642484375 0.39312774375 0.7828869828125 0.40200815624999997 0.7596760765624999 0.42229638906250005 0.7552993484375 0.43294598906250004 0.747689440625 0.43789167500000004 0.7518687015625 0.482006515625 0.7676534171875 0.5159772375 0.7965683171875 0.5179991640625 0.823012403125 0.5034148421875 0.8559228484375 0.5002383390625