3 0.2117930890625 0.61201399375 0.226070209375 0.599035834375 0.2424731515625 0.554964190625 0.26363513437499997 0.5065664953125 0.27512031875 0.48779451875 0.2752790359375 0.466820903125 0.2545932046875 0.45229775156249996 0.233907371875 0.4377745984375 0.2207725171875 0.4247192078125 0.20944605156249999 0.42251756562500004 0.1838424609375 0.43329408281250004 0.17711631875 0.447740003125 0.159888540625 0.47589796562500003 0.150053025 0.5264973046875 0.1449765515625 0.572770590625 0.1551607515625 0.6010057828125001 0.173879478125 0.6256488046875 0.2117930890625 0.61201399375
3 0.6375985281250001 0.6790288375 0.6597440640625 0.62557120625 0.6694208609375 0.5959454828124999 0.672371515625 0.58076568125 0.6582531109375 0.572770225 0.6526692359374999 0.56118259375 0.636583728125 0.56330700625 0.610155303125 0.5581698421875 0.5789678390625 0.5573587296875 0.5572984546875001 0.5478955109375 0.5513971468750001 0.5782551140625001 0.541720346875 0.6078808359375001 0.53188483125 0.6584801765625 0.52024093125 0.6982257671875 0.517131559375 0.734379184375 0.520589615625 0.7770603 0.5430838328125 0.8024372 0.5790303390625 0.798922259375 0.6049513625 0.7461985078125 0.6375985281250001 0.6790288375
3 0.6785902593750001 0.5084588453125 0.6726889500000001 0.5388184484375 0.658411828125 0.5517966078125001 0.6592366625 0.567710290625 0.6695795796875 0.5749718671874999 0.7007670421875 0.5757829796875 0.7235786953125001 0.559212646875 0.738014534375 0.525260871875 0.74391584375 0.4949012671875 0.7557184625 0.434182059375 0.7617784875 0.382848840625 0.7706304515625 0.337309434375 0.768822065625 0.32645568593749996 0.7622546390625 0.319927990625 0.7556872125 0.3134002953125 0.731225890625 0.2981432625 0.7103813406249999 0.3045937265625 0.69331228125 0.31177807031250004 0.6856025875 0.33128392500000003 0.6843016015625001 0.37829109375000003 0.6849677203125 0.41517839062500006 0.687600940625 0.4419458234375 0.6854751203125 0.47303930781250003 0.6785902593750001 0.5084588453125
3 0.495303459375 0.7458895828125 0.516465440625 0.6974918859375 0.5407367953125 0.6129407703124999 0.55336425 0.568135246875 0.550731028125 0.5413678140625 0.5366126234374999 0.5333723578125 0.51789389375 0.5087293374999999 0.515926790625 0.5188492046875 0.5092006484375 0.5332951265625 0.4883561 0.5397455921875001 0.46849510156249996 0.5411361218749999 0.45240959218750004 0.5432605328125 0.44438246406250004 0.6047136203125001 0.4345469484375 0.655312959375 0.42274433125 0.7160321656249999 0.4309614265625 0.7543872281249999 0.4601817875 0.7653182078125 0.495303459375 0.7458895828125
3 0.22553155937499997 0.42039315468750005 0.23949124687499998 0.44936222812500004 0.253609653125 0.45735768437499996 0.2762625875 0.46176097031249996 0.28397228281250003 0.442255115625 0.291681978125 0.422749259375 0.2975832875 0.39238965625 0.3054517 0.351910184375 0.31316139375 0.3324043296875 0.3170956 0.31216459375 0.3164294828125 0.27527729375 0.3005026921875 0.25642808906250003 0.28752655625 0.22239908281249998 0.272583315625 0.1984899421875 0.2592897453125 0.20640816874999998 0.24123713281249998 0.21865244687500002 0.2297519484375 0.2374244203125 0.217124496875 0.2822299453125 0.21680706249999998 0.324177178125 0.2173144625 0.38203809375 0.22553155937499997 0.42039315468750005
3 0.374584021875 0.45986825312499996 0.3658907765625 0.48443404062499995 0.3619565703125 0.5046737765625 0.3949524203125 0.5163386390625 0.439274740625 0.5302051421875 0.484580609375 0.5390117109375 0.5139596875 0.5289690734375 0.5218281 0.48848960156250004 0.5357565390625 0.396676909375 0.538865909375 0.3605234921875 0.54476721875 0.3301638890625 0.5478765906249999 0.2940104703125 0.5452433703125 0.2672430390625 0.5368675578125 0.24986159375 0.5171652765625 0.23027850781249998 0.49828783125 0.2266091046875 0.4813774875 0.2128198328125 0.45758228437500004 0.23445009843750003 0.44216289375000006 0.273461809375 0.4113241125 0.351485228125 0.3949211703125 0.3955568734375 0.382452434375 0.41938878125 0.374584021875 0.45986825312499996
3 0.14789595625000002 0.4368090234375 0.1695653390625 0.4462722421875 0.19615248125 0.4304357921875 0.2189641328125 0.413865459375 0.2191228484375 0.3928918421875 0.21779061406250003 0.31911724375 0.217124496875 0.2822299453125 0.22400935781250003 0.24681040781250002 0.232702603125 0.22224461875 0.23844519687500002 0.2128586328125 0.22908583125 0.200537121875 0.2102083859375 0.19686771875 0.18936383750000002 0.2033181828125 0.177878653125 0.22209015625 0.1577002203125 0.2654279203125 0.1440892171875 0.31529337812499997 0.13523725312499998 0.360832784375 0.13491981875 0.40278001718749995 0.14789595625000002 0.4368090234375
3 0.21886791562500002 0.67640260625 0.25941474531250003 0.689535228125 0.28600188593750003 0.6736987765625 0.31439741250000003 0.6687160750000001 0.334417128125 0.6463519265625 0.34523619375000003 0.5906926546875 0.3504713859375 0.5234457515625001 0.34964655 0.5075320703124999 0.3260100640625 0.5081887187499999 0.306307784375 0.48860563125 0.2989155234375 0.4661642546875 0.2913645453125 0.4646964921875 0.27889580937499997 0.48852840000000003 0.2511663984375 0.5303984015625 0.24050604843749998 0.565084059375 0.22311955625 0.6142156359375 0.217218246875 0.6445752406249999 0.21886791562500002 0.67640260625
3 0.9548983359375001 0.7197012046875 0.9589912593750001 0.6784878515625 0.9640677343749999 0.632214565625 0.9556919203125 0.6148331203125 0.94074868125 0.59092398125 0.9256467234375 0.587988459375 0.9161286421874999 0.5966405640625 0.9159699265624999 0.6176141828125 0.9148276578125 0.6436477328125 0.9164773265624999 0.675475096875 0.9173021625000001 0.6913887812499999 0.8981072812500001 0.7296666093749999 0.8913811390624999 0.7441125296875 0.8779288515625 0.7730043734375001 0.8739946453125 0.7932441078125 0.8879543328124999 0.8222131812500001 0.8907462718750001 0.8280069953125 0.9087988812500001 0.8157627171874999 0.9232347203125 0.7818109421874999 0.94144605 0.7485930453125 0.9548983359375001 0.7197012046875
3 0.7231650453125 0.8636970265624999 0.756160896875 0.8753618859375001 0.7724051203125 0.852263859375 0.8117784312499999 0.7706482671875 0.8339239656249999 0.7171906359375 0.8467101359375 0.6514114953125001 0.8320843296874999 0.5855551218749999 0.8151739875 0.5717658515624999 0.7772603796875 0.5854006593750001 0.74115515625 0.6098892171875 0.70965025625 0.6510253390625 0.6914389296875 0.684243234375 0.6702769453124999 0.73264093125 0.6606001484374999 0.762266653125 0.6698007953125 0.79556178125 0.69508695 0.8267324953124999 0.7231650453125 0.8636970265624999
3 0.1116007671875 0.3614894328125 0.129653378125 0.3492451546875 0.1411385625 0.33047318125 0.1499905265625 0.284933775 0.164426365625 0.2509819984375 0.172136059375 0.23147614375 0.16572735 0.20397483125 0.156526703125 0.1706797046875 0.1491344421875 0.1482383265625 0.13485731875 0.1612164859375 0.11762954218749999 0.1893744484375 0.0974511109375 0.2327122109375 0.085807209375 0.2724578015625 0.07892235 0.3078773390625 0.088122996875 0.34117246562500003 0.1116007671875 0.3614894328125
3 0.94956939375 0.42460281093749996 0.9584213578125 0.37906340625 0.9452865046875001 0.36600801562499996 0.9121319375000001 0.3753167703125 0.8921122234375 0.39768091875 0.8683170203125 0.419311184375 0.8624157109375 0.4496707875 0.8432208296875 0.48794861718749993 0.8307520937499999 0.5117805234375 0.8305933781249999 0.5327541421875 0.8370020874999999 0.560255453125 0.8491533890625 0.578370778125 0.8910012046875 0.544496234375 0.9167635093750001 0.5127460984375001 0.9321829015624999 0.4737343890625 0.94956939375 0.42460281093749996
3 0.38876492812499996 0.7094272390625 0.4164943375 0.6675572390625 0.434705665625 0.6343393421875 0.4435576296875 0.5887999359375 0.45044248906249995 0.5533804 0.45240959218750004 0.5432605328125 0.45060120625 0.532406784375 0.425156334375 0.522209684375 0.3874014421875 0.5148708765625 0.3647485078125 0.5104675921874999 0.357197528125 0.5089998312499999 0.3504713859375 0.5234457515625001 0.34228553906250003 0.60587245625 0.3354006796875 0.64129199375 0.32851581875 0.6767115312499999 0.3291819359375 0.7135988296875 0.3508513203125 0.7230620484375 0.38876492812499996 0.7094272390625
3 1 0.3365857578125 0.9661310546875 0.3595575515625 0.9497281125000001 0.40362919374999995 0.9380842093749999 0.4433747859375 0.926440309375 0.4831203765625 0.9262815921875 0.5040939921875001 0.9251393234374999 0.5301275421875 0.9392577296875 0.538123 0.9589600078125 0.5577060875 0.9788210078124999 0.5563155562500001 0.9999829890624999 0.507917859375 1 0.5078657796875 1 0.3365857578125
3 0.11823069374999999 0.609580659375 0.1392339578125 0.582156578125 0.14611881875 0.546737040625 0.15119529375000001 0.5004637546875 0.163822746875 0.45565822968749997 0.170548890625 0.4412123078125 0.15544693437499998 0.43827678593749997 0.14329563125 0.42016146093750006 0.1263852890625 0.40637218906249994 0.11588365625 0.4200842296875 0.1014478171875 0.45403600468749994 0.09440423906249999 0.510429159375 0.09687874375 0.5581702078124999 0.10132034999999999 0.5957913859375 0.11823069374999999 0.609580659375
3 0.289714875 0.432869128125 0.297931971875 0.4712241875 0.306307784375 0.48860563125 0.322234575 0.5074548375 0.3325774921875 0.5147164140625 0.353422040625 0.50826595 0.364907225 0.48949397499999997 0.3717920859375 0.4540744390625 0.386386640625 0.3991490453125 0.405581521875 0.360871215625 0.4210009125 0.32185950625 0.4344532 0.29296766406249997 0.44314644531249997 0.268401875 0.43772128749999994 0.23584062968750003 0.41046802812500005 0.21478978125 0.37172958437500003 0.21251090781249998 0.356627628125 0.20957538437499998 0.342191790625 0.2435271609375 0.3170956 0.31216459375 0.3026597609375 0.34611636875 0.292824246875 0.396715709375 0.289714875 0.432869128125
3 0.8412537265625 0.49806848437499995 0.8566731171875 0.4590567734375 0.8740596109375 0.409925196875 0.87897736875 0.3846255265625 0.8745357625000001 0.34700434687500004 0.85762541875 0.33321507499999997 0.8121608328125 0.345382121875 0.7722801203125 0.36913679843749997 0.763586875 0.3937025890625 0.7509594203125001 0.4385081125 0.74785005 0.47466153125000005 0.74670778125 0.5006950812500001 0.7513081046875 0.5173426453125 0.7596839171875 0.5347240890625 0.7784026468749999 0.559367109375 0.7925210515625001 0.567362565625 0.8230424 0.5312863796875 0.8412537265625 0.49806848437499995
3 0.52528615625 0.531170715625 0.5751923484375 0.5566248484375 0.6091717515624999 0.563229775 0.6536527875 0.5561226609375 0.6736725015625 0.5337585140625001 0.6826831828125 0.46724549218749994 0.684142884375 0.399264709375 0.68166838125 0.3515236609375 0.68674485625 0.3052503765625 0.6832868000000001 0.2625692609375 0.6617761328125 0.2321324265625 0.629763834375 0.2154076328125 0.5916915078125 0.2500160578125 0.5743050140625 0.2991476359375 0.557902071875 0.3432192796875 0.54429106875 0.3930847375 0.5239539203125 0.4573961171875 0.5188774453125 0.503669403125 0.52528615625 0.531170715625
3 0.9204115328125001 0.6552353609375 0.9141615390625001 0.6067604328125 0.901185403125 0.5727314265625 0.8670472828125 0.587100115625 0.8404601421875 0.6029365671875 0.8393178750000001 0.6289701171875001 0.837192053125 0.6600636015625 0.835066234375 0.6911570859375 0.8309733109374999 0.7323704375 0.8145703687499999 0.77644208125 0.7935671046875 0.8038661625 0.8103187281249999 0.8386290515624999 0.8214864796875 0.861804309375 0.849057171875 0.840907925 0.873169809375 0.7773304249999999 0.9163186109374999 0.6964487140625 0.9204115328125001 0.6552353609375
3 0.0472899828125 0.4907688421875 0.0471312671875 0.5117424578125 0.06207450625000001 0.5356515984375 0.0743845265625 0.53279330625 0.079143565625 0.528467253125 0.0858697109375 0.51402133125 0.0878368140625 0.5039014640625 0.0955465078125 0.48439560937500004 0.1014478171875 0.45403600468749994 0.10915751250000001 0.43453014999999995 0.11965914531249999 0.42081811093750005 0.1291772265625 0.41216600468750003 0.13507853593750002 0.3818064 0.1304782125 0.3651588359375 0.11258431875 0.3564294984375 0.0984659125 0.34843404218749996 0.0843475078125 0.3404385859375 0.074829425 0.3490906921875 0.06908683437499999 0.358476678125 0.056459381249999996 0.403282203125 0.051541625 0.4285818734375 0.045640315625 0.458941478125 0.0472899828125 0.4907688421875