3 0.1701968078125 0.557659671875 0.16590268125000002 0.5133613484375 0.15744911875 0.4698715359375 0.15020320781250002 0.4325945546875 0.129942503125 0.41719011406249995 0.1150488875 0.40718999062499994 0.099082309375 0.43608387656250003 0.0968016953125 0.468765053125 0.1071340796875 0.544127528125 0.116124125 0.5681703375 0.136384828125 0.583574778125 0.15718201406250001 0.5795322140625 0.1701968078125 0.557659671875
3 0.8954136406250001 0.31353061718749997 0.88937538125 0.2824664640625 0.875018246875 0.2530193375 0.8601246328125001 0.2430192171875 0.8518057578124999 0.2446362421875 0.848317490625 0.2711045875 0.8418774375 0.304594278125 0.84134095625 0.32404128125 0.851538653125 0.35429692031250004 0.8575769125000001 0.385361071875 0.8629440015625001 0.39076538906249997 0.8802529203124999 0.413191171875 0.889779446875 0.4177869765625 0.9022577578125001 0.4153614390625 0.905746025 0.3888930921875 0.8997077656249999 0.35782894062500004 0.8954136406250001 0.31353061718749997
3 0.243591921875 0.6465542921874999 0.239297796875 0.6022559671875001 0.2291000984375 0.5720003296875 0.21125470000000002 0.5690215484375 0.1821386390625 0.5746811375 0.1726121125 0.5700853328125 0.17328328125 0.5957451671875 0.1751621046875 0.62761783125 0.1699297046875 0.6673203515624999 0.1801274 0.6975759890625 0.199851621875 0.7324274328125 0.21595289062499998 0.748640384375 0.2409095140625 0.743789309375 0.24493426093749998 0.6978739593750001 0.243591921875 0.6465542921874999
3 0.6230389828125 0.48897879218750007 0.6585950953124999 0.44982951406250005 0.6525568374999999 0.4187653625 0.6363208796875 0.3574455734375 0.621963746875 0.327998446875 0.5885535609375 0.2893597109375 0.5558145437500001 0.276380809375 0.5279061359375 0.288253228125 0.5060359875 0.33118979843749996 0.5073783265625 0.3825094671875 0.5075130156250001 0.42761630312500004 0.520126015625 0.47029760156249995 0.5386425874999999 0.498936215625 0.5868116999999999 0.5024682375 0.6230389828125 0.48897879218750007
3 0.714548875 0.6710658656249999 0.7287713203124999 0.6554061546875001 0.7322595875 0.628937809375 0.7262213281250001 0.59787365625 0.727294290625 0.55897965 0.73373434375 0.5254899609375 0.727696084375 0.4944258078125 0.706227728125 0.4728085390625 0.6818075859375 0.45821261093750004 0.652691525 0.46387219999999996 0.6384690796875 0.47953191093749997 0.628406071875 0.4943831109375 0.6290772421875 0.52004294375 0.6477285015625001 0.5937883937499999 0.6620856359375 0.6232355203125 0.6764427703125 0.6526826453125001 0.6937516890625 0.6751084296875 0.714548875 0.6710658656249999
3 0.338186015625 0.6668525062499999 0.3380513265625 0.6217456703125 0.31711944999999997 0.5806813953125001 0.2873322203125 0.5606811515625 0.24748198124999998 0.5555321046875 0.235674840625 0.5836174765625 0.236346009375 0.609277309375 0.2489590109375 0.651958609375 0.2669391 0.7000442265625 0.2783444484375 0.7365126953125001 0.294445715625 0.7527256484375 0.3086681609375 0.7370659359375 0.31926765 0.702767734375 0.338186015625 0.6668525062499999
3 0.7382955734375 0.46012760625000004 0.756140975 0.4631063859375 0.7745228562500001 0.44663816250000005 0.7678134265625001 0.389914178125 0.752248640625 0.3542542203125 0.7420509453124999 0.3239985828125 0.7289014625 0.30076428593750004 0.7157519796875 0.277529990625 0.700858365625 0.26752986875 0.6805976609375 0.252125428125 0.6639599125 0.2553594796875 0.64678568125 0.278040534375 0.64571271875 0.31693454062500004 0.651750978125 0.3479986921875 0.651214496875 0.36744569375 0.6543009703125 0.4055311890625 0.67523284375 0.44659546250000004 0.6913341125 0.46280841562499997 0.7174983875 0.4641701703125 0.7382955734375 0.46012760625000004
3 0.43519541093749997 0.69957638125 0.43922015937500003 0.6536610328125 0.4366701671875 0.596128534375 0.4306319078125 0.5650643828125 0.4162747734375 0.5356172578125 0.372265096875 0.5312767234375 0.34019725156249997 0.54395765625 0.32959776406249996 0.57825585625 0.331476584375 0.610128521875 0.342881934375 0.646596990625 0.3411378 0.6598311640625 0.351335496875 0.690086803125 0.3656926296875 0.7195339281249999 0.3871609859375 0.7411511984375 0.4174847 0.741704440625 0.43519541093749997 0.69957638125
3 0.546829046875 0.65208670625 0.5318007406249999 0.596979746875 0.527506615625 0.552681421875 0.52146835625 0.5216172703125 0.5161012671874999 0.5162129531249999 0.4745068953125 0.5242980796875 0.437071959375 0.53157469375 0.43827961093749995 0.5377875249999999 0.4384143015625 0.5828943609375 0.4456602125 0.6201713421874999 0.46484795312499994 0.674469790625 0.4804127375 0.7101297468750001 0.51435940625 0.7293214796874999 0.535693075 0.7058319109375 0.546829046875 0.65208670625
3 0.311081190625 0.5496172453125 0.331878378125 0.54557468125 0.34784495625 0.516680796875 0.3567003125 0.4956167671875 0.3524061859375 0.45131844218749995 0.3397931875 0.40863714375000004 0.32127661406249997 0.37999852968750003 0.299808259375 0.358381259375 0.28075520625 0.34918965 0.260629190625 0.378892046875 0.25298148593750003 0.40616890625 0.251372040625 0.46450991718749995 0.2532508640625 0.49638258124999995 0.27539039062500004 0.5436596859375 0.2986028796875 0.5520427828125001 0.311081190625 0.5496172453125
3 0.8671057109375001 0.5898312296875 0.880791675 0.5936185218750001 0.8872317265625 0.56012883125 0.89071999375 0.533660484375 0.8876335203125001 0.49557499062500004 0.8738128671875 0.4466808609375 0.8689822609375 0.421829540625 0.86656695625 0.4094038796875 0.8565039484374999 0.424255078125 0.8434891546875001 0.44612762031250003 0.836377934375 0.453957475 0.8214843171874999 0.44395735312499995 0.8155807484375 0.4580000390625 0.8204113546875 0.482851359375 0.8252419625 0.50770268125 0.8259131328124999 0.533362515625 0.8307437390624999 0.5582138359375 0.8563715328124999 0.57902259375 0.8671057109375001 0.5898312296875
3 0.611770596875 0.6974915140625 0.630017790625 0.635916453125 0.626931315625 0.5978309578125 0.6280042796874999 0.5589369515625 0.6249178046874999 0.52085145625 0.6171354124999999 0.5030214796875 0.5939229234375001 0.49463838125 0.55232855 0.5027235078125 0.5356908015624999 0.505957559375 0.5309948828125 0.5262130765624999 0.531666053125 0.551872909375 0.5425349203125001 0.60778838125 0.54978083125 0.6450653640625 0.5748721437500001 0.6853211234375001 0.5909734109375 0.7015340765625 0.611770596875 0.6974915140625
3 0.43586430781249996 0.5253618640625 0.46323623593749996 0.5329364484375 0.48940050937499996 0.534298203125 0.5077823921875 0.517829978125 0.5100630078124999 0.48514880156249995 0.5016094453125 0.44165898906249995 0.48658114062499996 0.3865520296875 0.46323396250000004 0.3330620953125 0.4393503015625 0.2990191640625 0.41734546406249995 0.296848896875 0.36984752187500003 0.3189767109375 0.361663334375 0.3657005734375 0.3612615421875 0.4302544140625 0.36314036562499996 0.462127078125 0.369178625 0.493191228125 0.40017350625 0.5194043046875 0.43586430781249996 0.5253618640625
3 0.8060564937500001 0.6532785859375 0.8185348046875 0.6508530484375 0.821486590625 0.6438317046875001 0.8213519015624999 0.59872486875 0.8241689984375 0.5465966875 0.8216190062500001 0.4890641890625 0.80900600625 0.446382890625 0.797064175 0.429361425 0.76620398125 0.44825518750000004 0.756140975 0.4631063859375 0.7353437890625 0.46714895 0.7323920015625001 0.47417029375 0.7289037359375 0.5006386390625 0.7349419953125 0.531702790625 0.74634734375 0.568171259375 0.759496825 0.5914055546875 0.7833804843750001 0.6254484875 0.8060564937500001 0.6532785859375
3 0.23379601874999997 0.5517448125 0.2539220328125 0.5220424140625 0.24842025625000003 0.471531259375 0.23996669375000002 0.4280414484375 0.2244019078125 0.3923814921875 0.2058853375 0.3637428796875 0.1838804984375 0.3615726125 0.15543560781250002 0.39289203437500003 0.151410859375 0.438807384375 0.1581202890625 0.49553137031250005 0.17073328906250002 0.53821266875 0.186298075 0.573872625 0.2124623515625 0.5752343796875 0.23379601874999997 0.5517448125
3 0.8599922156250001 0.39778673124999997 0.85395395625 0.3667225796875 0.84134095625 0.32404128125 0.831143259375 0.2937856421875 0.822153215625 0.2697428328125 0.800684859375 0.24812556406250003 0.7869988953125 0.244338271875 0.7715687984375 0.253785153125 0.7651287453125 0.2872748421875 0.7533216046875 0.3153602140625 0.7480892031249999 0.3550627328125 0.7588233828125001 0.36587136875000004 0.7624463375 0.384509859375 0.7755958203125 0.40774415625 0.7821705609375 0.419361303125 0.7982718281250001 0.43557425624999996 0.8268514078125 0.4493616703125 0.8405373703125001 0.4531489625 0.8535521640624999 0.4312764203125 0.8599922156250001 0.39778673124999997
3 0.1720756296875 0.5895323375 0.1642932375 0.5717023578125 0.1375924796875 0.5897876078125 0.1275294734375 0.6046388078125 0.1276641609375 0.64974564375 0.1307506359375 0.6878311375 0.1498036875 0.697022746875 0.16818556875 0.6805545234375 0.17341797187500002 0.6408520046875 0.1720756296875 0.5895323375