3 0.38020691875 0.68398265625 0.40762207968749997 0.6703988390625 0.41970181406249996 0.6309770171875 0.42205693125000004 0.5860386875 0.4067215046875 0.560200684375 0.3975202484375 0.5446978812500001 0.37141348750000003 0.5333159609375 0.351440896875 0.532269240625 0.3376024765625 0.5415577234375 0.330683265625 0.546201965625 0.32552274375 0.5809795453125 0.3306101953125 0.6112873375000001 0.348489346875 0.6522792390625 0.3607576890625 0.6729496421875 0.38020691875 0.68398265625
3 0.1885200125 0.5838132609375 0.21260640937500003 0.5700549890625 0.230296953125 0.5509546640625 0.24544377343749998 0.51670044375 0.253148021875 0.49707675937499995 0.2508659765625 0.47692971562500003 0.2447318046875 0.4665945140625 0.22502089375 0.46055464687500003 0.20890042812499998 0.4496960859375 0.1961087265625 0.43901197812500004 0.18384038593750002 0.418341575 0.167196559375 0.4174693078125 0.1561635453125 0.4369185390625 0.153808428125 0.48185686875 0.15889587968750002 0.5121646609375 0.16372165156250001 0.5474656015625 0.1885200125 0.5838132609375
3 0.7661126015625 0.4538640296875 0.77022640625 0.439059040625 0.775648609375 0.3992883109375 0.771346196875 0.3540010765625 0.762144940625 0.3384982734375 0.7349914609375 0.34708894375 0.7098583453125 0.3808198046875 0.6908594031249999 0.42488586875 0.679564709375 0.44932824687500006 0.6774712703125 0.489273428125 0.7038397109375001 0.4956622015625 0.7276644265625001 0.486897078125 0.7481603781249999 0.47795750156250005 0.7661126015625 0.4538640296875
3 0.7275182828125 0.617067825 0.7388129765625 0.5926254453124999 0.7475639453125 0.5530291703125 0.7491340234375 0.5230702843749999 0.7437848921875 0.4977556390625 0.7243356609375 0.48672262499999996 0.6935917359375 0.5001319890625 0.686410846875 0.509769378125 0.6692436609375 0.5188834078125 0.6671502234375 0.5588285890625 0.668908909375 0.588961928125 0.6842443359375 0.6147999328125 0.7034318875000001 0.6308260953125 0.7275182828125 0.617067825
3 0.278804496875 0.453359603125 0.28422669843750004 0.413588875 0.2758104828125 0.3831066296875 0.2507504390625 0.3517521171875 0.2113286171875 0.33967238437499997 0.1882889421875 0.3334580640625 0.1739271625 0.3527328421875 0.18567214375000002 0.38338954062499997 0.193303321875 0.4288512296875 0.2086387484375 0.45468923281249995 0.25112765625 0.4719365671875 0.278804496875 0.453359603125
3 0.49326939843749995 0.5647364671874999 0.5173557921875 0.5509781953124999 0.5255834015625 0.521368215625 0.5246097546875 0.47625543437499995 0.506468921875 0.44025668125 0.47396631093749997 0.42353270624999995 0.4340211296875 0.4214392671875 0.40353888437499996 0.429855484375 0.388915425 0.45412341093749997 0.3834932203125 0.49389413906249996 0.3911243984375 0.5393558265625 0.41696947968750003 0.5557308953125 0.45998174531249997 0.5629919343750001 0.49326939843749995 0.5647364671874999
3 0.81552071875 0.46646712343749996 0.806842821875 0.440978025 0.7973798859375 0.43046837031249996 0.7771456156250001 0.43441479843749997 0.7633071953125 0.44370328125 0.7520125015625 0.468145659375 0.7412411671875 0.48260174375 0.744046571875 0.4927624921875 0.7496573843750001 0.5130839890625001 0.7547448359375 0.54339178125 0.770341940625 0.5642366375 0.7867240875 0.5701020515625 0.8105488015625 0.561336928125 0.8187764124999999 0.5317269484375 0.8175410859375001 0.49160731406249997 0.81552071875 0.46646712343749996
3 0.8537802859375001 0.3733418484375 0.8627929328124999 0.32875242656250003 0.8656714109375001 0.27382780156250003 0.8459605 0.267787934375 0.81802198125 0.2913580484375 0.8026134812500001 0.33060541718750003 0.7808091328125 0.36451073125 0.779239053125 0.3944696171875 0.7984266046874999 0.41049577968750006 0.8250567265625 0.4118914046875 0.8422239125000001 0.402777375 0.8537802859375001 0.3733418484375
3 0.375788971875 0.5135178234375 0.3837549 0.48890099062500003 0.37560036406249997 0.453425596875 0.3669224671875 0.42793650000000005 0.348258275 0.4019240421875 0.319084428125 0.38537452031249997 0.292192628125 0.3889720421875 0.28396501875 0.418582021875 0.28800575156249997 0.46886240468749996 0.2961602890625 0.5043377984374999 0.33199166562500004 0.5212362265625 0.355293021875 0.5224573984374999 0.375788971875 0.5135178234375
3 0.6180037859375 0.5412323484375 0.6418285 0.532467225 0.665914896875 0.5187089546875 0.6769479109375001 0.4992597234375 0.675450903125 0.4641332359375 0.6736922171875 0.43399989687499996 0.648108815625 0.41263168125 0.6020294640625 0.400203040625 0.5712855390625 0.41361240625000006 0.5461524234375 0.4473432671875 0.5409919000000001 0.482120846875 0.5396835015625 0.5070865859375 0.5445092734375 0.5423875265625 0.5506434437500001 0.552722728125 0.5908503046875 0.54982301875 0.6180037859375 0.5412323484375
3 0.2501964734375 0.61708675625 0.265793578125 0.6379316140625 0.3060004390625 0.6350319046874999 0.3208855796875 0.60577083125 0.3273545015625 0.5460275125 0.3253341359375 0.5208873203125 0.30588490468749996 0.5098543062500001 0.2933548828125 0.49417704999999995 0.2908111578125 0.479023153125 0.290549478125 0.48401630156250003 0.277496096875 0.478325340625 0.2611139515625 0.472459928125 0.24903421718750002 0.5118817499999999 0.24720245937500002 0.5468337828125 0.2456323796875 0.57679266875 0.2501964734375 0.61708675625
3 0.5141425625 0.675981340625 0.525175578125 0.656532109375 0.5303361015625 0.6217545296875 0.532429540625 0.5818093484375 0.5309325328125001 0.5466828609375 0.5245366828125 0.54134080625 0.5142887078125 0.5458105953125 0.493531078125 0.55974331875 0.4799543375 0.564038653125 0.443337921875 0.5621196687500001 0.42949950000000003 0.5714081515625 0.4271443828125 0.6163464796875 0.4350372390625 0.656815021875 0.44704390156249996 0.682478571875 0.4734123421875 0.6888673453124999 0.4967136984375 0.69008851875 0.5141425625 0.675981340625