3 0.396597734375 0.44816133437500005 0.4015146984375 0.469459040625 0.40751634374999995 0.47928989062499994 0.4264614046875 0.4805242984375 0.441718740625 0.4657854265625 0.442658865625 0.43752728437500005 0.4242202546875 0.3576608859375 0.40975848125000003 0.327350334375 0.39052430625 0.292533359375 0.3737486109375 0.2683652390625 0.35465899218749997 0.250339546875 0.3440295 0.25279355937500003 0.33354456718750003 0.272038853125 0.3266027984375 0.29046614531250003 0.33549660000000003 0.3613197 0.3451859671875 0.3871238265625 0.360732421875 0.40596752187499996 0.38105128125 0.429317640625 0.396597734375 0.44816133437500005
3 0.45834987812500005 0.4731622640625 0.496095440625 0.45883979531249997 0.5102680953125 0.4555677796875 0.51258201875 0.44942534843750004 0.5267546750000001 0.4461533328125 0.5312379625 0.41707718906249996 0.525091759375 0.39045505625 0.5091116296875 0.32123751093749997 0.4994222609375 0.2954333828125 0.48141732499999995 0.2659408328125 0.46464163125 0.2417727109375 0.446781253125 0.2290714484375 0.4361517609375 0.23152545937500002 0.41612201875 0.24175790937500002 0.416266578125 0.2585491921875 0.42118354062499996 0.2798468984375 0.42732974375 0.30646903124999997 0.42993278281249997 0.33390916875 0.43130658281249995 0.35602487968749996 0.433909621875 0.383465015625 0.442658865625 0.43752728437500005 0.4523482328125 0.4633314140625 0.45834987812500005 0.4731622640625
1 0.7224232625 0.630916665625 0.73659591875 0.6276446515625 0.7493947750000001 0.602256925 0.7515641390625001 0.5793232109375 0.750190340625 0.5572075015625 0.7440441375 0.53058536875 0.7392717328125 0.526078946875 0.7289313578125001 0.5621155250000001 0.7016707296875 0.5571926984375 0.6898119968749999 0.5543222828125 0.681496428125 0.5506338640624999 0.6828702265625 0.572749575 0.6913303546875 0.5932292765625 0.7045628859375 0.6182154015625 0.7224232625 0.630916665625
3 0.5549554265625 0.42281802031250004 0.5786728921875001 0.42855884843750003 0.6044151624999999 0.39457468125 0.611501490625 0.3929386734375 0.5955213625 0.3237211296875 0.575202503125 0.3003710109375 0.5582822484375 0.25941160625 0.5462789578125 0.2397499078125 0.5402773125 0.22991905781250002 0.5227060515625 0.2508003609375 0.5003623859374999 0.267175240625 0.50050694375 0.28396652499999997 0.5078823890625 0.315913084375 0.5152578328125 0.34785964375 0.5274056828125 0.3843126265625 0.5370950484375 0.4101167546875 0.5549554265625 0.42281802031250004
3 0.7741979109375 0.32172793125 0.76096538125 0.29674180625 0.7491066484375 0.293871390625 0.7209058953125 0.31720670625 0.7093362796875 0.34791885625 0.712083878125 0.39215027812500003 0.725316409375 0.4171364015625 0.7408628640625 0.435980096875 0.7656650109375 0.43025407031249996 0.785694753125 0.420021621875 0.779259434375 0.3598169203125 0.7741979109375 0.32172793125
3 0.17272740312499998 0.561536284375 0.167810440625 0.540238578125 0.1542887921875 0.48166988593750004 0.15154119531250002 0.437438465625 0.156169040625 0.42515360468749996 0.14647967343749999 0.399349475 0.12384689062500001 0.38214178906249996 0.10490183125000001 0.38090738125 0.09318765625 0.39482825 0.087475128125 0.4185799671875 0.096224371875 0.47264223593750004 0.1145184234375 0.5357173515625 0.13852500625 0.5750407484375 0.15284221874999998 0.58856001875 0.17272740312499998 0.561536284375
3 0.19745776718750002 0.4100131328125 0.21640282812499997 0.4112475390625 0.22703231875 0.408793528125 0.23889105000000002 0.4116639421875 0.2540038296875 0.38013378750000004 0.2549439546875 0.351875646875 0.2344805375 0.3117342453125 0.182273203125 0.2957461625 0.1691852296875 0.2875513203125 0.149010928125 0.2809924875 0.1443830828125 0.29327734687499996 0.13989979531250002 0.32235349062499996 0.14373207500000001 0.3551180546875 0.15233676093749998 0.392389040625 0.179741946875 0.41410315156250005 0.19745776718750002 0.4100131328125
3 0.326384475 0.6774836718749999 0.3524158625 0.6770820718749999 0.3652147203125 0.651694346875 0.3612378796875 0.6021384984375 0.345402309375 0.5497122359375 0.329711296875 0.5140772578125 0.3223358515625 0.4821307 0.29030281874999997 0.47270145 0.27056219375 0.5165164671875 0.27208055 0.5554234609375001 0.2794559953125 0.58737001875 0.2892899203125 0.6299654328125001 0.308524096875 0.6647824078125 0.326384475 0.6774836718749999
3 0.5399144312499999 0.6001453 0.5497483578125 0.6427407140625 0.5571238015625 0.6746872734375 0.5796120265625 0.6751036765625 0.5960986046875 0.66568923125 0.6076682203125 0.634977078125 0.6120069499999999 0.5891096515625 0.6043423890625 0.5235805250000001 0.590820740625 0.4650118328125 0.5740450453125 0.44084371093749997 0.5574139078125 0.433466871875 0.5338410015624999 0.4445173265625 0.522126828125 0.45843819531249996 0.515185059375 0.4768654859375 0.5191618984375 0.5264213328125 0.5253081015625 0.5530434640624999 0.5399144312499999 0.6001453
3 0.7903226 0.407736759375 0.8069537375 0.4151135984375 0.8128108234375 0.4081531640625 0.8149801890624999 0.38521945 0.8088339859375001 0.3585973171875 0.7843937296875 0.26890006875 0.7747043609375 0.2430959390625 0.7580732234374999 0.23571910156250003 0.7463590499999999 0.2496399703125 0.746503609375 0.2664312546875 0.7491066484375 0.293871390625 0.7586514578125 0.3028842359375 0.7741979109375 0.32172793125 0.776800953125 0.34916806875 0.786634878125 0.39176348125 0.7903226 0.407736759375
3 0.09694716406250001 0.5565986546875 0.1157476640625 0.541041778125 0.09362133125 0.44520210000000005 0.08393196562500001 0.41939797187499994 0.09318765625 0.39482825 0.0776412015625 0.375984553125 0.0633239890625 0.3624652859375 0.028977032812499998 0.3591784671875 0.0280369078125 0.3874366078125 0.0260121015625 0.42716160625 0.0239872953125 0.466886603125 0.0421367890625 0.513170434375 0.0661433703125 0.5524938328125 0.09694716406250001 0.5565986546875
3 0.611211384375 0.634159075 0.6196715109375 0.654638778125 0.6458474578125 0.6710284609375 0.6717342875 0.653835578125 0.6854732671875 0.6001897109375001 0.681496428125 0.5506338640624999 0.673976425 0.5018960203125 0.660454778125 0.443327328125 0.6470776875 0.4015499203125 0.6375328796875 0.3925370734375 0.61273073125 0.3982631 0.6010165578125 0.4121839703125 0.5786728921875001 0.42855884843750003 0.5835898546875 0.44985655468749997 0.59696694375 0.4916339640625 0.6068008703125 0.5342293765624999 0.6106331515625001 0.566993940625 0.6086083437500001 0.6067189374999999 0.611211384375 0.634159075
3 0.6901011125000001 0.5879048499999999 0.7116492140624999 0.6165793953125001 0.7401390828125 0.626826646875 0.7506240156249999 0.607581353125 0.7491056578124999 0.568674359375 0.7351503359375 0.4597318140625 0.7217732453125 0.41795440624999997 0.7156270421875 0.391332275 0.701309828125 0.3778130046875 0.6705060359374999 0.3737081828125 0.65401945625 0.38312262812500003 0.645848446875 0.39622549375 0.65445313125 0.43349647812500003 0.6655162984375 0.48141631875 0.6776641484375 0.5178693 0.6827256687500001 0.555958290625 0.6901011125000001 0.5879048499999999
3 0.35632091718750003 0.5808407921875001 0.373241171875 0.621800196875 0.3866182625 0.66357760625 0.4152526890625 0.69061614375 0.455312175 0.67015124375 0.45733698125 0.630426246875 0.42335191562499996 0.5317161515625 0.4110595078125 0.4784718875 0.3989116578125 0.442018903125 0.3798220390625 0.4239932125 0.354875334375 0.41292795625 0.3277592640625 0.4247964140625 0.3137311671875 0.4448597125 0.3198773703125 0.4714818453125 0.326023575 0.4981039796875 0.3418591453125 0.550530240625 0.35632091718750003 0.5808407921875001
3 0.7073114734375 0.38764385468749996 0.70702235625 0.3540612875 0.71627805 0.32949156562500004 0.7279922234375 0.3155706984375 0.728932346875 0.28731255624999996 0.7263293078124999 0.2598724203125 0.7167844984375 0.250859575 0.6932115921875 0.261910028125 0.6531521078125 0.2823749265625 0.6377502109375001 0.280322515625 0.6260360375 0.29424338437499997 0.6274098359375 0.3163590953125 0.6335560390625 0.34298122656249996 0.6598765453125 0.3761621953125 0.6775923625 0.372072175 0.6954527406250001 0.3847734390625 0.7073114734375 0.38764385468749996
3 0.5038317859375 0.6701660484375 0.5275492500000001 0.6759068765625 0.5380341828125 0.6566615828125 0.54483139375 0.62144300625 0.53499746875 0.5788475937500001 0.5214758203125001 0.520278903125 0.5139558171874999 0.47154105937499996 0.472522534375 0.4698902484375 0.460808359375 0.48381111718750003 0.45986823593750004 0.5120692578125 0.4673882390625 0.5608071015625 0.47845140625000004 0.608726940625 0.48828533125 0.6513223531250001 0.5038317859375 0.6701660484375
3 0.19919246562499998 0.611508534375 0.2256575296875 0.6614807859375 0.2376608203125 0.681142484375 0.253207275 0.6999861796875 0.28263726718750004 0.681975290625 0.2906637203125 0.65208114375 0.2891453625 0.6131741484375001 0.27453903125 0.5660723125 0.27056219375 0.5165164671875 0.273816240625 0.4821158953125 0.26289763125 0.4509873390625 0.2413495328125 0.422312796875 0.21640282812499997 0.4112475390625 0.17851270625 0.408778725 0.1678832140625 0.4112327359375 0.15385511875 0.431296034375 0.1506010703125 0.46569660625 0.162893478125 0.518940871875 0.181042971875 0.565224703125 0.19919246562499998 0.611508534375