3 0.4278291109375 0.37624070625 0.43098741093750004 0.36618405468750004 0.4241472375 0.3563019265625 0.41414876093749997 0.35647645156249996 0.39748463125 0.35676732499999997 0.3909062421875 0.3618829125 0.39116802812499996 0.376880628125 0.398095465625 0.39176199375 0.4048483796875 0.3966448828125 0.41809242031249993 0.39141294531250004 0.4278291109375 0.37624070625
3 0.5948194421874999 0.3933289265625 0.59780321875 0.373273796875 0.5942086078125 0.35833425625 0.58736843125 0.3484521296875 0.5772826921875 0.3436274140625 0.563951390625 0.3438601140625 0.5507946109375 0.3540912890625 0.5411451828125 0.37426276718749996 0.5380741437500001 0.38931865781249997 0.5417560156250001 0.40925743593749997 0.5518417546875 0.41408215156250006 0.5750842734375 0.40867568906249996 0.5884155765625 0.40844299062499995 0.5948194421874999 0.3933289265625
3 0.59682646875 0.5083114109375 0.59665194375 0.498312934375 0.5963901578125 0.48331521874999994 0.5929700703125 0.47837415468750005 0.58630441875 0.4784905046875 0.5795515046874999 0.47360761562500003 0.572973115625 0.47872320312500005 0.5629746390625 0.4788977265625 0.563236425 0.4938954421875 0.5634982109375 0.5088931578125 0.570251125 0.513776046875 0.5835824265625 0.5135433484374999 0.5901608171875 0.5084277609375001 0.59682646875 0.5083114109375
3 0.6232272859375 0.4928482984375 0.632963978125 0.4776760578125 0.629456628125 0.46773575625 0.626036540625 0.4627946921875 0.6191963656249999 0.452912565625 0.6091978874999999 0.45308708906249995 0.6027940218750001 0.468201153125 0.599635721875 0.4782578046875 0.5998975078125001 0.49325552031250003 0.59998476875 0.49825475937499997 0.60340485625 0.5031958234375 0.613316071875 0.4980220609375 0.6232272859375 0.4928482984375
3 0.6642852078125 0.36211182656249996 0.6607778578125 0.35217152500000004 0.65077938125 0.3523460484375 0.6409554281250001 0.36251905 0.6377098640625001 0.3675764625 0.641304475 0.382516003125 0.6448118265625 0.39245630625 0.654897565625 0.3972810203125 0.6613886921875001 0.38716619375 0.6644597328125 0.37211030312500004 0.6642852078125 0.36211182656249996
3 0.49026330937499996 0.5151722390625 0.49000152343750003 0.5001745234375 0.4864941734375 0.49023422187500004 0.483074084375 0.48529315781250004 0.4763211734375 0.48041026875000004 0.469568259375 0.4755273796875 0.46298986875 0.4806429671875 0.45641148125 0.48575855625 0.45325317812500004 0.4958152078125 0.45676052968749997 0.5057555093749999 0.47017909375 0.5105220484374999 0.48693048437500003 0.5152304140624999 0.49026330937499996 0.5151722390625
3 0.4433419640625 0.5009889703125 0.45000761562499997 0.5008726203125 0.449833090625 0.49087414375 0.44965856718749997 0.48087566718749997 0.442818390625 0.47099353906249997 0.43597821718749996 0.4611114109375 0.425979740625 0.4612859359375 0.4226469125 0.461344109375 0.416068525 0.46645969843749996 0.4094901359375 0.4715752859375 0.41975039843750006 0.4863984765625 0.43325622499999994 0.4961642546875 0.4433419640625 0.5009889703125
3 0.52648808125 0.489536125 0.5197351671875 0.4846532359375 0.5063166031249999 0.47988669687499996 0.4930725625 0.485118634375 0.4931598234375 0.490117871875 0.493596134375 0.5151140640625 0.5035946109375 0.514939540625 0.516925915625 0.5147068421875 0.5235915656250001 0.5145904921875 0.52666260625 0.49953460312500003 0.52648808125 0.489536125
3 0.49518372031249996 0.4150711203125 0.508515021875 0.41483842187500003 0.5251791515625001 0.41454754843749997 0.535177628125 0.414373025 0.5414942296875 0.3942597203125 0.54131970625 0.38426124375000004 0.5377250953125 0.369321703125 0.52746483125 0.35449851250000003 0.5140462671875 0.349731971875 0.49404931406249997 0.3500810203125 0.4841380984375 0.3552547828125 0.47764697187499994 0.36536960937499996 0.47799601875000003 0.3853665625 0.47817054375 0.395365040625 0.48501071875 0.4052471671875 0.49518372031249996 0.4150711203125
3 0.5600781234375 0.5039520937499999 0.5599036 0.49395361718749997 0.5596418140625 0.47895590156249995 0.5496433359374999 0.47913042499999997 0.536399296875 0.48436236250000003 0.5264008203125 0.4845368875 0.52648808125 0.489536125 0.5267498671874999 0.504533840625 0.5269243921875 0.5145323171875 0.53701013125 0.5193570328125 0.5470086078125 0.5191825078125001 0.5569198234375 0.5140087453125 0.5600781234375 0.5039520937499999
3 0.47150489218749997 0.3954813890625 0.4745759328125 0.38042549999999997 0.47089405781250004 0.3604867203125 0.46072105625 0.3506627671875 0.4373912765625 0.351069990625 0.43098741093750004 0.36618405468750004 0.434582025 0.3811235953125 0.4347565484375 0.39112207187500003 0.44492955 0.400946025 0.46168093906249996 0.40565439062499997 0.47150489218749997 0.3954813890625
3 0.6345515640625 0.3776331140625 0.6342897765625 0.36263539843750003 0.634027990625 0.34763768281249996 0.627275078125 0.34275479375 0.6206094249999999 0.34287114375 0.607452646875 0.35310231875000003 0.6009615203124999 0.3632171453125 0.59447039375 0.373331971875 0.5979777421875 0.383272275 0.60473065625 0.3881551640625 0.6148163953125 0.392979878125 0.6248148718750001 0.392805353125 0.6313932609374999 0.387689765625 0.6345515640625 0.3776331140625