3 0.1529875484375 0.6383066375 0.16013001875 0.5837553953125 0.127561365625 0.5965646875 0.1200662109375 0.5982950812500001 0.11408328281249999 0.6578688500000001 0.1123858359375 0.6847118734375 0.11791459062500001 0.7257572796875 0.1355766671875 0.7851623953125 0.14797893906249998 0.7875893328125 0.15547409375000001 0.7858589406250001 0.157171540625 0.759015915625 0.14905474999999999 0.723858234375 0.15334023125000001 0.6911274890625 0.1529875484375 0.6383066375
3 0.11656982812500001 0.8054211515624999 0.1315601359375 0.8019603671875 0.1367362078125 0.790184921875 0.1309385 0.765072290625 0.1202336734375 0.73580233125 0.1158644609375 0.699779453125 0.11265478749999999 0.6687790984374999 0.116940271875 0.636048353125 0.1186377171875 0.6092053296875 0.12381378750000001 0.597429884375 0.0788428625 0.607812240625 0.0733978375 0.6355204624999999 0.0766075109375 0.6665208140625001 0.0795482296875 0.7134539421875 0.0914125984375 0.7477464281249999 0.10559604843749999 0.7920839671875 0.11656982812500001 0.8054211515624999
3 0.9428357437500001 0.4347949046875 0.9480118125000001 0.423019459375 0.9494403078125 0.41210921093749997 0.9548853312500001 0.3844009921875 0.9554232375 0.3525354421875 0.9435588703125 0.31824295625 0.9380301140625 0.27719755 0.9224181687499999 0.2437702609375 0.9114443906249999 0.23043307500000001 0.8964540828124999 0.2338938609375 0.8863708921875 0.2415119765625 0.9300807859375 0.3795471171875 0.9318619640625 0.42145771875 0.9304334687500001 0.43236796718750004 0.9353405890625 0.4365252984375 0.9428357437500001 0.4347949046875
3 0.859229503125 0.4488066984375 0.8569104203125001 0.4387616453125 0.8539697 0.39182851875 0.84469336875 0.35164830937499997 0.8342574953125 0.306445575 0.8298882828125 0.2704226953125 0.8229310328125001 0.24028753749999998 0.8061595468749999 0.2018377234375 0.781623953125 0.181051075 0.759138490625 0.186242253125 0.7513743828125 0.2039054203125 0.745929359375 0.23161363906250002 0.7378962984374999 0.2652095828125 0.738517934375 0.30209765625 0.747525315625 0.35821064062499997 0.7721446390625 0.4477509140625 0.7882944890625 0.4493126546875 0.80560388125 0.45589692031249995 0.8255013078125 0.456593465625 0.859229503125 0.4488066984375
3 0.2211493046875 0.728374803125 0.22168720937500003 0.6965092546875 0.22365360937499998 0.65373345625 0.231417715625 0.6360702890625001 0.23079607968750002 0.5991822140624999 0.2385601859375 0.5815190453125 0.20857957031250002 0.5884406171875 0.184043975 0.56765396875 0.16387759531249999 0.5828901984375 0.1624491015625 0.593800446875 0.1544160421875 0.627396390625 0.151559053125 0.6492168875 0.15075219687500002 0.6970152109375001 0.15280232656249998 0.7229930375 0.15833108125 0.76403844375 0.1606501640625 0.7740834953125 0.1805475921875 0.7747800390624999 0.20044502031250003 0.775476584375 0.216863821875 0.76110555 0.2171327734375 0.745172775 0.2211493046875 0.728374803125
3 0.71073715 0.694697953125 0.7199297515625 0.6661245375 0.7201987046875 0.6501917640625 0.71324145625 0.62005660625 0.7088722421875 0.584033728125 0.7053936171874999 0.56896615 0.6995959093749999 0.54385351875 0.6900506265625 0.519606084375 0.6891600359375001 0.498650784375 0.663817584375 0.525662459375 0.6012683156249999 0.5453933234375 0.6117041890625 0.5905960578125 0.6224090140625 0.61986601875 0.6319543000000001 0.6441134515625 0.6452471609375 0.667495690625 0.6746898734375 0.69243966875 0.69315880625 0.7040464609375 0.71073715 0.694697953125
3 0.29904156875 0.7580040046875001 0.3143008296875 0.7386104453125 0.32465297187500003 0.7150595531249999 0.3300979953125 0.687351334375 0.3187715328125 0.6211932984375 0.3106547421875 0.5860356171875 0.2959333859375 0.5735636265624999 0.2763049109375 0.5569343078125 0.2598861078125 0.5713053421875001 0.2385601859375 0.5815190453125 0.23454365625 0.59831701875 0.23168666875000002 0.6201375140625001 0.231417715625 0.6360702890625001 0.22365360937499998 0.65373345625 0.22400629218749998 0.7065543062499999 0.23328262500000002 0.746734515625 0.24139941562499997 0.7818921984375 0.251213653125 0.7902068578125 0.26245638437499996 0.78761126875 0.2811942703125 0.7832852859375 0.29904156875 0.7580040046875001
3 0.08027135625000001 0.5969019921875 0.0770616859375 0.565901640625 0.0666258109375 0.5206989046875 0.062256596875 0.484676025 0.0587779734375 0.469608446875 0.0555683015625 0.43860809375 0.0483421 0.42440571250000003 0.028713623437500002 0.40777639375 0.01550449375 0.45314777968750003 0.004614446875 0.5085642203125 0.0176383546875 0.54787923125 0.0444930328125 0.5787109328125 0.065281046875 0.6003627781249999 0.08027135625000001 0.5969019921875
3 0.8722534124999999 0.4881217109375 0.859229503125 0.4488066984375 0.836744040625 0.4539978765625 0.8093514578125 0.455031725 0.7882944890625 0.4493126546875 0.7770517578125 0.45190824375 0.777942346875 0.4728635453125 0.7739258171875 0.48966151562500004 0.7932853390625 0.522223609375 0.8016710828125 0.54144851875 0.8121069562500001 0.5866512515625 0.8427092093749999 0.6166177578125 0.8660852609375 0.6323818796875 0.8960658796875001 0.625460309375 0.893125159375 0.5785271796875 0.8864368624999999 0.5324592499999999 0.8722534124999999 0.4881217109375
3 0.8155855796875 0.6017188296875 0.8121069562500001 0.5866512515625 0.8063092484375 0.561538621875 0.8016710828125 0.54144851875 0.7750853578125 0.49468404218749995 0.7652711203125 0.48636938281250003 0.73903808125 0.49242575781250003 0.7128050406249999 0.49848213125 0.6891600359375001 0.498650784375 0.714938903125 0.5932135828125 0.725643728125 0.6224835421875 0.748750828125 0.654180440625 0.7871171890625 0.666483778125 0.8145097703124999 0.6654499296874999 0.8225428296875 0.6318539875 0.8155855796875 0.6017188296875
3 0.51497255 0.7187328640625 0.5204175734375001 0.6910246453125 0.530769715625 0.667473753125 0.5249720078125 0.6423611234375 0.524350371875 0.6054730484374999 0.5173931234375 0.5753378921875 0.5139144984375 0.5602703140624999 0.4876814578125 0.5663266874999999 0.442979484375 0.5607762703125 0.4242415984375 0.5651022515624999 0.40202508750000004 0.5543606546875 0.4133515515625 0.620518690625 0.4278039546875 0.6489234546875 0.4419874046875 0.6932609921874999 0.452961184375 0.7065981796874999 0.48213494375000004 0.74747493125 0.5057799484375 0.7473062796875001 0.51497255 0.7187328640625
3 0.2598861078125 0.5713053421875001 0.2826405234375 0.5501813890625 0.2780023578125 0.530091284375 0.264087859375 0.46982097187500005 0.2501733609375 0.4095506578125 0.2420565703125 0.374392975 0.23019220312500002 0.3401004890625 0.20824464531250003 0.31342611875 0.1762138984375 0.2943698609375 0.15747601093750002 0.29869584374999997 0.153728434375 0.2995610390625 0.1358811375 0.324842321875 0.14515746875 0.36502253125 0.1397124453125 0.39273075 0.14666969531250001 0.4228659078125 0.184043975 0.56765396875 0.212327146875 0.5875754203125 0.2598861078125 0.5713053421875001
3 0.5352404203125001 0.550056609375 0.5430045265625 0.5323934421875001 0.5279304875 0.467100603125 0.5119658593749999 0.3808524609375 0.47672543906250003 0.33079585312500004 0.4484422671875 0.3108744 0.4161425671875 0.30775091875 0.382414371875 0.3155376859375 0.3772383015625 0.32731313125 0.3642981234375 0.35675174374999996 0.3689362890625 0.3768418484375 0.4014034515625 0.5174725796875 0.4031846296875 0.5593831812500001 0.4242415984375 0.5651022515624999 0.4827743390625 0.5621693578125 0.5352404203125001 0.550056609375
3 0.8828745078125 0.44863804687500003 0.9091075468750001 0.4425816734375 0.9266858921875001 0.4332331625 0.9332904578125 0.4105474703125 0.9300807859375 0.3795471171875 0.91473779375 0.330187053125 0.8956472234374999 0.281692184375 0.8837828562500001 0.24739969843749998 0.8589783109375 0.24254582500000002 0.8376523890625001 0.252759528125 0.8324763171875 0.2645349734375 0.8423742859375001 0.3416032578125 0.8516506171874999 0.381783465625 0.8594984562500001 0.4328739234375 0.8644055734375 0.43703125312499996 0.8828745078125 0.44863804687500003
3 0.182884434375 0.5626314421874999 0.170129478125 0.5073836546875 0.13944349218750002 0.40866352656249993 0.09072498906250001 0.41991107968749997 0.08501101250000001 0.46355207187499997 0.0636850921875 0.4737657765625 0.06546627031249999 0.515676378125 0.078490178125 0.5549913906249999 0.08401893437499999 0.596036796875 0.1301494015625 0.5906769656249999 0.1676251734375 0.5820250015624999 0.182884434375 0.5626314421874999
3 0.40202508750000004 0.5543606546875 0.3953367921875 0.5082927234375 0.3851698703125 0.4471572140625 0.3651887125 0.3777070453125 0.3285197984375 0.33856068437500003 0.29390101562500004 0.32539215 0.27257509375 0.3356058546875 0.2587443265625 0.3440891671875 0.2492827734375 0.3885953578125 0.2582901515625 0.444708340625 0.2791618984375 0.5351138109375 0.293614303125 0.563518575 0.3233259671875 0.572529778125 0.3657088578125 0.5680351453125 0.40202508750000004 0.5543606546875
3 0.63124893125 0.538471753125 0.6675651625000001 0.5247972625 0.6865720015625 0.5045385062500001 0.68077429375 0.479425875 0.665700253125 0.4141330359375 0.6552643796875001 0.3689303015625 0.634745315625 0.33134568125 0.610478675 0.29462625937500003 0.5847835406249999 0.2688170828125 0.54730776875 0.27746904687499996 0.5283009296875 0.297727803125 0.50670605625 0.32387428281249997 0.5108063171875 0.3758299359375 0.5432734796875 0.516460665625 0.5479116453125 0.536550771875 0.5626330015625001 0.5490227609375 0.5888660406249999 0.5429663859375 0.63124893125 0.538471753125
3 0.6201736625 0.678574590625 0.6207115671875 0.646709040625 0.6160734015625 0.6266189375 0.6070660234374999 0.570505953125 0.6001087734375 0.540370796875 0.5577258828125 0.5448654312500001 0.54416406875 0.53741596875 0.5352404203125001 0.550056609375 0.5139144984375 0.5602703140624999 0.5194432531250001 0.6013157171875 0.522921878125 0.616383296875 0.5249720078125 0.6423611234375 0.534248340625 0.6825413328125001 0.5536078609375 0.7151034265625 0.5818910328125 0.7350248781250001 0.60062891875 0.7306988953125 0.6173166734375 0.7003950875 0.6201736625 0.678574590625
3 0.9503308968749999 0.4330645125 0.9480118125000001 0.423019459375 0.9402477062499999 0.440682628125 0.9266858921875001 0.4332331625 0.9203502796875 0.4399860828125 0.9215098218750001 0.44500860937500003 0.9444316984375 0.56139190625 0.9631695859375 0.5570659234375 0.974412315625 0.554470334375 0.9697741499999999 0.53438023125 0.96772401875 0.5084024046875 0.9584476875 0.4682221953125 0.9503308968749999 0.4330645125
3 0.40861189375 0.7538686109375 0.4178044953125 0.7252951953125 0.422089978125 0.6925644484375 0.42610650781250003 0.675766478125 0.41567063437499996 0.63056374375 0.4063943015625 0.590383534375 0.39827751093749997 0.55522585 0.3694564359375 0.5671699484375 0.3432233953125 0.5732263234375 0.3233259671875 0.572529778125 0.30717611875 0.5709680374999999 0.32635041875000004 0.6882165312499999 0.3333076671875 0.7183516875 0.35382673124999997 0.7559363078125 0.3671195921875 0.7793185453125 0.38585747812500004 0.7749925625 0.39594066875 0.767374446875 0.40861189375 0.7538686109375
3 0.9363149078124999 0.5262342234374999 0.9331052359375 0.49523386875000003 0.9249884453125 0.4600761875 0.9191907374999999 0.43496355624999994 0.8828745078125 0.44863804687500003 0.8583389140625 0.42785139687499996 0.8557508781250001 0.43373912031249995 0.859229503125 0.4488066984375 0.897141690625 0.5617292093749999 0.91792970625 0.5833810546875 0.933810603125 0.6008755703124999 0.9499604546875 0.6024373109375001 0.9467507812499999 0.5714369578125 0.9432721562499999 0.5563693796875 0.9363149078124999 0.5262342234374999
3 0.777942346875 0.4728635453125 0.7675064734375 0.427660809375 0.7486848562499999 0.3632331671875 0.7324512750000001 0.29291780156249997 0.7240655312500001 0.27369289375 0.6856991703124999 0.26138955468749997 0.6554496015625 0.2842439015625 0.6476854953125 0.30190706875 0.6399213875 0.3195702359375 0.6434000109375 0.33463781406250004 0.64919771875 0.3597504453125 0.6891600359375001 0.498650784375 0.7015623109375 0.5010777203125001 0.742785659375 0.49156056093749995 0.7690186984375 0.48550418593750005 0.777942346875 0.4728635453125