3 0.27582000624999997 0.5347642828125 0.2910470609375 0.5525281328125 0.3123164328125 0.5628029671875 0.3283099296875 0.5632217093749999 0.347399409375 0.5572549812500001 0.3616588953125 0.548019353125 0.372221828125 0.5333647703125 0.378175190625 0.5134852999999999 0.370000534375 0.48849501718750005 0.3637621265625 0.4621386078125 0.3606065546875 0.430831371875 0.3429184890625 0.416454325 0.31595365625 0.38686692031250003 0.292464953125 0.36465445625 0.2773531453125 0.35641177343749997 0.270922571875 0.3620741828125 0.2661815328125 0.3711957359375 0.2595800515625 0.3955085171875 0.2550876921875 0.43273692031250005 0.253019975 0.448449490625 0.257600178125 0.47897662656250006 0.2646019546875 0.51042089375 0.27582000624999997 0.5347642828125
3 0.3779810609375 0.512571996875 0.39430211875 0.532489725 0.41828425156250004 0.54505164375 0.43638183281250004 0.5478868484375 0.4576856078125 0.5433585921875 0.49473112500000005 0.5335751906249999 0.5092949515625 0.524274871875 0.5144717984375 0.5007421890625 0.51134755625 0.47706482499999997 0.502955553125 0.4315975640625 0.4876132484375 0.40431254843750003 0.472465075 0.3779408328125 0.45748473437500004 0.3553517109375 0.4374408328125 0.332884315625 0.4131593953125 0.330886246875 0.3879831234375 0.3381467625 0.37621597812499996 0.351625459375 0.368851128125 0.3708503828125 0.36190083125 0.38903262656250004 0.36050949062500004 0.43037471875 0.3639431078125 0.4644865546875 0.3779810609375 0.512571996875
3 0.36753115625 0.64747791875 0.3859350390625 0.6831805578125 0.39359304375000004 0.6982577109375 0.3968750453125 0.7047193468749999 0.40147147031249997 0.711378878125 0.40617810781249997 0.7170604171875 0.4137471578125 0.7197471140625 0.41930918906250003 0.7204740000000001 0.43128864531250005 0.716973121875 0.4364047953125 0.71111281875 0.44039561406249994 0.6954687640625 0.44311648750000004 0.6858220453125 0.44522868125 0.676304703125 0.4472438109375 0.6663307109375001 0.4483327765625 0.65798543125 0.45062594999999994 0.6508160359375 0.4529059796875 0.6450812859374999 0.454189071875 0.637649309375 0.45589986250000003 0.6277400046875 0.4509677671875 0.6135152921875 0.4425545046875 0.5814164796875 0.4355658765625 0.54853756875 0.4199030140625 0.5451848484374999 0.4024535546875 0.5379163328125001 0.3908836109375 0.5298753703125 0.381360128125 0.5194902859375 0.38023983437500003 0.52020569375 0.3768789515625 0.522351921875 0.3761469140625 0.5248939359375 0.37487696718749997 0.5308912703125 0.37128251562500003 0.536428125 0.36626343125 0.5427450796875 0.3610370703125 0.5495833765625 0.3539139 0.5534838703125 0.3459747765625 0.55803508125 0.34545505 0.570554915625 0.34694234375 0.585034559375 0.3482749515625 0.5942969703125 0.350145465625 0.6001040609375 0.35467615625 0.6139368125 0.36753115625 0.64747791875
3 0.721994809375 0.582157290625 0.7252060390625 0.5852929890625 0.7306315671875 0.58986715625 0.7357396046875 0.59594065625 0.7393390953125001 0.6009029609375001 0.741443178125 0.603319421875 0.75365313125 0.618860878125 0.7611433015625 0.6301554390625 0.7689954343750001 0.64614589375 0.7758243375 0.6633084109375 0.7842669671875 0.6701049718750001 0.7915316781249999 0.672856359375 0.7976184703125 0.6715625703125 0.8065232015625 0.661078715625 0.80848574375 0.656843296875 0.81219040625 0.6503284484375 0.8134866453124999 0.641461828125 0.8130539109375 0.6334399937499999 0.8099691109375 0.605458696875 0.8075374671875 0.58354325 0.8042140625 0.548453421875 0.8003577828124999 0.527318071875 0.79644891875 0.511921296875 0.788966859375 0.48869293281250004 0.7799499546875001 0.46722265937499996 0.773580078125 0.4552126890625 0.769093865625 0.447575165625 0.765384165625 0.4435908546875 0.7622699984375 0.440911809375 0.7593499609375 0.43914606562499997 0.7553096265625 0.43809573281249997 0.7524866515624999 0.436786640625 0.7516706984375 0.4374373625 0.7514634234375 0.43795870312499996 0.7503744593749999 0.4463039828125 0.7487344390625 0.45953922656249996 0.7461237765625001 0.468207953125 0.7361826703125 0.4812985140625 0.7257956828125 0.48780188593749996 0.71838131875 0.4903324234375 0.714535115625 0.49019539375 0.719965678125 0.5052687203125 0.7223791375 0.5181196531250001 0.72285635 0.5323367125 0.721024165625 0.577590775 0.721994809375 0.582157290625
3 0.554366328125 0.6330608875 0.5704851453125 0.6639991171874999 0.5808559125 0.6813633515624999 0.59163619375 0.687185746875 0.60579050625 0.6894272703125 0.616662815625 0.6852071578125 0.6225191125 0.6648710343750001 0.626526153125 0.6253593734375 0.6307636875 0.604890046875 0.6328890281249999 0.5939380609375 0.6302682921875 0.5816084703125 0.62905904375 0.569933425 0.6273199968750001 0.5497798921875 0.62534738125 0.533016990625 0.623088609375 0.52538329375 0.62007150625 0.5231608984375 0.6111667749999999 0.53364475625 0.59448571875 0.5419632562500001 0.5758107906250001 0.5468873000000001 0.5665835375 0.54837133125 0.5632489484375001 0.54764826875 0.55381441875 0.549653640625 0.5415700640625001 0.5489152765624999 0.534486334375 0.5485118359375 0.5324398734375 0.5508559578125001 0.5319332953125 0.5619411484375 0.538824859375 0.5943634078125 0.5429672937500001 0.606369553125 0.5449793484375001 0.6188285234374999 0.554366328125 0.6330608875
3 0.5284470906250001 0.5335678890625 0.5436296703125 0.5451365109374999 0.5715500359375 0.5477929515625 0.592258278125 0.541959428125 0.611179921875 0.5322101109374999 0.631494871875 0.5140508234375 0.6442933562500001 0.4874662625 0.647617871875 0.46719100312500006 0.64224800625 0.434445296875 0.629613428125 0.398948203125 0.6193215421875 0.37297610312499996 0.5980997218749999 0.346463534375 0.58056130625 0.3268045625 0.569062134375 0.3220895390625 0.554065575 0.3233680234375 0.5424925578125 0.3377600234375 0.531992284375 0.36767435000000004 0.520676059375 0.398239396875 0.5046713796875 0.432187421875 0.5096974640624999 0.4693017484375 0.5164838546875 0.513201159375 0.5284470906250001 0.5335678890625
3 0.6300377968750001 0.5625661359375 0.630509971875 0.5662840390625 0.6309689984375 0.571436584375 0.6321337703125 0.576916403125 0.634295478125 0.5840934484375 0.6376876921875 0.5895770921875 0.6410930515625 0.5936260921875001 0.6481949640625 0.6030940484375 0.654273646875 0.6137340640625 0.6613624125 0.6246366625 0.6660427546875 0.6331874890625 0.66843803125 0.6369739062499999 0.6734358609375 0.6440254000000001 0.6784336890625 0.6510768921875 0.6808289656250001 0.6548633078125 0.683334453125 0.657671734375 0.685632665625 0.6610014984375 0.6894525765624999 0.66400781875 0.6940884421875 0.666363415625 0.6980185640625 0.6683917421875 0.703593740625 0.667683984375 0.7072589640625 0.66547306875 0.7086967453125 0.6632583249999999 0.7115986000000001 0.6559595515625001 0.7138341515625 0.644029575 0.714742134375 0.633336346875 0.7153194828125 0.6255770968750001 0.716117253125 0.6158618609375 0.7176470625 0.6036046109375001 0.71928708125 0.5903693671875 0.7216803953125 0.5612236609375 0.72257019375 0.5414659187499999 0.722798725 0.5275761296875 0.72199088125 0.5162930453125 0.7198554671874999 0.5062467125000001 0.7159203093750001 0.4937192265625 0.7141337125 0.4898034296875 0.7055282843749999 0.4897234390625 0.7005749328124999 0.48886717187500006 0.6925913312499999 0.4872231578125 0.6855207484375 0.48538507343750004 0.6806776078125 0.483550815625 0.6749214484375 0.481910625 0.6702855828125001 0.47955502812499995 0.6658569937500001 0.4766780875 0.6620370828125 0.47367176874999994 0.6588258515625001 0.47053607187499996 0.655918959375 0.46733568437499995 0.6547147484375 0.46615979999999996 0.652474159375 0.4675906171875 0.648006128125 0.469017609375 0.6473843031250001 0.4705816328125 0.6465157609375 0.47697092812499997 0.64431965 0.4845969734375 0.643658384375 0.49046492812500003 0.6360286359375 0.5054506109375 0.6313978078125 0.513594171875 0.623736728125 0.5209499828124999 0.62492779375 0.5235605125 0.6253029031249999 0.5268217625 0.627341253125 0.5364114453125 0.628991346875 0.544174521875 0.62983863125 0.5511536734375 0.6298831078125 0.5573489 0.6300377968750001 0.5625661359375
3 0.36100855625 0.6631828375000001 0.3644351734375 0.6538633890625001 0.36518035625 0.6498867296874999 0.3651621734375 0.640822215625 0.36319459374999996 0.6345584718749999 0.358042078125 0.62228974375 0.353511384375 0.6084569921874999 0.3490646125 0.5965155375 0.348605584375 0.5913629921875 0.346805840625 0.5888818390624999 0.343206353125 0.5839195359375 0.3375027796875 0.576540771875 0.33279614375 0.5708592328125001 0.32746768125000003 0.5667417171875 0.3238419 0.5646487015625 0.3181696578125 0.5648998078125 0.314323453125 0.564762778125 0.310088990625 0.5627991421874999 0.3036270890625 0.560831678125 0.296181396875 0.5557323453125 0.2897589328125 0.5494609500000001 0.282727790625 0.543318934375 0.2769271546875 0.5354835171875 0.27119728906249996 0.5309740390625 0.2685684421875 0.5305782515625 0.26511049531249997 0.5322678265625 0.2603118328125 0.5366287984375 0.2553372234375 0.5491409796875 0.25400154375 0.5623115328125 0.25567485625 0.589638284375 0.2585473453125 0.6076417625 0.2629071265625 0.6401248859375 0.26799391093749997 0.659566834375 0.28608534375 0.707267965625 0.2943914671875 0.7179118078125 0.30618686875 0.73449594375 0.314144178125 0.7390092484374999 0.3204827234375 0.743389346875 0.33136006875 0.74966839375 0.3414740484375 0.7508595828125 0.351737678125 0.7467688484375 0.3563422140625 0.741494575 0.358952875 0.7328258484375 0.361597940625 0.709354028125 0.3610944359375 0.69800625625 0.359982253125 0.6867878609375 0.35991959218749997 0.6715281171874999 0.36100855625 0.6631828375000001
3 0.7734961609375001 0.4533213921875 0.7892874187500001 0.46476063593749994 0.8046327968749999 0.469612690625 0.8194089328124999 0.470290190625 0.8271539296875 0.464825675 0.8275614796875 0.4203517109375 0.8230500828125 0.36021838906250003 0.816533628125 0.3310573796875 0.8057908234375001 0.28799893125 0.7969104234375 0.2626813765625 0.7846347359375 0.2543131421875 0.7751476203125 0.2620570875 0.74968211875 0.300879771875 0.7371930109375 0.337898803125 0.7300799140625001 0.3627976140625 0.74207448125 0.3907942140625 0.7545543703125001 0.42107407343750003 0.7734961609375001 0.4533213921875
3 0.8409988640625 0.45663272812500005 0.8437823968749999 0.46224575156250003 0.8464820140624999 0.46596747968749996 0.850204859375 0.4685171453125 0.8547436609375 0.4704160921875 0.8602925453125 0.472577625 0.865038621875 0.47395523125 0.8697846984375 0.4753328359375 0.8755540046875 0.4755383828125 0.88165394375 0.47280995 0.8857468640624999 0.4681217078125 0.8879824171875 0.45619172968750005 0.890328178125 0.44328375937500003 0.8894708203125001 0.4153062890625 0.8878106546875 0.3865448921875 0.8821233015625 0.3552985203125 0.8774379234374999 0.336248534375 0.874124590625 0.3221570265625 0.8697304046875001 0.3044769953125 0.8683715046874999 0.2980838734375 0.8672906499999999 0.2944953515625 0.8658083937500001 0.290514865625 0.863386821875 0.2895977359375 0.8609521062500001 0.29011525 0.855822809375 0.2974101984375 0.852713678125 0.3052303125 0.8493002078125 0.313115115625 0.8459838015625 0.32145657031249997 0.8428483796874999 0.332145971875 0.838729165625 0.3397035015625 0.8332692359375 0.349932428125 0.827200625 0.36029073125 0.8244089828125001 0.3666115125 0.8260954421875001 0.39250362031249997 0.8284087640625 0.4273308625 0.83037634375 0.4335946046875 0.8316513265625 0.43809643125 0.8332175015625 0.4439682125 0.8340071625000001 0.44618678125000005 0.8376066515625 0.451149084375 0.8409988640625 0.45663272812500005
3 0.225130425 0.7407475109375 0.2285438953125 0.7328627062499999 0.2318603 0.724521253125 0.2341666234375 0.715917215625 0.2350351640625 0.70952791875 0.2370371484375 0.7009885703125 0.23891577343749998 0.6948618578125 0.2416235 0.68664978125 0.24361233593749998 0.6795450749999999 0.2478549078125 0.669574909375 0.25451904999999997 0.6605218703125 0.26447833906249996 0.656495825 0.2654176515625 0.6534324687499999 0.26318517343750003 0.642929484375 0.2611468234375 0.6333398015625 0.25941281250000003 0.62368543125 0.2578153078125 0.610183778125 0.257440196875 0.6069225281249999 0.255018628125 0.6060053984375 0.24988429375 0.6028011875 0.24484702500000002 0.6000536249999999 0.2349797609375 0.5940371625 0.2117822515625 0.5731946546875 0.19634792031249998 0.5559521453125 0.19212660625 0.5525538640625001 0.1882278140625 0.5581554093750001 0.1850660984375 0.5717141 0.182407884375 0.5966205625 0.1827485921875 0.6146849046875 0.182727334375 0.6280533515625 0.182309709375 0.651528996875 0.1829102796875 0.663333421875 0.1834845546875 0.678007134375 0.1864935484375 0.6921633328125 0.19378147968749998 0.7144783953125 0.19774293125 0.7241365921875 0.212437115625 0.7558549203125 0.21426315312500002 0.755466784375 0.216711015625 0.7535146234375001 0.22030546874999998 0.74797776875 0.225130425 0.7407475109375
3 0.1226107375 0.5921486453125 0.13436166249999998 0.602537553125 0.1464300734375 0.6114271312499999 0.1532802328125 0.6152211999999999 0.161347753125 0.6187565109375 0.16910589375 0.6118573515625 0.1779661484375 0.5951782671875 0.17814209375 0.5870270546875 0.18299334375 0.576927509375 0.181414021875 0.5724903718750001 0.184258253125 0.5604310140625001 0.1909486875 0.5485086890625 0.18487000625 0.5378686734375 0.17205948437500002 0.51052279375 0.1689139859375 0.500213875 0.1649838640625 0.49818555 0.14118271093749998 0.48797157812499997 0.1165605671875 0.46790916875 0.102705559375 0.4551037953125 0.093076903125 0.4561958640625 0.0925308828125 0.471584984375 0.0983678875 0.49754943437500004 0.10127170468749999 0.523182784375 0.1072057734375 0.5496038828125 0.1226107375 0.5921486453125
3 0.6447322375 0.45062216875 0.6615517625 0.4713885109375 0.6801659921875001 0.48413684687499997 0.7054180734375 0.4907014296875 0.7208160375 0.4898149078125 0.7389348734375 0.479281665625 0.747768834375 0.4654718703125 0.7510569828125 0.42706758125000005 0.7466183187500001 0.4031923203125 0.721949734375 0.34400256093750003 0.6981334718750001 0.3022911109375 0.6830479578124999 0.291179140625 0.6645358265625 0.289386615625 0.65361093125 0.2993453046875 0.645443275 0.31778630625000004 0.6441176671875 0.351955178125 0.639342225 0.3758798234375 0.631051209375 0.3967334609375 0.6425523453124999 0.4343806078125 0.6447322375 0.45062216875
3 0.8419591765625001 0.58386321875 0.8486728328125 0.59150456875 0.857808059375 0.600063046875 0.8674549 0.6080354953125 0.8765062078125 0.6147026765625 0.8842693859375 0.618302678125 0.8845737265625001 0.6182379874999999 0.8854867453124999 0.6180439203125 0.886095425 0.617914540625 0.8859670296875001 0.60982801875 0.8853664609375 0.5980235921875 0.884928690625 0.5795026 0.884270496875 0.5629375921875 0.8817994125 0.545326075 0.8782080328124999 0.5284299671875 0.872958453125 0.5157045890624999 0.8629051703125 0.49684101875 0.8488904375 0.4683192515625 0.8474920984375001 0.46623006250000004 0.8394063953125 0.4536302359375 0.8348099703124999 0.44697070468750005 0.83170895 0.442857015625 0.829728225 0.4380279171875 0.8284400953125 0.434960734375 0.8282196718750001 0.43691672031250006 0.8277262406249999 0.446567265625 0.8269416171874999 0.45484785624999996 0.8265846890624999 0.46065112187499996 0.8257424406249999 0.46417113125 0.8222713484374999 0.46729535 0.8168771515625 0.47035105312500003 0.81150925 0.4705374703125 0.8060442828125 0.47026723437499995 0.8005793156250001 0.4699970015625 0.7970505984375 0.4683606375 0.79341166875 0.46770226406250004 0.7895786124999999 0.46613059218749997 0.7839326625 0.463512409375 0.780320028125 0.45998474843750004 0.7774970531250001 0.458675659375 0.7766811 0.459326378125 0.7782604203125 0.463763515625 0.7809468921875 0.4689198859375 0.7847273609375 0.4762301375 0.7890770703125 0.487714940625 0.7989281125 0.5175990109375 0.8038965749999999 0.5499527546875 0.8061108703125001 0.5513912249999999 0.810358478125 0.5519202171875001 0.8146900031250001 0.5543405046875 0.8210285484375 0.5587206046875 0.8284479484375 0.5666892265625 0.8343587953125 0.5735466515625001 0.8419591765625001 0.58386321875
3 0.4604437 0.6401381125000001 0.46729889687500004 0.654431340625 0.476491746875 0.6677504015625 0.4806867671875 0.6740179687500001 0.485684596875 0.6810694640625 0.49088970156249995 0.6875996140625 0.49649620937499994 0.6945217296874999 0.5020188 0.6995525484375 0.5062401140625 0.7029508296875 0.5112773828125 0.7056983890625 0.5199535828124999 0.709104321875 0.524104125 0.7091766625 0.530107 0.7059915796875 0.5331898374999999 0.701040753125 0.5348035624999999 0.6906747984375 0.5351291609375 0.6772416609375 0.536173646875 0.662701153125 0.536874353125 0.6525292671875 0.5386953546875 0.6416419703125 0.5397266953125001 0.62853610625 0.541825740625 0.620453409375 0.5424030906249999 0.6126941578125 0.5399633359375 0.6027125140625 0.53763379375 0.5917528765625 0.5346379484375 0.5761620359374999 0.532321553125 0.5637677546875 0.5315581859375 0.5586798984375 0.5326208546875 0.55320390625 0.53335289375 0.550661890625 0.533282121875 0.5473359515625 0.527009309375 0.53578263125 0.5230084171875 0.530428365625 0.519810334375 0.5258580234375 0.516806378125 0.5222009875 0.513582 0.5204999328125 0.5108429421875 0.5210821375 0.509515371875 0.5223188875 0.50817465625 0.52499028125 0.49849341249999995 0.5318209265625 0.4818386484375 0.5372701375 0.45443493593750006 0.5445268265625 0.435662940625 0.5489942203125 0.44373242343749997 0.5854616546875 0.446172178125 0.5954432984375 0.44802954687499996 0.602685034375 0.45264415468749997 0.6184090796875 0.45628811875 0.6295666109375 0.4604437 0.6401381125000001
3 0.17466203593750002 0.5137878687499999 0.18648876875 0.538001878125 0.19374536874999998 0.55268706875 0.2099825078125 0.5707135015625 0.23025997812500001 0.5897902687500001 0.245843959375 0.601750853125 0.25664549999999997 0.5942048 0.2542401484375 0.5694200640625 0.2550460296875 0.5477710250000001 0.26095995156249996 0.5321954859375 0.27201324375 0.5303233203125 0.2657798734375 0.51446606875 0.259916575 0.4913709078125 0.2554779125 0.46749565000000004 0.2513041484375 0.44785963281249996 0.23280012656250001 0.43413330625 0.20878666250000003 0.4139415171875 0.1823698109375 0.4018971140625 0.16643393906249998 0.4062389546875 0.1577233375 0.4176361125 0.1551834453125 0.4296307796875 0.1594724578125 0.4587879640625 0.16647423125 0.49023223125 0.17466203593750002 0.5137878687499999