3 0.3490767125 0.554501903125 0.35418106250000003 0.564881540625 0.356475125 0.581204640625 0.35800449843750004 0.5920867078125001 0.3659191375 0.5965228796875001 0.3730690859375 0.5955180203125 0.3802190359375 0.5945131609375001 0.3858396125 0.5826262343749999 0.387120525 0.5658007046875 0.3884014375 0.5489751734375 0.3904470375 0.5375906765625 0.383048625 0.510887940625 0.3784605015625 0.47824174062499997 0.3776958140625 0.47280070781249994 0.3654415140625 0.46342593125000003 0.3611018515625 0.4584873265625 0.356762190625 0.4535487234375 0.3539519015625 0.45949218593749996 0.347566640625 0.4659380796875 0.3455210390625 0.4773225765625 0.34271075156249997 0.4832660390625 0.3414298390625 0.5000915703125 0.3421945265625 0.505532603125 0.3437239015625 0.51641466875 0.3452532765625 0.5272967375000001 0.3467826515625 0.5381788046875 0.3490767125 0.554501903125
3 0.394270475 0.5647958453124999 0.4001395109375 0.5806165140624999 0.4009041984375 0.5860575484375 0.4167334734375 0.5949298953125 0.4238834234375 0.593925034375 0.4409936109375 0.5859718515625 0.4458494984375 0.5686438921875 0.44432012500000007 0.557761825 0.4430585140625 0.49690559843750004 0.44152913906249996 0.48602353125000003 0.4364247875 0.47564389531250006 0.43208512656250003 0.47070529062500005 0.42774546406249997 0.46576668750000005 0.4241704890625 0.4662691171875 0.41702053906250003 0.467273978125 0.41421025 0.47321744062500004 0.4106352765625 0.4737198703125 0.3991456640625 0.469786128125 0.39557068906250004 0.47028855781249995 0.3876560515625 0.4658523828125 0.3840810765625 0.4663548140625 0.3769311265625 0.46735967343749996 0.3776958140625 0.47280070781249994 0.3820354765625 0.477739309375 0.38151925000000003 0.5000058734375 0.384578 0.5217700078124999 0.38610737500000003 0.532652075 0.3919764125 0.54847274375 0.394270475 0.5647958453124999
3 0.570992925 0.47337708437500003 0.587338425 0.45998286874999994 0.594488375 0.4589780078125 0.6008736375 0.45253211562500006 0.6072588999999999 0.446086221875 0.6100691890625 0.440142759375 0.6121147875 0.4287582625 0.6113501 0.423317228125 0.611866325 0.40105066562499997 0.6052326015625 0.3797889625 0.6029385390625001 0.3634658625 0.597069503125 0.3476451921875 0.5919651515625 0.33726555625 0.5753711906250001 0.32295217656249997 0.564646265625 0.324459465625 0.551111053125 0.33191021875 0.536294928125 0.3561865015625 0.530674353125 0.368073428125 0.5265831515625 0.390842421875 0.5245375515624999 0.40222691875 0.524021325 0.42449348125 0.5314197390625 0.45119621875 0.5321844265625 0.4566372515625 0.5365240874999999 0.46157585624999997 0.5452034125 0.4714530625 0.570992925 0.47337708437500003
3 0.44279075 0.5468797578125 0.4450848109375 0.5632028578125 0.4466141859375 0.574084925 0.44814356093749996 0.584966990625 0.4583522609375 0.6057262640625 0.47775650937499997 0.61409618125 0.509931284375 0.6095743109375 0.523466496875 0.6021235593750001 0.532662046875 0.589734203125 0.5296032984375 0.56797006875 0.5265445484375 0.5462059359375 0.5227211109375001 0.51900076875 0.516852075 0.5031801 0.5109830390625001 0.487359428125 0.5023037125 0.477482221875 0.49872873906250004 0.4779846515625 0.49234347500000003 0.48443054375 0.4701289375 0.4820040921875 0.46221430156250004 0.47756791718749997 0.45863932500000004 0.47807034687499994 0.4514893765625 0.4790752078125 0.44867908749999996 0.485018671875 0.44944377500000005 0.490459703125 0.44586880000000007 0.49096213437499997 0.4438232015625 0.5023466296875 0.44279075 0.5468797578125
3 0.624082021875 0.56578895625 0.645531871875 0.5627743765625 0.6697920093749999 0.5538163328125 0.686902196875 0.54586315 0.6932874609375 0.5394172562499999 0.696097746875 0.53347379375 0.698143346875 0.522089296875 0.695849284375 0.505766196875 0.6927905359375 0.4840020640625 0.6897317859375 0.4622379296875 0.6846274375 0.45185829375 0.6810524625000001 0.45236072343749995 0.6639422734375 0.46031390625 0.6567923234374999 0.461318765625 0.6488776875 0.45688259374999995 0.6345777874999999 0.4588923125 0.6238528624999999 0.46039960312500006 0.6202778875 0.46090203281250003 0.6118470234375 0.47873242187500004 0.6105661109375 0.49555795312499995 0.607755825 0.5015014171875001 0.6128601734375 0.511881053125 0.6159189234375 0.5336451859375 0.622552646875 0.554906890625 0.624082021875 0.56578895625
3 0.709632959375 0.5260230406249999 0.727507834375 0.523510890625 0.7338930968749999 0.5170649984375 0.743088646875 0.504675640625 0.749473909375 0.498229746875 0.762244434375 0.4853379609375 0.7678650109375 0.473451034375 0.784210509375 0.46005681718749997 0.7934060609375 0.44766746093750004 0.7962163484375 0.44172399687499997 0.7990266359375 0.435780534375 0.8026016109375 0.4352781046875 0.8010722359375 0.42439603750000005 0.7952031984375 0.4085753671875 0.7923929125 0.41451883125 0.7867723359375 0.42640575781249995 0.7196124984375001 0.441392959375 0.6958685874999999 0.428084440625 0.6874377234375 0.4459148296875 0.6912611609375 0.47311999687500006 0.6935552234375 0.489443096875 0.6986595734375001 0.499822734375 0.7001889484375 0.5107048 0.7052932984375 0.5210844375 0.709632959375 0.5260230406249999
3 0.610833875 0.4455837921875 0.6115985625 0.4510248265625 0.6159382250000001 0.455963428125 0.6202778875 0.46090203281250003 0.6310028125 0.45939474375 0.6345777874999999 0.4588923125 0.6453027125 0.4573850234375 0.6631775875 0.45487287343749994 0.6703275375 0.4538680125 0.6838627500000001 0.446417259375 0.6874377234375 0.4459148296875 0.6930583 0.43402790312499995 0.6907642375 0.417704803125 0.6877054874999999 0.3959406703125 0.6882217140625 0.3736741078125 0.6823526765625 0.35785343593749996 0.676483640625 0.3420327671875 0.6670396281250001 0.3267145265625 0.6491647515625 0.3292266765625 0.6392045140625 0.336175 0.630008965625 0.34856435625 0.620813415625 0.3609537125 0.6180031265625 0.3668971765625 0.611866325 0.40105066562499997 0.6105854140625 0.417876196875 0.6113501 0.423317228125 0.6121147875 0.4287582625 0.612879475 0.43419929531249996 0.610833875 0.4455837921875
3 0.2768318265625 0.48142771250000005 0.2906155015625 0.5016845562500001 0.2949551640625 0.506623159375 0.3056800890625 0.5051158703125 0.31564032656249996 0.49816754531249996 0.3271299390625 0.502101290625 0.3370901765625 0.495152965625 0.3455210390625 0.4773225765625 0.348331328125 0.47137911250000003 0.3511416140625 0.46543565 0.356762190625 0.4535487234375 0.35523281562500003 0.44266665781250003 0.358043103125 0.43672319374999996 0.360853390625 0.43077973125 0.358559328125 0.4144566296875 0.356265265625 0.39813353125 0.353206515625 0.37636939687500004 0.3516771421875 0.36548733125 0.3458081046875 0.349666659375 0.3363640921875 0.33434841875 0.32973036875 0.313086715625 0.3218157296875 0.30865054375 0.29526153125 0.3012854859375 0.28377191874999996 0.2973517421875 0.27253076875 0.32112559531249996 0.26205430625 0.35034048281249996 0.2651130546875 0.37210461562499997 0.271727478125 0.471048075 0.272492165625 0.476489109375 0.2732568515625 0.4819301421875 0.2768318265625 0.48142771250000005
3 0.32277097499999996 0.57484444375 0.332979675 0.5956037171874999 0.34804426093749996 0.5990350296875 0.3536648375 0.587148103125 0.35571043750000003 0.57576360625 0.3511223125 0.54311740625 0.3465341890625 0.51047120625 0.3421945265625 0.505532603125 0.3406651515625 0.4946505359375 0.3370901765625 0.495152965625 0.3307049140625 0.5015988609375001 0.3199799890625 0.50310615 0.3128300390625 0.5041110093750001 0.3064447765625 0.510556903125 0.3107844390625 0.51549550625 0.3130785015625 0.5318186078125 0.3138431890625 0.537259640625 0.31613725000000004 0.553582740625 0.3212416 0.563962378125 0.32277097499999996 0.57484444375
3 0.391231028125 0.46534995312499994 0.4070603015625 0.4742223 0.4134455640625 0.46777640781249996 0.4269807765625 0.46032565312499996 0.4274970015625 0.43805909062500004 0.4287779140625 0.4212335609375 0.426483853125 0.4049104609375 0.424189790625 0.3885873609375 0.4173076046875 0.3396180609375 0.3976548921875 0.303540546875 0.39331523125 0.29860194375 0.37263006875000004 0.30705755625000003 0.36266983124999996 0.3140058796875 0.3578139421875 0.33133383906249997 0.3580624046875 0.3590414375 0.3590755546875 0.3921900671875 0.3606049296875 0.4030721328125 0.360088703125 0.42533869687500003 0.36238276406250003 0.44166179687499996 0.3646768265625 0.45798489687500005 0.368251803125 0.45748246718749996 0.3761664390625 0.461918640625 0.391231028125 0.46534995312499994
3 0.4555805765625 0.4563062140625 0.4606849265625 0.46668585 0.46144961406249996 0.472126884375 0.4701289375 0.4820040921875 0.485193525 0.48543540468749996 0.49157878750000006 0.47898951093750003 0.5043493125 0.466097725 0.512780175 0.448267334375 0.5204463515625 0.4249959109375 0.5224919515625001 0.413611415625 0.5209625765625 0.40272934843749997 0.523772865625 0.3967858859375 0.519949428125 0.36958071875 0.5184200531250001 0.3586986515625 0.5125510156249999 0.34287798281250004 0.5038716921875 0.333000775 0.49085270468750003 0.31818496406249996 0.49008801718750006 0.31274393125 0.4814086921875 0.3028667234375 0.47349405468750005 0.2984305515625 0.46276912968749995 0.299937840625 0.4556191796875 0.3009427015625 0.44999860468749997 0.312829628125 0.44437802968750006 0.3247165546875 0.4367118546875 0.34798797812500004 0.431091278125 0.3598749046875 0.430575053125 0.3821414671875 0.429294140625 0.3989669984375 0.4280132265625 0.4157925265625 0.43822192656250003 0.4365518 0.4417969015625 0.4360493703125 0.4469012515625 0.4464290078125 0.45124091406250005 0.4513676109375 0.4555805765625 0.4563062140625
3 0.270446565625 0.48787360625 0.268420265625 0.42157634687499995 0.26205430625 0.35034048281249996 0.21737676874999998 0.31777997812500003 0.20971059374999998 0.3410514015625 0.19923413125 0.37026628906250003 0.1895223546875 0.4049222078125 0.196653003125 0.4815991046875 0.2418467640625 0.491893046875 0.270446565625 0.48787360625
3 0.6041615484375 0.579685603125 0.6105468093749999 0.573239709375 0.620507046875 0.5662913859375001 0.619742359375 0.560850353125 0.6174482984375 0.5445272531249999 0.6128601734375 0.511881053125 0.6069911375 0.4960603828125 0.6011220984375 0.48023971249999997 0.5896324875000001 0.47630596875000003 0.578142875 0.472372225 0.5674179500000001 0.4738795140625 0.5566930250000001 0.47538680468749994 0.5467327875 0.482335128125 0.5339622609375 0.495226915625 0.5227211109375001 0.51900076875 0.5296032984375 0.56797006875 0.533426734375 0.595175234375 0.541341371875 0.599611409375 0.548491321875 0.59860655 0.5735161468750001 0.5950895390625 0.590626334375 0.58713635625 0.6041615484375 0.579685603125
3 0.3005564375 0.5724179890625 0.3028505 0.588741090625 0.3059092484375 0.6105052234375 0.32020915 0.608495503125 0.32659441093749997 0.6020496093750001 0.32430035 0.5857265109375 0.317666625 0.5644648078125 0.3153725625 0.54814170625 0.3095035265625 0.5323210375 0.30797415156249996 0.52143896875 0.3072094640625 0.5159979359375 0.3028698015625 0.5110593328124999 0.29853013906250003 0.5061207296875 0.2949551640625 0.506623159375 0.2906155015625 0.5016845562500001 0.2885699015625 0.513069053125 0.2893345890625 0.5185100859375 0.2944389375 0.5288897234375 0.29520362499999997 0.5343307578125 0.296733 0.5452128234375 0.298262375 0.5560948906250001 0.3005564375 0.5724179890625
3 0.7196124984375001 0.441392959375 0.737487375 0.43888080937499996 0.7617475125000001 0.4299227671875 0.7724724375 0.42841547812499997 0.7867723359375 0.42640575781249995 0.7852429609375 0.415523690625 0.7870401 0.376431596875 0.7890857 0.3650471 0.7939415890625 0.347719140625 0.7873078625 0.3264574375 0.7714785890625 0.317585090625 0.7571786890625 0.31959481093750003 0.7321538656250001 0.32311182031249996 0.710704015625 0.32612640000000004 0.7086584140625 0.337510896875 0.7002275515624999 0.3553412859375 0.6846467390625001 0.3741765375 0.691528925 0.4231458359375 0.6958685874999999 0.428084440625 0.6994435625000001 0.42758201093750003 0.7116978625 0.43695678750000005 0.7196124984375001 0.441392959375
3 0.28293002500000003 0.6026377375 0.2951843234375 0.6120125140625 0.3028505 0.588741090625 0.30132112499999997 0.5778590234375 0.29979174999999997 0.5669769578125 0.298262375 0.5560948906250001 0.2959683125 0.5397717906249999 0.2944389375 0.5288897234375 0.29367424999999997 0.5234486890625 0.2921448765625 0.512566621875 0.2870405265625 0.5021869859375 0.28270086562499996 0.4972483828125 0.2806552640625 0.5086328796874999 0.27427000156250003 0.5150787718750001 0.271459715625 0.5210222359375 0.2701788015625 0.5378477671875 0.274766925 0.5704939671875 0.27706098749999997 0.586817065625 0.28293002500000003 0.6026377375