3 0.015874709375 0.4806383796875 0.038701378125000005 0.4846633359375 0.0778328125 0.49156326406249995 0.126090875 0.48484106406249994 0.1297758484375 0.44487375937499996 0.1375900171875 0.40055741093749997 0.15040162031249998 0.346967978125 0.155611065625 0.3174237453125 0.1649497046875 0.28353046875 0.15777156875 0.26703337031249996 0.1540663953125 0.2308401171875 0.1473122828125 0.1738007203125 0.1420826375 0.1271843953125 0.12033622031249999 0.09796425 0.09098764375 0.09278930468749999 0.058822335937500005 0.1226576234375 0.05448113125 0.1472778171875 0.00325491875 0.43779610468749997 0.0047793890625 0.4482191765625 0.015874709375 0.4806383796875
3 0.53180188125 0.73915565 0.5416049375 0.8170411890624999 0.5748706968749999 0.8381382390625 0.6020385703125 0.8175430031250001 0.6259454921875001 0.7963727734375 0.6520129156250001 0.7248121671875001 0.6622197953125 0.6859948515625 0.6765558703125001 0.642828490625 0.6841580265625 0.6187832906249999 0.68676275 0.604011175 0.6387166984375 0.5904622265625 0.6054509390625 0.5693651765625 0.5663195062499999 0.5624652484375 0.569136240625 0.527421984375 0.5552241875 0.530046046875 0.548278259375 0.5694383562499999 0.5413323328125 0.6088306671875 0.531125453125 0.6476479828125 0.52722846875 0.7078864359375 0.53180188125 0.73915565
3 1 0.22021283593750002 0.9923028859375 0.2060213015625 0.978390834375 0.20864536562499997 0.9662152640624999 0.20142135 0.9438328140625 0.2330146515625 0.91732116875 0.2689569984375 0.8897292734375 0.3300945328125 0.8682150640625 0.3567637953125 0.853434771875 0.364311896875 0.8377862374999999 0.3767840375 0.8319205625 0.390981159375 0.8354137234375001 0.4474455625 0.834989703125 0.487987859375 0.8415116078124999 0.4891378484375 0.86022928125 0.5736724078125001 0.91718995 0.5938703765625 0.9565333953125 0.5804991546875 0.981096546875 0.5746760359375 0.98609398125 0.5654029515625 1 0.467736721875 1 0.22021283593750002
3 0.454871671875 0.8322105734375 0.49637562031250004 0.7684489765625 0.5148408875 0.7209335703125 0.5250477671875 0.6821162546874999 0.5276524890625 0.6673441375 0.5319936937499999 0.64272394375 0.546541778125 0.5792864343749999 0.550014740625 0.5595902796875001 0.55109499375 0.534395090625 0.5430486171875 0.52282203125 0.5389194234375 0.5271710765625001 0.525007371875 0.5297951390625 0.5054416546875 0.526345175 0.49718326562500004 0.5350432656249999 0.47262011406250004 0.540866384375 0.46283725625 0.539141403125 0.43262044062499994 0.538890496875 0.421969340625 0.5420895531250001 0.40892552968749996 0.539789578125 0.4000109125 0.53314055625 0.3965379484375 0.5528367125 0.3885117703125 0.617424209375 0.3830903140625 0.667239590625 0.38942040625 0.7648212859375 0.403776678125 0.79781548125 0.41747672031249994 0.8154625687499999 0.454871671875 0.8322105734375
3 0.073996421875 0.7802833890625 0.079226065625 0.8268997140625001 0.093794346875 0.8396227609375 0.12727211562500002 0.8404486625 0.15291551875 0.8094303546875 0.171168775 0.7821860984375 0.19355122656249998 0.750592796875 0.21680191718750003 0.71407545625 0.2326624625 0.6813321671875 0.239396378125 0.66221100625 0.2604461703125 0.5237629265625 0.222627196875 0.54755721875 0.15827638125000001 0.5311333015625 0.128271575 0.5106112453125 0.1137234921875 0.5740487546875 0.10504108281249999 0.6232891421875 0.09222948125 0.676878575 0.08615179375000001 0.7113468468749999 0.08007410781249999 0.7458151187500001 0.073996421875 0.7802833890625
3 0.83248596875 0.8835627625000001 0.8470542515625 0.8962858109375 0.8907590984375 0.9344549515624999 0.9187952140625001 0.908935678125 0.9248729000000001 0.87446740625 0.9309505874999999 0.839999134375 0.9470231421875 0.7869846968750001 0.9507081156250001 0.7470173921875001 0.9546051 0.6867789390625 0.9617630390624999 0.6271154796875 0.9634995203125 0.617267403125 0.9687089656250001 0.5877231703125 0.9597943484375 0.5810741484374999 0.92784105 0.5906713203125 0.86262199375 0.5791714406249999 0.8452167796875001 0.5253311015625 0.83435366875 0.54880130625 0.8289322140625 0.5986166890625 0.7974433328125 0.7199926765625 0.797231321875 0.740263825 0.80790261875 0.813225325 0.81965416875 0.8609916375 0.83248596875 0.8835627625000001
1 0.4156392484375 0.444507859375 0.42781481875000005 0.45173187343750004 0.44585606406249995 0.44475876562499994 0.4591118859375 0.42678759218750006 0.465845803125 0.40766643125 0.47279173124999996 0.36827412187499997 0.47387198125 0.3430789328125 0.466037615625 0.311234725 0.4605959609375 0.28488955 0.4558105375 0.273891484375 0.44928863124999996 0.27274149531249997 0.4395057734375 0.2710165140625 0.421464528125 0.277989621875 0.40255504062499997 0.28988676875 0.3982138359375 0.3145069625 0.407784684375 0.33650309375 0.4108336265625 0.3573492359375 0.4121460859375 0.38804345625000003 0.41019759375 0.4181626828125 0.4156392484375 0.444507859375
3 0.734213165625 0.8306946843749999 0.76572224375 0.7854792546875 0.7865802234375 0.7434628812499999 0.796787103125 0.704645565625 0.8187253328124999 0.6374340046875 0.8280639734375 0.603540728125 0.8360901515625001 0.5389532296875 0.82391458125 0.5317292140625 0.8108909671875001 0.605589796875 0.694152896875 0.6002371234375 0.6891554609375 0.6095102078125 0.66374426875 0.6964179234375 0.6674494390625 0.7326111765625 0.6807254609375 0.7908005609375001 0.6902963078125001 0.8127966921875001 0.717040159375 0.832743753125 0.734213165625 0.8306946843749999
3 0.32290908749999997 0.79878774375 0.3635447953125 0.739950184375 0.3761443859375 0.7066319015625 0.3815658421875 0.6568165203125 0.3843825765625 0.6217732546875 0.39219674531250004 0.57745690625 0.39327699531250004 0.5522617171875 0.3958817171875 0.5374896015624999 0.403271865625 0.5337155499999999 0.41392296406250007 0.53051649375 0.4197886390625 0.516319371875 0.3954375 0.5018713421875 0.29847715468749997 0.47969748437500004 0.2902187671875 0.4883955734375 0.2737019921875 0.505791753125 0.25870968906249997 0.533611003125 0.2437375828125 0.6375908124999999 0.2368118546875 0.7531436796875 0.2396487859375 0.794260971875 0.25400505624999997 0.8272551671875 0.28335363281250003 0.8324301140625 0.32290908749999997 0.79878774375
3 0.40672463125 0.4378588375 0.41390276718749996 0.4543559359375 0.42694657812500003 0.45665591250000004 0.44151485937499996 0.469378959375 0.46520977031250005 0.46847987812499997 0.5184652671875 0.45248459375000005 0.5284601359375001 0.43393842656250003 0.5369305343749999 0.40496918906249996 0.5330133515625 0.389047084375 0.5393030484375 0.3343076640625 0.5181926640625 0.244274071875 0.5005754390625 0.21070488125 0.44535125000000003 0.18065883437500002 0.4062198171875 0.17375890624999998 0.38883480000000004 0.196079125 0.37297425781250004 0.2288224140625 0.35842617187500003 0.29225992343749996 0.3638678265625 0.3186051 0.36431204687499996 0.354223359375 0.36323179375 0.379418546875 0.3614953125 0.389266625 0.385846453125 0.40371465312500004 0.4021512171875 0.4065896234375 0.40672463125 0.4378588375
3 0.1647982875 0.5322832890625 0.1843640046875 0.535733253125 0.2234954375 0.5426331796875 0.25718521875 0.5231879328125 0.2893505265625 0.4933196125 0.302818359375 0.45507729062499996 0.3188909140625 0.4020628515625 0.3275733234375 0.3528224640625 0.326048853125 0.34239939218750004 0.32386815156250004 0.3166292109375 0.31035992343749996 0.20255041875000002 0.3075229921875 0.1614331265625 0.2875130546875 0.122364903125 0.27446924375 0.120064928125 0.24751338125000003 0.1203890140625 0.227523640625 0.1574813484375 0.209926615625 0.200072715625 0.1890686359375 0.24208908906249998 0.16734241562500002 0.2890295 0.136721775 0.4054814484375 0.126090875 0.48484106406249994 0.1324007703125 0.5062622 0.1437081 0.5184102546875 0.1647982875 0.5322832890625
3 0 0.69631171875 0.0059404343749999994 0.72766621875 0.031371826562499996 0.716919059375 0.0694028109375 0.6728536171874999 0.08352687187499999 0.64995840625 0.1009118890625 0.6276381875 0.10851404687499999 0.6035929875 0.12414238281250001 0.514960290625 0.12435439374999999 0.49468914062499997 0.125222634375 0.489765103125 0.10152772343750001 0.4906641828125 0.0713109078125 0.49041327656249994 0.0378331375 0.489587375 0.03023098125 0.513632575 0.0059000375 0.575345103125 0 0.60880588125 0 0.69631171875
3 0.569580459375 0.5630402421875 0.6054509390625 0.5693651765625 0.6354557453125 0.5898872328125 0.6843700375 0.5985121421875 0.7471963828125 0.6045129890625 0.8117592078125 0.6006657578125 0.8195733765625001 0.5563494078125 0.826519303125 0.5169570984375 0.8323849796875 0.5027599765625 0.83693819375 0.4578686328125 0.8341012624999999 0.416751340625 0.8280033781249999 0.3750590546875 0.8269029296875001 0.3240936859375 0.8175440921874999 0.28182640625 0.8138389203124999 0.245633153125 0.791436271875 0.201065896875 0.7244807328125 0.1994140953125 0.6536282109375 0.25800074687499996 0.629509278125 0.299442125 0.59844441875 0.3802758140625 0.5791109109375 0.432715259375 0.5734774453125 0.5028017890625 0.5697924703125 0.54276909375 0.569580459375 0.5630402421875