3 0.3693288515625 0.8213547609375 0.3814376515625 0.7928686093749999 0.399362721875 0.747417534375 0.41051900156250004 0.7080440046875001 0.41271274375000006 0.6913960140625 0.4185290140625 0.67443109375 0.40985517812500005 0.6587338921875 0.37725244375 0.6615862625 0.3436971859375 0.653551259375 0.32568569375 0.5728467453125 0.31767568125 0.60645965625 0.2946993015625 0.6358966015624999 0.30908826718750004 0.71691804375 0.3210959296875 0.770721053125 0.3348210734375 0.8024323843750001 0.3480699546875 0.828700028125 0.354838746875 0.82262248125 0.3693288515625 0.8213547609375
3 0.2603643671875 0.8692854000000001 0.280670740625 0.8510527578125 0.2944970234375 0.800474928125 0.306605825 0.7719887734374999 0.301554515625 0.75597464375 0.2982206890625 0.717868834375 0.295839384375 0.6906504 0.3011793921875 0.6682417921875 0.297845565625 0.6301359843750001 0.2806854578125 0.6426080093750001 0.25170524843750003 0.6451434484374999 0.23531010000000002 0.6246364203125 0.22158495625 0.5929250890625 0.17296219375 0.66300328125 0.18058236875 0.7501022703125 0.1947837734375 0.787257290625 0.20946143906249998 0.8298559953125 0.218135275 0.8455531953125 0.2381529484375 0.8657432921874999 0.2603643671875 0.8692854000000001
3 1 0.5433501046875 0.996329296875 0.5196583875 0.9808866703125 0.5100387343749999 0.9767878828125 0.5049119765625 0.9681140484374999 0.4892147765625 0.956293946875 0.4792781921875 0.9521951609375 0.47415143437499996 0.9449501078125 0.4747852953125 0.942280103125 0.4859896 0.92940634375 0.5474548046875001 0.8900348171875001 0.556384721875 0.883266025 0.5624622687499999 0.8933686421875 0.5944905281249999 0.8971787296875 0.6380400234375 0.9068050859375001 0.6646245984375 0.9577080140625001 0.704054003125 0.9772494265624999 0.718800415625 0.988593265625 0.7232933109374999 0.998984584375 0.7168988359374999 1 0.70919299375 1 0.5433501046875
3 0.867823396875 0.5528426140625 0.8936573421875 0.556067790625 0.92940634375 0.5474548046875001 0.9427563640625 0.4914332859375 0.9300848828125 0.388320165625 0.9318023640625 0.36622848750000003 0.929421059375 0.339010053125 0.9260872328125 0.30090424531250004 0.9109333078124999 0.252861853125 0.8728030015625 0.23425640468750003 0.8592654187500001 0.2464115 0.850302884375 0.2691370375 0.84134035 0.291862575 0.8256090234375 0.320665659375 0.820269015625 0.343074265625 0.8135002218749999 0.3491518125 0.8045376875000001 0.37187735 0.815304128125 0.4532157234375 0.8176854328125 0.48043415781250004 0.8263592671875 0.4961313578125 0.8514282484375 0.5323355859375 0.867823396875 0.5528426140625
3 0.24855898281250002 0.6509040640625 0.273916665625 0.6486855546875 0.2973693046875 0.6246922968749999 0.3140531546875 0.6067765875 0.318916903125 0.5789242921875 0.31777681874999997 0.5241704953124999 0.3026228921875 0.47612810312500004 0.2925202765625 0.444099840625 0.2855639234375 0.4063109625 0.27546130468749996 0.3742827 0.248198578125 0.3547264625 0.21559584375 0.35757883281249997 0.19671825 0.392142534375 0.1992871171875 0.46322739375 0.20119216093749998 0.4850021421875 0.2192036515625 0.5657066546875 0.2261600046875 0.6034955328125 0.23893262656249997 0.624319490625 0.24855898281250002 0.6509040640625
3 0.08219676249999999 0.83550485625 0.10002069375 0.87234294375 0.1181333234375 0.8707582953124999 0.1461610109375 0.85733548125 0.1582698109375 0.8288493265625 0.167232346875 0.806123790625 0.16847356875 0.7785884249999999 0.173813578125 0.7561798171875 0.1760073203125 0.739531828125 0.177724803125 0.71744015 0.17343845468750002 0.66844696875 0.17296219375 0.66300328125 0.148080771875 0.670665478125 0.14083571875 0.6712993375 0.098419065625 0.6037007078125 0.08202391718749999 0.58319368125 0.0803064359375 0.6052853578125 0.056088835937500005 0.6622576671875 0.054371353125 0.68434934375 0.05722891718749999 0.7170114640625 0.063709009375 0.74935665625 0.0697128390625 0.7762581609375 0.08219676249999999 0.83550485625
3 0.7485540171875 0.7333233171875 0.7579928140625001 0.7160414671875001 0.76428534375 0.7045202328125 0.7669553484375 0.6933159296875 0.7713428343750001 0.660019946875 0.7670564859375 0.6110267656249999 0.7646751828125 0.58380833125 0.7637226609375001 0.5729209578125001 0.7333136687499999 0.5591253375 0.7036696375 0.5123506640625 0.7084322453125 0.5667875328124999 0.70499728125 0.6109708875 0.6805921203125 0.624076771875 0.6557106984375001 0.63173896875 0.6576157421875 0.653513715625 0.6708646234375 0.679781359375 0.6986036109375 0.704781284375 0.716903803125 0.7470630593750001 0.7364452171875 0.761809471875 0.7485540171875 0.7333233171875
3 0.504040859375 0.6504937140625 0.5197721859375 0.6216906296875 0.5042431374999999 0.4859153890625 0.4968105234375 0.4426828234375 0.4949054796875 0.420908075 0.47784650937500006 0.35109093593749996 0.4196985296875 0.312295390625 0.3929120640625 0.2981828390625 0.350394271875 0.3128733734375 0.34362548125000003 0.3189509203125 0.32789415312500003 0.34775400312500004 0.3257004109375 0.3644019953125 0.316737875 0.3871275328125 0.31787795937499996 0.44188133125 0.322828128125 0.540184625 0.330737003125 0.5888608765625001 0.3417921421875 0.6317765125 0.3473197125 0.6532343296875001 0.3736299171875 0.6619031921875 0.504040859375 0.6504937140625
3 0.1326381453125 0.6610458234375 0.1444582453125 0.6709824078125 0.176108459375 0.6572426640625 0.198608578125 0.6223620328125 0.224731221875 0.587164471875 0.210529815625 0.5500094546875001 0.20214468281250003 0.4958895140625 0.1888958 0.469621871875 0.1332302625 0.37575559687500004 0.1132125875 0.35556549843749996 0.0910011703125 0.3520233921875 0.066596009375 0.3651292765625 0.0571572125 0.3824111265625 0.0570560734375 0.4647002890625 0.0649649484375 0.513376540625 0.06782251406249999 0.5460386625 0.08154765625 0.57774999375 0.090697753125 0.59889088125 0.1029941140625 0.614271153125 0.1326381453125 0.6610458234375
3 0.8963126296875 0.7533082375 0.9021288999999999 0.7363433171875 0.9028938609375 0.7033642671875 0.8995600343750001 0.6652584578125 0.8962262078125001 0.62715265 0.8924161203125 0.5836031562499999 0.878690978125 0.5518918234375 0.867823396875 0.5528426140625 0.8473294625 0.527208828125 0.8263592671875 0.4961313578125 0.8176854328125 0.48043415781250004 0.8195904765625001 0.50220890625 0.8067167140624999 0.5636741109375001 0.764198921875 0.5783646453125 0.7689615296875 0.6328015125 0.7800166703125 0.6757171468750001 0.7927892921875 0.6965411046875001 0.8101369625 0.7279355078124999 0.844644740625 0.746857884375 0.8963126296875 0.7533082375
3 0.534262290625 0.6204229109375 0.539789859375 0.6418807281250001 0.5506574390625001 0.6409299374999999 0.5692463296875 0.6447889734375 0.5941277515625 0.6371267781250001 0.6112878609375 0.6246547546875 0.63302301875 0.6227531734375 0.6484656453125 0.6323728281250001 0.684214646875 0.6237598421875 0.70499728125 0.6109708875 0.709861028125 0.58311859375 0.7008120718749999 0.4796885421875 0.689280671875 0.4313292203125 0.6722217015624999 0.36151208125 0.6457239359375 0.30897679375 0.6175086875 0.27853318125 0.584429690625 0.2759418640625 0.5419118984375 0.29063239687500003 0.5176942984374999 0.34760470625 0.5007217500000001 0.4039431546875 0.50043305 0.44236589375 0.5083419250000001 0.49104214375 0.520537146875 0.5887115781250001 0.522442190625 0.6104863265625 0.534262290625 0.6204229109375
3 0.7601001359375 0.5732378875 0.8067167140624999 0.5636741109375001 0.814250465625 0.5246175125 0.8154916890624999 0.4970821484375 0.8157803890625 0.45865941093749996 0.811494040625 0.40966622812500003 0.8045376875000001 0.37187735 0.801680121875 0.3392152296875 0.7997750796875 0.31744048125 0.7947237703125001 0.30142635156250003 0.7860499359374999 0.28572915 0.7438208421875 0.2619969453125 0.7021544343749999 0.36986401562500004 0.6955732015625 0.41980798750000003 0.6974782453125 0.4415827359375 0.7113909515625 0.517160490625 0.7328374078125 0.5536816499999999 0.7601001359375 0.5732378875
3 0.6173781140625 0.7777118453125 0.6354907453124999 0.776127196875 0.6444532796875 0.7534016593749999 0.6497932890625 0.7309930515625 0.654180775 0.697697071875 0.6522757312499999 0.6759223234375 0.6508469484375 0.6595912625 0.652088171875 0.6320558984375 0.6366455453125 0.62243624375 0.607665334375 0.624971684375 0.597750278125 0.6368098484375 0.5692463296875 0.6447889734375 0.5434123859375 0.6415637984375 0.5402661203125 0.6473244140625 0.5462699515625 0.67422591875 0.5568488312500001 0.7116978671874999 0.571050234375 0.7488528859375 0.5833465953125 0.76423315625 0.6069867953125 0.7841063234375001 0.6173781140625 0.7777118453125
3 0.5173761640625 0.802916946875 0.5272912203125 0.7910787828125 0.5294849640625 0.7744307921875 0.5384474984375001 0.7517052546875 0.543311246875 0.7238529609375 0.5409299437499999 0.696634525 0.5385486390625001 0.669416090625 0.53711985625 0.6530850312500001 0.5356910734375 0.6367539703125 0.5352148125 0.6313102828125 0.5188196640625 0.61080325625 0.5197721859375 0.6216906296875 0.504040859375 0.6504937140625 0.42119901718749997 0.663226790625 0.43130163593750004 0.6952550515625 0.4409279921875 0.7218396265625 0.45055435 0.7484242 0.4638032328125 0.7746918453125 0.499263534375 0.804501596875 0.5173761640625 0.802916946875