3 0.197900184375 0.606297034375 0.20557668125 0.6052181734375 0.20845410625 0.5699921375 0.2129312203125 0.5461484921875 0.21420895468749998 0.49954006562500003 0.1956565796875 0.47893300468750005 0.18158132031250002 0.4344823 0.1598295625 0.3911104546875 0.15663018125 0.368345671875 0.11057120000000001 0.3748188390625 0.09074109218750001 0.40082020625 0.0939404734375 0.42358499062500005 0.09106305 0.458811025 0.07475428125 0.5655679953125 0.0965060375 0.6089398390625 0.104182534375 0.6078609765625 0.197900184375 0.606297034375
3 0.086263978125 0.4246638515625 0.08146490468749999 0.390516675 0.0539583 0.4175969046875 0.044682112499999996 0.4072933734375 0.027729428125 0.3980687046875 0.01077674375 0.38884403437500004 0.0139761265625 0.41160881875 0.036371796875 0.5709623015624999 0.0456479859375 0.58126583125 0.0670777828125 0.56664685625 0.07475428125 0.5655679953125 0.0865859359375 0.4826546703125 0.086263978125 0.4246638515625
3 0.3757373421875 0.5348747984375 0.375415384375 0.47688397968749996 0.3674169296875 0.41997202031249997 0.3549413609375 0.3869037078125 0.3287124890625 0.3673755078125 0.3056829984375 0.370612090625 0.29033000468750003 0.3727698140625 0.25194752343750004 0.3781641203125 0.23211741406250003 0.4041654875 0.2218854515625 0.4984612046875 0.23148359531249998 0.5667555531249999 0.2593121578125 0.5976661437499999 0.3069708296875 0.60257536875 0.3591066140625 0.5836409484375 0.3757373421875 0.5348747984375
3 0.9441200515625001 0.5130298843750001 0.9437980937500001 0.455039065625 0.9175692218749999 0.43551086562499997 0.9098927265625001 0.43658972656249995 0.8807864296875 0.45228756406250004 0.8545575578125 0.43275936406250004 0.836327140625 0.4701431234375 0.8318500249999999 0.49398676718749995 0.8350494078124999 0.5167515500000001 0.8398484796875 0.5508987265624999 0.8660773515625 0.570426925 0.935165821875 0.5607171734375 0.9441200515625001 0.5130298843750001
3 0.742931446875 0.5296978859375 0.770438053125 0.50261765625 0.7624395984375 0.44570569843749996 0.749964028125 0.4126373859375 0.743565265625 0.36710781875 0.7173363937499999 0.3475796203125 0.7096598968750001 0.34865848125 0.6805536015625 0.36435631874999996 0.6683999890625001 0.38927882343750003 0.663922875 0.41312246874999997 0.6594457609375 0.43696611250000006 0.6626451421875 0.4597308953125 0.66904390625 0.5052604625 0.6875962796875 0.525867521875 0.7291781453125 0.543238 0.742931446875 0.5296978859375
3 0.8484807515625 0.4452206171875 0.8420819890625 0.3996910515625 0.8235296140624999 0.379083990625 0.7928236265625 0.38339943593750003 0.76371733125 0.399097271875 0.7608399078125 0.43432330781250006 0.76563898125 0.4684704828125 0.770438053125 0.50261765625 0.8318500249999999 0.49398676718749995 0.8484807515625 0.4452206171875
3 0.52575603125 0.711113675 0.5363099515624999 0.674808778125 0.5468638734375 0.63850388125 0.5452641828125 0.6271214890625 0.5327886140625 0.5940531765625 0.5219127343750001 0.572367253125 0.51103685625 0.5506813312500001 0.418918896875 0.563627665625 0.4224402359375 0.64438326875 0.4413145671875 0.7229811484375 0.452190446875 0.744667071875 0.49377231093749996 0.762037546875 0.5059259234375 0.7371150421875 0.52575603125 0.711113675
3 0.393333940625 0.66008110625 0.3773370328125 0.546257190625 0.3591066140625 0.5836409484375 0.3069708296875 0.60257536875 0.27626484375000004 0.6068908140625 0.293539484375 0.6741063015625001 0.310814125 0.741321790625 0.3431198015625 0.7483887375 0.3907784734375 0.7532979609375 0.3984549703125 0.7522191 0.393333940625 0.66008110625
3 0.2724316421875 0.746716096875 0.2769087578125 0.7228724515625 0.27978618125 0.687646415625 0.2765868 0.6648816328125 0.27338741718750004 0.6421168484375 0.26858834531250003 0.607969675 0.2593121578125 0.5976661437499999 0.23148359531249998 0.5667555531249999 0.222207409375 0.5564520234375 0.21453091093749999 0.557530884375 0.20557668125 0.6052181734375 0.1748706953125 0.6095336171875 0.17966976875000001 0.64368079375 0.187668221875 0.7005927515625 0.20174348125 0.74504345625 0.212619359375 0.766729378125 0.26027803125000004 0.771638603125 0.2724316421875 0.746716096875
3 0.6063541984375 0.5604997796875 0.621707190625 0.5583420578125 0.643136990625 0.54372308125 0.6722432875 0.5280252453125 0.6581680265625 0.483574540625 0.6626451421875 0.4597308953125 0.650169571875 0.4266625828125 0.6284178171875 0.3832907375 0.6175419375 0.36160481718750004 0.6005892546875 0.35238014687499997 0.5622067703125 0.357774453125 0.5391772796875001 0.3610110375 0.531500784375 0.3620898984375 0.519347171875 0.3870124046875 0.5212688203125 0.456385615625 0.5276675828124999 0.50191518125 0.549419340625 0.545287025 0.5663720234375 0.55451169375 0.5910012046875 0.562657503125 0.6063541984375 0.5604997796875
3 0.82481744375 0.6110472671875 0.8353713656249999 0.5747423687500001 0.8366490984375 0.5281339421875 0.8196964140624999 0.5189092734375 0.8027437296875 0.509684603125 0.7873907359375 0.5118423265625001 0.7797142406249999 0.5129211875 0.7627615546875 0.50369651875 0.7291781453125 0.543238 0.6799197828125 0.526946384375 0.683119165625 0.5497111671875 0.697194425 0.594161871875 0.717346490625 0.626151325 0.7573286640625 0.6321394109375 0.7957111484375 0.6267451046875 0.82481744375 0.6110472671875
3 0.9082930359375 0.42520733593750004 0.9127701500000001 0.4013636921875 0.9172472640624999 0.377520046875 0.9108485015625 0.33199048124999997 0.9092488109374999 0.3206080890625 0.9076491203125 0.30922569843750003 0.8846196296875 0.31246228125000003 0.8647895218749999 0.3384636484375 0.861912096875 0.373689684375 0.8513581765625 0.40999458281249995 0.8545575578125 0.43275936406250004 0.8807864296875 0.45228756406250004 0.9082930359375 0.42520733593750004
3 0.184790796875 0.7358187859374999 0.187668221875 0.7005927515625 0.181269459375 0.6550631828125 0.1748706953125 0.6095336171875 0.104182534375 0.6078609765625 0.1125029453125 0.72276375625 0.123378825 0.7444496765624999 0.1435308890625 0.7764391296875 0.1649606890625 0.7618201531250001 0.1726371859375 0.7607412921875001 0.184790796875 0.7358187859374999
3 0.673209159375 0.701997703125 0.6914395765625 0.6646139437499999 0.6943170015625 0.629387909375 0.695594734375 0.5827794796875 0.686318546875 0.5724759515625 0.6693658625000001 0.56325128125 0.660089675 0.5529477515625 0.643136990625 0.54372308125 0.621707190625 0.5583420578125 0.5910012046875 0.562657503125 0.5926008953124999 0.57403989375 0.5788475937500001 0.5875800078125 0.580447284375 0.5989623984375 0.5852463578125 0.633109575 0.608597803125 0.687863809375 0.6441028625 0.7176955406250001 0.673209159375 0.701997703125
3 0.5289453171875 0.4553067546875 0.5071935609375 0.41193490937500005 0.48704149531249996 0.3799454578125 0.4777653078125 0.36964192812499996 0.45313612656249996 0.36149611875 0.4301066359375 0.364732703125 0.407077146875 0.3679692875 0.3811702328125 0.4064319078125 0.397167140625 0.5202558234375 0.409642709375 0.5533241359375001 0.42659539375 0.5625488046875 0.51103685625 0.5506813312500001 0.521590778125 0.514376434375 0.5289453171875 0.4553067546875