1 0.1509230125 0.20052359062499997 0.152893953125 0.20233062968749999 0.1556830703125 0.2042526578125 0.1596418125 0.2037889953125 0.16265023125 0.20217174375 0.1630719671875 0.19917093125000002 0.1649360546875 0.193822759375 0.166783278125 0.192552328125 0.1701347125 0.19047327187500002 0.17294069375 0.18831755781249998 0.17548238124999999 0.1840846421875 0.1763342859375 0.1760441484375 0.1764383015625 0.167388528125 0.1726004390625 0.1551188328125 0.1621974546875 0.1301961484375 0.15781414062500002 0.1178497921875 0.15150487968749998 0.1093128734375 0.148108453125 0.105775453125 0.14497631875 0.10431523437500001 0.14278608125 0.10604747187500001 0.1397523671875 0.1137813328125 0.13869802656250002 0.1212833640625 0.1377055421875 0.13032413125 0.1390635734375 0.14836547656250001 0.140025165625 0.16329102499999998 0.1437055875 0.1806387328125 0.1470682875 0.1923316359375 0.1509230125 0.20052359062499997
3 0.14176366093749998 0.7821822453125 0.14260996875 0.7919914515625 0.1450392078125 0.7984530249999999 0.153133834375 0.8041807765625 0.1564684046875 0.8061794609374999 0.1664186859375 0.808597909375 0.1768609953125 0.8075154109374999 0.185815959375 0.8031637953124999 0.19574654375 0.7938491562500001 0.2029498671875 0.784151225 0.2226029296875 0.7333618203125 0.22839762812500003 0.717855765625 0.234448190625 0.706465784375 0.2383000828125 0.6988469078125 0.24495795468749998 0.6890723203125 0.24901228125000002 0.681991909375 0.252133146875 0.6696801703124999 0.25414624531249996 0.6612928546875 0.2551387296875 0.6522520890625 0.25489973125 0.6440582765625 0.2561733734375 0.6330169703124999 0.2579924671875 0.6220523203125 0.2602080015625 0.614203471875 0.26210581718750003 0.600699815625 0.2652941375 0.5720771109375 0.266387803125 0.538569896875 0.2675011671875 0.5167957703125 0.2695395625 0.5022918453125 0.270548909375 0.4891733375 0.2549782328125 0.4931051875 0.2513709375 0.49106817343750003 0.249189128125 0.490761540625 0.24529224374999997 0.4927639390625 0.2399614390625 0.4950748265625 0.23559782343750002 0.4944615609375 0.23005615000000001 0.49827285468750004 0.22875437812500002 0.49961994374999996 0.2203701625 0.49793160625 0.21108061406249998 0.5007061562499999 0.203621428125 0.5062880171875 0.1944921578125 0.5197953859375 0.188466890625 0.5250687578125001 0.182995509375 0.528379915625 0.1754828953125 0.5303841703125001 0.1693536109375 0.544313159375 0.16056743125 0.6068300828125001 0.1521495609375 0.6627685875 0.1437401234375 0.716668221875 0.14128282812499998 0.749983790625 0.1414262421875 0.7647943515625 0.14176366093749998 0.7821822453125
1 0.29157105 0.32178315625 0.29135175 0.3253224328125 0.290842859375 0.332901121875 0.29103686562500003 0.33547845625 0.2914501703125 0.334516515625 0.297880309375 0.330320071875 0.3078727515625 0.32254416875 0.3120507953125 0.318541228125 0.315613096875 0.314961765625 0.31904325 0.310343703125 0.3207667578125 0.3059958015625 0.3210563484375 0.3019563890625 0.3186889671875 0.29703355 0.3167348921875 0.2911487703125 0.315255978125 0.28584078281249997 0.3136364859375 0.281533065625 0.31147154062500004 0.2771486921875 0.3098436171875 0.2748798453125 0.3067902046875 0.2708806203125 0.303807084375 0.2663812578125 0.3011754078125 0.25938121875000003 0.2997049265625 0.2520343625 0.2972138296875 0.2440340515625 0.298158559375 0.263037340625 0.29743036875 0.27415530625 0.2967106109375 0.2832344015625 0.2942786109375 0.3104333578125 0.2935054265625 0.315934846875 0.29157105 0.32178315625
1 0.47836909531250005 0.6331336921874999 0.47502892812499997 0.648984709375 0.4728415234375 0.6665277765625001 0.470609125 0.6784543671875001 0.472852790625 0.6802997359375 0.4724760484375 0.6889170250000001 0.470755375 0.7090757562500001 0.46855110624999996 0.730696565625 0.4740815125 0.7131133125 0.4789793140625 0.700031278125 0.48721168437499995 0.6889479281249999 0.49481145 0.6823657953125 0.5181224703125 0.67085154375 0.52634924375 0.67761789375 0.5311374328125 0.6910411765625 0.5271674953125001 0.7272042421875 0.5401429859375 0.6744563375 0.544706203125 0.6597972390625 0.5527220359375 0.618592634375 0.5522440375000001 0.6022050109375 0.55216248125 0.5889331875 0.5484314703125001 0.5838187015625 0.5418157578125 0.5833989374999999 0.5372862671874999 0.5899025546875001 0.527892703125 0.6013327234375 0.5146472484375 0.6203817671875 0.5015761000000001 0.63027505625 0.48444778906249997 0.631437928125 0.47836909531250005 0.6331336921874999
3 0.21766230625 0.31139595937500003 0.2088451609375 0.348407834375 0.196502275 0.3966545203125 0.189706659375 0.423240209375 0.1903055359375 0.42689447343750003 0.19269821250000002 0.4257007 0.196999971875 0.42477523125000005 0.199128353125 0.42150425937499997 0.20064099375 0.41865676250000006 0.2021452015625 0.41784813749999994 0.20274407968750002 0.421502403125 0.20498774531250002 0.42334777187499995 0.210177971875 0.42203715312499995 0.21659968125 0.41987958125 0.22091830156249997 0.414876371875 0.2257655125 0.41402756093750004 0.23111318125000002 0.40763893125 0.23523779843749998 0.40005838593750004 0.23886195468750002 0.398017659375 0.241808515625 0.3948616734375 0.24618056406250002 0.39343606875 0.250693190625 0.39101019375 0.2521439734375 0.3866239625 0.25407835156249997 0.38077565468749996 0.25517768749999997 0.3788901 0.258441965625 0.3813889203125 0.262628440625 0.375347109375 0.26366591875 0.3719228203125 0.2662778953125 0.367189771875 0.2688645765625 0.3685733328125 0.2731382046875 0.35795364531249996 0.2836058078125 0.3507545359375 0.29028054375 0.336902203125 0.298355471875 0.3308968671875 0.3067031265625 0.3249298578125 0.31506764375 0.3148851078125 0.3228782765625 0.30680256875 0.312295315625 0.259413978125 0.2982822 0.2166434484375 0.2821435390625 0.1929547234375 0.27363560625 0.1881889140625 0.25934983906250003 0.19485141718750001 0.24725714375000002 0.2155925125 0.23637907187499999 0.2395643953125 0.22876527656249998 0.2660350984375 0.21766230625 0.31139595937500003
1 0.7079736328124999 0.7883158625 0.7153316390625 0.8072004500000001 0.7212444578125 0.8126215671875 0.73248808125 0.815731796875 0.742207796875 0.8079175640624999 0.7560099703125001 0.8027171375 0.76397245 0.8074062890624999 0.7669274421875001 0.8022114328125 0.7688252578125 0.788707778125 0.7716677265625 0.7447360484375001 0.7718926234375 0.7233470703125 0.7647117609375 0.711117559375 0.7604268656250001 0.7079652890625 0.7587792421875 0.693963353125 0.7577810875 0.671382459375 0.741389396875 0.6593884937500001 0.7312957015625 0.642159484375 0.7271766796875 0.6318903296875 0.722610628125 0.6307385984375 0.7165797640625 0.6538616703125 0.71127149375 0.683716478125 0.7054908953125001 0.728805321875 0.6991198515625 0.768201028125 0.7038011875 0.7744691015625 0.7079736328124999 0.7883158625
3 0.668827421875 0.653270684375 0.6653382453125001 0.6721608406249999 0.663881865625 0.6943967734375 0.665442334375 0.7129765828125 0.670494815625 0.72847706875 0.674490121875 0.735668753125 0.6807037953124999 0.7508224171875 0.6839174859375 0.7655544625 0.6859446874999999 0.7867499375 0.6867853968750001 0.8144088437500001 0.6871678109375 0.8374132140625001 0.6909466515625 0.8639550078125 0.6933337296875 0.880610934375 0.6960272625 0.8891497078124999 0.7037620109375 0.8994170078125 0.7156748015625001 0.905681365625 0.7301292796875 0.9077128109375 0.73867936875 0.9022842656250001 0.74684145 0.8917010515625 0.7555827109375 0.8730390124999999 0.7660980703125 0.837795846875 0.77054316875 0.802209575 0.7729920328125 0.770932878125 0.7760003765625 0.7198442671875 0.782663771875 0.642748615625 0.7887142609375 0.5818872703125 0.786971053125 0.5745020843749999 0.7805549421875 0.5588099546875 0.7745352703124999 0.546233625 0.7710685546875 0.543196340625 0.766986096875 0.5405825328125 0.7618043015625 0.539854278125 0.7573703968750001 0.539741146875 0.75300678125 0.53912788125 0.7497340703125001 0.53866793125 0.7442626859375 0.541979090625 0.7403658 0.5439814875 0.7357210281250001 0.5453687640625 0.73046894375 0.5451406453125001 0.7274689578125 0.544719025 0.72549801875 0.5429119859375 0.7237998046875 0.541143275 0.7210106875 0.5392212484375001 0.7186264437500001 0.5383761515625001 0.713419353125 0.5437645109375 0.7116339875000001 0.5465736765625 0.7093116 0.5472673140625 0.70741095 0.5449601390625001 0.704737115625 0.548154453125 0.700910521875 0.5496567171875 0.6961954578125 0.551544128125 0.693943359375 0.55173763125 0.692517871875 0.55000725 0.6915591156249999 0.5508925328125 0.6920624078125 0.5611635453125 0.690040878125 0.571589728125 0.6861468281249999 0.5894029578125 0.6814261687500001 0.60914006875 0.672589325 0.63441885625 0.668827421875 0.653270684375
1 0.5783049265625 0.6680893296875 0.5720519265624999 0.678940846875 0.569951675 0.6919060375 0.57076425625 0.7098707265625 0.571956415625 0.7350289562500001 0.5748214921875 0.7680725078124999 0.58069775 0.765838278125 0.58419819375 0.76072008125 0.5869704484375 0.7667198484375 0.589247840625 0.760409734375 0.5909966453125 0.74994521875 0.5915673921875 0.743905265625 0.5917501296875 0.732710640625 0.593709803125 0.720745721875 0.59852888125 0.7102026921875 0.6036375515625 0.6956202515625 0.613121103125 0.6954230359375 0.6178024390625 0.7016911078125 0.6170658171875 0.7148479453125 0.6179458531249999 0.7165016671875 0.623119215625 0.7192687921875 0.6263132062500001 0.7222677484375 0.6297630578125 0.7293827734375 0.630373203125 0.7468089984375 0.6338849140625 0.7554627593750001 0.634686228125 0.7596554890625 0.6326646984375001 0.770081671875 0.630792178125 0.777468715625 0.631725640625 0.78270004375 0.633151128125 0.784430425 0.636519425 0.778273628125 0.6398792890625 0.7741557 0.642061096875 0.7744623328125 0.6422916640625 0.7846950171875 0.65309094375 0.7137907796875 0.6476898484375 0.7166018015625 0.6456233250000001 0.721411509375 0.64320251875 0.712911065625 0.6344949125 0.6739462609375 0.628860415625 0.6507137703125 0.62368421875 0.6321358171875 0.610475253125 0.6093688453125 0.6040001187499999 0.6079488109375 0.5976852609375001 0.6172615953125 0.589534446875 0.64161676875 0.583264584375 0.6565460296875 0.5783049265625 0.6680893296875
1 0.787839821875 0.5623838484375 0.787628953125 0.5638842546875 0.790260628125 0.5708842921875 0.7961031578125 0.5768055453125001 0.7984958343749999 0.575611771875 0.8062643093749999 0.5777235890625 0.8119128343750001 0.5810675078124999 0.8166026000000001 0.5852967078125 0.8204039015625 0.58991105625 0.8225154203124999 0.5907178265625 0.8235444656249999 0.5893324078125 0.821132090625 0.578793090625 0.8202070609375 0.5715228921875 0.8189390171875001 0.5647145 0.8170102359375001 0.5527131062499999 0.8162004906250001 0.5505592484374999 0.8133860765625001 0.554753834375 0.8105716640624999 0.55894841875 0.8064807734375 0.5583734812500001 0.8011049765625 0.5550678921875 0.7978406953125 0.5525690734375 0.79144428125 0.54861003125 0.7951752937500001 0.5537245171875 0.796732928125 0.556493496875 0.7960300328125001 0.5614948515625 0.7939635093749999 0.566304559375 0.7893355984375 0.5636140937499999 0.787839821875 0.5623838484375
3 0.6487999375 0.3821886796875 0.6521063765624999 0.374493146875 0.658140075 0.3671809046875 0.6619582375 0.3677175125 0.668627378125 0.3717148828125 0.675701390625 0.37678918125 0.6843751953125 0.3744381078125 0.6915363609375 0.37493453125 0.696226128125 0.37916373124999997 0.69850635625 0.38866444843750003 0.6983854765624999 0.40139780781249995 0.7080293046875 0.411933409375 0.7213057265625 0.4183894140625 0.7385324578125 0.4264206265625 0.743995409375 0.42514833906250005 0.7455164812499999 0.42026197187500003 0.746298096875 0.41272161250000006 0.7467001359375 0.39798771093749996 0.7491771296875 0.3764052296875 0.7525228921875 0.3427045140625 0.7537065453125 0.320430253125 0.753332565625 0.29538701093749997 0.7513419265625 0.2818468828125 0.7438883359374999 0.2695790421875 0.738838690625 0.2698893890625 0.7291358375 0.27362588125 0.7201190171875 0.2764387625 0.7109616171875001 0.2802519125 0.7043121765625 0.2879876296875 0.6941707234375001 0.2988026765625 0.6877237203125001 0.3070768609375 0.6797809390625 0.31412079843749996 0.673536371875 0.3229334453125 0.6667379203125 0.33370830625000003 0.6580838140624999 0.34779246875 0.65080176875 0.36002940625 0.642763403125 0.37369009062499997 0.636923709375 0.38357966875 0.633898428125 0.389274659375 0.6338028437500001 0.39589140624999997 0.63734828125 0.3963896859375 0.6431711109375 0.39057785 0.6487999375 0.3821886796875
3 0.14517606875 0.187985590625 0.1489605046875 0.19667768125 0.15282366249999998 0.20283076718749998 0.150149828125 0.20602508125000002 0.141872465625 0.21149195468749998 0.1358556296875 0.21472645468749998 0.13139642812500002 0.22072993593749998 0.127730109375 0.232965015625 0.1230460125 0.260357475 0.118423771875 0.28928866875 0.11380996406249999 0.31618099375000003 0.10992718125 0.3477661796875 0.10884754375000001 0.3613848234375 0.1046133140625 0.3954706890625 0.10157684062500001 0.43686508125 0.1010876484375 0.456176859375 0.1012310640625 0.47098741874999994 0.10340727499999999 0.4891437515625 0.10536134999999999 0.49502853281250003 0.10917108281250001 0.4976040109375 0.1143078828125 0.49271578906249996 0.119382825 0.4862888296875 0.12165178593749999 0.48201758593750005 0.1290575453125 0.47285812031249996 0.13674446406250002 0.4616981125 0.1461998859375 0.45180667812499997 0.160159503125 0.441528240625 0.1687883140625 0.4335606890625 0.1767310953125 0.4265167515625 0.1857647796875 0.41962613125 0.1902858375 0.41516138593749996 0.1926869453125 0.4119287421875 0.20871301406249998 0.347369234375 0.1949810546875 0.3025981640625 0.1902800203125 0.28459700312499997 0.185134715625 0.24205273593749999 0.1807541625 0.19604585000000002 0.1794917140625 0.1713877546875 0.1684195625 0.143310940625 0.158351159375 0.119965321875 0.1526576421875 0.11100492656250001 0.1504224078125 0.10712068749999999 0.1452490453125 0.1043535640625 0.14258364375000002 0.10550900781250001 0.1398226578125 0.1132811984375 0.13777583124999998 0.129823996875 0.1384112703125 0.1411336078125 0.1391704265625 0.1555206890625 0.1405537546875 0.1674454234375 0.1426231140625 0.17844654531249998 0.14517606875 0.187985590625
3 0.788863271875 0.5788481296875 0.7881097859375 0.5960827078125 0.784966459375 0.6303218890625 0.7803020609375 0.6694474359375 0.7777829078125 0.7012242703125 0.7762562390625 0.7239603375 0.7812158984375001 0.7124170390625 0.788163359375 0.6986030359375001 0.7980658140625 0.679594178125 0.8063234781249999 0.6623942171875 0.8098857796875001 0.6588147531249999 0.8119523046875001 0.6540050453124999 0.8130937984375001 0.6419251375 0.8153430609375001 0.62592080625 0.8199175453124999 0.625033665625 0.8234179906250001 0.6199154671875 0.8267412921874999 0.6081421921875 0.825419821875 0.59775619375 0.8278209296875 0.59452355 0.8266119062499999 0.5734430609375 0.8206259640625 0.55271125 0.8100823984375 0.5287888359374999 0.7989962187499999 0.5206005921875 0.783979425 0.5225702328125 0.7755586484375 0.513226546875 0.7635784015625 0.5232731515625 0.7537546703125 0.5397430046875 0.7615315765624999 0.53981595 0.7690273249999999 0.5418894375 0.775626175 0.5463869421875 0.78157555625 0.5594634078125 0.788863271875 0.5788481296875
0 0.3438669859375 0.34545331562500003 0.359999978125 0.33752037968750004 0.3715950484375 0.338129934375 0.3808508671875 0.343510865625 0.3915911984375 0.33635008437499997 0.40949269375 0.329685725 0.42517022187500003 0.3329090859375 0.4407268703125 0.3488658046875 0.45466402656250005 0.3605148109375 0.46637154531249997 0.3504298734375 0.46682700937500005 0.339273578125 0.465581425 0.31053774375 0.45769199531250004 0.27168792656249996 0.4443058875 0.2422658796875 0.43143150468749997 0.2210759734375 0.4196143 0.20819486718750002 0.40618886875 0.2047780046875 0.3974363421875 0.209668084375 0.388253646875 0.219597846875 0.3755705078125 0.2346458078125 0.36244876718749997 0.256772321875 0.352934325 0.28093585 0.3497347375 0.29578659531249996 0.349245546875 0.3150983734375 0.3438669859375 0.34545331562500003
0 0.694800640625 0.37743335 0.6982757890625 0.3784317640625 0.699234546875 0.37754648125 0.7008090453125 0.37623772187500004 0.7015119390625 0.371236365625 0.7007106249999999 0.3670436390625 0.6967687453125 0.363429559375 0.6924754203125 0.362316159375 0.687971225 0.3627031625 0.6821652578124999 0.3644372578125 0.6800987328125 0.36924696562500003 0.6788503859375 0.374171659375 0.6800734375 0.37536357656249997 0.6838297437499999 0.37436145 0.6873133250000001 0.37332099375 0.6907884734375 0.37431940625000004 0.694800640625 0.37743335
0 0.7877270796875 0.37519289218749996 0.7830654421875 0.3806579078125 0.775949271875 0.3857779625 0.7739530359375 0.3900875359375 0.775510671875 0.3928565171875 0.780270728125 0.3965855828125 0.791638065625 0.4027732828125 0.797550884375 0.4081944 0.7998564078125 0.41157850468749996 0.8024993515625001 0.432350503125 0.8063175140625001 0.4328871109375 0.8123962078125 0.43119134687500005 0.8169875546875 0.426226465625 0.8207775890625 0.4170688546875 0.8238984546875001 0.404757115625 0.8285938187499999 0.39113661718750004 0.8310820796874999 0.38332609687499997 0.8352769859375 0.3752454140625 0.83953375 0.3687034703125 0.8472656640625 0.3631599375 0.8520763109375 0.3546557796875 0.8576601421875001 0.34065013125 0.8637022734375 0.3312990203125 0.8677144421874999 0.33441296249999997 0.8720414953125 0.3273708796875 0.87405459375 0.3189835671875 0.88282115 0.294204915625 0.885000121875 0.27870071875 0.8849972875000001 0.2628898875 0.8821800390625001 0.25127364375 0.8780525875 0.24304335937500002 0.8733881140624999 0.23269754531250003 0.8672559953125001 0.23081570468749998 0.8600076781249999 0.234897159375 0.852812784375 0.24255621875000002 0.84567131875 0.2537928859375 0.8390753046875 0.26510621093750003 0.833007878125 0.2805739359375 0.8253153624999999 0.3095836453125 0.8159330671875 0.3347857734375 0.810560103125 0.34729101562500003 0.804307103125 0.35814253281249997 0.7990915828125 0.3655697625 0.7877270796875 0.37519289218749996
3 0.4655117234375 0.7068087671875001 0.4640469125 0.7310835703125 0.4628548265625 0.7553967015625 0.46403012187500003 0.7846326734375 0.4662147640625 0.8007501375 0.46670962656250004 0.8130600187500001 0.46794394375000004 0.8280238953125 0.46796364375 0.8397569828125 0.4690208203125 0.8480657828125 0.47226823749999997 0.8546423437499999 0.4788755171875 0.857100978125 0.487003871875 0.8546732468749999 0.4960628515625 0.8416660140625 0.50205155625 0.8287372953125001 0.5087965828125001 0.8143848281249999 0.5156821859375 0.7990320921875 0.5223034953125001 0.7816021546874999 0.5277186171875 0.7589025609375 0.5329565984375 0.7295478890625 0.5384054484374999 0.6986928125 0.5430726828125 0.67537809375 0.5484006531250001 0.657256375 0.5562000203124999 0.6354018796875 0.560709809375 0.6171651734375 0.5701089703125 0.587885303125 0.57437133125 0.5634936578125 0.5766824515625 0.549028059375 0.5776833671875 0.5379484234375 0.5783497 0.5252917218750001 0.5784368515625 0.5207138453125 0.5728501859375 0.5189086625 0.5552635765625 0.5154169984375 0.54231330625 0.512576928125 0.5286854390625 0.5086216015625 0.5204502343749999 0.5038941218749999 0.5137108046875001 0.5003968859375 0.5062853453125 0.49782326406250005 0.4983762921875 0.49671171875000003 0.4924381765625 0.49740721250000003 0.48719452656250006 0.495140225 0.47850385624999997 0.5015690390625 0.4762518328125 0.551233903125 0.47218071562499997 0.611863415625 0.47221168125 0.6373684640625 0.469754384375 0.6706840328125 0.46700466562500004 0.692228184375 0.4655117234375 0.7068087671875001
3 0.571683690625 0.734990628125 0.5740454734375 0.7577631671875 0.57534165 0.774265778125 0.5782573171875 0.7950761046875 0.5835769281250001 0.82846461875 0.5870549125 0.8452738640625 0.5936903234375001 0.8574267156250001 0.6032891609375 0.862345840625 0.613396884375 0.859686278125 0.621542103125 0.8531808062499999 0.630196209375 0.8390966421874999 0.6342842640625 0.82386075 0.639839965625 0.8001608843750001 0.6445240625 0.772768425 0.65632709375 0.70659538125 0.6635950359375 0.6647756546875 0.678074734375 0.6112191265625 0.6904541828124999 0.5706277875 0.69246728125 0.5622404734375 0.6916547 0.544275784375 0.689638765625 0.5368522687499999 0.6865234984375 0.53131430625 0.68237918125 0.5271617640625 0.6717597328125 0.5215891859374999 0.6618797375 0.5186706015625 0.6461769140625 0.5215638546875 0.62774683125 0.5240738140625 0.621263265625 0.52469265 0.6177881171874999 0.5236942359375 0.6089287375 0.521429103125 0.60299905625 0.5200857265625001 0.5976063921875 0.5208578796875 0.591193115625 0.5209765796875 0.5870937953124999 0.5224405125 0.5837507937499999 0.5224806984375 0.578841725 0.521790775 0.5776917984375001 0.535909553125 0.5745316093749999 0.574226475 0.5730640375 0.6321618078125 0.5715402015625 0.67070870625 0.570030396875 0.6893670328125 0.571683690625 0.734990628125
3 0.2496984609375 0.78001101875 0.257787490625 0.8035884703124999 0.274932665625 0.7983478578125001 0.2906495171875 0.7755660359375 0.31121074375 0.736124571875 0.33250859374999997 0.683526271875 0.350218846875 0.6406240453125001 0.362750065625 0.563333034375 0.3770076296875 0.497504953125 0.3723881515625 0.4927756171875 0.3530414703125 0.48597650625 0.32949988124999996 0.4872580765625 0.314983546875 0.48368789687499997 0.3044343859375 0.477615184375 0.29542599531249997 0.47838919375 0.286285459375 0.47812460312500005 0.27657417500000003 0.48389996562500004 0.272396134375 0.48790290625 0.2663596734375 0.528875678125 0.266120746875 0.5701532265625 0.2600168328125 0.6274369656250001 0.2540816265625 0.69341465 0.24957750625 0.743273015625 0.2496984609375 0.78001101875
0 0.5085147625 0.371143121875 0.5088943390625 0.37833666093749996 0.51120829375 0.37968189531249996 0.516460378125 0.3799100125 0.5241304328124999 0.3728277453125 0.5295483890625 0.36593898125 0.53318098125 0.36185938281249996 0.5355033671875 0.36116574687499997 0.5405361515625 0.3649331421875 0.5464574015625 0.3683153875 0.5537422828125 0.37188928125 0.55864291875 0.374618075 0.5644938796875001 0.3785004578125 0.5705472765625 0.38292130625 0.5805509859375 0.388917359375 0.5892697859375 0.3921827640625 0.5969679703125 0.394794715625 0.603847978125 0.3972916796875 0.610120675 0.39817325000000003 0.616120646875 0.399016490625 0.6187157609375 0.39836118125 0.6215301734375 0.3941665953125 0.623849725 0.377662128125 0.6268553078125 0.3602340484375 0.6314438203125 0.3394583375 0.6320538921875001 0.30741319843750003 0.6311372937499999 0.298104128125 0.6298861109375 0.2872179953125 0.627631178125 0.2716006671875 0.6226939812500001 0.261216525 0.6162610046875 0.24960213593749997 0.6053238359375 0.238374753125 0.590200190625 0.2331891796875 0.5772864859375 0.23800445625000002 0.5601694390625 0.25293928593750004 0.547134853125 0.2704879234375 0.5333270828125001 0.29353805 0.5243918187500001 0.3096227546875 0.5190807125 0.32366673125 0.5147986515625 0.33632528906250003 0.512029234375 0.34613635 0.5093751 0.3610637546875 0.5085147625 0.371143121875
3 0.3710951046875 0.6899692796875 0.368775553125 0.7064737484375 0.3670239875 0.7505987937499999 0.3666332171875 0.779104653125 0.36629303593749996 0.7953772890625 0.3657672828125 0.8070337203125 0.366650153125 0.8244982734375 0.3710784625 0.84246110625 0.3762433921875 0.8472671 0.3853052078125 0.850070696875 0.390970596875 0.8493368734375 0.3978927625 0.841639484375 0.40523666562500005 0.83094128125 0.4119198328125 0.8150500812500001 0.4204839515625 0.7897329640625 0.42596093125 0.7685721046875 0.431148321875 0.7514506562500001 0.43710046562500005 0.7308665921874999 0.44161025625 0.7126298859375 0.444896996875 0.6932012640625 0.44790257968749997 0.675773184375 0.44948267499999994 0.6566147234375 0.4562304609375 0.6086017265625 0.458117009375 0.5813261109375001 0.46169333906250004 0.5578580765625001 0.4663521421875 0.5365822296875 0.4739322078125 0.5182670093749999 0.47737922499999996 0.5095712046875 0.47599589687500005 0.497646471875 0.47260790156250004 0.4920701796875 0.4677691234375 0.4908801203125 0.4638103796875 0.49134378281249996 0.458769165625 0.489615259375 0.45120312656249995 0.48804190781249995 0.4466989328125 0.48842891093749996 0.44102511250000004 0.49120160625000003 0.43582645624999994 0.49455109375 0.42905329999999997 0.4992093421875 0.42221828749999996 0.5023288546875 0.41661475625 0.5046014140625 0.41483782031249994 0.505371709375 0.41285845 0.505603540625 0.40862697968750006 0.5060288749999999 0.40465980625000003 0.508531409375 0.39760549218749996 0.5151901984375 0.39459707499999996 0.5168074484375 0.391237209375 0.520925375 0.38384831406250003 0.5260071015625 0.3815174953125 0.528739609375 0.377182009375 0.5378205609375 0.37432543749999997 0.5522095 0.37463472656249996 0.5599031765625 0.375810021875 0.5891391484375 0.3791081015625 0.6329538453125 0.37881008125000004 0.6390321296875 0.37739585937500003 0.6510737078125 0.373968540625 0.6715026 0.3710951046875 0.6899692796875
0 0.831667590625 0.8521111828124999 0.8311136343750001 0.8046020328125 0.81638635625 0.7530608984375 0.794880328125 0.7240277125000001 0.7798354046875 0.7163031328125 0.7769422703125 0.7230367249999999 0.7754943234375 0.7432337875 0.77756368125 0.7542349078125 0.7823631359375 0.7814301515625 0.7908936015625 0.8137398796875001 0.801454028125 0.8335845531249999 0.8147164203124999 0.859929128125 0.8220462953125001 0.869119496875 0.831667590625 0.8521111828124999
1 0.37802003281249996 0.648611359375 0.3746095765625 0.6649625109375 0.37079708437500003 0.6960475640625 0.375073546875 0.7012387062500001 0.37767425625 0.682733696875 0.38221217812499997 0.674191209375 0.3911671421875 0.66983959375 0.39752982812500004 0.6819541171875 0.40697122031250005 0.69195125625 0.41779310625 0.6980622984375 0.4252972875 0.6980969140625 0.4319748578125 0.7000554140624999 0.43623162187500003 0.6935134671875 0.4382868796875 0.6749317984375 0.44403658593750006 0.65380926875 0.4464770171875 0.6245714421875 0.446991503125 0.5991430531249999 0.4360824640625 0.5976098875 0.42577230312500003 0.5997309859375 0.41575173125 0.597812671875 0.41168613593750003 0.5911211234375 0.40772455937499996 0.5757739546875 0.405031025 0.5672351812499999 0.412057209375 0.5508821734375 0.41611153749999996 0.5438017625 0.4232811328125 0.542259315625 0.42957912656249997 0.5370242734375 0.43650129375 0.5293268828125 0.44865024687500005 0.5279742234375 0.46149366406250003 0.5236590796875 0.4713286640625 0.5209611890625 0.4757344375 0.5113801015624999 0.4770615046875 0.5039164 0.4739631 0.494300696875 0.468182428125 0.48991817812500005 0.46388067031249997 0.490843646875 0.46074010468750004 0.49142229843749996 0.4543352609375 0.489502128125 0.44881045156250005 0.48923568125 0.44300448281250004 0.49096977343750003 0.437594959375 0.49581966875 0.4298011875 0.4998244640625 0.42242072343750003 0.5028673203125 0.4188049953125 0.5028691765625 0.415594140625 0.5039479625000001 0.414626953125 0.506872115625 0.41006090000000006 0.5057203859375 0.402196840625 0.5102253171875 0.3960394265625 0.5144600875 0.391237209375 0.520925375 0.3869973109375 0.5233895796875 0.38281926718750003 0.5273925203125 0.37917824375000003 0.5335109874999999 0.37690085156249997 0.5398211015625 0.374668453125 0.55174769375 0.3748568609375 0.5721747296874999 0.3764004671875 0.59483228125 0.378129646875 0.6221060406250001 0.37930210625 0.63553118125 0.37802003281249996 0.648611359375