3 0.5857888546875001 0.3002017953125 0.6084148984375 0.284219359375 0.6108356703125 0.27811825 0.6488254453125 0.2644567125 0.6667584578125 0.24388525 0.6716 0.23168302812500002 0.6859761125 0.211867609375 0.6874092671875001 0.1836301796875 0.6712064296875 0.1423817140625 0.6537189515625 0.11257942812499999 0.6431967640625 0.09805630625 0.626845415625 0.0735990890625 0.6069371671875 0.049897915625 0.58702891875 0.0261967421875 0.569392928125 0.013185704687499999 0.524140840625 0.045150575 0.5109008562499999 0.0703110625 0.5007722375 0.14508925625 0.5017598546875 0.1672255734375 0.525618571875 0.27947202031249996 0.5526406234375 0.301661109375 0.5608905531249999 0.30549409375000003 0.5857888546875001 0.3002017953125
3 0.9557510734375001 0.48413224843749997 0.95817184375 0.47803113750000004 0.9560480953124999 0.45054974999999997 0.959753509375 0.43300245937500004 0.9505159609374999 0.40703315624999997 0.9448353140625001 0.3803078125 0.9425630546875 0.369617675 0.928483965625 0.3558505953125 0.9249270640624999 0.3566066375 0.910847975 0.342839559375 0.89207585625 0.324483453125 0.8458361515625 0.33431200625 0.8266184953125 0.3663296484375 0.8547766749999999 0.39386380625 0.8735487953125001 0.4122199109375 0.887479371875 0.44277824062500004 0.9073876203125 0.46647941406250004 0.9272958703124999 0.4901805890625 0.9557510734375001 0.48413224843749997
3 0.373659475 0.33411816562499996 0.3819094046875 0.33795115 0.3937162359375 0.341028090625 0.40196616562500004 0.34486107499999996 0.43867130000000004 0.34264571875 0.49202480312499997 0.33130508125 0.5086731765625 0.3221798 0.5335714796875 0.31688750312499997 0.4970668234375 0.1626365484375 0.49123766562500004 0.152702453125 0.48540850625000004 0.1427683578125 0.4666363859375 0.12441225156249999 0.4561141984375 0.1098891296875 0.4384782078125 0.09687809375 0.42439911874999997 0.08311101562499999 0.403057715625 0.0876472703125 0.385273215625 0.0914274828125 0.3746025125 0.09369561093749999 0.36506794062500003 0.10130880625000001 0.34955569999999997 0.11577915624999999 0.34169933750000003 0.20124748750000002 0.34609534375 0.23941901250000003 0.3495037328125 0.25545421875 0.3551843796875 0.2821795625 0.36200115624999996 0.31424997499999996 0.373659475 0.33411816562499996
3 0.698124546875 0.44392092656250004 0.7026690656250001 0.46530120156250004 0.7107704828125 0.485925434375 0.72356493125 0.5111386921875 0.7410524078125 0.5409409796875 0.776027365625 0.60054555 0.7936633546875 0.6135565859375001 0.8127324984375001 0.5983301937500001 0.8295293812500001 0.5724136640624999 0.8298264062499999 0.538831165625 0.8171804703125 0.49682665625 0.8149082109375 0.4861365203125 0.8009776343749999 0.455578190625 0.7732649921875 0.37767028593749996 0.7556290015625 0.3646592484375 0.735423728125 0.37454057343749997 0.7081046546875001 0.3859339828125 0.7008423421875001 0.404237315625 0.6924439 0.41719558125 0.690023128125 0.42329669374999995 0.698124546875 0.44392092656250004
3 0.122255678125 0.393142253125 0.1327778671875 0.407665375 0.144584696875 0.410742315625 0.14814159843750002 0.4099862734375 0.16592610000000002 0.4062060609375 0.1730399 0.4046939765625 0.179017571875 0.397836821875 0.1838591140625 0.3856346 0.1887006546875 0.3734323765625 0.19240606875 0.355885084375 0.19255458125 0.33909383593750003 0.18074774843750002 0.3360168953125 0.166668659375 0.322249815625 0.156146471875 0.30772669375 0.13865899375 0.2779244078125 0.1341144765625 0.2565441328125 0.13070608749999998 0.2405089265625 0.1272976984375 0.22447371875000002 0.12146853906249999 0.214539625 0.10852557968750001 0.2061176140625 0.10141177812499999 0.20762969999999997 0.0907410765625 0.2098978265625 0.08347876562499999 0.2282011625 0.0818971 0.273229840625 0.075919428125 0.28008699375 0.10037219374999999 0.32516844218749996 0.10491671250000001 0.34654871875 0.12111955 0.387797184375 0.122255678125 0.393142253125
3 0.8457396062500001 0.21142819375 0.8562617953125 0.225951315625 0.8727616546875 0.2336172828125 0.87631855625 0.232861240625 0.9107514296874999 0.21995574687500002 0.9097638124999999 0.197819428125 0.90892470625 0.1588918625 0.9082341125 0.1031730453125 0.9070979843750001 0.097827978125 0.908382625 0.086381796875 0.9049742375 0.07034659062500001 0.9015658484375001 0.05431138437500001 0.8863506296875 0.035199234375 0.8685661281250001 0.038979446875000004 0.8625884562499999 0.0458366015625 0.8529053734375 0.070241046875 0.84806383125 0.08244327031250001 0.8537444781250001 0.10916861562499999 0.8535959671875 0.12595986406249998 0.8557197140625 0.1534412515625 0.8555712015625 0.1702325 0.855422690625 0.1870237484375 0.8457396062500001 0.21142819375
3 0.6283677265625001 0.5704794093750001 0.6435829453124999 0.58959155625 0.678854925 0.615613628125 0.6930825265625 0.612589459375 0.7003448390625 0.594286125 0.7077556640625 0.5591915421875 0.7091888187500001 0.5309541125 0.7094858421875 0.4973716140625 0.70380519375 0.4706462703125 0.7015329359375 0.4599561328125 0.6969884171875 0.4385758578125 0.6924439 0.41719558125 0.6997062125 0.39889224843750004 0.6854786109375001 0.40191641875000006 0.6736717796875 0.39883947656249996 0.6156252453125 0.40559108750000006 0.5787716015625 0.42459769375 0.5737815453125 0.4535911640625 0.5818829640625001 0.47421539687500003 0.5922566421875 0.50552976875 0.60974411875 0.535332053125 0.6214024375 0.5552002453125 0.6283677265625001 0.5704794093750001
3 0.336011303125 0.5767560781250001 0.3441127203125 0.5973803109375 0.351078009375 0.6126594765625 0.3638724578125 0.6378727343749999 0.37908767656250003 0.65698488125 0.39430289531249996 0.6760970296875 0.42448827656250004 0.6082287625 0.4163868578125 0.5876045296875 0.404728540625 0.5677363390625 0.39534247968749997 0.5585582859375 0.3836841625 0.5386900953125 0.373458996875 0.4905844765625 0.3993950359375 0.46831191875 0.3309247046875 0.48286573749999995 0.3047417609375 0.49960421562499996 0.3057293765625 0.521740534375 0.309137765625 0.5377757390625 0.311410025 0.548465878125 0.3161030546875 0.5530549031249999 0.32662524375 0.5675780265625 0.336011303125 0.5767560781250001
3 0.08801589531250001 0.6518153718749999 0.10466426718749999 0.6426900890625 0.1060974203125 0.6144526625 0.1173621703125 0.5450195375 0.1281813828125 0.5259601609375 0.11523842343749999 0.5175381515625 0.0904886328125 0.5060391984375 0.07156800156250001 0.50447434375 0.0537834984375 0.50825455625 0.0442489265625 0.5158677515625001 0.0321450734375 0.5463733078125 0.0092220046875 0.5959382421874999 0.0161872953125 0.61121740625 0.0239916890625 0.6654241375 0.04404845 0.6723340624999999 0.05471915000000001 0.6700659359375 0.0784813234375 0.65942856875 0.08801589531250001 0.6518153718749999
3 0.1060528421875 0.3518937875 0.09923606406249999 0.3198233734375 0.091134646875 0.29919914062499997 0.08061245781250001 0.2846760203125 0.0653972390625 0.265563871875 0.0595680796875 0.255629778125 0.04306821875 0.247963809375 0.03239751875 0.2502319359375 0.022862946875 0.2578451328125 0.0167367640625 0.28149353593750004 0.0431647640625 0.370847621875 0.052402312500000006 0.39681692343749997 0.0713229421875 0.3983817796875 0.09622124531250001 0.39308948125 0.11286961874999998 0.3839642015625 0.1060528421875 0.3518937875
3 0.7691293609375001 0 0.7479285390625 0.031102395312499996 0.7261416015625 0.0860123984375 0.7138892343750001 0.133309203125 0.7207060109375 0.165379615625 0.7394781312500001 0.183735721875 0.7615101265625001 0.2349182828125 0.7767253453125 0.25403043125 0.813578990625 0.23502382656249998 0.839761934375 0.21828534843749997 0.8517172765625001 0.20457103906250002 0.8614003609375 0.18016659375 0.8526083484375 0.1038235453125 0.8423831828124999 0.0557179265625 0.8195469203125001 0 0.7691293609375001 0
3 0.9751172406249999 0.43532335624999996 0.9940378703125001 0.4368882140625 0.9588178578125 0.2711910796875 0.950567928125 0.2673580953125 0.9398972265625 0.2696262234375 0.9219642125 0.290197684375 0.9135657703125 0.30315595 0.9004742984374999 0.31152518749999997 0.8980535265625 0.31762630000000003 0.8967688859375 0.32907247968750003 0.941426925 0.36427260625 0.959753509375 0.43300245937500004 0.966867309375 0.4314903734375 0.9751172406249999 0.43532335624999996
3 0.702527940625 0.0798585140625 0.6836073078125 0.0782936578125 0.6693797078125 0.081317828125 0.6634020359374999 0.0881749828125 0.65144669375 0.101889290625 0.6746148187500001 0.15841692031250001 0.6827162375 0.179041153125 0.6859761125 0.211867609375 0.6716 0.23168302812500002 0.6703153578125 0.24312920781249997 0.7294980234375 0.241722665625 0.7241144 0.18141482343749998 0.7195698828125 0.1600345484375 0.7138892343750001 0.133309203125 0.710629359375 0.100482746875 0.702527940625 0.0798585140625
3 0 0.40236881875 0.0228109796875 0.3975201953125 0.0430162515625 0.3876388703125 0.042028635937499996 0.365502553125 0.0374841171875 0.3441222765625 0.02824656875 0.318152975 0.01787289375 0.2868386046875 0.0026576734375 0.2677264578125 0 0.26512768124999997 0 0.40236881875
3 0.315612940625 0.34086977812499997 0.322726740625 0.33935769374999997 0.3405112421875 0.3355774796875 0.364273415625 0.3249401140625 0.3462438546875 0.2226277625 0.3428354671875 0.20659255625 0.337006309375 0.1966584609375 0.32633560781250004 0.1989265890625 0.2978804046875 0.2049749296875 0.29076660312499997 0.2064870140625 0.2823681609375 0.21944527812499998 0.291605709375 0.24541458125 0.2961502265625 0.26679485625 0.301830875 0.2935202 0.3063753921875 0.3149004765625 0.3122045515625 0.3248345703125 0.315612940625 0.34086977812499997
3 0.49651735625000004 0.49236041718749995 0.5010618734375 0.5137406921875 0.506742521875 0.5404660375 0.521809228125 0.5763694359375 0.5334675468750001 0.596237625 0.5606381078125 0.601635465625 0.5772864796875 0.5925101828125 0.5952194937499999 0.571938721875 0.5976402640625 0.5658376109375001 0.5943803890625 0.53301115625 0.588699740625 0.5062858109375 0.5852913531249999 0.4902506046875 0.577189934375 0.469626371875 0.572645415625 0.448246096875 0.5739300578125001 0.436799915625 0.5705216703125 0.42076470937500005 0.5671132812499999 0.4047295015625 0.55174955 0.40240860468750006 0.516180546875 0.4099690296875 0.48999760312499996 0.42670750625 0.460257759375 0.44420202656249996 0.46253001875 0.4548921640625 0.46722304687499994 0.45948119062500004 0.4743368484375 0.45796910625000004 0.48856445 0.4549449359375 0.4919728375 0.47098014218750006 0.49651735625000004 0.49236041718749995
3 0.4372827234375 0.633442021875 0.4631686453125 0.6502860421875 0.4796685046875 0.657952009375 0.4892030765625 0.6503388140624999 0.503430678125 0.6473146437499999 0.5082722203125 0.6351124203125 0.5132622734375001 0.6061189484375 0.5044702625 0.5297759 0.4931089671875 0.4763252109375 0.48970057968749997 0.4602900046875 0.4743368484375 0.45796910625000004 0.43051791406250006 0.461696546875 0.40917651250000003 0.4662328015625 0.38655046875 0.4822152375 0.373458996875 0.4905844765625 0.3872410609375 0.537934053125 0.39534247968749997 0.5585582859375 0.40586467031250006 0.5730814078125 0.4210798890625 0.59219355625 0.4338743359375 0.617406815625 0.4372827234375 0.633442021875
3 0.2823088078125 0.7613542765625 0.296387896875 0.7751213546875 0.3689590578125 0.731763075 0.39173361406249996 0.698989390625 0.37908767656250003 0.65698488125 0.3638724578125 0.6378727343749999 0.33714743281250004 0.582101146875 0.3254891140625 0.56223295625 0.30671699375 0.5438768515625 0.2924893921875 0.546901021875 0.276531615625 0.61174511875 0.269120790625 0.6468397015625 0.26655150625 0.6697320625 0.26739061249999996 0.7086596296875001 0.2742073890625 0.74073004375 0.2823088078125 0.7613542765625
3 0.903236671875 0.5344004531250001 0.906942084375 0.5168531625 0.8942961484374999 0.4748486515625 0.8863432421875 0.43743317031249995 0.8746849250000001 0.41756497968749995 0.864162734375 0.40304185937500003 0.845390615625 0.3846857546875 0.8266184953125 0.3663296484375 0.7766733796875 0.3937054921875 0.81021518125 0.48154749375000006 0.8265665296875 0.506004709375 0.842917878125 0.5304619265625 0.8629746375 0.5373718515625 0.8890090718750001 0.5374246234375 0.903236671875 0.5344004531250001
3 0.16498306093749998 0.6466286171875 0.1686884734375 0.629081325 0.16883698593750002 0.6122900765625 0.20257926718750002 0.5436657671875 0.21695538124999997 0.5238503484375 0.18509178906249998 0.5138634796875 0.1674557984375 0.50085244375 0.14013672500000002 0.512245853125 0.1281813828125 0.5259601609375 0.1209190703125 0.5442634953125001 0.104961290625 0.6091075921875 0.11162955625 0.6579692546875 0.1185948453125 0.67324841875 0.125560134375 0.6885275828124999 0.132673934375 0.687015496875 0.1481861765625 0.6725451484375 0.16498306093749998 0.6466286171875
3 0.1375228640625 0.2725793390625 0.143352021875 0.2825134359375 0.14918118281249998 0.2924475296875 0.156146471875 0.30772669375 0.16197562968749998 0.3176607890625 0.166668659375 0.322249815625 0.1760547203125 0.3314278671875 0.1889976796875 0.339849878125 0.205497540625 0.3475158453125 0.2326681015625 0.3529136859375 0.25756640468750003 0.3476213890625 0.2706578765625 0.33925215 0.2742147765625 0.3384961078125 0.2814770890625 0.32019277343749997 0.29471707343750003 0.29503228593749997 0.29713784374999996 0.2889311734375 0.295014096875 0.26144978750000003 0.291605709375 0.24541458125 0.283504290625 0.2247903484375 0.26957371406249997 0.19423201875 0.260187653125 0.1850539671875 0.2519377234375 0.18122098281250001 0.237858634375 0.16745390468750002 0.214393484375 0.144508771875 0.20500742343749997 0.13533071875 0.183814534375 0.123075725 0.174428475 0.11389767343749999 0.167314675 0.1154097578125 0.157780103125 0.123022953125 0.146663865625 0.175664828125 0.145379225 0.187111009375 0.1368322703125 0.2168605234375 0.1295699578125 0.23516385781250002 0.1318422171875 0.2458539953125 0.1375228640625 0.2725793390625
3 0.19738873437499999 0.7291255484375 0.20336640625000002 0.7222683937500001 0.2271285796875 0.711631028125 0.24392546249999997 0.685714496875 0.261858478125 0.6651430359375 0.2678361484375 0.65828588125 0.271541559375 0.640738590625 0.2900686234375 0.5530021328125 0.255932771875 0.532325128125 0.23943291093750002 0.5246591609375 0.23473988124999998 0.5200701359375001 0.2014431375 0.538320696875 0.16883698593750002 0.6122900765625 0.166267703125 0.6351824359375 0.1696760921875 0.65121764375 0.1811858984375 0.6878770828125 0.18573041562499998 0.7092573578125 0.19738873437499999 0.7291255484375