3 0 0.3127523625 0.0038734421875000003 0.3412692328125 0.0115643984375 0.38083577812499997 0.016262404687500003 0.4001274515625 0.0165187046875 0.43071082812499994 0.016467784375 0.45483622187500006 0.0145622453125 0.4864915859375 0.015980317187500002 0.5279292296875 0.027506635937500003 0.5628396359375001 0.05623710625 0.59114704375 0.069732025 0.599603990625 0.10467231875 0.6208383984375 0.1349227015625 0.642332665625 0.17333616875 0.66680258125 0.191276840625 0.6737435890625 0.22322418281249998 0.6747031265625 0.2518204328125 0.6730551984375001 0.26841419218749996 0.663311996875 0.283389396875 0.64280331875 0.2953401203125 0.5994188171875 0.2966667953125 0.5672242 0.2902596875 0.5391399625 0.281223134375 0.5147779953125 0.270991490625 0.48878839999999996 0.270123246875 0.46920221562500003 0.2692152796875 0.465018165625 0.26967753125 0.45914758125 0.268470665625 0.431922628125 0.26976985625 0.4069028265625 0.266343559375 0.36976616562500003 0.261334284375 0.3342407421875 0.2520013359375 0.300859296875 0.2396794828125 0.25697874375 0.22269520312500002 0.206183234375 0.20051330625000002 0.17986176250000002 0.1737951109375 0.1570291375 0.13952827343750002 0.1441368328125 0.1118415421875 0.1358314171875 0.0880572828125 0.137847528125 0.055539171875 0.15590026875000002 0.0287821984375 0.1865203328125 0.014271871875 0.2264917515625 0.0074007328125 0.25454994062499997 0.00013587499999999998 0.287898821875 0 0.29221049374999997 0 0.3127523625
3 0.364264315625 0.6857421375 0.3842253578125 0.7177094609375 0.4105457859375 0.7360570125 0.43025457500000003 0.747216725 0.460804084375 0.7556174437500001 0.49281044375 0.75200311875 0.5189101515625001 0.7521440109374999 0.563009546875 0.7546520484375 0.5961736281250001 0.752116225 0.630463903125 0.7480579515625 0.6670930625 0.7292061000000001 0.679772209375 0.6798140765625 0.6797713609375 0.6042089078124999 0.6720804031250001 0.5646423609375 0.6658462953125001 0.5130607687500001 0.6543708984375 0.45402496875000004 0.6426004234375 0.41785848124999997 0.625561175 0.3814125984375 0.6148934546875 0.3606742390625 0.607332671875 0.34128726249999997 0.5961095265624999 0.3030590734375 0.5801649390625 0.2624897890625 0.5612120578125 0.23814774062500002 0.5199948296875 0.2090086625 0.50205415625 0.202067653125 0.472056025 0.2013809984375 0.4499178046875 0.206987771875 0.42656689062500003 0.22586567343750003 0.41679335 0.23167607812500002 0.394867753125 0.23593798281249997 0.3825346046875 0.238335303125 0.360152228125 0.242685996875 0.34136509843749996 0.25090023437500003 0.323771271875 0.2725696921875 0.301763225 0.2983560375 0.28998955 0.3280189515625 0.276510821875 0.3586650671875 0.2753652390625 0.3869138609375 0.26967753125 0.45914758125 0.270123246875 0.46920221562500003 0.27830811718750004 0.5069192953125 0.281223134375 0.5147779953125 0.28410078437499997 0.5220875671874999 0.30058865625000003 0.5508193859375 0.3206992609375 0.5762399359375 0.32956733125 0.590158640625 0.3437712859375 0.6193344062499999 0.3588969 0.6678841249999999 0.364264315625 0.6857421375
0 0.5356202453125001 0.5820427453125 0.5359864828124999 0.5839268671875 0.537022128125 0.584377328125 0.539428121875 0.5845614203125 0.5412552546875 0.5842062625 0.54366125 0.5843903546875 0.5465240265625 0.58448565625 0.5457915546875001 0.5807174140625 0.5447243796875 0.5776660031249999 0.5420426953125 0.573624878125 0.5410975984374999 0.57120150625 0.5400304203124999 0.56815009375 0.53738026875 0.5667099203125 0.5363446234375 0.566259459375 0.5347301171875001 0.565269746875 0.5339070968749999 0.563474415625 0.5312254125 0.559433290625 0.530524471875 0.5582660015625 0.5306465515625 0.5588940421874999 0.5308001609375 0.56212303125 0.5307096140625001 0.56409594375 0.5315326328125 0.565891275 0.5320209484375 0.5684034359375 0.5326313421875 0.5715436390625 0.5326628734375001 0.574144590625 0.5325723265625 0.5761175015625 0.5329385624999999 0.5780016234375001 0.53434044375 0.5803362046875 0.5356202453125001 0.5820427453125
0 0.5806775375 0.323656540625 0.5827488296875 0.3245574640625 0.584698040625 0.3248303453125 0.5868598781250001 0.32375835625 0.5900573609374999 0.323136828125 0.5918844937500001 0.3227816703125 0.5942904875 0.32296576250000003 0.5961176218750001 0.322610603125 0.5979447546875 0.3222554453125 0.5987362421875 0.321449825 0.5977911453125 0.319026453125 0.5961766374999999 0.318036740625 0.5939832671875 0.31650777812499997 0.5915772718750001 0.3163236859375 0.5892933578124999 0.316767634375 0.5865526578125 0.317300371875 0.5831110171875 0.31666581875 0.580705021875 0.3164817265625 0.57842110625 0.316925675 0.5756804078125 0.3174584125 0.5730617859375 0.3186191921875 0.5723923765625 0.32005285156249996 0.5725144546875 0.3206808921875 0.5752866875 0.32274910625 0.577235896875 0.3230219875 0.5806775375 0.323656540625
0 0.0814464921875 0.2062648578125 0.082360059375 0.206087278125 0.08373040937500001 0.205820909375 0.085100759375 0.20555454062499998 0.0858922453125 0.2047489203125 0.0870184375 0.20322647031250002 0.0872310640625 0.20188160000000002 0.08756576875 0.2011647703125 0.08869196093750001 0.1996423203125 0.089818153125 0.1981198703125 0.09003077968749999 0.1967749984375 0.0894519171875 0.1962357484375 0.08899513437499999 0.1963245375 0.088203646875 0.1971301578125 0.0874121578125 0.19793577812500002 0.086955375 0.1980245671875 0.085494478125 0.20026384687499998 0.0848250703125 0.2016975078125 0.0836988765625 0.20321995781250002 0.08245060625 0.2041143671875 0.0808676296875 0.20572560625 0.0814464921875 0.2062648578125
0 0.053480025 0.1843266421875 0.054728295312499994 0.1834322328125 0.05643335000000001 0.18244903437499999 0.0581384046875 0.181465834375 0.060056084375 0.179137765625 0.061516981250000005 0.176898484375 0.06285579999999999 0.17403116406250002 0.0638599140625 0.17188067499999998 0.0639504609375 0.16990776406250002 0.0619107015625 0.17160779375 0.0604498046875 0.17384707187499998 0.057953262500000005 0.1756358921875 0.0560355828125 0.1779639609375 0.0538737453125 0.17903595 0.0519245328125 0.17876306875 0.050554184375 0.1790294375 0.0495185390625 0.1785789765625 0.047813484375 0.179562175 0.047144075 0.1809958359375 0.0475103109375 0.18287995625 0.04833333125 0.1846752890625 0.0507393265625 0.18485938125 0.053480025 0.1843266421875
0 0.11879193437499999 0.152078190625 0.1199496578125 0.1531566921875 0.1208632234375 0.15297911250000001 0.12269035625 0.152623953125 0.1236039234375 0.152446375 0.12680140625 0.151824846875 0.1286285390625 0.1514696875 0.1335626078125 0.1524659125 0.134598253125 0.1529163734375 0.1358780546875 0.154622915625 0.138406128125 0.1554350484375 0.13919761718749998 0.154629428125 0.1416036125 0.1548135203125 0.14413168437499999 0.155625653125 0.14620297499999999 0.1565265765625 0.14595881875 0.15527049531249998 0.14364337031250002 0.1531134921875 0.14157208125 0.15221256875 0.1372168734375 0.1517555953125 0.1358465234375 0.1520219640625 0.1334089984375 0.1492369203125 0.1322512734375 0.14815841875 0.12972319999999998 0.14734628593750002 0.12731720468750002 0.14716219531250002 0.1236629390625 0.1478725125 0.1203433765625 0.14786599843749998 0.11702381718749999 0.1478594859375 0.1156534671875 0.1481258546875 0.1150746046875 0.1475866046875 0.1132474703125 0.1479417625 0.11257806249999999 0.14937542343750002 0.1137357859375 0.15045392500000002 0.11589762343750001 0.1493819359375 0.11842569843749999 0.15019406875000002 0.11879193437499999 0.152078190625
0 0.406359340625 0.3340768421875 0.407942315625 0.3324656015625 0.4086117234375 0.3310319421875 0.409493759375 0.3282534109375 0.4099190109375 0.3255636703125 0.409430696875 0.32305150781249997 0.40906446093750004 0.32116738906250003 0.408028815625 0.3207169265625 0.407481484375 0.32277862812499997 0.4070562328125 0.3254683671875 0.40650890312500004 0.32753006875 0.406540434375 0.33013102031249997 0.40611518281250003 0.3328207609375 0.406359340625 0.3340768421875
0 0.5054734 0.663508034375 0.5049576 0.6681706859375 0.505477446875 0.6732837984375 0.506087840625 0.676424 0.5065761546875 0.6789361625 0.5071865484375 0.6820763640624999 0.5099272484374999 0.6815436265625 0.51010834375 0.6775978046875 0.510411515625 0.6742800234375 0.511171471875 0.670873453125 0.511352565625 0.66692763125 0.5123251484375 0.6621761890625 0.5123841640625 0.6576023265625001 0.5126873375 0.65428454375 0.512746353125 0.64971068125 0.5138410125 0.6455872828125 0.5147230484375 0.6428087515625001 0.5154830046875001 0.6394021796875 0.51785746875 0.6369853203125 0.5187395015625 0.6342067890624999 0.5204130250000001 0.6306226390624999 0.5208067468750001 0.625331946875 0.5206846671875 0.6247039062499999 0.5176092625 0.625953475 0.516483071875 0.6274759234375 0.5134076671875001 0.6287254921875001 0.510210184375 0.62934701875 0.508627209375 0.630958259375 0.5060085875 0.6321190375 0.5033899671875 0.633279815625 0.5006492671875 0.6338125546875 0.49812119375 0.633000421875 0.495927825 0.6314714593749999 0.4941006921875 0.6318266171875 0.49434484999999995 0.6330826984375 0.496660296875 0.6352397015625 0.49711707968749996 0.6351509125 0.4990662921875 0.63542379375 0.5025079328125 0.636058346875 0.5047918484375 0.6356143984375 0.50604011875 0.6347199890625 0.5075325484375 0.6350816609375001 0.5075956109375 0.6402835640625 0.5082060046875 0.6434237656249999 0.5083911453125001 0.649253709375 0.50754064375 0.654633190625 0.5067806874999999 0.6580397609374999 0.5054734 0.663508034375
0 0.5432213124999999 0.33093729375000003 0.5451705234374999 0.331210175 0.548033303125 0.331305478125 0.55168756875 0.3305951609375 0.5548850515625 0.3299736328125 0.5586613953125 0.32989135625 0.561858878125 0.329269828125 0.5636860109375 0.3289146703125 0.564812203125 0.32739222031250004 0.5635323999999999 0.32568567812500004 0.5612484859375 0.3261296265625 0.55896456875 0.326573575 0.5552787703125001 0.32468294062499997 0.5527506984375 0.3238708078125 0.5502226234375 0.323058675 0.547816628125 0.32287458281250003 0.5449538515625 0.32277928125 0.541878446875 0.3240288484375 0.540508096875 0.3242952171875 0.539716609375 0.3251008375 0.5392913578125 0.327790578125 0.540114378125 0.3295859109375 0.5432213124999999 0.33093729375000003
0 0.48900152812500003 0.305629196875 0.49024979843749994 0.3047347875 0.49012772031249996 0.304106746875 0.48976148437499994 0.302222625 0.48826905624999994 0.301860953125 0.4873554890625 0.30203853281250004 0.4858630609375 0.3016768609375 0.485071571875 0.30248248125 0.4844021625 0.30391614218749996 0.485103103125 0.3050834328125 0.48671761093750004 0.30607314531249996 0.487631178125 0.30589556562500003 0.48900152812500003 0.305629196875
0 0.062116079687500006 0.22631656093750002 0.06802273125 0.22256134374999997 0.07198017031250001 0.2185332453125 0.072984284375 0.21638275468749998 0.07441364843750001 0.21154252499999998 0.073925334375 0.2090303625 0.067620915625 0.20830050625 0.063631946875 0.2097276546875 0.0620805015625 0.21393984531250002 0.0592177234375 0.21384454375 0.0568747921875 0.21886235312500002 0.05258264687500001 0.22360728124999998 0.0484441140625 0.23158120312500002 0.051976303125 0.2302428453125 0.0568788390625 0.22863811875 0.062116079687500006 0.22631656093750002
0 0.0372865765625 0.42537042343750003 0.0378654390625 0.4259096734375 0.038231675 0.4277937953125 0.0378064234375 0.4304835359375 0.0383852859375 0.4310227875 0.038964146875 0.4315620375 0.0396650875 0.4327293296875 0.0399092453125 0.4339854109375 0.04027548125 0.43586953125 0.040641717187499996 0.43775365156249996 0.041586815625 0.44017702343750004 0.041708893749999996 0.44080506406250003 0.042622459375 0.4406274859375 0.043413946875 0.43982186562500003 0.043169790624999996 0.438565784375 0.0437171203125 0.4365040859375 0.044142371875 0.43381434375000005 0.0442329203125 0.4318414328125 0.0436225265625 0.42870123125 0.04279950625 0.42690589843750004 0.0416417828125 0.42582739687500004 0.040027275 0.4248376859375 0.038869553125 0.42375918281249997 0.037711828125 0.42268068124999997 0.0371329671875 0.42214143125000003 0.0364320265625 0.420974140625 0.034148109375 0.4214180890625 0.0338134046875 0.42213491875000003 0.033600778125 0.4234797890625 0.0346364234375 0.42393025 0.035549990625 0.42375267031249997 0.0372865765625 0.42537042343750003
0 0.43295865625 0.290452021875 0.43399430156249996 0.29090248281250003 0.434785790625 0.2900968625 0.4348763375 0.2881239515625 0.433596534375 0.286417409375 0.43323029843749994 0.28453328906249997 0.4331987671875 0.2819323375 0.432954609375 0.28067625625 0.43225366875000004 0.279508965625 0.43155272812499995 0.2783416734375 0.43097386562500006 0.2778024234375 0.4306391609375 0.278519253125 0.43021390937500004 0.28120899375 0.43058014531250005 0.283093115625 0.43106846093750006 0.285605278125 0.43143469687499997 0.2874893984375 0.4318009328125 0.28937352031249997 0.43295865625 0.290452021875
0 0.38950203437500003 0.36929030625000003 0.3894114859375 0.3712632171875 0.391726934375 0.3734202203125 0.396873628125 0.37307157343749997 0.3992796234375 0.373255665625 0.40363482968750003 0.373712640625 0.40488310156249996 0.3728182296875 0.405308353125 0.3701284890625 0.40561152656250005 0.36681070781249997 0.4059147 0.3634929265625 0.40576108906249997 0.3602639359375 0.40560747812500003 0.35703494375 0.405575946875 0.3544339921875 0.404997084375 0.35389474062500004 0.4036267359375 0.354161109375 0.4022563859375 0.3544274796875 0.40146489843750005 0.3552330984375 0.40158697656250003 0.3558611390625 0.4009175671875 0.35729479999999997 0.4014058828125 0.3598069609375 0.39982290625 0.3614182015625 0.3964127984375 0.3633846 0.39482982187500004 0.3649958390625 0.391085009375 0.3676790671875 0.38950203437500003 0.36929030625000003
0 0.410670871875 0.30260556875 0.4108834984375 0.30126069843750003 0.41097404531250004 0.2992877890625 0.411399296875 0.296598046875 0.410788903125 0.29345784531249997 0.4110015296875 0.292112975 0.410513215625 0.28960081249999997 0.41072584062499995 0.2882559421875 0.40999336875000003 0.2844876984375 0.40974921093749994 0.28323161875 0.40938297500000004 0.281347496875 0.4091388171875 0.280091415625 0.408437878125 0.2789241265625 0.4076463890625 0.27972974375000004 0.40755584218749996 0.28170265625 0.40816623593749995 0.2848428578125 0.40865454999999995 0.28735502031250004 0.40889870781250004 0.2886111 0.40868608125000006 0.289955971875 0.40789459375000003 0.290761590625 0.4073472640625 0.2928232921875 0.4072567171875 0.294796203125 0.40807973750000004 0.29659153437499997 0.40890275468750004 0.29838686718749996 0.40926899062500005 0.3002709875 0.409056365625 0.30161585625 0.4093005234375 0.3028719375 0.40887527187500006 0.305561678125 0.40866264531249996 0.30690655 0.4086941765625 0.3095075015625 0.4093045703125 0.312647703125 0.40997397968750005 0.31121404375 0.40960774375 0.30932992187499997 0.41015507500000004 0.3072682203125 0.410580325 0.3045784796875 0.410670871875 0.30260556875
0 0.479216034375 0.6503623859375 0.48025167968750004 0.650812846875 0.48104316718750006 0.6500072265625 0.480799009375 0.6487511453125 0.4802201484375 0.6482118953125 0.4796412859375 0.64767264375 0.47906242343749994 0.64713339375 0.4784835625 0.6465941421875 0.478026778125 0.6466829328125 0.4774479171875 0.64614368125 0.47699113281249994 0.646232471875 0.47711321250000005 0.6468605125 0.47690058593750007 0.6482053828125001 0.47747944843749995 0.6487446328125 0.478637171875 0.6498231343749999 0.479216034375 0.6503623859375
0 0.10651780156249999 0.1499016484375 0.10755344687499999 0.15035210937500001 0.108344934375 0.149546490625 0.10810077656249999 0.148290409375 0.1079786984375 0.14766236875 0.10682097500000001 0.1465838671875 0.1059074078125 0.14676144687499998 0.1053285453125 0.1462221953125 0.1045370578125 0.147027815625 0.103745571875 0.14783343437500002 0.103989728125 0.149089515625 0.10456859062499999 0.1496287671875 0.105604234375 0.15007922812500002 0.10651780156249999 0.1499016484375
1 0.32179712031249996 0.50628713125 0.30752285625 0.5279631 0.3184703125 0.56233425625 0.3373051625 0.5958240296875 0.3560494640625 0.6312867140625 0.3768803984375 0.6311482109375001 0.368213659375 0.662162509375 0.3807085109375 0.682545709375 0.41082062812500003 0.6643088765625 0.43162407812500003 0.6713451859374999 0.44666639375 0.6658141750000001 0.4567309671875 0.6273586953125 0.4826770640625 0.6242705953125001 0.5078632062499999 0.624589065625 0.523330771875 0.6163683140625 0.5502696890625 0.6574075984375 0.582008453125 0.6694877703125 0.595065978125 0.6513071625 0.5915491328125 0.6161434109374999 0.59223793125 0.5879834078124999 0.6107768546875 0.568737321875 0.6243073515625001 0.589570984375 0.6359039796875 0.57362965625 0.645850521875 0.5443218984375 0.652012625 0.49554488750000003 0.6379501375000001 0.44027081875 0.6125036500000001 0.39959320625 0.5811270734375 0.3796213890625 0.54228835625 0.3578412171875 0.503512703125 0.34126294687500003 0.4620634578125 0.34019508125 0.41478277031250005 0.37741163125 0.40603272968750004 0.3543452015625 0.399905359375 0.339893759375 0.38924978125 0.3484826953125 0.3786257359375 0.3596725828125 0.3597674484375 0.3431333875 0.3401573015625 0.3495522953125 0.320216496875 0.366463796875 0.3149679609375 0.415063228125 0.32229268125 0.45274565312500004 0.32179712031249996 0.50628713125
0 0.0860967765625 0.1838525203125 0.0854273671875 0.1852861796875 0.0846358796875 0.1860918 0.08317498281249999 0.1883310796875 0.08478949062499999 0.1893207921875 0.088900540625 0.188521684375 0.090148809375 0.187627275 0.09334629375 0.1870057484375 0.0945945640625 0.1861113375 0.096177540625 0.18450009843749998 0.098004671875 0.184144940625 0.10004443125 0.18244491093749998 0.102084190625 0.18074488125 0.103667165625 0.1791336421875 0.10454920000000001 0.1763551109375 0.10463974843749999 0.1743822 0.10518707812500001 0.1723204984375 0.105734409375 0.1702587984375 0.10524609375 0.1677466359375 0.10375366562499999 0.167384965625 0.10204861093749999 0.1683681640625 0.10174543750000001 0.1716859453125 0.100863403125 0.1744644765625 0.099280428125 0.176075715625 0.09861101875 0.17750937656250002 0.09736274687499999 0.1784037859375 0.0962365546875 0.17992623593749998 0.095567146875 0.181359896875 0.09227911562499999 0.183954334375 0.0896604953125 0.1851151140625 0.0881680671875 0.1847534421875 0.08701034375 0.183674940625 0.0860967765625 0.1838525203125
0 0.7593809703125001 0.5333339078125 0.7601724578125 0.5325282875 0.760385084375 0.5311834171875 0.7588926546875 0.5308217453124999 0.756608740625 0.53126569375 0.7537459609375 0.5311703921875 0.7529544734375 0.5319760109375 0.755269921875 0.5341330140625 0.75676235 0.5344946859374999 0.7593809703125001 0.5333339078125
0 0.7505727624999999 0.590446509375 0.7520651921875 0.5908081796875 0.7531008375 0.5912586421875 0.753770246875 0.5898249812499999 0.7547743609374999 0.587674490625 0.7557784734374999 0.585524 0.7567825859374999 0.583373509375 0.7577867 0.5812230203125 0.7587908140625 0.57907253125 0.759794928125 0.576922040625 0.7602201796875 0.5742323 0.7604328046875 0.572887428125 0.7597318640624999 0.5717201375000001 0.7588182984375 0.5718977171875 0.75769210625 0.5734201671875 0.7571447765625 0.5754818671875 0.7564753671875 0.576915528125 0.7555933312499999 0.5796940578124999 0.7551680796875 0.5823837984375 0.7547428265625 0.5850735390625 0.753951340625 0.585879159375 0.75328193125 0.58731281875 0.7520336609375 0.588207228125 0.7513327203125 0.5870399374999999 0.7508759359375 0.5871287265625 0.7501749953125 0.5859614359374999 0.7497182125 0.5860502249999999 0.7493835078125 0.58676705625 0.749627665625 0.5880231375 0.74974974375 0.5886511765625 0.7505727624999999 0.590446509375
0 0.259236359375 0.41611980312499997 0.259480515625 0.4173758828125 0.2603035359375 0.4191712140625 0.260669771875 0.4210553359375 0.26103600781249997 0.42293945624999996 0.2617369484375 0.42410674843749996 0.262315809375 0.42464599999999997 0.2626505125 0.42392916875 0.2628631390625 0.4225842984375 0.262496903125 0.4207001765625 0.2620085875 0.418188015625 0.261063490625 0.4157646453125 0.26036255 0.414597353125 0.25953953125 0.412802021875 0.25975215625 0.4114571515625 0.2589291375 0.40966181874999996 0.258807059375 0.40903377812499997 0.258228196875 0.408494528125 0.2577714140625 0.40858331718749996 0.256857846875 0.40876089687499995 0.2565231421875 0.4094777265625 0.25734616250000003 0.411273059375 0.258047103125 0.41244034999999996 0.25887012187499997 0.41423568125 0.259236359375 0.41611980312499997
0 0.7736948625 0.53381041875 0.7735727828125001 0.5331823796874999 0.7715014921875001 0.5322814578124999 0.7693396546875 0.5333534453125 0.7697058906249999 0.5352375656249999 0.7714424765625 0.53685531875 0.7733916890625 0.5371282 0.7758882296875 0.53533938125 0.7736948625 0.53381041875
0 0.842201053125 0.5667698421875 0.8438155593750001 0.5677595546875 0.8450953625000001 0.569466096875 0.846954028125 0.5717118890624999 0.8475328890625 0.5722511390625 0.8494821 0.572524021875 0.85085245 0.572257653125 0.850730371875 0.5716296125 0.8479581406250001 0.5695613984375 0.8469224953125 0.5691109375 0.8460994765625 0.56731560625 0.8448196734375 0.5656090640625 0.842961009375 0.563363271875 0.84168120625 0.5616567296875 0.8399446203125001 0.5600389781249999 0.8386648171875001 0.5583324359375 0.8375070953125 0.557253934375 0.8363493703125 0.5561754328124999 0.8340339234374999 0.5540184296875 0.8328761984374999 0.552939928125 0.8319626328125 0.5531175078125 0.833821296875 0.5553633 0.8358020406250001 0.5582371328125 0.8382395671875 0.5610221765625 0.8390625859374999 0.5628175093750001 0.8409212500000001 0.5650633 0.842201053125 0.5667698421875
0 0.1068437546875 0.42227819999999994 0.1141522859375 0.420857565625 0.125449790625 0.41800978281249995 0.126820140625 0.41774341406250004 0.131387971875 0.4168555171875 0.1355305515625 0.4186573625 0.1382122359375 0.42269848593750003 0.1423863484375 0.42710128125 0.1461036765625 0.43159286718749995 0.1508566515625 0.4365349140625 0.1531721 0.43869191562500004 0.1552433890625 0.43959283750000006 0.15679888125000002 0.4451564125 0.1592679390625 0.45054240781250005 0.16240640625 0.4544947421875 0.16828557187499998 0.4579143375 0.1724281515625 0.45971618281250004 0.1730660296875 0.4556815703125 0.1687067765625 0.4454488328125 0.1708686140625 0.44437684375000003 0.17559005781249998 0.44671793906249996 0.1803115 0.449059034375 0.1850919578125 0.4468262671875 0.18627716562500002 0.4407299546875 0.18420587500000002 0.4398290328125 0.180610625 0.4359654875 0.1711402546875 0.4384581109375 0.16623771874999999 0.4400628375 0.160571178125 0.435298371875 0.15913776562499998 0.4303628375 0.158283215625 0.425966553125 0.1574286640625 0.42157027031250005 0.1583106984375 0.418791740625 0.1555069375 0.4141225765625 0.15102965 0.4130375625 0.1469186015625 0.41383666874999997 0.142291753125 0.41929842656250005 0.1403110109375 0.4164245953125 0.13205738125 0.41542185781249996 0.12584351093749999 0.412719090625 0.12081889374999999 0.41369577656249995 0.11758987968750001 0.411716353125 0.1119548703125 0.4095528375 0.10930471875 0.4081126640625 0.10656401874999999 0.40864540156249995 0.1040674765625 0.41043422031250004 0.099440628125 0.41589597968750003 0.0953020953125 0.42386990156250004 0.0946957484375 0.43050546250000005 0.0967670390625 0.43140638593749997 0.1043472140625 0.42406701875 0.1068437546875 0.42227819999999994
0 0.036935682812499995 0.38698419375 0.037908265625 0.38223275156250003 0.0370852453125 0.3804374203125 0.034466625 0.3815981984375 0.033950825000000004 0.38626085 0.031454284375 0.38804966875 0.029351462499999998 0.3845477953125 0.0285915046875 0.3879543671875 0.028410410937500002 0.3919001890625 0.028808178125 0.3963852625 0.03218675625 0.3918179125 0.036175726562499996 0.39039076562499997 0.036935682812499995 0.38698419375
3 1 0.45429421249999996 0.9616072765625001 0.2567807734375 0.960662178125 0.2543574 0.9458365359375 0.2683193046875 0.9272426453125 0.30191501718749997 0.921040915625 0.3285395453125 0.9151779390625 0.36422300937499996 0.914339578125 0.3989297859375 0.91544638125 0.42413367968750004 0.91433233125 0.454983425 0.9181879281249999 0.4992061109375 0.919846109375 0.53212406875 0.9227250765624999 0.57132243125 0.9271199109375001 0.5939318859375 0.947730971875 0.65119189375 0.9703065875 0.672222671875 0.9779223390625 0.677260021875 0.9904446765625 0.6904684078125001 1 0.692100496875 1 0.45429421249999996
3 0.781942940625 0.7420771328125 0.8126735437500001 0.7465320296875 0.83578839375 0.7459495796875 0.8744023421874999 0.739747328125 0.8907834765624999 0.731348996875 0.9152605828124999 0.710948646875 0.927920340625 0.688282965625 0.9354293546875001 0.656190165625 0.933282859375 0.6207600453125 0.9227250765624999 0.57132243125 0.9150341203125001 0.531755884375 0.9094734671875001 0.48851639843749994 0.9036136906250001 0.4583704578125 0.8938473953124999 0.40812722343749996 0.87041318125 0.372924396875 0.8595643671875 0.35613185937499997 0.8451833671875001 0.3406776796875 0.8122432046875 0.2955907578125 0.7804138921875 0.285483496875 0.7581495453125 0.280686465625 0.7321129015625 0.2857474765625 0.7117468437500001 0.3053487203125 0.686880065625 0.340815528125 0.6688100671874999 0.3893001171875 0.662915559375 0.4223826296875 0.6614077890625001 0.4585230671875 0.6615145265625 0.495653215625 0.6700559859374999 0.52984028125 0.6759198125 0.5697619875 0.6797713609375 0.6042089078124999 0.687576303125 0.6248519640625 0.69614929375 0.6616399796875 0.7029185906250001 0.6818325765625 0.721753440625 0.71532235 0.7382372640625 0.734278403125 0.7661681515625001 0.7438399015625 0.781942940625 0.7420771328125
3 0 0.3127523625 0.0038734421875000003 0.3412692328125 0.0115643984375 0.38083577812499997 0.016262404687500003 0.4001274515625 0.0165187046875 0.43071082812499994 0.016467784375 0.45483622187500006 0.0145622453125 0.4864915859375 0.015980317187500002 0.5279292296875 0.027506635937500003 0.5628396359375001 0.05623710625 0.59114704375 0.069732025 0.599603990625 0.10467231875 0.6208383984375 0.1349227015625 0.642332665625 0.17333616875 0.66680258125 0.191276840625 0.6737435890625 0.22322418281249998 0.6747031265625 0.2518204328125 0.6730551984375001 0.26841419218749996 0.663311996875 0.283389396875 0.64280331875 0.2953401203125 0.5994188171875 0.2966667953125 0.5672242 0.2902596875 0.5391399625 0.27830811718750004 0.5069192953125 0.2692152796875 0.465018165625 0.268470665625 0.431922628125 0.26976985625 0.4069028265625 0.266343559375 0.36976616562500003 0.261334284375 0.3342407421875 0.2520013359375 0.300859296875 0.2396794828125 0.25697874375 0.22269520312500002 0.206183234375 0.20051330625000002 0.17986176250000002 0.1737951109375 0.1570291375 0.13952827343750002 0.1441368328125 0.1118415421875 0.1358314171875 0.0880572828125 0.137847528125 0.055539171875 0.15590026875000002 0.0287821984375 0.1865203328125 0.014271871875 0.2264917515625 0.0074007328125 0.25454994062499997 0.00013587499999999998 0.287898821875 0 0.29221049374999997 0 0.3127523625
0 0.53366444375 0.3451785921875 0.5347000890625 0.34562905312500003 0.5363145968749999 0.346618765625 0.537350240625 0.3470692265625 0.538141728125 0.3462636078125 0.5380196500000001 0.3456355671875 0.5374407875 0.345096315625 0.5359483593750001 0.34473464374999996 0.5347906359375 0.3436561421875 0.5342117734375 0.34311689218749997 0.5340896953125001 0.34248885156250003 0.5321404828125 0.3422159703125 0.5312269171875 0.3423935484375 0.530435428125 0.34319916875 0.5301007234374999 0.3439159984375 0.5321720140624999 0.344816921875 0.53366444375 0.3451785921875
0 0.2693801828125 0.421969284375 0.2698959828125 0.41730663124999995 0.2701360921875 0.4087869484375 0.26998248281250004 0.40555795625 0.26982887187500004 0.4023289640625 0.2686986328125 0.3940756484375 0.26781255000000004 0.3870784140625 0.267080078125 0.383310171875 0.26637913750000003 0.38214288125 0.265099334375 0.38043633906249996 0.2641542359375 0.3780129671875 0.2629965125 0.376934465625 0.2619608671875 0.37648400312499997 0.2592517 0.37961769375 0.25928323125 0.3822186453125 0.25849174375 0.3830242640625 0.255262728125 0.381044840625 0.253860846875 0.3787102578125 0.25291575 0.37628688593750004 0.252002184375 0.376464465625 0.2509075234375 0.3805878671875 0.2510611328125 0.383816859375 0.25167152656249997 0.38695706093750004 0.25112419531249996 0.3890187625 0.2516125109375 0.3915309234375 0.251978746875 0.3934150453125 0.25325855 0.3951215875 0.253959490625 0.3962888765625 0.2556960765625 0.3979066296875 0.2565190953125 0.3997019609375 0.25746419375 0.40212533281249996 0.2587124640625 0.40123092343750005 0.2595039515625 0.40042530468750004 0.26041751875 0.400247725 0.262488809375 0.401148646875 0.263890690625 0.4034832296875 0.2648673203125 0.40850755312500003 0.26584395 0.41353187656249996 0.265997559375 0.41676086718749994 0.2656943859375 0.42007865000000005 0.26551329218749997 0.424024471875 0.26578898125 0.42788150468749997 0.2663088265625 0.4329946171875 0.267253925 0.43541798906249995 0.2681674921875 0.4352404109375 0.26780125625 0.4333562890625 0.2682265078125 0.4306665484375 0.2684076015625 0.426720725 0.2693801828125 0.421969284375
0 0.5061355609375 0.7181280125 0.50717120625 0.7185784734375 0.5086636359375001 0.71894014375 0.5094235921875 0.7155335734375 0.5110381 0.716523284375 0.5119201328125 0.71374475625 0.5106403312500001 0.7120382140625 0.5086595890625001 0.7091643796875 0.508293353125 0.7072802593749999 0.5088406828125 0.7052185578125 0.5082302890625 0.70207835625 0.5081082109375 0.701450315625 0.506371625 0.6998325624999999 0.505914840625 0.6999213531249999 0.5050012749999999 0.70009893125 0.5039971609375 0.7022494218750001 0.5050643375 0.705300834375 0.50567473125 0.7084410375 0.5052494796875 0.711130778125 0.5052810109375 0.7137317296875 0.5061355609375 0.7181280125
0 0.5067046328125 0.5479053953124999 0.508775925 0.5488063171875 0.5102683515625 0.5491679890625 0.512796425 0.549980121875 0.5142888546875 0.5503417921875 0.5173642578125001 0.549092225 0.5179115875 0.5470305234375 0.51788005625 0.5444295718750001 0.5173917421875001 0.5419174109375 0.5169034265625 0.53940525 0.51583625 0.5363538375 0.514099665625 0.534736084375 0.5130640203125 0.5342856234375 0.5105359468749999 0.5334734906249999 0.509165596875 0.5337398609374999 0.50874034375 0.5364296015625001 0.5084056390625 0.53714643125 0.507035290625 0.5374128 0.5064564296875 0.5368735499999999 0.5046292953125 0.5372287078125 0.504081965625 0.5392904093750001 0.504113496875 0.5418913609375 0.5044797328125 0.54377548125 0.505546909375 0.54682689375 0.5067046328125 0.5479053953124999