3 0.24391521562500001 0.06296562812499999 0.21932148593749998 0.047777359375 0.195825846875 0.043568953125 0.159743371875 0.05259025625 0.1259730640625 0.0752417515625 0.1016118 0.110095628125 0.087712796875 0.1354193765625 0.07206415625 0.16575163906249998 0.065994009375 0.185850615625 0.061861090625000004 0.21827085 0.059049409374999993 0.258479765625 0.058594281250000005 0.278330025 0.0509262875 0.3079376328125 0.044632990625 0.33122779375 0.0345993703125 0.3613113375 0.0252442703125 0.4017040515625 0.027342362500000002 0.43840814687499996 0.04776736875 0.47318699531249997 0.058613640625 0.4848485203125 0.0868675046875 0.514402596875 0.11052400468750001 0.542993840625 0.141295284375 0.5765721 0.156828178125 0.5879199859375001 0.18743859375 0.597115409375 0.21548696562499997 0.6029248875000001 0.23403703281250002 0.5978084578125 0.25381000625 0.581874465625 0.276582253125 0.5430613281250001 0.286196303125 0.5123070859375 0.2872762484375 0.48352151250000003 0.28485295 0.45765082812499996 0.2816965421875 0.42989866250000003 0.2859271609375 0.4107551421875 0.28613304375 0.4064786609375 0.2880989625 0.40092775156249993 0.29397955625 0.3743181078125 0.30171007968749997 0.350487090625 0.30801220625000003 0.3137290390625 0.3123682734375 0.27811761874999996 0.3119930921875 0.243458075 0.31144821875 0.197883584375 0.308189509375 0.1444230359375 0.2935759421875 0.11325734843749999 0.2736776640625 0.0842875484375 0.24391521562500001 0.06296562812499999
3 0.32081579531250004 0.6442821484375 0.33182292812499997 0.6803265078125 0.3524978140625 0.704861109375 0.368646696875 0.720741575 0.3959809890625 0.7367628421875 0.4278322140625 0.7415555265625 0.45300613125 0.74844671875 0.4949537484375 0.7622830609375 0.5276441109375 0.7684171390625 0.56181633125 0.7733721234375001 0.6020766 0.7646429593749999 0.6271073125 0.7202155328125001 0.64667455 0.6471863265625 0.6494862312499999 0.6069774109375 0.6568148453125 0.5555399140625 0.6610100515624999 0.49554565781250004 0.6590012203125 0.457565090625 0.6519754609375 0.4179509890625 0.647038715625 0.39515826249999997 0.6447532781249999 0.3744750078125 0.6438067359375 0.33464464843749997 0.6389055515625001 0.2913309671875 0.626898659375 0.2629129859375 0.594627621875 0.22409899375000003 0.5790947281250001 0.21275110625 0.550296478125 0.2043237625 0.527461459375 0.2040096953125 0.5000202484375 0.2162006875 0.48907588906250005 0.219283528125 0.46679432812500005 0.21772545000000001 0.45426094843750003 0.21684903125 0.43151518906249997 0.21525849218749998 0.4112422140625 0.2183303703125 0.38863941562500004 0.23470784218750002 0.3607072765625 0.2539194359375 0.341657453125 0.279524359375 0.320706203125 0.3056376828125 0.3122883296875 0.3326274234375 0.2880989625 0.40092775156249993 0.2859271609375 0.4107551421875 0.2840712390625 0.44930544375 0.28485295 0.45765082812499996 0.2857406890625 0.46545612187499996 0.2942304078125 0.497476303125 0.3070764375 0.5272356765625 0.3120399109375 0.5429753390625 0.3182086328125 0.57483321875 0.3202532640625 0.6256434421875 0.32081579531250004 0.6442821484375
0 0.513172290625 0.5884664046875 0.5130384 0.590381115625 0.51392216875 0.591084271875 0.516198534375 0.591884809375 0.51805533125 0.5920146484375 0.5203316984375 0.5928151859375 0.5230722625 0.5936481828125 0.5233400421875001 0.5898187609375001 0.52309899375 0.58659511875 0.5215546046874999 0.581997621875 0.521268925 0.5794122140625 0.5210278749999999 0.5761885703125 0.51884076875 0.574111559375 0.517957 0.573408403125 0.5166536625 0.5720345499999999 0.516323353125 0.5700873796875 0.5147789656249999 0.56548988125 0.5144040249999999 0.56418095 0.5143593953125001 0.5648191875 0.513672046875 0.5679779093749999 0.5130739578125 0.569860159375 0.51340426875 0.5718073296874999 0.5132257484375 0.5743602765625 0.5130026 0.5775514609375 0.51235988125 0.5800719484375 0.5117617921875001 0.5819541984375001 0.5116279015625 0.583868909375 0.51237778125 0.586486775 0.513172290625 0.5884664046875
0 0.6235695640625 0.3505461828125 0.6253371015625 0.3519524953125 0.62714926875 0.352720571875 0.6295148921875 0.3522446359375 0.6327642874999999 0.3524718546875 0.634621084375 0.3526016953125 0.63689745 0.35340223125 0.638754246875 0.353532071875 0.64061104375 0.3536619109375 0.641584071875 0.3530885953125 0.6412983921875 0.3505031875 0.6399950546875 0.349129334375 0.638272146875 0.347084784375 0.63599578125 0.346284246875 0.6336747859375 0.346121946875 0.630889590625 0.3459271875 0.62772945625 0.34442349375000003 0.6254530890625001 0.34362295781249996 0.62313209375 0.3434606578125 0.6203468984375 0.3432658984375 0.6175170734375001 0.343709375 0.616499415625 0.34492092812499997 0.6164547859375 0.345559165625 0.6185972625 0.3482744125 0.620409428125 0.3490424890625 0.6235695640625 0.3505461828125
0 0.17173260625 0.10794402031250001 0.1726610046875 0.108008940625 0.174053603125 0.1081063203125 0.1754462 0.10820369999999999 0.1764192265625 0.1076303828125 0.17790108437500002 0.10645128906250001 0.17845454375 0.1052072765625 0.1789633734375 0.1046014984375 0.18044523125 0.10342240625000002 0.1819270875 0.1022433125 0.18248054687499998 0.1009992984375 0.182060978125 0.10032860156250001 0.181596778125 0.1002961421875 0.18062375 0.10086945781250001 0.179650721875 0.10144277500000001 0.179186521875 0.101410315625 0.1771958359375 0.10319518593749999 0.176178178125 0.1044067390625 0.174696321875 0.1055858328125 0.17325909374999998 0.10612669062499999 0.1713130359375 0.1072733234375 0.17173260625 0.10794402031250001
0 0.1503971 0.079515078125 0.151834328125 0.0789742203125 0.1537357546875 0.0784658234375 0.1556371828125 0.0779574265625 0.1580920671875 0.0762050171875 0.160082753125 0.07442014531249999 0.1621180703125 0.0719970390625 0.1636445578125 0.070179709375 0.164242646875 0.06829745937500001 0.16183239062500002 0.0694116328125 0.15984170312499998 0.0711965015625 0.1569672484375 0.072278215625 0.1545123640625 0.07403062656250001 0.15214673750000002 0.0745065640625 0.1503345703125 0.0737384859375 0.14894197343749999 0.07364110625 0.1480582046875 0.07293795 0.146156778125 0.073446346875 0.1451391203125 0.0746579 0.14500522968750001 0.0765726109375 0.145335540625 0.07851978125 0.14761190625 0.07932031875 0.1503971 0.079515078125
0 0.22183007500000002 0.06526943125 0.2226692140625 0.066610825 0.22359761093750002 0.06667574375 0.22545440781249998 0.066805584375 0.22638280625 0.0668705046875 0.2296322015625 0.0670977234375 0.23148899687500002 0.0672275640625 0.2359971 0.06946687343749999 0.23688086875 0.07017003125 0.2376753765625 0.0721496609375 0.2399071125 0.073588434375 0.240880140625 0.0730151171875 0.24315650781249998 0.0738156546875 0.2453882421875 0.075254428125 0.2471557796875 0.076660740625 0.24724504062500002 0.07538426718749999 0.24556676249999998 0.0727014796875 0.24379922656250003 0.0712951671875 0.2397106921875 0.06972655312500001 0.2383180953125 0.0696291734375 0.2366844484375 0.06630815 0.235845309375 0.06496675625000001 0.2336135734375 0.0635279828125 0.23133720625 0.06272744531249999 0.2276236140625 0.062467765625000005 0.22441884843749998 0.061602309375 0.22121408437499998 0.060736853125000004 0.21982148750000002 0.0606394734375 0.2194019171875 0.059968776562500006 0.2175451203125 0.059838935937500004 0.2165274625 0.061050490624999995 0.21736660156249998 0.062391884375 0.21973222812499998 0.061915946875 0.22196396406250002 0.0633547203125 0.22183007500000002 0.06526943125
0 0.4524941421875 0.31549455000000004 0.4544401984375 0.3143479171875 0.4554578546875 0.3131363625 0.4570289734375 0.31068079531250004 0.45813589062500004 0.30819276875 0.45831440937499995 0.305639821875 0.4584483 0.3037251125 0.45756453124999996 0.30302195625 0.45650224218749996 0.3048717453125 0.455395325 0.30735977187499997 0.4543330375 0.3092095625 0.45369031875 0.31173005 0.4525834015625 0.3142180765625 0.4524941421875 0.31549455000000004
0 0.46296790468750004 0.659353253125 0.4612628984375 0.6637235312499999 0.460441659375 0.6687969640625 0.4602185109375 0.671988146875 0.460039990625 0.6745410953125 0.4598168421875 0.6777322781249999 0.46260203750000006 0.6779270390625001 0.46379821562499995 0.6741625375 0.46494976406250005 0.6710362734374999 0.46656550937499996 0.6679424703125 0.4677616859375 0.6641779703124999 0.46993089218749995 0.659840153125 0.4711717 0.6554374140625 0.4723232484375 0.65231115 0.47356405625000003 0.6479084125 0.47568863125 0.6442088328125 0.47725974843749996 0.641753265625 0.4788754953125 0.6386594624999999 0.48179457968749995 0.6369395109375 0.483365696875 0.6344839437500001 0.4859098421875 0.631455059375 0.487659478125 0.626446546875 0.4877041078125 0.6258083109375 0.4844100828125 0.6262193265625 0.482928228125 0.62739841875 0.479634203125 0.6278094359375 0.476384809375 0.6275822171875001 0.474438753125 0.62872885 0.47160892656250003 0.629172328125 0.468779103125 0.6296158046875 0.46599390781250005 0.6294210453125 0.4637621703125 0.627982271875 0.4620392625 0.6259377203125001 0.4601824671875 0.62580788125 0.4600932078125 0.6270843546875 0.461771484375 0.6297671421875 0.46223568281249994 0.6297996015625 0.46404785000000004 0.630567678125 0.46720798593749996 0.6320713718750001 0.46952897968749996 0.632233671875 0.4709662078125 0.6316928140625 0.47231417656249997 0.6324284312499999 0.4710287390625 0.6374694062499999 0.47080558906250003 0.640660590625 0.469475521875 0.6463398015624999 0.4672616875 0.6513158546875 0.465645940625 0.6544096578125 0.46296790468750004 0.659353253125
0 0.5855052296875 0.3478844640625 0.587317396875 0.3486525421875 0.5900579625 0.3494855375 0.59377155625 0.3497452171875 0.59702095 0.3499724375 0.6006899140625 0.3508703546875 0.6039393078125 0.35109757343750003 0.6057961046875 0.3512274140625 0.6072779609375 0.3500483203125 0.606483453125 0.3480686890625 0.6041624578125 0.347906390625 0.6018414609375 0.347744090625 0.5987705859375 0.34496392343750004 0.5965388500000001 0.34352515 0.5943071140625 0.3420863765625 0.592030746875 0.3412858390625 0.5892901828125 0.3404528421875 0.5859961578124999 0.340863859375 0.5846035609375 0.34076647968749996 0.5836305328125 0.341339796875 0.582523615625 0.34382782343749996 0.582853925 0.3457749953125 0.5855052296875 0.3478844640625
0 0.5396831578125 0.30940560625 0.541120384375 0.30886475 0.5411650156250001 0.3082265125 0.5412989046875001 0.306311803125 0.5399509359375 0.3055761859375 0.5390225375 0.305511265625 0.5376745703125 0.30477565 0.5367015421875 0.305348965625 0.5356838828125 0.30656052031250003 0.5360588234375 0.307869453125 0.5373621609375 0.30924330625 0.538290559375 0.3093082265625 0.5396831578125 0.30940560625
0 0.1478710984375 0.12230939999999998 0.1545484078125 0.1202108921875 0.15941355 0.117344309375 0.16094003750000002 0.11552697812499998 0.163573440625 0.111221621875 0.163751959375 0.10866867499999999 0.1578512609375 0.106331984375 0.1536288390625 0.10667808125 0.1510400625 0.110345203125 0.148299496875 0.10951220625 0.1447376953125 0.1137526421875 0.1393637234375 0.11722500312499999 0.13330240468750001 0.12385608906250001 0.1370606296875 0.12347753125000001 0.14221145 0.12319635468750001 0.1478710984375 0.12230939999999998
0 0.0723687109375 0.30815431875 0.0727882796875 0.3088250140625 0.072654390625 0.310739725 0.071547471875 0.313227753125 0.0719670421875 0.31389845 0.0723866109375 0.3145691453125 0.07276155 0.3158780796875 0.072672290625 0.317154553125 0.0725384015625 0.3190692640625 0.0724045109375 0.320983971875 0.0726901921875 0.3235693796875 0.07264556093749999 0.3242076171875 0.073573959375 0.3242725359375 0.0745469875 0.32369921874999996 0.074636246875 0.32242274531250004 0.075698534375 0.32057295625000004 0.076805453125 0.3180849296875 0.0774035421875 0.31620267968750004 0.07762669062500001 0.3130114953125 0.07729638125 0.311064325 0.0764572421875 0.30972293125 0.0751539046875 0.308349078125 0.07431476718749999 0.307007684375 0.073475628125 0.305666290625 0.07305605937500001 0.30499559375 0.07268111875 0.3036866609375 0.0703601234375 0.3035243609375 0.06985129375 0.3041301375 0.069297834375 0.30537415156250003 0.070181603125 0.3060773078125 0.0711100015625 0.306142228125 0.0723687109375 0.30815431875
0 0.48947804218749996 0.28024062031249997 0.49036181093750003 0.28094377656249997 0.491334840625 0.280370459375 0.49193292812499995 0.27848820937499996 0.49113842031250005 0.27650857812499996 0.49127230937500005 0.27459386874999997 0.49191502812500004 0.27207338124999997 0.4920042875 0.2707969078125 0.4916293484375 0.26948797343750003 0.49125440937500003 0.26817904062500003 0.49083483906250003 0.26750834375 0.4903260109375 0.26811412031250004 0.4892190921875 0.27060214843749997 0.489085203125 0.2725168578125 0.48890668281250005 0.27506980468750003 0.48877279375000005 0.27698451562500004 0.48863890468750004 0.2788992265625 0.48947804218749996 0.28024062031249997
0 0.42709731875 0.345145153125 0.4264992296875 0.34702740312499997 0.4281775078125 0.3497101890625 0.43323906875 0.3507054859375 0.43551543437499995 0.3515060234375 0.4396039671875 0.3530746359375 0.4410411953125 0.3525337796875 0.44214811249999997 0.3500457515625 0.44329966093750006 0.3469194875 0.44445120937500004 0.343793225 0.44513855781249995 0.34063450156249997 0.4458259046875 0.3374757765625 0.4464686234375 0.334955290625 0.446049053125 0.33428459374999997 0.44465645781249996 0.3341872140625 0.443263859375 0.33408983281250004 0.44229083124999996 0.33466315 0.44224620156250005 0.3353013875 0.44122854375 0.336512940625 0.4410500234375 0.3390658875 0.4391039671875 0.340212521875 0.4353011140625 0.34122931562500003 0.4333550578125 0.34237595 0.429043375 0.3439985203125 0.42709731875 0.345145153125
0 0.46480412656250003 0.286211540625 0.4653575859375 0.28496752812500004 0.4659556734375 0.283085278125 0.46706259218749996 0.28059725156250004 0.4672857421875 0.2774060671875 0.46783919999999996 0.2761620546875 0.4680177203125 0.27360910625 0.4685711796875 0.27236509375 0.4688389578125 0.268535671875 0.46892821875 0.2672591984375 0.4690621078125 0.26534448906249997 0.46915136718749995 0.26406801406249997 0.468776428125 0.26275908281250004 0.46780340000000004 0.2633323984375 0.46720531093749995 0.2652146484375 0.4669821609375 0.26840583281249997 0.4668036421875 0.27095877968750004 0.46671438125 0.27223525312499997 0.4661609234375 0.27347926718750004 0.46518789375 0.274052584375 0.4641256078125 0.275902375 0.46352751875 0.277784625 0.463857828125 0.2797317953125 0.4641881375 0.281678965625 0.46405424687499996 0.2835936765625 0.46350079062500005 0.2848376875 0.4634115296875 0.28611416093750003 0.4623046125 0.2886021890625 0.461751153125 0.289846203125 0.461108434375 0.29236668906249996 0.46088528437500004 0.2955578734375 0.46190294375 0.29434632031249996 0.4620368328125 0.292431609375 0.4630991203125 0.29058181875 0.4642060375 0.28809379218750003 0.46480412656250003 0.286211540625
0 0.44100758124999995 0.6398596249999999 0.44189135 0.6405627828125 0.442864378125 0.639989465625 0.44295363906249996 0.6387129921875 0.44253406875 0.6380422953125 0.4421145 0.6373715984375 0.4416949296875 0.6367009015625 0.44127536093749997 0.6360302046874999 0.4408111609375 0.6359977453125001 0.4403915921875 0.6353270484375 0.43992739218750004 0.6352945875 0.4398827625 0.635932825 0.43932930312499996 0.6371768390625 0.4397488734375 0.637847534375 0.4405880125 0.639188928125 0.44100758124999995 0.6398596249999999
0 0.210537503125 0.0599902734375 0.211421271875 0.06069343125 0.2123943 0.060120114062499994 0.212483559375 0.058843640625000006 0.2125281890625 0.058205403125 0.2116890515625 0.056864009375 0.2107606515625 0.056799089062499995 0.2103410828125 0.056128393750000005 0.2093680546875 0.056701709375 0.208395028125 0.0572750265625 0.2083057671875 0.0585515 0.2087253375 0.059222196875 0.2096091046875 0.059925353125000004 0.210537503125 0.0599902734375
1 0.3262420078125 0.45995060312499997 0.30684397343750003 0.4771935296875 0.30852249375 0.513226928125 0.31804777031250003 0.5504503828125 0.32697495781249997 0.5895560875 0.3471319421875 0.594813746875 0.3307334234375 0.622528140625 0.3375269640625 0.64545070625 0.371333075 0.6356288671875 0.3896065328125 0.64780975 0.405567825 0.6463604421875 0.4252424671875 0.611820203125 0.45110373125000003 0.615552671875 0.47534925 0.62237894375 0.49241745937500003 0.6184416078125 0.5078167062500001 0.6650548171875 0.5353474203124999 0.6849379640625 0.5526655093749999 0.67075638125 0.5583695453125 0.635880578125 0.5663232171875 0.608858378125 0.589211696875 0.5950663140625 0.5968890046875 0.6186920359375 0.6122164078125001 0.6062953249999999 0.6294094343750001 0.5805605593750001 0.6479859875 0.5350404546875 0.64870865 0.4780101640625 0.634657371875 0.432132571875 0.6095190125000001 0.40472042343750003 0.5776408156249999 0.3736301921875 0.5444771828125 0.347580934375 0.5047166703125 0.3358216015625 0.44941468125000006 0.3595328859375 0.44693282187500005 0.33498775 0.44475454531249997 0.3194428484375 0.43223906718749994 0.32498125624999996 0.419080871875 0.3330401515625 0.40514582343749994 0.3121836328125 0.384542540625 0.3133083421875 0.36090418281250003 0.3244825375 0.343256028125 0.3700675625 0.3405782375 0.40836176718750006 0.3262420078125 0.45995060312499997
0 0.1820251765625 0.08749894687500001 0.18100751875 0.0887105 0.1800344890625 0.0892838171875 0.178043803125 0.0910686875 0.17934714062499998 0.0924425421875 0.183524934375 0.09273468124999999 0.1849621609375 0.092193825 0.18821155625 0.09242104375 0.1896487828125 0.0918801875 0.191594840625 0.090733553125 0.1934516359375 0.09086339375 0.1958618921875 0.0897492203125 0.19827214843750002 0.08863504531250001 0.200218203125 0.0874884125 0.2017893203125 0.08503284531250001 0.202387409375 0.08315059375 0.2034496984375 0.08130080468749999 0.20451198593750003 0.0794510140625 0.20469050625000001 0.076898065625 0.20334253750000003 0.07616245 0.2014411109375 0.076670846875 0.2002895625 0.0797971109375 0.198718446875 0.082252678125 0.19677239062500002 0.0833993109375 0.19575473125 0.084610865625 0.1943175046875 0.085151721875 0.19283564687500002 0.086330815625 0.1918179890625 0.08754237031249999 0.18797050625 0.08919740000000001 0.1851406796875 0.0896408765625 0.1837927140625 0.0889052609375 0.182953575 0.0875638671875 0.1820251765625 0.08749894687500001
0 0.7419153281249999 0.5993308171875 0.74288835625 0.5987574999999999 0.743441815625 0.5975134875 0.742093846875 0.5967778703125 0.7397728515625001 0.5966155703125 0.7370322859375 0.5957825734375 0.7360592578125 0.596355890625 0.7377375359375 0.599038678125 0.739085503125 0.59977429375 0.7419153281249999 0.5993308171875
0 0.7186254234375 0.652217621875 0.7199733921875 0.6529532390624999 0.7208571609375001 0.6536563953125001 0.72187481875 0.6524448421875 0.72340130625 0.6506275109375 0.7249277921874999 0.64881018125 0.7264542796875 0.64699285 0.7279807671875 0.6451755203125 0.7295072546875 0.643358190625 0.7310337421875001 0.6415408609375 0.732140659375 0.6390528328125 0.7326941171875 0.6378088203125001 0.732319178125 0.6364998859375001 0.73139078125 0.636434965625 0.7299089234375 0.6376140593749999 0.7288466359375 0.6394638500000001 0.7278289765625 0.6406754046875001 0.726257859375 0.643130971875 0.7251509421875 0.645618996875 0.7240440234375 0.6481070234375 0.723070996875 0.648680340625 0.7220533390625 0.6498918953125 0.7206161109375 0.6504327515624999 0.7202411718749999 0.6491238187499999 0.719776971875 0.6490913578125 0.7194020328125 0.647782425 0.7189378328125 0.6477499640625 0.7184290046874999 0.648355740625 0.71833974375 0.649632215625 0.7182951140625 0.6502704515625 0.7186254234375 0.652217621875
0 0.2891499734375 0.3566637359375 0.2890607140625 0.3579402078125 0.2893910234375 0.359887378125 0.289257134375 0.3618020890625 0.28912324375 0.3637167984375 0.289498184375 0.3650257328125 0.2899177515625 0.3656964296875 0.29042658125 0.365090653125 0.29098003906250003 0.36384663906250003 0.2911139296875 0.361931928125 0.2912924484375 0.35937898125 0.29100676875000003 0.35679357500000003 0.2906318296875 0.35548464218750003 0.29030152187499997 0.353537471875 0.290854978125 0.3522934578125 0.2905246703125 0.35034628749999996 0.2905693 0.3497080515625 0.29014973125 0.34903735468749997 0.28968553125 0.34900489375 0.2887571328125 0.3489399734375 0.288248303125 0.3495457515625 0.2885786140625 0.351492921875 0.288953553125 0.35280185468749997 0.2892838625 0.354749025 0.2891499734375 0.3566637359375
0 0.7556181546875 0.6034957984375 0.755662784375 0.6028575640625 0.7538952484375 0.60145125 0.7515296218749999 0.6019271875000001 0.7513957312499999 0.6038418953125 0.752654440625 0.6058539859375001 0.7544666078125 0.6066220625 0.7573410609375 0.6055403484374999 0.7556181546875 0.6034957984375
0 0.8132595281249999 0.6530628640625 0.814562865625 0.65443671875 0.8153573749999999 0.6564163484375001 0.816571453125 0.6590666749999999 0.816991021875 0.659737371875 0.8188031875 0.6605054484374999 0.8201957859375 0.6606028296875001 0.8202404156249999 0.6599645921875 0.818097940625 0.6572493453125 0.817214171875 0.6565461890625001 0.8168838624999999 0.65459901875 0.816089353125 0.6526193874999999 0.814875275 0.6499690625000001 0.8140807656250001 0.64798943125 0.8128220578124999 0.6459773421875 0.8120275484375 0.6439977109374999 0.8111884109374999 0.6426563171875 0.8103492718749999 0.6413149234375 0.8086709953125 0.6386321374999999 0.80783185625 0.63729074375 0.8069034578125001 0.6372258234375 0.8081175359375001 0.63987615 0.809286984375 0.6431647140625001 0.8109206312499999 0.6464857390625001 0.8112509421875 0.6484329093750001 0.81246501875 0.6510832343749999 0.8132595281249999 0.6530628640625
0 0.1403561109375 0.3231701828125 0.1477832984375 0.3236895421875 0.1594329078125 0.3238628046875 0.16082550625 0.323960184375 0.165467496875 0.32428478437499997 0.1690025703125 0.3270974109375 0.170546959375 0.33169490625 0.17343931562499998 0.3370280203125 0.1758674703125 0.34232867499999997 0.1791793953125 0.3483324859375 0.1808576734375 0.35101527187500003 0.18262520937499999 0.3524215859375 0.18268774062499998 0.3581981765625 0.18367866875 0.3640396875 0.18568725625 0.3686696453125 0.1904810375 0.3734943609375 0.19401611093749999 0.37630698749999997 0.1956764890625 0.37257494687500003 0.1941142015625 0.3615626234375 0.19647982656250002 0.36108668593750004 0.2004344703125 0.364570009375 0.2043891125 0.3680533328125 0.2095845625 0.36713391875 0.21230722812499997 0.3615520875 0.21053969062500003 0.360145775 0.20806690625000002 0.35548335781249996 0.1982740921875 0.355439934375 0.193123271875 0.3557211109375 0.1888829484375 0.3496523828125 0.1887757890625 0.344514028125 0.1890881984375 0.34004637031249996 0.1894006078125 0.3355787125 0.1909717234375 0.3331231453125 0.189471965625 0.32788741250000003 0.1854280625 0.3256805625 0.18125027031250002 0.3253884234375 0.1753674703125 0.329466559375 0.1741980234375 0.326177996875 0.16648515625 0.32307322968749996 0.1611825453125 0.3188542890625 0.15607635312499998 0.3184972296875 0.153469678125 0.31574952343749996 0.1485866359375 0.3122012796875 0.1463995296875 0.31012426875 0.14361433437499999 0.30992950937499997 0.14073987968749999 0.3110112234375 0.1348570796875 0.3150893609375 0.1287957625 0.321720446875 0.126492665625 0.3279729734375 0.128260203125 0.3293792859375 0.1374816578125 0.324251896875 0.1403561109375 0.3231701828125
0 0.081964859375 0.27098525 0.084134065625 0.26664743125 0.08380375625 0.2647002609375 0.08097393124999999 0.2651437375 0.0792689234375 0.269514015625 0.07639447031249999 0.2705957296875 0.0752696515625 0.2666689296875 0.07365390468750001 0.26976273281249996 0.0724577265625 0.27352723437500004 0.07168111875 0.27796243125000003 0.07612669062500001 0.27442515 0.0803491125 0.274079053125 0.081964859375 0.27098525
3 1 0.38655169218749996 0.9906084 0.39160461875 0.9639528703125 0.41924313281250003 0.951071525 0.4433553265625 0.9361727640625 0.47630545468749996 0.9263801953125 0.5096126437499999 0.9209260374999999 0.534244196875 0.911865446875 0.5637544265625001 0.90414399375 0.6074681625 0.8972258796875 0.6396936359375001 0.889861465625 0.6783014796875 0.888254790625 0.7012780015625 0.8933435671875 0.7619214578125 0.9097067703124999 0.7880786296875 0.9157592609374999 0.7949154359375 0.9244363281249999 0.810914778125 0.9655627062500001 0.8298245546875 0.9775872546875 0.8313067515625001 1 0.5107895609375 1 0.38655169218749996
3 0.7096817953125 0.8068007578125 0.738212265625 0.8190575234375 0.7606902468750001 0.8244774828124999 0.7995937171875 0.8284805937499999 0.8175903265625 0.824608178125 0.8465133937499999 0.8112380937499999 0.8646080906250001 0.7926213140625 0.8801674703125 0.763565525 0.8872641046874999 0.728787103125 0.889861465625 0.6783014796875 0.8926731468750001 0.6380925640624999 0.898493171875 0.5948872234375 0.9006354046875 0.5642518609375 0.9042057937499999 0.51319291875 0.8906812437499999 0.47312437812499997 0.8845483234374999 0.45409615312499996 0.8746571796874999 0.435446484375 0.8545087796875 0.38337032187500003 0.8263799781250001 0.365369425 0.8061158328125 0.3549734109375 0.7796564796875 0.35312319375 0.754911203125 0.36678541875000004 0.7217122546875 0.3946077265625 0.6917092421875 0.436763384375 0.6774532 0.46719302812499997 0.666642971875 0.50171176875 0.6571360828125 0.5376043640625 0.6565382359374999 0.5728372265624999 0.651869759375 0.612916303125 0.64667455 0.6471863265625 0.6488707296875 0.66914605625 0.6476301640625 0.7068994046875 0.648942575 0.728155978125 0.65846785 0.7653794328125 0.6694838140625 0.7879559015625001 0.69398828125 0.8044206453125 0.7096817953125 0.8068007578125
3 0.044632990625 0.33122779375 0.0345993703125 0.3613113375 0.0252442703125 0.4017040515625 0.027342362500000002 0.43840814687499996 0.04776736875 0.47318699531249997 0.058613640625 0.4848485203125 0.0868675046875 0.514402596875 0.11052400468750001 0.542993840625 0.141295284375 0.5765721 0.156828178125 0.5879199859375001 0.18743859375 0.597115409375 0.21548696562499997 0.6029248875000001 0.23403703281250002 0.5978084578125 0.25381000625 0.581874465625 0.276582253125 0.5430613281250001 0.286196303125 0.5123070859375 0.2872762484375 0.48352151250000003 0.2840712390625 0.44930544375 0.28613304375 0.4064786609375 0.29397955625 0.3743181078125 0.30171007968749997 0.350487090625 0.30801220625000003 0.3137290390625 0.3123682734375 0.27811761874999996 0.3119930921875 0.243458075 0.31144821875 0.197883584375 0.308189509375 0.1444230359375 0.2935759421875 0.11325734843749999 0.2736776640625 0.0842875484375 0.24391521562500001 0.06296562812499999 0.21932148593749998 0.047777359375 0.195825846875 0.043568953125 0.159743371875 0.05259025625 0.1259730640625 0.0752417515625 0.1016118 0.110095628125 0.087712796875 0.1354193765625 0.07206415625 0.16575163906249998 0.065994009375 0.185850615625 0.061861090625000004 0.21827085 0.059049409374999993 0.258479765625 0.058594281250000005 0.278330025 0.0509262875 0.3079376328125 0.044632990625 0.33122779375
0 0.572588084375 0.359167003125 0.573471853125 0.359870159375 0.574775190625 0.3612440140625 0.5756589578125 0.3619471703125 0.5766319859375 0.36137385312500003 0.5766766171875 0.36073561718749997 0.576257046875 0.36006492031250004 0.5749090812500001 0.359329303125 0.5740699421875 0.35798790937499997 0.573650371875 0.35731721250000004 0.5736950015625 0.35667897656249997 0.571882834375 0.3559109 0.5709544359375001 0.3558459796875 0.5699814078125 0.356419296875 0.569472578125 0.3570250734375 0.571240115625 0.3584313859375 0.572588084375 0.359167003125
0 0.2974341984375 0.364939315625 0.2991392046875 0.3605690375 0.30157619062499996 0.3524018 0.30226353906250003 0.3492430765625 0.3029508875 0.346084353125 0.303995275 0.337819734375 0.304950403125 0.330831590625 0.3052181828125 0.3270021703125 0.3048432421875 0.3256932359375 0.3040487328125 0.32371360625 0.303763053125 0.32112819843749996 0.302923915625 0.3197868046875 0.30204014687499997 0.31908364843750003 0.2986122328125 0.3214093765625 0.2979695140625 0.3239298625 0.2969964859375 0.32450317968750003 0.29438980937500003 0.3217554734375 0.29363993125 0.31913760625 0.2933542515625 0.31655219843750004 0.292425853125 0.316487278125 0.290301278125 0.320186859375 0.2896139296875 0.3233455828125 0.28939077968750004 0.3265367671875 0.2883284921875 0.3283865578125 0.288149971875 0.3309395046875 0.2880160828125 0.332854215625 0.288810590625 0.3348338453125 0.28918553125 0.33614277812500004 0.2904442390625 0.33815486875 0.2907745484375 0.3401020390625 0.291060228125 0.3426874453125 0.2924974546875 0.3421465890625 0.2934704828125 0.34157327187500003 0.29439888125 0.34163819218749997 0.29616641875 0.34304450625 0.2969162984375 0.3456623734375 0.296559259375 0.3507682671875 0.2962022203125 0.3558741609375 0.295514871875 0.359032884375 0.294363325 0.3621591484375 0.293167146875 0.3659236484375 0.29243516875000003 0.369720609375 0.2916139296875 0.37479404375 0.29189960937500004 0.3773794515625 0.29282800781249996 0.377444371875 0.2929618984375 0.3755296609375 0.294068815625 0.373041634375 0.29526499375 0.3692771328125 0.2974341984375 0.364939315625
0 0.4494708140625 0.7122834796874999 0.45035458124999994 0.7129866375 0.45170255 0.713722253125 0.453318296875 0.71062845 0.45462163593750005 0.712002303125 0.45619275156250005 0.7095467375 0.45539824375000004 0.7075671078125 0.45422879531250004 0.70427854375 0.45436268437500005 0.7023638328125 0.45542497343750005 0.7005140421875 0.45564812187500003 0.6973228578125 0.45569275156250005 0.696684621875 0.45443404374999996 0.69467253125 0.45396984375000005 0.694640071875 0.4530414453125 0.6945751515625 0.45151495781250006 0.69639248125 0.4517560078125 0.699616125 0.451532859375 0.702807309375 0.450425940625 0.7052953375000001 0.449783221875 0.7078158234374999 0.4494708140625 0.7122834796874999
0 0.49407734999999997 0.5480083453125 0.4958448875 0.5494146578125 0.49719285468749996 0.550150275 0.499424590625 0.5515890484375 0.500772559375 0.552324665625 0.50406658125 0.5519136484375 0.5051288703125 0.5500638578125 0.5057715890625001 0.5475433703125 0.5059501078124999 0.5449904234375 0.506128628125 0.542437478125 0.5058875781250001 0.539213834375 0.5046288703124999 0.5372017437500001 0.503745103125 0.5364985859375 0.5015133656249999 0.5350598125 0.5001207671875 0.5349624328125 0.49901385 0.5374504609375 0.4985050203125 0.5380562375 0.49711242499999997 0.5379588578125001 0.49669285468749996 0.5372881609375 0.49483605781250006 0.5371583203125 0.4937737703125 0.5390081109375 0.49313105156250003 0.5415285984375 0.4929971609375 0.5434433078125 0.49323821093750003 0.5466669515625 0.49407734999999997 0.5480083453125