0 0.23716533437499998 0.43832302968750003 0.23831341250000002 0.43027240000000005 0.23444710937500002 0.41898185625 0.22103489999999998 0.42086681875 0.20870998125 0.4304882515625 0.210340915625 0.44209295624999995 0.223753125 0.4402079921875 0.23323824218749997 0.44281958593750004 0.23716533437499998 0.43832302968750003
0 0.408984734375 0.4930681671875 0.40566207812500005 0.4856458578125 0.40010405000000004 0.478537709375 0.3944852375 0.487216659375 0.3978078953125 0.49463896875 0.40560128906250004 0.5014329562500001 0.4078366578125 0.5011187968749999 0.408984734375 0.4930681671875
0 0.8227571843750001 0.9556085828124999 0.8339340249999999 0.9540377812499999 0.8362301828125001 0.9379365203125 0.8424534296875 0.91733870625 0.8425142187500001 0.90155160625 0.8391915609374999 0.8941292984375 0.8303108765625 0.879598840625 0.82239590625 0.9043790515625 0.8200997484375 0.9204803109374999 0.8155682234375 0.9368957312499999 0.8227571843750001 0.9556085828124999
0 0.31074666562500003 0.62126915625 0.3118339546875 0.6290056265625 0.3162439015625 0.6441644046875 0.32011020625 0.655454946875 0.32566823125 0.6625630953125 0.3262118765625 0.6664313296875 0.3239157203125 0.6825325890625 0.3260903 0.698005528125 0.3321919703125 0.7089819109375 0.33720635312499997 0.7122218250000001 0.34167708750000003 0.7115935046875 0.340106940625 0.6842017015625 0.332435125 0.645833515625 0.324098084375 0.6351712921875 0.3252461640625 0.6271206625 0.3225279390625 0.6077794890625 0.318117990625 0.5926207109375 0.3142516875 0.58133016875 0.30815001875000003 0.5703537843750001 0.30077869062499996 0.5990022296874999 0.297938890625 0.6112352546875 0.30126154843749997 0.6186575640624999 0.308028440625 0.6019279828124999 0.310807453125 0.6054820578125 0.31074666562500003 0.62126915625
0 0.7927959265625 0.7586427765625 0.791647846875 0.76669340625 0.786572678125 0.7792405921875 0.789351690625 0.782794665625 0.80052853125 0.7812238640625 0.8044556234375 0.7767273078125 0.8083827140625001 0.772230753125 0.8128534500000001 0.77160243125 0.816780540625 0.7671058765625001 0.8173849750000001 0.7551870109375 0.821312065625 0.75069045625 0.83248890625 0.749119653125 0.8336369859375001 0.7410690234375 0.8342414187499999 0.7291501593749999 0.8269916687500001 0.72622440625 0.81968113125 0.7390857515625 0.810739659375 0.74034239375 0.80234183125 0.7454672703125 0.79509208125 0.7425415171874999 0.7922522812499999 0.7547745421875 0.7927959265625 0.7586427765625
0 0.32325740000000003 0.4183343 0.3277889234375 0.40191888125 0.3295414359375 0.3819493859375 0.3268232109375 0.36260821249999997 0.32241326406250004 0.347449434375 0.318546959375 0.3361588921875 0.315767946875 0.3326048171875 0.3107535671875 0.3293649046875 0.3090618421875 0.3335473 0.3051347515625 0.3380438546875 0.31286735781249997 0.36062494218749996 0.3172165171875 0.39157081875 0.31492036093750003 0.40767207812499995 0.31485957343750004 0.423459178125 0.3181822296875 0.43088148593750003 0.32325740000000003 0.4183343
3 1 0.5281244968750001 0.99815275 0.516771253125 0.9441426375 0.47308157343749996 0.8751501671874999 0.40388505312499995 0.803861540625 0.35078979375 0.7331165609375 0.30156276718749997 0.6648466515625 0.3348253109375 0.6373570109375 0.3663012015625 0.609806584375 0.41356418906250003 0.602918115625 0.46186796875 0.5959688578125 0.5259588468749999 0.5884759546875 0.5861814890625 0.5927035375 0.6487015640625 0.5959046171875 0.687698071875 0.5754823640625 0.7694610109375 0.5640623687499999 0.8341802109374999 0.5782579265625001 0.9189672124999999 0.590278903125 0.988281275 1 0.9306987296875 1 0.5281244968750001
3 0.046007515625 0.619029428125 0.09379438125 0.6833169234375001 0.143212184375 0.759209121875 0.1988532328125 0.81450350625 0.2511716234375 0.86237558125 0.2847021453125 0.8576631734375001 0.3288050734375 0.863298828125 0.366201896875 0.8698769640625 0.441478403125 0.9026885703125 0.48842113437499995 0.8960911984375001 0.5365727312499999 0.8656561 0.5682934015625001 0.750748159375 0.583762065625 0.64995820625 0.5843091609375 0.507874315625 0.5917412750000001 0.4634387703125 0.5879965484375 0.42057402968749996 0.5742230609375001 0.37122946093750003 0.5243831906249999 0.25989482812500003 0.4766571125 0.179820234375 0.428870246875 0.11553273906249999 0.3776391453125 0.075397134375 0.3106996796875 0.05324775 0.2510099625 0.0340241203125 0.2057589546875 0.036439095312499996 0.14649130625 0.052657898437499996 0.0906071046875 0.0605119109375 0.056289784375 0.1245044796875 0.05260239531250001 0.211804765625 0.0482497859375 0.32681101562500003 0.0361645703125 0.4192361765625 0.028188809375000002 0.4598034859375 0.027884868750000003 0.5387389812500001 0.046007515625 0.619029428125
0 0.8191340359374999 0.8811696437500001 0.820825759375 0.8769872484375 0.8180467468750001 0.8734331734375 0.8152677328125 0.8698791 0.808017984375 0.866953346875 0.803969315625 0.9030241 0.8038477390625 0.9345982984375001 0.8077140406250001 0.9458888421875 0.8111582765625001 0.921736953125 0.8168378781250001 0.897270903125 0.8191340359374999 0.8811696437500001
0 0.69734031875 0.7444457140625 0.71183981875 0.7502972203125 0.716310553125 0.7496689 0.7124442515625 0.7383783562499999 0.7024154890625 0.7318985296875 0.69740110625 0.728658615625 0.692930371875 0.7292869359374999 0.6912386484375 0.73346933125 0.69178229375 0.7373375656250001 0.69734031875 0.7444457140625
0 0.897976353125 0.8582551609375001 0.9080051140625001 0.8647349890625 0.9214173234375 0.862850025 0.935916821875 0.8687015328125 0.9431665718750001 0.8716272859374999 0.9498726749999999 0.8706848031250001 0.9565787796875 0.869742321875 0.9577268578125 0.8616916921875 0.9571832140625001 0.8578234578125 0.9538605562500001 0.8504011484375 0.9483025296875001 0.8432930000000001 0.9310240171874999 0.8338874203125 0.9187598875 0.8277217531250001 0.901481375 0.8183161734375 0.8908481796875 0.8237552109375 0.8874647328125 0.83212 0.8874039453125 0.8479070999999999 0.897976353125 0.8582551609375001
0 0.44414619218749996 0.4999604625 0.44638155937499996 0.499646303125 0.44583791406250006 0.49577806718749995 0.444750625 0.48804159843750006 0.43919259843749997 0.48093345000000004 0.4341782171875 0.47769353593749997 0.43194285 0.47800769687500005 0.4285594046875 0.4863724875 0.43357378437499994 0.4896124015625 0.441367178125 0.4964063890625 0.44414619218749996 0.4999604625