3 0.6925670296875001 0.4218607296875 0.7011214125 0.4305016453125 0.7108370265625 0.44541323750000006 0.7189132796875 0.4575522484375 0.727065840625 0.4604468265625 0.7359376265625001 0.4632911109375 0.742768228125 0.457616478125 0.7439213437500001 0.4430997578125 0.7467077328125 0.41576507031250004 0.7468161078125 0.3863078734375 0.74696669375 0.362622159375 0.74863609375 0.33998512812500004 0.7470710125 0.3227712640625 0.74394490625 0.2987372359375 0.7411824703125001 0.28507176093750003 0.7391814703125 0.2771274765625 0.7305507796875 0.27773099375 0.7177654718750001 0.28093480312499997 0.713530490625 0.282385828125 0.7100167625 0.2889834109375 0.7102598859375 0.29762806249999996 0.70730668125 0.307073665625 0.7023565328125 0.31896868437500003 0.7007212296875001 0.3265898015625 0.6961286656250001 0.333262821875 0.6871424187499999 0.344285184375 0.6751205765625 0.358407034375 0.6658149 0.3700291765625 0.662182653125 0.3800997078125 0.6689811875 0.3946378390625 0.6754582625000001 0.4045789 0.6825360453125 0.41794261875 0.6925670296875001 0.4218607296875
3 0.276853378125 0.44573326875 0.28293674375 0.4707153921875 0.293134546875 0.49252258906249996 0.3041319359375 0.515428759375 0.3156496671875 0.54060831875 0.32248432656250003 0.545327384375 0.336388653125 0.54262276875 0.341099734375 0.5324767984375 0.352603265625 0.521278409375 0.35959256875 0.5127054609374999 0.3532340109375 0.49929145156250004 0.348868340625 0.47303432812499996 0.34842025 0.451122809375 0.3420596640625 0.43251195 0.33730028437500004 0.4212958875 0.3210674140625 0.3958686 0.31103237031250003 0.3815567875 0.30371957968749996 0.38033581875 0.2898895328125 0.368599153125 0.2831392953125 0.375423053125 0.2764714515625 0.3885930703125 0.27688138906250004 0.41512680625 0.276648409375 0.43246640156250005 0.276853378125 0.44573326875
3 0.49041749375 0.6213557625 0.5033655593749999 0.6256473390624999 0.518949428125 0.6262899375 0.5290185671875001 0.625585834375 0.53076833125 0.6040980703125001 0.53395654375 0.58250971875 0.53734566875 0.5637945375 0.5396981671875001 0.5509262781250001 0.5393726515624999 0.535935509375 0.5391315578125 0.5324877078125 0.5337775578125 0.5334395390625 0.5245080078125001 0.5352426171875 0.511282721875 0.5373223046875 0.5022120546875 0.5368017015625 0.48834588281249997 0.5348841015625 0.48291151718750003 0.5346866640625 0.4753998453125 0.5357893765624999 0.46816742187499993 0.535717671875 0.46437241562500003 0.5382928203125 0.4670966984375 0.5565805109374999 0.4712594296875 0.574767615625 0.47826090312499997 0.597375765625 0.48306249375 0.6143633109375 0.49041749375 0.6213557625
3 0.43348150937499996 0.42727399843749997 0.4320913578125 0.448736615625 0.4345806328125 0.47916705468750004 0.4391472140625 0.5082973453124999 0.444909121875 0.5286824 0.45174580937500003 0.5385983140625 0.4636130109375 0.5377684781250001 0.48470957812500004 0.5345609328125 0.49166275625000005 0.5358070500000001 0.49753709687500003 0.53712860625 0.518115353125 0.5368445203125 0.531220090625 0.53304093125 0.547681884375 0.5307349234375 0.5567505234375 0.526058678125 0.557624390625 0.5127163703125001 0.560459078125 0.506743715625 0.5577327671875 0.483259175 0.5525252953125 0.45013159375 0.548722178125 0.4319193421875 0.541198334375 0.40184095624999994 0.5333993 0.38333068125 0.5213632546875 0.3610745859375 0.5126481421875 0.3501351359375 0.49882012500000006 0.34359531875 0.488869503125 0.3408264734375 0.4690908359375 0.3422095328125 0.45626534531249996 0.34483870781250003 0.44699782343749994 0.3518386359375 0.44268653437500005 0.3625340921875 0.4386605796875 0.38764568593750004 0.43499220781250003 0.40753528125000005 0.43348150937499996 0.42727399843749997
3 0.3786422578125 0.58875080625 0.3846010203125 0.6016153281250001 0.3933542859375 0.6079325609375 0.4122148484375 0.6089234765625 0.4238791078125 0.6000236234375 0.4314670859375 0.5896764812499999 0.43269853906250005 0.571112178125 0.43385368281250003 0.56179230625 0.437485928125 0.5517217765625 0.4415179703125 0.54220073125 0.44387249687499997 0.5345293234375 0.44363140312500005 0.5310815203125 0.43955309375 0.5244373812500001 0.43468128281249996 0.5322848171875 0.4245338078125 0.5370365031250001 0.4178619046875 0.5398128203125 0.409152878125 0.5444639203125 0.39796472031249996 0.5446688296875 0.39304866875 0.54154793125 0.3871743265625 0.540226375 0.3832587765625 0.5410776203125 0.379021765625 0.537331796875 0.3750660328125 0.537608409375 0.3715884296875 0.534386925 0.3683498921875 0.5294163953125001 0.36023345625 0.51670275 0.3602375140625 0.5270964499999999 0.3608443046875 0.546109653125 0.3645248484375 0.5574011546875 0.369165709375 0.5720901656249999 0.3713274390625 0.582332984375 0.3786422578125 0.58875080625
3 0.7543200546875 0.467780121875 0.7614441046875 0.49730902187500003 0.77203764375 0.50927200625 0.7781871734375 0.49902545 0.7891723921875 0.490750521875 0.7993158109375 0.4756051375 0.8058631078125 0.4607112203125 0.8136479421875 0.442843546875 0.8143631109375 0.4323995546875 0.8039221859374999 0.40194770625 0.7978830593749999 0.387933915625 0.7946043390625 0.3823887515625 0.790168446875 0.38096660781249997 0.78733173125 0.381742415625 0.784422765625 0.4021563515625 0.781071796875 0.41624931875 0.77728085 0.4292181640625 0.7743657984375 0.43404155156249996 0.7700906359374999 0.43491794375000004 0.764372965625 0.425501221875 0.7499442421875 0.4155387515625 0.7461492375 0.418113896875 0.7455184921875 0.44010085625000006 0.7473607921875 0.45094345625 0.7543200546875 0.467780121875
3 0.55184016875 0.43516597187499995 0.555167184375 0.46207316875000004 0.5590125140625 0.486056903125 0.561738825 0.50954144375 0.5627815359375 0.5192850703125 0.567900528125 0.530475984375 0.5785301921875 0.5326199046875 0.5893989203125 0.533014775 0.6006654140625 0.5287622843750001 0.618085496875 0.5246569375 0.6289120140625 0.519280325 0.6424145171875 0.510829371875 0.6524012640625 0.503779153125 0.6563147875 0.49773105781250004 0.661588421875 0.49562995781249997 0.6652608515625 0.4861340625 0.6660925078125 0.46702027187499995 0.6655660812499999 0.449156334375 0.662160728125 0.4262967203125 0.6565193671875 0.40763556718749994 0.6489975515624999 0.38275403125 0.639438609375 0.35974727500000003 0.63108108125 0.343585828125 0.6187657890625 0.3225041453125 0.6122083484374999 0.31141381562500003 0.601178890625 0.308720409375 0.5892735375 0.3141724609375 0.573932790625 0.3221745125 0.5635884609375 0.334446728125 0.5536861359375 0.35303991562500003 0.5469841953125 0.381225846875 0.5458753203125 0.40671090000000004 0.55184016875 0.43516597187499995
3 0.3509919171875 0.48789936406249995 0.35639421250000003 0.5083095640625 0.3658707609375 0.5249702046875 0.3736677671875 0.5382836281250001 0.3801407859375 0.5378309906250001 0.384098546875 0.5427512296875 0.3890125703125 0.5406752765625 0.400082209375 0.543943315625 0.4122286578125 0.5419390671875 0.42197633906250004 0.53663789375 0.4338816921875 0.5311858421875 0.44122857968750007 0.5173908984375 0.43650329687499995 0.491158921875 0.4329392421875 0.47119762343750005 0.431808053125 0.43951733125 0.4321656359375 0.43429533437499995 0.42460566718750004 0.4140360140625 0.4154083671875 0.396200959375 0.40457576250000005 0.3859870234375 0.3941449828125 0.381519421875 0.379838834375 0.3784777015625 0.3698500578125 0.38033107187500004 0.3579848875 0.38635775781250004 0.3522392078125 0.4075475 0.3477753046875 0.43673182187500004 0.3481852421875 0.46326555625 0.3509919171875 0.48789936406249995
3 0.2574748953125 0.5510281734375 0.27525661874999996 0.5520945265625 0.2898379578125 0.5435681359375 0.3024605078125 0.5328689421874999 0.3098114515625 0.5294676968750001 0.297333403125 0.500890628125 0.28077704375 0.46566942187500004 0.278854378125 0.4536775546875 0.275093471875 0.44123678593750004 0.2656270671875 0.45056039375 0.25811539375 0.45166310468750004 0.25356504062499996 0.46410760937499995 0.2514917890625 0.47580145468749996 0.2550558421875 0.4957627546875 0.2554657796875 0.5222964890624999 0.2574748953125 0.5510281734375
3 0.7785183859375 0.426244409375 0.78657638125 0.39161177343750003 0.789840903125 0.3607789921875 0.7934187671874999 0.3137558796875 0.7857483937499999 0.3177569046875 0.771367965625 0.329156465625 0.7572245734374999 0.333610128125 0.7491523765625 0.33186481875 0.747545475 0.412241828125 0.75378145625 0.4187350890625 0.764372965625 0.425501221875 0.772328671875 0.4359163328125 0.7785183859375 0.426244409375
3 0.7438795203125 0.54069063125 0.756381525 0.5282675375 0.762133290625 0.5226683421875 0.761604834375 0.49960755625 0.7603230562500001 0.49161297812500004 0.7556821968749999 0.47692396875 0.7508404234375 0.45936178906249997 0.7450022078125 0.44822116718749994 0.743009321875 0.4610642796875 0.7359376265625001 0.4632911109375 0.7245887390625 0.4611974859375 0.7175150140625 0.45822746875 0.711477915625 0.44941052656249997 0.70872359375 0.45653245 0.7144051375 0.4757682359375 0.7178506734375001 0.49920248437500003 0.7220556140625 0.5231610734375 0.7370428343750001 0.5307747171874999 0.7438795203125 0.54069063125
3 0.2167319875 0.48516141875 0.234587990625 0.47178649375 0.2537980203125 0.44676801250000003 0.26078529375000004 0.43299821562499996 0.258621534375 0.41755854687499994 0.2519837296875 0.40531895 0.236873934375 0.39078455624999997 0.2301618515625 0.392986240625 0.20777945 0.377805509375 0.1887118921875 0.358350878125 0.1789199703125 0.3526837171875 0.1820842296875 0.372095528125 0.187010425 0.401200675 0.18969858125 0.42930743125 0.199820075 0.460359059375 0.2167319875 0.48516141875
3 0.6581932125 0.4987545921875 0.6566382734375 0.5075249765625001 0.6600034453125 0.52980995625 0.6693553890625 0.534352996875 0.6725176187499999 0.5485679593749999 0.6841116578124999 0.5645030875 0.7017748625 0.5690423906250001 0.71703524375 0.5598910703125 0.7215072625000001 0.5514941484375 0.7221802187499999 0.535278671875 0.7210932671875 0.5145667140625 0.7160063437499999 0.48316303437499997 0.712283590625 0.46610005 0.7079219765625 0.45023662656249996 0.705920975 0.442292340625 0.702561890625 0.43559790937500004 0.6935273484375 0.42525823906250004 0.6874119140625 0.42048888125 0.6795406296875 0.42161673750000006 0.6736301625000001 0.4301142484375 0.6670828656250001 0.445008165625 0.6648509140625001 0.4596003265625 0.666896153125 0.4785129453125 0.66382443125 0.49143149687500004 0.6581932125 0.4987545921875
3 0.6165528734375 0.5905926671875 0.625227803125 0.6009574828125 0.6354576734374999 0.6025519125 0.6491209062500001 0.5963994968749999 0.6515517390625 0.5794836546875 0.651419021875 0.54657865625 0.654287803125 0.525590084375 0.6558808968750001 0.5121974859375 0.6581932125 0.4987545921875 0.654358025 0.5007551046875001 0.6483671953125001 0.508103346875 0.63690181875 0.5146795187500001 0.621920684375 0.5226564234375 0.606419209375 0.5283599406249999 0.592555065625 0.5316391890625 0.5850835734375 0.5333165328125 0.5948393703125 0.548802759375 0.6048362578125 0.5677367875 0.6165528734375 0.5905926671875