3 0.6816088828125 0.3989751515625 0.691152565625 0.40650914218749995 0.7026130265625 0.42012555 0.712108453125 0.4311898296875 0.7205530062500001 0.43306928593749994 0.7297052953125001 0.43481117031250005 0.7357934171875 0.42834639374999994 0.7351687953125 0.41379734843750005 0.7346031546875 0.38632683437500004 0.7311207921875 0.35707600156249997 0.72838369375 0.333548484375 0.727281890625 0.3108767375 0.7236306328125 0.29398191875 0.7175988171875 0.2705080125 0.7131915703125 0.2572810546875 0.7102373203125001 0.249639846875 0.7017445109375 0.25129068125 0.6894449500000001 0.256028746875 0.685418371875 0.2579850703125 0.6827348765625 0.2649616921875 0.68402970625 0.273512278125 0.6822496421875 0.2832473796875 0.67878603125 0.29565700625 0.6780916968749999 0.303420609375 0.6743466015624999 0.310603584375 0.6667706250000001 0.32263893593750004 0.6565594124999999 0.3381206171875 0.64873948125 0.35079020625 0.6463615984375 0.3612283328125 0.6548812093749999 0.3748295671875 0.6625215156250001 0.383907171875 0.6711751687499999 0.3963087140625 0.6816088828125 0.3989751515625
3 0.271903228125 0.47333249843749997 0.2809858046875 0.49738703125 0.293765221875 0.51778888125 0.3074722 0.53918406875 0.3219726953125 0.562772284375 0.3293315203125 0.5666232390625 0.3428025953125 0.562244271875 0.3462420796875 0.5515997921875 0.35629512343749997 0.539082946875 0.36218755156250004 0.52972211875 0.3542416328125 0.5171830078124999 0.3467085640625 0.49165364218749996 0.3435934703125 0.46996005781249994 0.3350122015625 0.4522630796875 0.32892140468750003 0.44171064375 0.309710725 0.4184511765625 0.2980063109375 0.40546900625 0.2905992296875 0.4051483421875 0.27544192968750003 0.3951846203125 0.26957363125 0.40278030156250005 0.2645605109375 0.41666475781249995 0.26820104218749996 0.44295075781250004 0.2700829640625 0.4601894984375 0.271903228125 0.47333249843749997
3 0.5052784671875 0.621619009375 0.5186530312500001 0.6243006234374999 0.5341990546875001 0.6230392375 0.54410733125 0.6211132625 0.543225353125 0.599572421875 0.5437588421874999 0.5777564421875 0.5448418968750001 0.5587677296875 0.5456086140624999 0.5457086921875 0.5434586109375 0.5308693328125 0.5427991328124999 0.5274766109375 0.537601040625 0.5290738375 0.5286203234375 0.5319931484375 0.5157470671875 0.5356690921875 0.506680565625 0.5362578046875 0.49268405312499997 0.5360443593750001 0.487266134375 0.536510678125 0.47994483906249996 0.5385206124999999 0.47275758593750006 0.539330853125 0.4693047 0.5423493015624999 0.474237384375 0.560168671875 0.4805855390625 0.5777129046875 0.4902900640625 0.5992992703125 0.49712612500000003 0.6155750265625 0.5052784671875 0.621619009375
3 0.4251142578125 0.4359226515625 0.426350103125 0.45739470625 0.43252936093749994 0.48729495624999997 0.44061199375 0.5156515875000001 0.44881526562499996 0.5351824953125 0.456809440625 0.5441913140625 0.46848705312499994 0.5419214171875 0.48903546875000004 0.5361667531250001 0.4960886828125 0.536556203125 0.50208029375 0.5371520078125 0.5224705421875 0.53436218125 0.5350140578125 0.5289898765625 0.551072115625 0.5246948703125 0.5595032671875 0.5189482921875 0.558744603125 0.5055989375000001 0.5608302765625 0.499325340625 0.5552622421875 0.47634810468750005 0.54605635 0.44410208124999995 0.5400620640625 0.42648906562500005 0.5289286703125 0.3975518046875 0.5189319328125 0.3801299671875 0.5042732671875 0.3595065890625 0.4942899328125 0.349710784375 0.4797679828125 0.3449049265625 0.4695540953125 0.3433693953125 0.45009140781249996 0.3471525578125 0.4376819328125 0.3513251703125 0.429336565625 0.3594023484375 0.4263608609375 0.370543496875 0.42542524843749996 0.39595855156250004 0.4242081515625 0.41614695625 0.4251142578125 0.4359226515625
3 0.3903628421875 0.602879059375 0.39784498125 0.6149215 0.407302878125 0.6201248921875 0.42614361718750005 0.618809896875 0.43663631406250003 0.608554865625 0.442906734375 0.59736010625 0.4418665875 0.5787841031250001 0.44187731562500004 0.569392925 0.4442551984375 0.5589547984375 0.4470968609375 0.549013340625 0.448498928125 0.54111216875 0.44783945000000003 0.537719446875 0.44298182343750003 0.5316218546875 0.4391026875 0.5400045203125 0.429609934375 0.545957453125 0.4233261125 0.549526178125 0.415248828125 0.5552039718749999 0.4041690359375 0.556770846875 0.39890928593749997 0.5542723281249999 0.3929176734375 0.5536765234375001 0.38913505000000004 0.5549986109375 0.38447312031249997 0.5517970703125 0.380580584375 0.5525537015624999 0.3767363015625 0.54978004375 0.3729161484375 0.5452412421874999 0.36331080781249997 0.5336115078125 0.364581509375 0.5439272390625 0.367500903125 0.5627247718749999 0.3725301 0.5734835625 0.378926509375 0.5874975046875 0.3823204109375 0.5974005265625 0.3903628421875 0.602879059375
3 0.7484977765624999 0.43702646562499997 0.7591673921875 0.4654670578125 0.7711398890625001 0.4760498453125 0.775994840625 0.46513022499999995 0.7858897171875 0.4555782171875 0.7941117703125 0.4393095515625 0.798795153125 0.4237287375 0.8043444375 0.4050455140625 0.8037814734375001 0.3945922125 0.7897072281249999 0.3656397765625 0.7820052640624999 0.3524664265625 0.7780751968749999 0.3473621703125 0.7734990546875 0.34649122656250003 0.7707780296875 0.347606959375 0.7703785812499999 0.3682232484375 0.7687700890625 0.382619546875 0.7665879046875 0.395953725 0.7642824046875 0.4010964171875 0.7601459140625 0.4024872859375 0.753323253125 0.393837565625 0.7377879593750001 0.385707771875 0.734335071875 0.3887262171875 0.736388565625 0.4106261578125 0.7395385140624999 0.42116341874999996 0.7484977765624999 0.43702646562499997
3 0.5435524796875 0.42933150781249996 0.550133859375 0.45563268125 0.5568734078124999 0.47896901718749996 0.5624414421874999 0.5019462531250001 0.5646638312500001 0.5114901765625001 0.5711084953125 0.5219738296875 0.58192020625 0.5228063374999999 0.59275604375 0.5218737 0.603420309375 0.5162798671875 0.6202102296875001 0.5100821453125 0.6303008046875 0.5034261890625 0.64267275 0.4933926875 0.6517258499999999 0.48517794218750004 0.6548731265625001 0.4786979890625 0.6598513921875 0.47596985781249995 0.6623391890625 0.46609718593749994 0.6608352609375 0.44702451249999997 0.6581356921875 0.42935788593749996 0.6519698359375 0.407083671875 0.644096303125 0.389249125 0.63359825625 0.36546973125000004 0.6213067484375 0.34379940468750003 0.6110419296875 0.32877695 0.5962492234375001 0.3093532625 0.588389090625 0.2991447515625 0.5771136 0.2978155734375 0.565961425 0.304677884375 0.55171023125 0.3144898546875 0.5429386140625 0.327931253125 0.5353760390625 0.34759263906250004 0.5321590546875 0.37638523749999997 0.5341642906249999 0.4018154671875 0.5435524796875 0.42933150781249996
3 0.35062790312500003 0.506149078125 0.358477309375 0.52574876875 0.3699136421875 0.541130321875 0.379275028125 0.55339429375 0.3856446359375 0.5521561671875 0.39017252187499996 0.5565574015625 0.394796921875 0.5538980546875 0.40618232499999996 0.555792684375 0.41799397968749996 0.5523230953125 0.42702295156250003 0.54587349375 0.43817512656249996 0.5390111828124999 0.44378607031249995 0.5244237046875 0.43589913437499994 0.49896312343749993 0.42992897656249995 0.4795849625 0.42494536250000003 0.4482786671875 0.42466387812499995 0.443052015625 0.4146912703125 0.423865034375 0.4033889796875 0.4072837890625 0.3913923546875 0.3984661484375 0.38049486093749996 0.395303040625 0.3659246546875 0.3940274734375 0.35623620312500004 0.397084353125 0.34519394062500003 0.40451211875000004 0.34207346875 0.4262441375 0.34119951249999997 0.4557549359375 0.34484004375 0.4820409328125 0.35062790312500003 0.506149078125
3 0.265501409375 0.5802041921875001 0.28328054687500004 0.5790955515625 0.29671409375 0.568855696875 0.3079386546875 0.55669795 0.314820296875 0.552426203125 0.2989525890625 0.525582834375 0.2782272546875 0.492641875 0.274857478125 0.48097370625 0.26960845624999996 0.46908400937500006 0.26134887500000004 0.47949178437500006 0.2540275796875 0.48150171875 0.251027746875 0.4944080125 0.250395071875 0.506267359375 0.256365228125 0.525645521875 0.260005759375 0.5519315203125 0.265501409375 0.5802041921875001
3 0.76745380625 0.39285131875 0.7712310828125 0.3574948078125 0.7707137000000001 0.326494003125 0.7685342187499999 0.2793853625 0.761408621875 0.2842913484375 0.748524640625 0.29735847187500003 0.7350294359375 0.30350258281250003 0.726804709375 0.3027540359375 0.7350052781249999 0.382727759375 0.7419861062499999 0.38841264531249997 0.753323253125 0.393837565625 0.7624889406250001 0.4032054859375 0.76745380625 0.39285131875
3 0.7470206203124999 0.5106658921875 0.7579154421875 0.4968117875 0.7629419640624999 0.49055336406250005 0.75960704375 0.467728871875 0.7573605265625 0.45995009375 0.7509641203124999 0.4459361515625 0.7440181453125 0.4290949421875 0.7368657453125 0.4187488609375 0.7364528953125 0.43173911406250004 0.7297052953125001 0.43481117031250005 0.7181858515624999 0.43411623125 0.7108028984375 0.43203042343750003 0.7037362859375 0.4240149390625 0.7018704375 0.43141944218750006 0.709853884375 0.4498194421875 0.7161296546875 0.47265911093749996 0.7232230687500001 0.49592666249999995 0.739026446875 0.501657071875 0.7470206203124999 0.5106658921875
3 0.21703505625 0.5197937109375 0.2331279703125 0.5043423796875001 0.249145825 0.4771692703125 0.2544029 0.46265057656249997 0.250373646875 0.4475896875 0.24229368906249998 0.43625026875 0.225525221875 0.4236656328125 0.21913148750000003 0.42666890312500005 0.19506585468749998 0.4143290546875 0.1737695 0.3973431859375 0.1633599140625 0.3929116015625 0.1688662921875 0.41179309531249997 0.1773027921875 0.44008094375000006 0.1833962640625 0.4676505921875 0.19722655625000002 0.4972372671875 0.21703505625 0.5197937109375
3 0.6568622875 0.479484971875 0.6563877796875001 0.4883794828125 0.6624437234375 0.5100882437500001 0.672279615625 0.5134577046875 0.67715064375 0.52718133125 0.690600265625 0.5415847234375 0.7086850140625 0.5439375890625 0.7227163812499999 0.532994709375 0.7261317390625 0.5241153734374999 0.724823509375 0.507938753125 0.72122050625 0.4875136453125 0.7123443546875 0.4569639828125 0.7065698953124999 0.44048187343749995 0.700307528125 0.425268240625 0.6973532765625 0.4176270296875 0.6932033843750001 0.4113918671875 0.6829760953124999 0.40223030312499997 0.67632500625 0.398241778125 0.66864984375 0.40032049687500004 0.66381901875 0.40947497187500004 0.6591356375 0.4250557875 0.6586986593749999 0.43981118593749996 0.663033521875 0.45833358124999996 0.661559071875 0.4715301890625 0.6568622875 0.479484971875
3 0.626724575 0.5757131796875 0.636597996875 0.5849435296875 0.6469459265624999 0.58527936875 0.6597575250000001 0.57750768125 0.6601087156250001 0.560421684375 0.6559668765625 0.5277781296875 0.6562564125 0.5065963874999999 0.656205484375 0.493109465625 0.6568622875 0.479484971875 0.6532994890625 0.48193796562499996 0.6482488375 0.4899615328125 0.63767035625 0.497885965625 0.6237730296875 0.5076291515625 0.6090821828124999 0.5151793109375 0.5957210203125001 0.52012373125 0.5885096375 0.5226991171875001 0.6000800125 0.5368809796875 0.6123098625 0.5544555625 0.626724575 0.5757131796875