3 1 0.4651118625 0.94948836875 0.6186109359375 0.9474651328125001 0.6985496453125 0.94736806875 0.735105834375 0.95097775625 0.7397312656249999 1 0.5567777625 1 0.4651118625
3 1 0.3165014421875 0.988000515625 0.26676648125 0.961818146875 0.23780162031250002 0.9347212218750001 0.21224992187499997 0.8826924296875 0.19830884843750002 0.80751235 0.20743016406249998 0.805250228125 0.20682403124999998 0.7630874140625 0.22845051718749998 0.7185654125000001 0.28602705781250004 0.7067732624999999 0.29384201875 0.6788065390625 0.4253607078125 0.657338765625 0.49643104843749997 0.6362069375 0.61149004375 0.633269146875 0.6948419171875 0.653915653125 0.76256386875 0.6954513296875 0.806617296875 0.7560955953125 0.8155504390624999 0.840421225 0.7722974687499999 0.8963023640625 0.6994735015625 0.9540611437500001 0.6015451078125 0.9846259375 0.5146212078125 1 0.47089856562500004 1 0.3165014421875
0 0.6350049671875 0.552636459375 0.644534996875 0.5442153640625 0.6546436328125 0.4883924515625 0.6669658578125001 0.4514537625 0.670191065625 0.4303686375 0.6674959328125001 0.422330040625 0.6602280265625 0.43135726874999997 0.6479543328124999 0.4500178609375 0.6379427609375 0.4692845859375 0.633802996875 0.49378287812500005 0.6296632343749999 0.5182811703125 0.6318768234375 0.5371653984375 0.6350049671875 0.552636459375
0 0.2928870140625 0.8341046437499999 0.296063690625 0.8312976109375001 0.2933685578125 0.8232590125 0.28975886875 0.8186335796875 0.2865821921875 0.8214406109375 0.287929759375 0.825459909375 0.2906248921875 0.8334985093749999 0.2928870140625 0.8341046437499999
0 0.327830453125 0.803227290625 0.327397440625 0.7957948265625 0.3228731984375 0.794582559375 0.3178674125 0.8042159234374999 0.31377618125 0.8104361203125 0.3128616265625 0.8138492859375 0.319647990625 0.8156676875000001 0.3260013421875 0.8100536234375 0.327830453125 0.803227290625
0 0.2601124078125 0.7302090015625 0.26511819375 0.7205756390625 0.2660327484375 0.7171624734375001 0.2655997375 0.7097300078125001 0.26107549375 0.708517740625 0.25289303125 0.7209581359375 0.246058134375 0.737417828125 0.246491146875 0.7448502921875 0.24875326874999998 0.7454564265625 0.255106621875 0.7398423625 0.2601124078125 0.7302090015625
3 0 0.880005275 0.0174830375 0.884689840625 0.0675409 0.7883562125 0.07986312500000001 0.7514175265625 0.1003678125 0.70203844375 0.095556153125 0.6385594296875 0.128961675 0.5048398421875 0.157264346875 0.41730980781250004 0.1832563640625 0.3474517328125 0.19201743437500002 0.28760951874999996 0.170023359375 0.21586827031250003 0.15611468125 0.16824281562500001 0.1114023296875 0.12699641875 0.0842568734375 0.119722815625 0 0.4341737484375 0 0.880005275
1 0.21083105624999998 0.5340931171875 0.23248918281250003 0.5618457125 0.23561732656249998 0.577316775 0.2445202171875 0.6345755921875 0.2558308234375 0.637606259375 0.27850056875 0.6253895015625 0.285432528125 0.5723736203125 0.306370228125 0.530427003125 0.36032519375 0.5009855562500001 0.394787090625 0.480953834375 0.4192374140625 0.480188840625 0.389396825 0.4648766390625 0.368171709375 0.44455650625 0.3618668890625 0.43189247656249996 0.349690259375 0.41399687968750004 0.3275505875 0.3970899125 0.27725384218750004 0.4128786984375 0.2577607734375 0.4222884265625 0.22965222968750001 0.4367060828125 0.2163669171875 0.4953360296875 0.21083105624999998 0.5340931171875
3 0.1461926234375 0.49482398125 0.12246272656249999 0.565288190625 0.10142796406250001 0.6437909953125 0.10970371406249999 0.7667297265624999 0.1475811703125 0.824435815625 0.2067808046875 0.8659058500000001 0.278302665625 0.8704371953125 0.294619059375 0.8638345 0.36200115781250003 0.8928641390625 0.4385288046875 0.887762121875 0.495708978125 0.8372355484374999 0.5503396140625 0.72383609375 0.614884759375 0.6277261015625 0.6407797125 0.5944242171874999 0.64540101875 0.5590802953125 0.6559911984375 0.49241175000000004 0.6815502046875 0.4151212109375 0.7067732624999999 0.29384201875 0.6942606859375 0.23195776875 0.679870465625 0.1951779421875 0.665961790625 0.1475524875 0.6392978765625 0.1294332546875 0.5777875890625 0.105635184375 0.529319953125 0.1145976375 0.4848950171875 0.1356179890625 0.46405437968749996 0.14100841718749998 0.4432622765625 0.12812075 0.3830510234375 0.12662007343749998 0.34546098281250004 0.1311807296875 0.2629644625 0.1676073703125 0.2620499078125 0.1710205359375 0.2075163359375 0.2478638015625 0.1887922265625 0.308694646875 0.1873475953125 0.3412315359375 0.17545838125 0.3856026875 0.1517284859375 0.4560668953125 0.1461926234375 0.49482398125
0 0.4077812109375 0.53199245625 0.4096103203125 0.5251661234375 0.4028239578125 0.5233477234375 0.4005618359375 0.522741590625 0.3964706046875 0.5289617890625 0.396903615625 0.536394253125 0.40460453437500005 0.5347994875000001 0.4077812109375 0.53199245625
0 0.32230214375 0.4981137484375 0.310509990625 0.5059287109375 0.29602270937499997 0.5057050750000001 0.2806208703125 0.5088946046875 0.2751820734375 0.511095503125 0.2688287203125 0.516709565625 0.2552074609375 0.531350859375 0.24519588906249998 0.5506175843750001 0.25241526406250003 0.55986845 0.262811315625 0.566312284375 0.27734713125 0.5482578250000001 0.2864441484375 0.5324042640625 0.29958386406250004 0.5286086015625 0.3181623796875 0.522612040625 0.3363078828125 0.5091830140625 0.3440573328125 0.48931015625 0.348197096875 0.4648118640625 0.34555049531250004 0.4384951703125 0.34468447343749997 0.4236302421875 0.3374650953125 0.4143793765625 0.3302457203125 0.4051285125 0.3184535703125 0.4129434734375 0.31070411875000004 0.432816334375 0.3074789109375 0.45390145937500004 0.3110885984375 0.4585268921875 0.30969250000000004 0.47278568749999994 0.3137352 0.48484358437499997 0.32230214375 0.4981137484375
1 0.601991478125 0.36819597656249997 0.5734013906250001 0.3934592640625 0.56603641875 0.43904268125 0.5727257203125 0.477417271875 0.5839877953125 0.4987260328125 0.5997741109375 0.5212470640625 0.61970019375 0.5192698015625 0.6300477140625 0.543991728125 0.6331758578125 0.5594627921875001 0.63307879375 0.5960189812500001 0.6403467015625 0.5869917515624999 0.647711671875 0.5414083328125 0.657820309375 0.48558541718750003 0.670142534375 0.44864673125000004 0.670191065625 0.4303686375 0.6674959328125001 0.422330040625 0.658880459375 0.42733797031250004 0.6403504765625 0.4150564359375 0.6326980890625 0.39837310625 0.623265125 0.3702380140625 0.601991478125 0.36819597656249997