3 0.14605701875 0.55238434375 0.147743828125 0.6006882328125001 0.1623486875 0.6368672359375 0.2146448625 0.7017483171875 0.264201959375 0.7200299359375 0.3135316765625 0.6999627953124999 0.33785018125 0.6640922406249999 0.34668605625 0.5987440640624999 0.35920222968750004 0.543273465625 0.36032323125 0.47986238124999997 0.34870067968749996 0.4335731375 0.3236947515625 0.38608357031249996 0.29804371406249996 0.35195798906250003 0.270695303125 0.33290082656250003 0.23931231562500002 0.32565833125 0.2193245 0.32635632187499997 0.2007379453125 0.33534379062499997 0.1805703484375 0.36273098125000003 0.1610425734375 0.408440334375 0.1447879390625 0.45236770625 0.13379464218749998 0.48777293437499997 0.132388096875 0.5111696078125 0.13840559531250002 0.5243009328125 0.14605701875 0.55238434375
0 0.6189962453125 0.46916163749999995 0.6183511390625 0.4825256265625 0.6142583953125 0.49267464375000003 0.6102238203125 0.5044893125 0.6116250828124999 0.5127787921875 0.6193399578125 0.5108417000000001 0.625711734375 0.5022807796875 0.628577709375 0.48883923593749995 0.6349494875 0.4802783171875 0.6431349703125 0.45998028281250003 0.6505008484375 0.44804928125 0.652140059375 0.4313152140625 0.6560001390625 0.41450359218750005 0.65565114375 0.4045096828125 0.660796153125 0.3926562375 0.6570576906250001 0.38111300937500003 0.6515636859375 0.382972546875 0.6486977078125 0.396414090625 0.6413318296875 0.40834508906250006 0.629989540625 0.43375640937500004 0.6205191234375 0.44909626718749995 0.6219203875 0.457385746875 0.6189962453125 0.46916163749999995
3 0.731678834375 0.098336509375 0.700465059375 0.127777121875 0.6728099671875001 0.1954501625 0.6713399718749999 0.24886733749999998 0.6968693921875 0.31134776875000003 0.7149694859375 0.41577970156250005 0.717650396875 0.4607135109375 0.7420112171875 0.52156706875 0.791388534375 0.5665378875 0.833585034375 0.565064353125 0.8971759015625 0.539496153125 0.937447646875 0.5147422781250001 0.973161321875 0.4868122078125 0.9974798281249999 0.45094165156250005 0.9863701562499999 0.1328022390625 0.96960259375 0.0983664421875 0.9504978328125 0.0606768953125 0.9244925171875 0.048243559375 0.8851038250000001 0.0346099 0.8495699296874999 0.0358507703125 0.8190012624999999 0.0519273953125 0.7722414093750001 0.081910890625 0.731678834375 0.098336509375
3 0.5365544640625 0.6871716203125 0.5366126296875 0.688837271875 0.5399439312500001 0.688720940625 0.5466065375 0.6884882765625 0.548885571875 0.6900763750000001 0.5523332062499999 0.6932913453125 0.554612240625 0.6948794421875 0.55560634375 0.6915093625 0.5499378390625 0.6883719453125 0.5476588062500001 0.6867838484375001 0.54204846875 0.685312084375 0.5375485656250001 0.683801540625 0.536496296875 0.6855059703124999 0.5365544640625 0.6871716203125
1 0.367160334375 0.48462667187499997 0.37585874218750004 0.54269180625 0.38210890468750003 0.5624857375000001 0.381923840625 0.620861090625 0.387883171875 0.6323267640625 0.41056246874999996 0.6131902765625 0.43324704531249997 0.5623676375 0.4440076765625 0.520299803125 0.469843778125 0.49605003124999997 0.4884832140625 0.520414365625 0.48017611406249994 0.56906725 0.46988080937500004 0.6244602953125 0.472561721875 0.6693941046874999 0.47950987187500005 0.7091758515625 0.5194273390624999 0.706114221875 0.560397075 0.7013481609375 0.5699256562499999 0.68767395625 0.5647912140625 0.63615509375 0.5645003843749999 0.6278268375 0.5607672046875 0.58459745625 0.55831895625 0.5463262515625 0.568957971875 0.53261326875 0.573457875 0.5341238109375 0.6122649078125 0.5311009578125 0.6260025640625 0.5106090359375 0.64347868125 0.5016603453124999 0.64564666875 0.468230984375 0.65769223125 0.431121328125 0.6657613828125 0.40749199062499997 0.6677548718749999 0.369065678125 0.6657137843750001 0.3424540328125 0.64368488125 0.316540378125 0.632702153125 0.2885732984375 0.57414525 0.26727059531249997 0.5436981984375 0.2549923703125 0.5065885421874999 0.24294680624999998 0.4864843953125 0.24031349375 0.464741034375 0.2544142484375 0.45334057968749997 0.27815991875 0.4473125140625 0.3284009 0.42907495625000003 0.347382278125 0.407098934375 0.354820428125 0.37682638125 0.3475391546875 0.3515772234375 0.3567592890625 0.342868246875 0.3620664609375 0.3437989 0.38871688125000003 0.3529097546875 0.4267554234375 0.367160334375 0.48462667187499997
3 0.40266252968750005 0.673502721875 0.46963229531249995 0.7128561515625 0.5095497625000001 0.70979451875 0.559286640625 0.7013869390624999 0.6186684312499999 0.68263645625 0.646434571875 0.649980871875 0.6703459171875 0.60245075625 0.6933266078125 0.5282702203125 0.70987735625 0.4609849515625 0.7152021484375 0.4224423078125 0.699433971875 0.3529502765625 0.694706690625 0.313090975 0.6774156359375 0.2636643140625 0.6560318406250001 0.224386671875 0.61471839375 0.18747267031249998 0.5730506656250001 0.1722509125 0.523139290625 0.17566153906249998 0.47608860937499997 0.1973167765625 0.4387410046875 0.21029476093750002 0.4059514703125 0.22644893906250002 0.3631627421875 0.2746382671875 0.3444545734375 0.3119805875 0.33953694218749997 0.3621827921875 0.35197381562499996 0.43179115625 0.3687942609375 0.49957875781250005 0.37638223593750003 0.5576826687499999 0.37964480625 0.61927299375 0.40266252968750005 0.673502721875
0 0.2134021984375 0.4433009125 0.21673350156249999 0.44318458125 0.22018113437500003 0.446399553125 0.2211752375 0.44302947187499997 0.22222750625 0.44132504375000003 0.2233379421875 0.44128626718749997 0.22550064375 0.43954306093750006 0.2253843125 0.4362117578125 0.22310527812499997 0.43462366093749993 0.22082624218750002 0.4330355640625 0.21749494062500002 0.43315189531250003 0.2142799703125 0.43659953125 0.2132277015625 0.4383039578125 0.2134021984375 0.4433009125
0 0.083581871875 0.5462276109374999 0.0845178078125 0.5411918796874999 0.085279246875 0.53115919375 0.082709384375 0.521242840625 0.07914541875 0.514696565625 0.07680821875 0.51144281875 0.07470368125 0.514851675 0.07949441406249999 0.5246904734375 0.0809538421875 0.5346456046875 0.079023803125 0.543051415625 0.0759833296875 0.5514960062500001 0.0793146328125 0.5513796734375 0.083581871875 0.5462276109374999
0 0.5058113 0.698251290625 0.5090262703125 0.69480365625 0.5100785375 0.693099228125 0.5088517718750001 0.689806703125 0.5054041390624999 0.6865917328125 0.5020146703125 0.6850424125 0.4977474296875 0.690194475 0.496869659375 0.6968958578125 0.49704415625 0.7018928125 0.499265025 0.7018152578125 0.503648596875 0.699994496875 0.5058113 0.698251290625
0 0.47192718125 0.6193857859375 0.4720435125 0.6227170906249999 0.473153946875 0.6226783124999999 0.47537481406250004 0.622600759375 0.47636891718749996 0.619230678125 0.4752003171875 0.6176038046875 0.47391538593750004 0.612645628125 0.4715781859375 0.6093918781250001 0.47040958593750004 0.6077650046875 0.4693573171875 0.6094694328125 0.47058408281249997 0.612761959375 0.470700415625 0.6160932609375 0.47192718125 0.6193857859375
0 0.40215488749999995 0.5634534 0.40606784687499997 0.57999358125 0.412730453125 0.57976091875 0.4213812640625 0.5727880953125 0.4263517765625 0.55593769375 0.4293340859375 0.5458274546874999 0.433601325 0.5406753921874999 0.43453726093749995 0.5356396609375 0.4322582265625 0.5340515640625 0.4310896265625 0.5324246890625 0.43401376875000003 0.5206487984375 0.435943809375 0.5122429875 0.43653075 0.497213346875 0.43501315625 0.4855925640625 0.430106090625 0.4724224625 0.4242049265625 0.462622440625 0.418303759375 0.45282241875 0.41380385625000005 0.45131187500000003 0.4096529484375 0.4597952421875 0.40789740625000004 0.4731980078125 0.4107580984375 0.49144261718750004 0.41279918593750003 0.5180542625 0.4112181421875 0.53645398125 0.40613129687500005 0.5499730796875 0.40215488749999995 0.5634534
3 0 0.5087275328125 0.00961111875 0.78395396875 0.0340988375 0.7847665203124999 0.0659524375 0.7736480734375 0.0943002359375 0.7576490031249999 0.1112528609375 0.7337094484375 0.1287342640625 0.693074603125 0.1415994328125 0.6475979125 0.148092821875 0.610682140625 0.14815627343749999 0.5806616390625 0.14611518437499998 0.5540499953125 0.1382892625 0.5209696296875 0.1216380328125 0.48986513593750003 0.1037600375 0.4554681140625 0.08284156718749999 0.4295156828125 0.049005046875 0.41568813593750004 0.01779655625 0.41344259687499996 0 0.42119589687500003 0 0.5087275328125