0 0.42539664843749997 0.929457875 0.43841025624999996 0.9324590468749999 0.44569923125 0.938898075 0.44914817500000004 0.9408829796875 0.45337929218750006 0.947806325 0.46639290000000005 0.950807496875 0.45949501093749995 0.9468376890625001 0.45526389375000004 0.9399143437499999 0.4587128390625 0.9418992484375 0.460988525 0.9364764890625 0.44758383124999995 0.9310060953124999 0.4376280828125 0.9275206046875001 0.4368459109375 0.9225821640625 0.42422339062500003 0.9220502125 0.4181076734375 0.923018846875 0.42539664843749997 0.929457875
1 0.47191110937499997 0.45129442343750004 0.46775082343749996 0.46460916250000006 0.46131485000000005 0.4833466609375 0.450256675 0.49269159218749997 0.44915424687499994 0.5055220140625 0.46490545625 0.5258077328125 0.47870123593749997 0.533747346875 0.5513076703124999 0.5171852921875 0.5570323015625 0.5137474359375 0.57232159375 0.51132585 0.5841619437500001 0.5069193609375 0.5894954875 0.501012284375 0.5909890015625 0.4906510828125 0.5737442781250001 0.48072656562500005 0.5630063578125 0.472302634375 0.55571738125 0.46586360625 0.5384726578125 0.4559390875 0.5216190187499999 0.448483790625 0.5074321546875 0.4380749546875 0.5050856375 0.4232596296875 0.511912696875 0.406991353125 0.5275222453125 0.38680090312500004 0.549638596875 0.368111040625 0.557638915625 0.3592504265625 0.5396828499999999 0.36462555 0.506437490625 0.37242226093749997 0.480090021875 0.384188778125 0.41438147656249996 0.404720640625 0.419394765625 0.416582428125 0.4186834234375 0.4318820703125 0.4271456578125 0.4457287609375 0.43631923281249996 0.444275809375 0.454666384375 0.44136990625 0.4676799921875 0.444371078125 0.47191110937499997 0.45129442343750004
0 0.4109694640625 0.30401453749999996 0.41857869531249997 0.292684703125 0.4284636125 0.275932109375 0.4330149859375 0.265086590625 0.4348995859375 0.25719461093749996 0.43066846875 0.250271265625 0.42682843593750003 0.2458171421875 0.4241616640625 0.2487706796875 0.41804594687499996 0.2497393140625 0.41733460625 0.26503895625 0.41584109218750004 0.27540015625 0.408231859375 0.2867299921875 0.4063472609375 0.294621971875 0.4079116046875 0.3044988546875 0.4109694640625 0.30401453749999996
3 0.3769080359375 0.1879135234375 0.40183282187499997 0.206746290625 0.4270778625 0.20781019375 0.46722111093749996 0.203983290625 0.49630618281250005 0.20950131875000003 0.5199868796875 0.20068834062500002 0.5313653109375001 0.1735745453125 0.5365571953125 0.1271913015625 0.5276330437500001 0.09063730625000001 0.5110996625 0.0654131453125 0.4888416484375 0.043626840625 0.4555254578125 0.031185465625 0.42988933124999995 0.0276523421875 0.39248368437500003 0.048763790625 0.349033153125 0.0910819578125 0.32855197812500003 0.13988678906250002 0.33669395625 0.1715023421875 0.34476510312499997 0.18287981250000002 0.3769080359375 0.1879135234375
3 0.36879691875 0.49293773593749995 0.3926192765625 0.5246009234375 0.42248652187499997 0.53505739375 0.4576873109375 0.5396067875 0.5027730187499999 0.5274035875 0.5757705390625001 0.5133107531250001 0.594117690625 0.51040485 0.6135672703124999 0.49466852499999997 0.626830303125 0.4596627515625 0.634368703125 0.42809483125 0.6316311 0.4108102859375 0.6162709765625001 0.39299378749999997 0.6013019390625 0.3776465109375 0.5840572140625 0.3677219921875 0.570652521875 0.3622516 0.557638915625 0.3592504265625 0.5396828499999999 0.36462555 0.506437490625 0.37242226093749997 0.48275679374999997 0.381235240625 0.4499025203125 0.391501171875 0.41438147656249996 0.404720640625 0.38959835 0.4263640421875 0.36904634375 0.4549307890625 0.36879691875 0.49293773593749995
3 0.36463359687499997 0.7239329578125 0.38194915156250003 0.754095559375 0.4129896546875 0.7719596921874999 0.44897261562499996 0.781447528125 0.48605800625000006 0.7781049421875 0.523143396875 0.77476235625 0.54682409375 0.7659493765625001 0.6060258359375 0.7439169265625 0.6380979359375 0.7287125546875 0.6617078015625 0.6996614906249999 0.667361603125 0.6759855515625001 0.67372674375 0.6370099703125 0.6916119796875 0.6113967609375 0.694207921875 0.5882051390624999 0.6822259109375 0.5521354609375 0.6729815046875001 0.5333503281249999 0.6457810328125 0.5199403203124999 0.6163048734375 0.511953071875 0.5971755515625 0.5099205328124999 0.5543655281250001 0.516700975 0.4607451703125 0.5391224703125 0.43244227031250004 0.538542884375 0.397703396875 0.5567007953124999 0.3706445859375 0.5837669546875001 0.3562082953125 0.6113650671874999 0.35791430156250004 0.66171811875 0.35954947656249997 0.6918330859374999 0.36463359687499997 0.7239329578125
3 0.4401162625 0.9828120984375 0.4840995421875 0.9834393203125 0.5360831375 0.9752059265625 0.578502071875 0.9659562656249999 0.639268159375 0.9538007000000001 0.6675002296875 0.9341422015624999 0.6945590390625 0.9070760421875 0.700212840625 0.8834001031250001 0.7024176953125 0.857739259375 0.7206940171875 0.834595271875 0.7209434421875 0.796588325 0.715539065625 0.7822573171875 0.702845715625 0.76148728125 0.6852099046875 0.7490935421875 0.6610672906249999 0.7351992171874999 0.63582225 0.7341353125000001 0.6121415515625 0.7429482921874999 0.5200855375 0.7752466734375 0.43368332499999995 0.7838691140625 0.3917263046875 0.81582608125 0.3692896984375 0.8522848062499999 0.37672033437499997 0.899200003125 0.3952091484375 0.9367702671875 0.41213361718749997 0.9644636484375001 0.4401162625 0.9828120984375
1 0.55169875625 0.5196545125 0.5486408984375 0.5201388296875 0.5241780296874999 0.5240133671875 0.493990528125 0.5313257609375001 0.4943816140625 0.53379498125 0.5051195359375 0.5422189125 0.524248859375 0.5442514515625 0.5364802937500001 0.5423141828125 0.54792955625 0.535438471875 0.5502052421875 0.5300157125 0.55169875625 0.5196545125
0 0.41185332968750005 0.6658308296875 0.4080132984375 0.66137670625 0.39617295 0.6657831953125 0.3931150921875 0.6662675124999999 0.3900572328125 0.6667518296875 0.38571936406249996 0.6657514375 0.3869993734375 0.667236146875 0.3904483203125 0.66922105 0.39083940625 0.671690271875 0.397346209375 0.6731908578125 0.40001298125 0.6702373203125 0.402679753125 0.66728378125 0.40573761093750005 0.6667994640625 0.41185332968750005 0.6658308296875
0 0.47887679531250005 0.6931827984375001 0.4815435671875 0.690229259375 0.48115248125 0.6877600390625 0.47809462343750003 0.68824435625 0.47197890468750003 0.689212990625 0.4727610765625 0.6941514328125 0.47087647656250003 0.7020434125 0.47738327968750005 0.7035439984375 0.47699219375 0.701074778125 0.47621002187499994 0.6961363359375 0.47887679531250005 0.6931827984375001
0 0.5033396640625 0.6893082609375 0.506788609375 0.6912931640625 0.5132954125 0.69279375 0.5163532703125 0.6923094328125 0.5220779015625 0.688871578125 0.512122153125 0.6853860875 0.50561535 0.6838855015624999 0.4994996328125 0.6848541359375 0.49338391562500006 0.6858227703125 0.49377500156250004 0.688291990625 0.5033396640625 0.6893082609375
0 0.5815968640625 0.8667507484374999 0.5716411171875 0.8632652578125001 0.57085894375 0.8583268171875 0.56897434375 0.866218796875 0.5724232890625001 0.8682036999999999 0.5789300921875 0.8697042859374999 0.5881036671875 0.8682513343749999 0.5815968640625 0.8667507484374999
0 0.5546797140625 0.9342930765625 0.563853290625 0.932840125 0.5673022359375001 0.9348250281249999 0.5669111499999999 0.9323558078125 0.56307111875 0.9279016828125 0.5508396828125 0.9298389515625001 0.5447239671874999 0.9308075859375 0.545115053125 0.9332768078125 0.5455061390625 0.9357460281250001 0.5546797140625 0.9342930765625
0 0.5111583515625 0.9563731593749999 0.524171959375 0.9593743328125001 0.5367944796875 0.9599062843749999 0.5425191109374999 0.9564684296875001 0.5482437421874999 0.9530305734375 0.5635330359374999 0.9506089875000001 0.5723155249999999 0.9466868156249999 0.5814891015625 0.9452338640625 0.586431559375 0.9368575671875 0.5654176359374999 0.9427170078125 0.5501283421875 0.94513859375 0.5378969062500001 0.9470758640625 0.5229987015625001 0.9519666703125 0.5103761796875 0.9514347187500001 0.5111583515625 0.9563731593749999
0 0.64972275625 0.8812722953125001 0.658896334375 0.87981934375 0.6684609953125 0.8808356125 0.677634571875 0.8793826609375 0.6772434859375001 0.876913440625 0.668069909375 0.8783663921875 0.66156310625 0.8768658046875 0.6519984421875 0.8758495359375 0.645491640625 0.8743489500000001 0.6462738124999999 0.8792873921875 0.64972275625 0.8812722953125001
0 0.45580574531250007 0.3298182859375 0.44890785624999996 0.325848478125 0.4332274765625 0.32580084375 0.4297785328125 0.3238159390625 0.4171560109375 0.3232839875 0.4306315359375 0.34899246562499997 0.45093411874999995 0.358432665625 0.46739666875 0.36341874218750003 0.47233912812499995 0.3550424453125 0.466934753125 0.3407114375 0.45580574531250007 0.3298182859375
3 0.31631750625 0.35950454062500004 0.36421164687499996 0.3848239703125 0.412034959375 0.38990531562499997 0.46785858593749996 0.38612604687499996 0.5254959828125 0.354216715625 0.5586705125 0.3261819203125 0.5669910859375 0.29955244375 0.5604134515625 0.2778137734375 0.5400400375000001 0.2481354875 0.510884134375 0.222379375 0.4710611421875 0.208437415625 0.43052680624999995 0.20979509843750002 0.3884989578125 0.22151398125 0.333137246875 0.2480005546875 0.299180546875 0.27109690625 0.2824685703125 0.304117778125 0.2906105484375 0.33573333125000004 0.31631750625 0.35950454062500004