3 0.299840325 0.41454571093750003 0.280346709375 0.44836266093750005 0.2731973984375 0.47290297031249995 0.2486182484375 0.47703271718750007 0.2382572671875 0.47378715937500004 0.23708692031249998 0.48804266093750004 0.22855957343750002 0.5075510890625 0.2201014578125 0.5334886453125 0.20828198593749997 0.56691651875 0.2007463 0.5801638484375 0.2001007859375 0.618570584375 0.1948543390625 0.6722940093750001 0.22316999062499998 0.7201013656249999 0.2602609046875 0.746835015625 0.3068305953125 0.7686517953124999 0.3280483890625 0.7720123640625001 0.35294468437500004 0.7727464687500001 0.398424484375 0.7671134375 0.42435266718750003 0.7407337859374999 0.436420053125 0.7057406390625001 0.45733193125 0.6561029140625 0.458294590625 0.6225600296875 0.45734315781249996 0.6079684734375 0.46746745 0.5646448671875001 0.47405170312499995 0.5368059781250001 0.4802495828125 0.49767411250000004 0.4917116828125 0.4802350421875 0.5012709171874999 0.4336128578125 0.5025507203124999 0.404933828125 0.49714804062500006 0.370382775 0.486469915625 0.3622733625 0.46125647656249996 0.35667540625 0.42819020781250006 0.35946092812499997 0.403928203125 0.368454528125 0.379706425 0.356595471875 0.3554444203125 0.365589071875 0.32707731406249996 0.386768815625 0.299840325 0.41454571093750003
0 0.8292018484374999 0.5946607765625 0.8403758046875 0.5996396390625 0.8483670921875 0.604114415625 0.8576671859375 0.607191946875 0.865341328125 0.6068028703125 0.8740071328125 0.6001526953125 0.8781122328125001 0.5879665546874999 0.8758519953125001 0.57477224375 0.8691695125000001 0.5689002203125 0.8589872171874999 0.5576602609375 0.8443826765625 0.5537425859375 0.8281521859375 0.5463583078124999 0.8172953734374999 0.5462432984375 0.810930034375 0.5452351281250001 0.798020671875 0.5512131890624999 0.7839409625 0.5714467515625 0.7828398437499999 0.592131378125 0.78959155625 0.604432528125 0.7988916484375 0.607510059375 0.8120489265625 0.5999667234375 0.8292018484374999 0.5946607765625
0 0.69207015625 0.5472686 0.6973053765625 0.541679615625 0.70353225625 0.52982953125 0.7073894421875 0.519208665625 0.7091248484375 0.5082517421875 0.7074988984374999 0.5047851359375 0.6989425515625001 0.49701178125 0.6914068671875 0.5102591125 0.6859237328125001 0.517413371875 0.678705190625 0.5355245546875 0.6782093609375 0.538655103125 0.683830953125 0.5443590984375 0.69207015625 0.5472686
0 0.28974035468750003 0.65683620625 0.2938052265625 0.665502721875 0.2986138453125 0.6694734140625 0.3034224640625 0.6734441046875 0.30823108125 0.6774147968750001 0.3130397015625 0.6813854874999999 0.31834415 0.6822256296875 0.32707918281250004 0.6820045828125 0.331074825 0.6842419703125 0.33425749531250004 0.6847460562500001 0.33956194375000004 0.6855861984375 0.3398098578125 0.6840209234375 0.3389968859375 0.6822876203125 0.3328794609375 0.679714175 0.3299447078125 0.677644815625 0.32538400312500004 0.67210885 0.31894943593749997 0.66467155 0.3120190390625 0.660364803125 0.2976624125 0.6548818546875 0.292923025 0.657340290625 0.2909799296875 0.6490098328125 0.28974035468750003 0.65683620625
0 0.388789471875 0.6837558296874999 0.3925372015625 0.6875584921875 0.3965328453125 0.68979588125 0.40102431875000005 0.6889027203125 0.40763757343749996 0.6883456156250001 0.4131899359375 0.6876204828125 0.41555963125 0.686391265625 0.419486046875 0.6821995281250001 0.4225994875 0.676274484375 0.42440412031249997 0.6717466890625 0.42539578125000005 0.665485590625 0.4258916109375 0.662355040625 0.42189596875 0.660117653125 0.4155306296875 0.6591094828124999 0.40081663125 0.6696153375 0.39077279374999996 0.67123363125 0.388155184375 0.6740281234375 0.3823549046875 0.6763185328125 0.3826720484375 0.681182384375 0.388789471875 0.6837558296874999
0 0.2572503734375 0.614785865625 0.2566853140625 0.6114872859375 0.25350264375 0.6109832 0.25258021249999996 0.623673428125 0.25321450156249997 0.6334011328125 0.2564663984375 0.6403343453125 0.2601448984375 0.63770788125 0.260819415625 0.6265829296875001 0.2572503734375 0.614785865625
3 1 0.4713051609375 0.9833816828125 0.4794854296875 0.9553317218749999 0.5055290234375 0.9400124359375001 0.5335889593750001 0.9333187265625 0.5758513765625 0.9243647796875001 0.6049194828125 0.915658746875 0.6324223140624999 0.905395996875 0.662887665625 0.8957273046875001 0.7239333796875 0.90580014375 0.74959686875 0.9184905921875 0.7724658671875 0.9405503640624999 0.804841521875 0.954728303125 0.818318871875 1 0.532484628125 1 0.4713051609375
1 0.6041547671874999 0.5461804953125 0.561033434375 0.5987187515625 0.5768373234374999 0.61566270625 0.5652657671875 0.6475253046875 0.5435699171875 0.7227115093750001 0.579213565625 0.7379841515625001 0.6097829078125 0.6754351546875 0.6255287953125 0.6378155421875 0.6432065484375 0.6566608296875 0.6629770796875001 0.6485603906249999 0.6778697625000001 0.63006013125 0.6831339843750001 0.6517529296875 0.6921459343749999 0.6772483921875 0.7036772625000001 0.6662384515625 0.706484784375 0.607315115625 0.70189508125 0.574497365625 0.7195840609374999 0.5452082125 0.735012803125 0.5027247484374999 0.7370363515625 0.46934989375 0.7313857578125 0.436364115625 0.703664165625 0.41913712187499996 0.6773898390624999 0.41337113593749997 0.6681879765625001 0.4440045171875 0.676704096875 0.472630528125 0.6659052859375 0.5270790875 0.6543047265624999 0.5316599015625 0.6648846234375 0.5060584015625 0.6612463515625 0.48783220937499994 0.651133284375 0.48302137500000003 0.6424674796875001 0.48967155 0.623896296875 0.5107982718749999 0.602470815625 0.48815032187499996 0.535882678125 0.47599925625 0.5220508828125 0.49466754375 0.5369323421875001 0.524301725 0.57632371875 0.54337703125 0.6041547671874999 0.5461804953125
0 0.22795428593749997 0.52510516875 0.23393325312500002 0.514820359375 0.24341202968750003 0.5099034875 0.24228191250000003 0.5033063328125 0.244582378125 0.49564798593750004 0.2381478109375 0.4882106890625 0.23478645468749998 0.4957010046875 0.2293725484375 0.5092843921875 0.223710728125 0.5244330546875 0.2253366765625 0.5278996609375 0.22795428593749997 0.52510516875
0 0.2729092546875 0.4953209015625 0.279234365625 0.517181728125 0.2810680015625 0.5399357171875 0.2873931125 0.56179654375 0.2949578 0.5758309984375 0.291348528125 0.5848865890625 0.29180413125000004 0.6026086953124999 0.29462942812500004 0.6191015859375 0.303185775 0.6268749390624999 0.31167289375 0.6282191671875 0.3174039421875 0.61949963125 0.334666321875 0.5997701546875 0.3554285140625 0.58540861875 0.365264665625 0.564502940625 0.371422315625 0.54622373125 0.38967635624999997 0.5202331546875001 0.397529184375 0.511849678125 0.4048169546875 0.500167621875 0.39993910781249997 0.4897678046875 0.40223957343750005 0.4821094578125 0.41720148593750006 0.47003832812499996 0.42275384843749997 0.46931319531250004 0.4220793328125 0.4804381453125 0.41691334375 0.49245625937500004 0.41411704687500006 0.5032451531250001 0.410329090625 0.520295146875 0.40834576875 0.53281734375 0.40455781249999995 0.5498673375 0.3988959921875 0.5650159984374999 0.3942950609375 0.5803326890625 0.387820265625 0.5937480484375001 0.390893478125 0.6086756624999999 0.39103193593749996 0.6215339171875 0.398279478125 0.6307045171875 0.40938420625000005 0.6292542531249999 0.418753528125 0.6387609109375 0.42656612968749996 0.6512300890625 0.43604490625 0.64631321875 0.4441456515625 0.636364465625 0.4490637265625 0.625911628125 0.45501369062499997 0.588345034375 0.45685855468750003 0.5629645828125 0.4558378921875 0.5419438984375 0.4516345609375 0.520419128125 0.45004884062499995 0.496099865625 0.4509020421875 0.47698051250000006 0.4501985234375 0.46082367968750004 0.43902456875 0.4558448171875 0.43527683906250003 0.45204215468750003 0.43057767656249996 0.43364793281249997 0.4236472796875 0.429341184375 0.4127904671875 0.429226175 0.409786484375 0.4207276875 0.410461 0.4096027359375 0.4056523828125 0.4056320453125 0.40427434843750004 0.4006001640625 0.40095322187500004 0.38723782500000004 0.39246610312499997 0.385893596875 0.38585284999999997 0.3864507015625 0.3723784265625 0.389130184375 0.36389130937499997 0.38778595625 0.354591215625 0.384708425 0.35296526875 0.3812418203125 0.36074886875 0.3664292140625 0.334999371875 0.38481446406250003 0.31405849375 0.40717040468750004 0.296300284375 0.43003043124999996 0.28222057500000003 0.45026399218749996 0.26983604375 0.4803932859375 0.2729092546875 0.4953209015625
3 0.7421284359375 0.6225877578125 0.753400621875 0.66127753125 0.7639290625 0.704663128125 0.793236375 0.7462093859375 0.8306846609375 0.7569542328125001 0.8741119109375 0.757414271875 0.8944877296874999 0.7317597515625 0.90043769375 0.6941931609374999 0.908370978125 0.64410436875 0.9195159343749999 0.6218014468749999 0.9302745171875 0.5882055453125 0.9375332843749999 0.5492417078125 0.9417478421875 0.5226320359375001 0.9404100359375 0.49674749843750005 0.9315075437500001 0.4568285078125 0.9204430453124999 0.4374261171875 0.9026960609374999 0.4121517015625 0.88682294375 0.38877861875 0.8623532515625 0.3784848390625 0.8306650171875001 0.38630224062499996 0.8124109765625 0.41229281562500003 0.7877916 0.43727521874999997 0.769537559375 0.4632657953125 0.76026646875 0.4874700484375 0.7520160390624999 0.5326949859375001 0.747939940625 0.5721629109374999 0.7421284359375 0.6225877578125
3 0.4759657953125 0.5178546546875 0.47288135625 0.5510614796875 0.4606352828125 0.5940490296875 0.46214054843749997 0.6600736046875 0.47853849843749996 0.7075979218749999 0.506577234375 0.72968876875 0.5438468328125 0.74842801875 0.5703690765625 0.7526287296875 0.6105734296875001 0.7734373375 0.654992340625 0.767636278125 0.6787295140625 0.7344914421875 0.7031412046875001 0.69022165625 0.7152488203125 0.6343758515625 0.7300432734375 0.5821646828125 0.738610846875 0.541803596875 0.7525923265625 0.48785912343750004 0.758046459375 0.45342307968749995 0.7568873390624999 0.41954414218749997 0.753358525 0.38689441874999997 0.7392900421874999 0.358993540625 0.7190639078125 0.3493718734375 0.697211825 0.3362836 0.6699458359375 0.3367787140625 0.6393877203125 0.351193271875 0.6038825296875 0.34877888281249997 0.568515796875 0.359222746875 0.534100496875 0.384258171875 0.5127330171875 0.4161737890625 0.49897045156250003 0.441271203125 0.49344708906249996 0.46927811875 0.486545690625 0.49225315468749997 0.4759657953125 0.5178546546875