3 0.2660227421875 0.23267557343749998 0.259666934375 0.2422885515625 0.2548565625 0.2579127109375 0.2545117328125 0.27706153125 0.2554835484375 0.298931884375 0.2547381359375 0.3152304265625 0.2558246328125 0.3345933125 0.25507944843749997 0.34757001875000004 0.255593571875 0.36452199531249996 0.2555920953125 0.3861139125 0.2562777828125 0.4059483515625 0.2566201171875 0.42333969531250004 0.260168 0.4502459328125 0.266577403125 0.49418946718749995 0.27092746874999996 0.5118480125 0.2784263171875 0.5319706015625 0.285410475 0.543445796875 0.2940553140625 0.550120121875 0.30201344375 0.5519082546875 0.30819678125 0.55270014375 0.3193039203125 0.5536304890625 0.32565904687499997 0.553983009375 0.33241498125 0.5538639734374999 0.3360793625 0.5516880796875 0.342949975 0.5490615765625 0.34609898281249996 0.5482037859375 0.35428635625 0.5466379015625 0.3621303765625 0.5426289203125 0.363791059375 0.53782805 0.3664823734375 0.5320518843750001 0.3684293015625 0.527626009375 0.3652810875 0.5168573828125 0.3605875515625 0.49841665781250005 0.35715343593750004 0.48229028749999997 0.35560868125 0.46631360624999996 0.3538351359375 0.44704727968749997 0.35148921875 0.42537004375 0.3504028375 0.4043462421875 0.35023206875 0.3898373609375 0.3497178328125 0.3745463015625 0.3493181609375 0.358408690625 0.3495479703125 0.34675008906250004 0.348918715625 0.338949246875 0.342221028125 0.324527215625 0.3334051921875 0.30666584375 0.31949421718750004 0.28246171875 0.309933878125 0.26761155625 0.298026146875 0.25267607187499996 0.287721759375 0.23419345156250002 0.27896224062499997 0.23002659531249997 0.27283612968750004 0.2296418890625 0.2660227421875 0.23267557343749998
3 0.22408907656250002 0.58403629375 0.22151221250000003 0.590626825 0.2195079484375 0.596306434375 0.21675929374999997 0.603336334375 0.21549930625 0.609326565625 0.21401007187499999 0.6186708171874999 0.21263529062500003 0.6288294343749999 0.21108860625 0.6410883359375 0.21011429062500003 0.655758146875 0.20948333125000002 0.6728710546875 0.2090243890625 0.6862227578125 0.20919515781250003 0.7007316390625 0.209652625 0.7089718484375 0.2093657 0.718562353125 0.2103953109375 0.7325353046874999 0.21131069687499998 0.7423720609375 0.21193983749999998 0.7518338171875001 0.21354215937499998 0.7632349296875 0.21880863593750002 0.77578198125 0.22138447656250002 0.7841396984375 0.22418922187499998 0.7941261453124999 0.2265361609375 0.8008551328125 0.2292266796875 0.8067053828124999 0.2347233078125 0.80261108125 0.238960740625 0.7928805953125 0.2425683484375 0.78365385 0.2455461328125 0.774930846875 0.249840678125 0.7672684609375 0.25447857812499997 0.7620491687500001 0.2537920953125 0.7538411453125 0.2520180953125 0.7412184859375001 0.2504728859375 0.731885471875 0.24955750000000002 0.7220487171875 0.2490429234375 0.71174040625 0.2478988609375 0.6969530890625 0.24784243125 0.684919490625 0.24715594843750002 0.6767114656250001 0.2488745390625 0.6623522796875 0.24898978437500002 0.651540228125 0.2493909328125 0.6460859234375 0.25065114843749997 0.6367738578125001 0.25179680000000004 0.62830834375 0.2534579375 0.6168638078125 0.25483271875 0.6067051921875 0.2570090015625 0.59726438125 0.25838355625 0.5904275984375 0.2605023859375 0.5839014375 0.2625067640625 0.5765609140625 0.2603313890625 0.5727143906250001 0.2567246890625 0.5686538031249999 0.2531751 0.5666613140625001 0.24120866875 0.5729105640625 0.23096014375 0.574766125 0.2279255875 0.576438278125 0.22408907656250002 0.58403629375
3 0.8469695609375 0.315042759375 0.8526359359375 0.34040558593750003 0.8544671609375 0.3534354296875 0.8561262546874999 0.371887390625 0.8567549421875 0.387992815625 0.8576695328125 0.40945598437499997 0.856465634375 0.432462565625 0.8566368578124999 0.4403277796875 0.8611596234375 0.44425962343750003 0.8711217937500001 0.44368998125000003 0.8755305625 0.44016379375000003 0.8790806046874999 0.4355126171875 0.8814869265624999 0.4110913703125 0.8798278328125001 0.39263940937499997 0.8760504765625001 0.372409025 0.8757081437500001 0.35501767968750003 0.8739919390625 0.33449762031249997 0.872848671875 0.308083884375 0.8714755937499999 0.293328753125 0.8690149984375 0.27415898437499997 0.865752446875 0.2609150765625 0.8614592640625001 0.2486464640625 0.8543606562500001 0.236356903125 0.8473763875 0.226542625 0.8406204515625 0.226661659375 0.8304292656250001 0.2272634859375 0.8273372578125 0.231850290625 0.8260195875 0.2440770078125 0.8282521890625001 0.2483307125 0.8311714984374999 0.257470609375 0.836895553125 0.276596953125 0.8407878140625 0.2909980375 0.8469695609375 0.315042759375
3 0.7905146249999999 0.3570254453125 0.7940621703125 0.38891443125 0.7961217296875 0.4118775875 0.7967497375 0.4379485109375 0.7944007546875 0.461116021875 0.7995532328125 0.4662050421875 0.8076255890624999 0.4721293734375 0.8131217609375 0.4746787375 0.8170722687499999 0.47453875468750006 0.8205649718749999 0.4711413125 0.8238861125 0.464861403125 0.8249744234374999 0.4576496234375 0.8253184593749999 0.45012722031249996 0.8270940484375 0.43949705000000006 0.8278392328124999 0.42652034062500005 0.8279544796874999 0.41570829062500003 0.8280698390625 0.403235321875 0.828185084375 0.392423271875 0.826869459375 0.3747534890625 0.8241799609375 0.3539549890625 0.8218908171875 0.339328603125 0.8208035265625 0.331592134375 0.8174836359375 0.319601959375 0.8144502171875001 0.3046649484375 0.8100431499999999 0.2832773875 0.804490659375 0.2670335078125 0.8013422203125 0.2595867140625 0.7985373609375 0.2512611828125 0.7913240734375 0.241479090625 0.78382431875 0.234643834375 0.7739198296875001 0.2289769921875 0.7680228484375 0.22689918437499998 0.7705412375 0.23817155156249997 0.7796994078124999 0.2734242671875 0.7833047453125 0.2974158546875 0.787138759375 0.3263580046875 0.7905146249999999 0.3570254453125
3 0.3326428625 0.5704409546875 0.3293220640625 0.5717381125000001 0.32565779687499996 0.5722530921875 0.3209057859375 0.5716752671875 0.31661146875 0.5760158203125 0.3132903296875 0.5822957296875 0.311228953125 0.5859072375000001 0.307450121875 0.58726876875 0.304243546875 0.5927021234375001 0.30092229531250003 0.60064295 0.2992039328125 0.611680303125 0.296568934375 0.631150984375 0.2951367 0.6442242515625 0.294906775 0.6575437703125 0.2953062203125 0.6770032140625 0.2975380265625 0.692883334375 0.2987963109375 0.7118068515625 0.30142858437500003 0.7321981671875 0.3032596953125 0.7468889265625 0.3038886125 0.75967251875 0.3045749796875 0.7695414609375 0.30543313906249997 0.77897103125 0.30543234375 0.790597446875 0.3077211484375 0.8102065843749999 0.3072623203125 0.8218973734375 0.3095513515625 0.8381846765625 0.3142448875 0.8566254000000001 0.32122915937499996 0.866439678125 0.3302745796875 0.8759642828124999 0.33777456250000004 0.87947770625 0.34372876875 0.8819626968750001 0.3485382328125 0.8796258703125 0.35586710625 0.8736131625000001 0.36067725156249997 0.8613108359374999 0.3624526125 0.8540024984375 0.364629009375 0.842900771875 0.3673773234375 0.8408536203124999 0.37109915625 0.8357630734375 0.3746491984375 0.8311118984375 0.3773406265625 0.8236748140625 0.37963113437499996 0.818370203125 0.3827808234375 0.8075469125 0.387017915625 0.8027991765625 0.390682409375 0.798962365625 0.3945758046875 0.7967542843750001 0.39400366249999996 0.791021540625 0.389882496875 0.7749917265625 0.388165609375 0.764437165625 0.3843879125 0.7491895296875 0.3830142671875 0.74273898125 0.37912211875 0.72667698125 0.37717632968750003 0.7144936890625 0.37357008281250004 0.703789434375 0.3705938890625 0.68925960625 0.3685907578125 0.6783300484375 0.3659581453125 0.6629214812499999 0.3629248390625 0.6463235546874999 0.360406678125 0.6317293546875 0.359434065625 0.621485415625 0.35840422968749996 0.610834296875 0.3594926546875 0.6019616 0.3606954171875 0.5955641859374999 0.36275690781250003 0.590291759375 0.3608105515625 0.5864130515625 0.3547993453125 0.58019904375 0.3512497578125 0.578206553125 0.345696359375 0.57525000625 0.34002839375 0.5731400109375 0.3356200796875 0.5700225328124999 0.3326428625 0.5704409546875
3 0.1941470484375 0.5604242859374999 0.188479084375 0.5583142890625 0.18704719218750002 0.56640480625 0.183210453125 0.5773246546874999 0.181148734375 0.5859189140625001 0.17771291718749999 0.5947062875 0.176795146875 0.61974878125 0.175648815625 0.6381797953125 0.1756474515625 0.6581107937499999 0.1759895578125 0.678823971875 0.179022184375 0.7053873984375 0.18228439375 0.7236140578125 0.18560383125 0.7422478984375 0.1882936703125 0.7580636468749999 0.1921290453125 0.7670747984374999 0.199113996875 0.766923578125 0.2019194234375 0.7669445265625 0.20644252968750001 0.7658936203125 0.21354215937499998 0.7632349296875 0.21193983749999998 0.7518338171875001 0.21131069687499998 0.7423720609375 0.2103953109375 0.7325353046874999 0.2093657 0.718562353125 0.209652625 0.7089718484375 0.20919515781250003 0.7007316390625 0.2090243890625 0.6862227578125 0.20948333125000002 0.6728710546875 0.21011429062500003 0.655758146875 0.21108860625 0.6410883359375 0.21263529062500003 0.6288294343749999 0.21401007187499999 0.6186708171874999 0.21549930625 0.609326565625 0.21675929374999997 0.603336334375 0.2195079484375 0.596306434375 0.22151221250000003 0.590626825 0.22408907656250002 0.58403629375 0.2279255875 0.576438278125 0.23096014375 0.574766125 0.2201981765625 0.549704209375 0.213957046875 0.556809721875 0.209204696875 0.561214646875 0.20187616406250003 0.56224460625 0.1941470484375 0.5604242859374999
3 0.27607665312499996 0.5651036109375001 0.2717252234375 0.567376065625 0.2679462796875 0.5703985125 0.2625067640625 0.5765609140625 0.2605023859375 0.5839014375 0.25838355625 0.5904275984375 0.2570090015625 0.59726438125 0.25483271875 0.6067051921875 0.2534579375 0.6168638078125 0.25179680000000004 0.62830834375 0.25065114843749997 0.6367738578125001 0.2493909328125 0.6460859234375 0.24898978437500002 0.651540228125 0.2488745390625 0.6623522796875 0.24715594843750002 0.6767114656250001 0.24784243125 0.684919490625 0.2478988609375 0.6969530890625 0.2490429234375 0.71174040625 0.24955750000000002 0.7220487171875 0.2504728859375 0.731885471875 0.2520180953125 0.7412184859375001 0.2537920953125 0.7538411453125 0.2560812390625 0.7684675328125 0.25877130625 0.780961446875 0.262491778125 0.7958019000000001 0.2673575578125 0.8071595890625 0.270849465625 0.8153885609374999 0.2757728140625 0.8221706828125 0.2797232078125 0.8236916171875001 0.28527740156250003 0.8150217484375 0.2897440796875 0.80193724375 0.2916910046875 0.7975113687500001 0.2957561921875 0.7948639187500001 0.300107621875 0.7925914640625 0.30543234375 0.790597446875 0.30543313906249997 0.77897103125 0.3045749796875 0.7695414609375 0.3038886125 0.75967251875 0.3032596953125 0.7468889265625 0.30142858437500003 0.7321981671875 0.2987963109375 0.7118068515625 0.2975380265625 0.692883334375 0.2953062203125 0.6770032140625 0.294906775 0.6575437703125 0.2951367 0.6442242515625 0.296568934375 0.631150984375 0.2992039328125 0.611680303125 0.30092229531250003 0.60064295 0.304243546875 0.5927021234375001 0.3035568375 0.5878159328125 0.2990915234375 0.580969440625 0.2945117578125 0.57330858125 0.2911913015625 0.5696229890625 0.2859813703125 0.567448621875 0.279053871875 0.564685190625 0.27607665312499996 0.5651036109375001
3 0.5228643109375 0.2057137984375 0.51553555 0.2100655890625 0.5110121015625 0.21609924687499998 0.50528634375 0.22188665 0.5011063640625 0.22870248593750003 0.4990447609375 0.235635828125 0.496868478125 0.24507663750000003 0.494463178125 0.2545496328125 0.4913709421875 0.26245827187500004 0.4897672578125 0.2709881578125 0.486560684375 0.27642151406250004 0.4834684484375 0.28433015156249997 0.481635634375 0.2945531421875 0.4811766921875 0.3079048453125 0.4792865375 0.3193815703125 0.47756817500000004 0.3304189234375 0.47613628124999996 0.3385094421875 0.4798566375 0.355010809375 0.483061621875 0.3728302859375 0.48861331874999997 0.4007005828125 0.49324928906250004 0.42371687343750003 0.496453590625 0.451501846875 0.5010319953125 0.4790937046875 0.5038360578125001 0.49904565156249997 0.5085868203125 0.5178935578125 0.5139104062500001 0.5325087078124999 0.5199216109375 0.5387227140624999 0.531658346875 0.5424711515625 0.544025246875 0.540733096875 0.557537115625 0.5404950296875 0.5708773093749999 0.5390354125 0.581927221875 0.5395585734375 0.595611109375 0.535559303125 0.61021095 0.5330922046875 0.6208035109375001 0.5237142390625 0.633056071875 0.5195009015625 0.638323909375 0.5121169546875 0.641760409375 0.4933640796875 0.6423915953125 0.4729293390625 0.6398174562500001 0.439657871875 0.636326684375 0.41481973437499997 0.6328353453125 0.3982861796875 0.6260811125 0.373491465625 0.6186398296875 0.348793309375 0.6106260625 0.3233451609375 0.601811021875 0.29385737343749996 0.595171015625 0.27319885781250003 0.577596909375 0.2329005453125 0.5695248953125 0.2219934640625 0.558590115625 0.21231916874999998 0.549429903125 0.20696295 0.539983334375 0.20289265156249997 0.5312235890625 0.20204762656250003 0.5228643109375 0.2057137984375
3 0.7979988265625 0.5914062703125 0.8025780250000001 0.6073717125 0.806584396875 0.6275699109375 0.8096173640625001 0.6491505875 0.8120775046875 0.6749640234375 0.8157971796875 0.7014308921875 0.8147081875 0.7186081703125 0.8133327250000001 0.7387322859375 0.8168245203125 0.7486221765625001 0.8215764171875 0.750860915625 0.830164596875 0.748823475 0.8360618046875 0.7475794515625 0.8380086171875 0.7448144953125 0.8413297562500001 0.7385345859375 0.84596765625 0.7333152968750001 0.8500339796875 0.7140586796874999 0.8527258625 0.6999779296875001 0.8524984343750001 0.676757284375 0.8490652296875 0.647343578125 0.8437427765625 0.6161192640625 0.838706 0.593574528125 0.834813965625 0.5758516109375 0.8300056375 0.561579271875 0.8250257453125001 0.5444244687500001 0.81672516875 0.52690590625 0.81082886875 0.5148625984375 0.80172645 0.5016089796875 0.789818265625 0.4933171609375 0.7855244015625 0.49101404843749996 0.7787113531250001 0.489064984375 0.7731573875 0.4944130203125 0.766630128125 0.49948261875 0.7610760484375 0.5064915703125 0.77172401875 0.5240954531249999 0.7803110640625001 0.538667178125 0.78677950625 0.556443228125 0.792561015625 0.572654921875 0.7979988265625 0.5914062703125
3 0.7126029734375 0.203130828125 0.709739640625 0.21266819531249997 0.7037842984375 0.22679236875000003 0.6984012140625 0.24498837031249998 0.69685475625 0.2539254375 0.692502871875 0.26284155781249996 0.6936476140625001 0.2676633765625 0.7012605734374999 0.29358307968749997 0.7077857890625 0.31840998125 0.71757378125 0.35315895468749997 0.7249573828125 0.3840935953125 0.731710934375 0.41885380781250003 0.7336552484375 0.4526290171875 0.7320509953125 0.469463484375 0.7435019421875 0.46619325937499995 0.747338 0.4652389109375 0.7525477046875 0.4707351109375 0.758959603125 0.47813848124999997 0.7625664171875 0.48053815312500003 0.7728146 0.483665340625 0.78455145 0.4857528609375 0.7884453 0.4769011140625 0.7926253937500001 0.46842436249999997 0.7944007546875 0.461116021875 0.7967497375 0.4379485109375 0.7961217296875 0.4118775875 0.7940621703125 0.38891443125 0.7905146249999999 0.3570254453125 0.787138759375 0.3263580046875 0.7833047453125 0.2974158546875 0.7796994078124999 0.2734242671875 0.7705412375 0.23817155156249997 0.7636155546875 0.20883345625 0.7582923078125 0.1892355578125 0.746270353125 0.17016387500000002 0.7338479296875 0.1465809984375 0.7291531453125 0.14641035625 0.7257746671875 0.153944 0.721594346875 0.165742584375 0.7161541515625001 0.181870484375 0.71609635625 0.189767884375 0.7126029734375 0.203130828125
3 0.15568519218750002 0.376487078125 0.1572293796875 0.4007683390625 0.15951784375 0.4253602265625 0.160374640625 0.4547207984375 0.1642661078125 0.480748296875 0.16838715937499998 0.49843902812499996 0.1730803546875 0.5218625 0.179262328125 0.5425853890625 0.1835556234375 0.5531930859374999 0.188479084375 0.5583142890625 0.1941470484375 0.5604242859374999 0.20187616406250003 0.56224460625 0.209204696875 0.561214646875 0.213957046875 0.556809721875 0.2201981765625 0.549704209375 0.210410184375 0.5149552359375 0.20130946718749998 0.47678786874999995 0.1936970765625 0.44256358125000006 0.1867725296875 0.3966163203125 0.18013467968750002 0.344400390625 0.17658531875 0.3390860671875 0.16954348125000002 0.33384735625 0.1642191 0.3308586234375 0.1602684765625 0.3326595234375 0.1576913875 0.3425718875 0.1572895578125 0.35799169062499997 0.15568519218750002 0.376487078125
3 0.8300056375 0.561579271875 0.834813965625 0.5758516109375 0.838706 0.593574528125 0.8437427765625 0.6161192640625 0.8490652296875 0.647343578125 0.8524984343750001 0.676757284375 0.8527258625 0.6999779296875001 0.8500339796875 0.7140586796874999 0.84596765625 0.7333152968750001 0.848944759375 0.7345577921875 0.8569031171875 0.7330240921875 0.864575459375 0.7277935624999999 0.8695573953125001 0.71505186875 0.8770014015625 0.6998880265625 0.8846169734375 0.6876066484375001 0.8835869093750001 0.6802773625 0.8861065453125001 0.673279646875 0.8883401687499999 0.662585103125 0.8889135609375 0.6500477640625 0.8909753921875 0.6397925890625 0.890174571875 0.6291092828125 0.8896601078125 0.61714005625 0.8871993984375001 0.5996312046875001 0.8861129046875 0.5802683203125001 0.883766646875 0.5635738328125 0.8791306765625 0.5405575421875 0.8718036203124999 0.5199955859375 0.860468828125 0.499166428125 0.8508512625 0.483909084375 0.8428361328125 0.47839193281250003 0.8348780031249999 0.4766038 0.825030740625 0.471344140625 0.8205649718749999 0.4711413125 0.8170722687499999 0.47453875468750006 0.8131217609375 0.4746787375 0.8076255890624999 0.4721293734375 0.8014416828125001 0.4796420671875 0.7948571984374999 0.48430448125 0.789818265625 0.4933171609375 0.80172645 0.5016089796875 0.81082886875 0.5148625984375 0.81672516875 0.52690590625 0.8250257453125001 0.5444244687500001 0.8300056375 0.561579271875
3 0.6711293828125 0.5245306765625 0.664888253125 0.5316361875 0.6610517421875 0.5392342015625 0.6572723421875 0.548900315625 0.6615656375000001 0.5595080109375 0.6674620515624999 0.569890403125 0.669865534375 0.586992071875 0.6726695968749999 0.6069440187499999 0.6766181765625 0.6350396171875 0.67816281875 0.6526772140625 0.679707346875 0.6719757265624999 0.6806223921875 0.68679523125 0.6820526953125 0.7019575453125 0.681994446875 0.7164986140625 0.6828522671874999 0.730910934375 0.6833092781250001 0.7457948109375 0.6842817765625 0.7576996640625 0.6847388999999999 0.7709226250000001 0.68674203125 0.7818521828125 0.690519953125 0.7937779859375 0.6938971828125 0.804514425 0.6995075796875 0.8111999890625 0.7078662921875 0.8158384015625 0.7169118250000001 0.8237020859375 0.7269309921875 0.8268614609375 0.739125646875 0.8322064421875 0.7458813546874999 0.835409240625 0.753725034375 0.836383009375 0.7597371468749999 0.829309684375 0.7646615171875 0.82114355625 0.7684410296874999 0.8098165265624999 0.7686139562500001 0.7927679921874999 0.767641571875 0.779202221875 0.765066184375 0.7642008390624999 0.7633502062499999 0.7403589453125 0.76323655 0.7279181640625 0.7618063578125 0.7110949328125 0.759574665625 0.6935538953125 0.7587168484375 0.679141571875 0.7552829609375 0.659693365625 0.7522499953125 0.6381126890625 0.7512201578125 0.6274615703124999 0.7481297390625 0.60879554375 0.7433216375 0.5912013703125 0.7382274078125 0.571571284375 0.7324457859375 0.5570205078125 0.723458159375 0.5395985046875 0.7171036 0.5309414015625 0.7092031484375 0.522916784375 0.7061688203125 0.5212671046875 0.700558196875 0.517903375 0.691913128125 0.5145508828125 0.6848709515625 0.514294921875 0.680233278125 0.5161923796875 0.6742213921875 0.519943871875 0.6711293828125 0.5245306765625
3 0.8791306765625 0.5405575421875 0.883766646875 0.5635738328125 0.8861129046875 0.5802683203125001 0.8871993984375001 0.5996312046875001 0.8896601078125 0.61714005625 0.890174571875 0.6291092828125 0.8909753921875 0.6397925890625 0.8889135609375 0.6500477640625 0.8883401687499999 0.662585103125 0.8861065453125001 0.673279646875 0.8835869093750001 0.6802773625 0.8846169734375 0.6876066484375001 0.8914303609375 0.6845729640625 0.9007629312500001 0.68118523125 0.9072906453125 0.6694719671875 0.9135318874999999 0.6607055390625 0.917540190625 0.6526681546875001 0.9162822453125001 0.628761890625 0.9145084734375001 0.6128173968749999 0.9130211703125 0.593926065625 0.9093586078125 0.569527296875 0.9035201 0.5495865875 0.8969374328124999 0.5276743374999999 0.8869194015625 0.507905796875 0.8786187109375 0.492048153125 0.8719782500000001 0.47803330156249996 0.8665396421875 0.4709083703125 0.8609292453125 0.4642228078125 0.8553188484375 0.45753724531250006 0.8541733109375 0.4643418421875 0.8487341374999999 0.46552149375 0.8434096406249999 0.464193678125 0.8383713875 0.46324085625 0.8308140640625 0.4609811671875 0.8250891015624999 0.45514215625 0.825030740625 0.471344140625 0.8348780031249999 0.4766038 0.8428361328125 0.47839193281250003 0.8508512625 0.483909084375 0.860468828125 0.499166428125 0.8718036203124999 0.5199955859375 0.8791306765625 0.5405575421875
3 0.6047705265625 0.5525419375 0.5997893859375 0.5536572171875 0.59263264375 0.55424780625 0.5903995890625 0.556637765625 0.5881663078125 0.5623495609375 0.5887955640625 0.570150403125 0.5902835484375 0.579076234375 0.5926299187499999 0.5941098031250001 0.5970938703125 0.620887296875 0.6004703046875 0.6432501515625 0.6018432687499999 0.6596662015625 0.6033306859375 0.6768966140625 0.6059060734374999 0.6918979984375 0.608137878125 0.7077781187500001 0.6097971984375 0.7229082484375 0.6131165203125 0.7432030046875 0.6160928296875 0.7560719171875 0.6200425453125 0.7675583500000001 0.62404925625 0.7827738 0.6270823375 0.8026935609375 0.6331503125 0.8159584171875001 0.642367865625 0.8200609015625 0.6522153546875 0.8219987281250001 0.666586065625 0.8212247328125001 0.6764337828125 0.8198407265625001 0.6842775750000001 0.819153578125 0.68513664375 0.8152958171875 0.6867404406250001 0.8051050156249999 0.686168978125 0.7894067734375 0.6847388999999999 0.7709226250000001 0.6842817765625 0.7576996640625 0.6833092781250001 0.7457948109375 0.6828522671874999 0.730910934375 0.681994446875 0.7164986140625 0.6820526953125 0.7019575453125 0.6806223921875 0.68679523125 0.679707346875 0.6719757265624999 0.67816281875 0.6526772140625 0.6766181765625 0.6350396171875 0.6726695968749999 0.6069440187499999 0.669865534375 0.586992071875 0.6674620515624999 0.569890403125 0.6615656375000001 0.5595080109375 0.6572723421875 0.548900315625 0.6532647203125 0.5469721984375 0.6451348 0.5456234328125 0.6366611828125001 0.546814321875 0.626069190625 0.5478877046874999 0.6169086375 0.5475142359375 0.61244275625 0.548972325 0.6047705265625 0.5525419375
3 0.469364565625 0.569495878125 0.458371878125 0.5693799 0.45310449375 0.5701201828125 0.44629110625 0.5731538671874999 0.4430848734375 0.5736044734375 0.43913413749999997 0.577066290625 0.43764524531250004 0.5814277921875 0.43684306250000005 0.5906754828125 0.4353539421875 0.59835881875 0.43489534062499996 0.6067277734375 0.437470615625 0.6233900734375 0.4443957296875 0.6610327515625001 0.447085228125 0.6818312515625 0.45023275937499996 0.7025653765625 0.4553836484375 0.7309072265625 0.4627664546875 0.7734682828125 0.46877595625 0.8045960390625 0.4738703 0.8225652078125 0.48154105156250004 0.8405875093749999 0.4892691453125 0.8573560796875 0.49820000000000003 0.867727234375 0.5064444859375 0.8682294468749999 0.51428850625 0.864220465625 0.5235637375 0.8620864671874999 0.5298045265625 0.85996370625 0.5366752546875 0.8556762875 0.544462615625 0.842955540625 0.544806878125 0.832111303125 0.5464684703125 0.8140231015625 0.5487014109375 0.81329405625 0.5449817359375 0.7868271874999999 0.5389150078125 0.7552922484375 0.53582504375 0.7299825546875 0.531189640625 0.6986616828125001 0.52706904375 0.674327284375 0.5240359640625 0.6544075234375 0.5191139796875001 0.627694403125 0.51499326875 0.6050209234375 0.512017640625 0.5821865125000001 0.5108159 0.5736356765624999 0.50755278125 0.5686963515625 0.5019993828125 0.5657398046875 0.498220778125 0.5637795015625 0.491064034375 0.564370090625 0.48379272812499996 0.5658072328125 0.477723615625 0.569151540625 0.469364565625 0.569495878125
3 0.1336418 0.387474353125 0.1334687578125 0.40618380312499996 0.1330093625 0.426179175 0.134840021875 0.4475136 0.1361556453125 0.46518338281249993 0.138559128125 0.4822850515625 0.14514134218750002 0.5108409671875 0.1520100265625 0.536450046875 0.1547576578125 0.5443683953125 0.1605400734375 0.54729275625 0.1696432859375 0.5489199578124999 0.1755404953125 0.5476759343750001 0.179262328125 0.5425853890625 0.1730803546875 0.5218625 0.16838715937499998 0.49843902812499996 0.1642661078125 0.480748296875 0.160374640625 0.4547207984375 0.15951784375 0.4253602265625 0.1572293796875 0.4007683390625 0.15568519218750002 0.376487078125 0.1572895578125 0.35799169062499997 0.1576913875 0.3425718875 0.14910331875 0.3429484109375 0.145267034375 0.3472245921875 0.1413164109375 0.3490254921875 0.1362775921875 0.356377253125 0.1344446625 0.368261159375 0.1336418 0.387474353125
3 0.8174836359375 0.319601959375 0.8208035265625 0.331592134375 0.8218908171875 0.339328603125 0.8241799609375 0.3539549890625 0.826869459375 0.3747534890625 0.828185084375 0.392423271875 0.8280698390625 0.403235321875 0.8279544796874999 0.41570829062500003 0.8278392328124999 0.42652034062500005 0.8270940484375 0.43949705000000006 0.8253184593749999 0.45012722031249996 0.8250891015624999 0.45514215625 0.8308140640625 0.4609811671875 0.8383713875 0.46324085625 0.8434096406249999 0.464193678125 0.8487341374999999 0.46552149375 0.8541733109375 0.4643418421875 0.8553188484375 0.45753724531250006 0.8566936296875 0.4473786296875 0.856465634375 0.432462565625 0.8576695328125 0.40945598437499997 0.8567549421875 0.387992815625 0.8561262546874999 0.371887390625 0.8544671609375 0.3534354296875 0.8526359359375 0.34040558593750003 0.8469695609375 0.315042759375 0.8407878140625 0.2909980375 0.836895553125 0.276596953125 0.8311714984374999 0.257470609375 0.8282521890625001 0.2483307125 0.82344340625 0.2407020390625 0.8168026046874999 0.23166994062500001 0.8123944015625 0.2268915453125 0.8047221734375001 0.23046115625 0.7913240734375 0.241479090625 0.7985373609375 0.2512611828125 0.8013422203125 0.2595867140625 0.804490659375 0.2670335078125 0.8100431499999999 0.2832773875 0.8144502171875001 0.3046649484375 0.8174836359375 0.319601959375
3 0.725178565625 0.4986646515625 0.7226591546875001 0.5023405328125 0.7208267953124999 0.5059198578124999 0.71807836875 0.509627925 0.7136126 0.509425096875 0.7084022140624999 0.5138943953124999 0.706169046875 0.5179452718750001 0.7092031484375 0.522916784375 0.7171036 0.5309414015625 0.723458159375 0.5395985046875 0.7324457859375 0.5570205078125 0.7382274078125 0.571571284375 0.7433216375 0.5912013703125 0.7481297390625 0.60879554375 0.7512201578125 0.6274615703124999 0.7522499953125 0.6381126890625 0.7552829609375 0.659693365625 0.7587168484375 0.679141571875 0.759574665625 0.6935538953125 0.7618063578125 0.7110949328125 0.76323655 0.7279181640625 0.7690756234375 0.739554290625 0.778464396875 0.7515219875 0.7859067015625001 0.7612718953125001 0.792032471875 0.7666393515625 0.798502278125 0.764484403125 0.8053732312499999 0.7568751515625001 0.809667890625 0.7475518484375 0.8133327250000001 0.7387322859375 0.8147081875 0.7186081703125 0.8157971796875 0.7014308921875 0.8120775046875 0.6749640234375 0.8096173640625001 0.6491505875 0.806584396875 0.6275699109375 0.8025780250000001 0.6073717125 0.7979988265625 0.5914062703125 0.792561015625 0.572654921875 0.78677950625 0.556443228125 0.7803110640625001 0.538667178125 0.77172401875 0.5240954531249999 0.7610760484375 0.5064915703125 0.75689675 0.50334190625 0.75157236875 0.500353171875 0.74619041875 0.50194000625 0.7404651171875 0.50108374375 0.7359993484375 0.5008809171874999 0.7297588984375001 0.498020928125 0.725178565625 0.4986646515625
3 0.3975107828125 0.5766876921875 0.3926442078125 0.5769564203125 0.386231740625 0.5778576328125 0.381193375 0.5785657296875 0.37815881875 0.580237884375 0.374265421875 0.5824459671875 0.3691124890625 0.5840006140625 0.3671084515625 0.5863583890624999 0.36275690781250003 0.590291759375 0.3606954171875 0.5955641859374999 0.3594926546875 0.6019616 0.35840422968749996 0.610834296875 0.359434065625 0.621485415625 0.360406678125 0.6317293546875 0.3629248390625 0.6463235546874999 0.3659581453125 0.6629214812499999 0.3685907578125 0.6783300484375 0.3705938890625 0.68925960625 0.37357008281250004 0.703789434375 0.37717632968750003 0.7144936890625 0.37912211875 0.72667698125 0.3830142671875 0.74273898125 0.3843879125 0.7491895296875 0.388165609375 0.764437165625 0.389882496875 0.7749917265625 0.39400366249999996 0.791021540625 0.397094534375 0.8030439015624999 0.399899053125 0.8163521812500001 0.403047490625 0.8237989750000001 0.4088864515625 0.83709601875 0.4142100390625 0.85171116875 0.4214232125 0.8631541781250001 0.428522275 0.8688000718750001 0.43625127499999994 0.8722813078125 0.44398027500000004 0.8757625453125 0.45451504218750005 0.8742819796875001 0.46241640000000006 0.869019265625 0.46545141093750003 0.86070344375 0.4701472171875 0.8459258359374999 0.47552973437499996 0.8360344203125001 0.477476546875 0.8332694609375 0.4738703 0.8225652078125 0.46877595625 0.8045960390625 0.4627664546875 0.7734682828125 0.4553836484375 0.7309072265625 0.45023275937499996 0.7025653765625 0.447085228125 0.6818312515625 0.4443957296875 0.6610327515625001 0.437470615625 0.6233900734375 0.43489534062499996 0.6067277734375 0.4353539421875 0.59835881875 0.43684306250000005 0.5906754828125 0.4340378625 0.5873327015625 0.42980179375 0.5771321890625 0.42493533125000005 0.5757399999999999 0.42104204687499996 0.5762871656249999 0.4115951375 0.5771996171875 0.4032362015625 0.5758830374999999 0.3975107828125 0.5766876921875
3 0.14925296875 0.6663877734375 0.14999576875 0.6882903140625001 0.1541742734375 0.70306639375 0.1576652734375 0.7245826984375 0.1580648328125 0.7423812265625 0.162815934375 0.75624638125 0.16831222031249998 0.7571348312499999 0.1739233 0.75385489375 0.17833218281250002 0.7486677875 0.1807947078125 0.739601975 0.18228439375 0.7236140578125 0.179022184375 0.7053873984375 0.1759895578125 0.678823971875 0.1756474515625 0.6581107937499999 0.175648815625 0.6381797953125 0.176795146875 0.61974878125 0.17771291718749999 0.5947062875 0.181148734375 0.5859189140625001 0.183210453125 0.5773246546874999 0.18704719218750002 0.56640480625 0.188479084375 0.5583142890625 0.1835556234375 0.5531930859374999 0.179262328125 0.5425853890625 0.1755404953125 0.5476759343750001 0.1696432859375 0.5489199578124999 0.1605400734375 0.54729275625 0.1567021984375 0.57482176875 0.15498304062499998 0.5974855406249999 0.1490269046875 0.6232361281250001 0.14845294375 0.6440780515625 0.14925296875 0.6663877734375
3 0.2702381484375 0.545162903125 0.2784263171875 0.5319706015625 0.27092746874999996 0.5118480125 0.266577403125 0.49418946718749995 0.260168 0.4502459328125 0.2566201171875 0.42333969531250004 0.2562777828125 0.4059483515625 0.2555920953125 0.3861139125 0.255593571875 0.36452199531249996 0.25507944843749997 0.34757001875000004 0.25112961875 0.33774450312500004 0.2448897390625 0.32657993125 0.23590211249999998 0.309157928125 0.22697159843749998 0.29380402499999997 0.21769761562499998 0.277667940625 0.20945415 0.2622174796875 0.20241288124999998 0.2486741828125 0.1951994796875 0.2405530078125 0.1906764859375 0.23994299843750003 0.1874126875 0.244969171875 0.1850075 0.2527812515625 0.1830026671875 0.2667654421875 0.18094026875 0.2853252 0.1795074671875 0.30670305 0.179334428125 0.3254125015625 0.18013467968750002 0.344400390625 0.1867725296875 0.3966163203125 0.1936970765625 0.44256358125000006 0.20130946718749998 0.47678786874999995 0.210410184375 0.5149552359375 0.2201981765625 0.549704209375 0.23096014375 0.574766125 0.24120866875 0.5729105640625 0.2531751 0.5666613140625001 0.25970258749999997 0.5582698828125 0.2702381484375 0.545162903125
3 0.546027921875 0.558306321875 0.5399590375 0.5583287968749999 0.5328022953125 0.5589193859375 0.5267906359375 0.5593490453125 0.5228973515625001 0.5598962109375 0.5187750515625 0.5604755625 0.5153969140625 0.563026453125 0.5136217796875 0.567012959375 0.5108159 0.5736356765624999 0.512017640625 0.5821865125000001 0.51499326875 0.6050209234375 0.5191139796875001 0.627694403125 0.5240359640625 0.6544075234375 0.52706904375 0.674327284375 0.531189640625 0.6986616828125001 0.53582504375 0.7299825546875 0.5389150078125 0.7552922484375 0.5449817359375 0.7868271874999999 0.5487014109375 0.81329405625 0.5523648828125001 0.8244054937499999 0.56020788125 0.8353447609375 0.56679145625 0.8439696781249999 0.5800743109375001 0.8437637953125 0.5831089796875 0.840430725 0.5947889421875 0.8371283125 0.602919090625 0.83515524375 0.6096753671874999 0.830053459375 0.6142564953125 0.8177833187499999 0.616662475 0.7983448234375 0.6136303046875 0.7651377312500001 0.6131165203125 0.7432030046875 0.6097971984375 0.7229082484375 0.608137878125 0.7077781187500001 0.6059060734374999 0.6918979984375 0.6033306859375 0.6768966140625 0.6018432687499999 0.6596662015625 0.6004703046875 0.6432501515625 0.5970938703125 0.620887296875 0.5926299187499999 0.5941098031250001 0.5902835484375 0.579076234375 0.5887955640625 0.570150403125 0.58433025 0.563303909375 0.5799220484375 0.5585255140625 0.5703608015625 0.556962684375 0.5612000218750001 0.5599110484375001 0.5546731031250001 0.559997896875 0.550951609375 0.56010569375 0.546027921875 0.558306321875
3 0.6224865609375 0.19171280468750002 0.619680340625 0.203318271875 0.61549990625 0.2167777734375 0.6114339234374999 0.2310516390625 0.6096009953125 0.2429355453125 0.6067373218750001 0.2574556640625 0.6039311015625 0.26906113125000003 0.6038733078125 0.2769585328125 0.6018688156249999 0.2859599734375 0.601811021875 0.29385737343749996 0.6106260625 0.3233451609375 0.6186398296875 0.348793309375 0.6260811125 0.373491465625 0.6328353453125 0.3982861796875 0.636326684375 0.41481973437499997 0.6398174562500001 0.439657871875 0.6423915953125 0.4729293390625 0.6422193515625 0.48001237343750003 0.6478868609374999 0.4887660359375 0.652237721875 0.4947981640625 0.659966609375 0.4999403171875 0.6657491375 0.5012037625 0.6792038953125 0.49889759375000003 0.68733404375 0.496924525 0.6955213062500001 0.49701955625 0.6991283453125 0.4960973953125 0.70439584375 0.49369619531250003 0.710178484375 0.49329872343750003 0.72151509375 0.48755321562500004 0.7291876625 0.47900085312499996 0.7312490390625 0.47538934531250004 0.7336552484375 0.4526290171875 0.731710934375 0.41885380781250003 0.7249573828125 0.3840935953125 0.71757378125 0.35315895468749997 0.7077857890625 0.31840998125 0.7012605734374999 0.29358307968749997 0.6936476140625001 0.2676633765625 0.6890111906249999 0.25129075156249997 0.6817411328125 0.2344578109375 0.6779636625000001 0.21588834375000002 0.67286931875 0.1979191734375 0.65586713125 0.16667543906249999 0.6476805515625 0.1566149078125 0.6430429921874999 0.15685145 0.6359432484374999 0.16117105468749998 0.6311334453125 0.1684906296875 0.62506365 0.1818004390625 0.6224865609375 0.19171280468750002
3 0.1339308796875 0.346326434375 0.1280342390625 0.339265875 0.11784339531250002 0.3348849515625 0.10776700312500001 0.33131839531249996 0.10364368125000001 0.3468459953125 0.1015806015625 0.375371253125 0.102437625 0.40140999062500005 0.1082178828125 0.435891765625 0.114342178125 0.4628511390625 0.11834866250000001 0.4813884203125 0.12017966093750002 0.497740096875 0.125617471875 0.51649144375 0.1315706578125 0.5339246859375 0.138784171875 0.5403849453125 0.1495476140625 0.54385494375 0.1520100265625 0.536450046875 0.14514134218750002 0.5108409671875 0.138559128125 0.4822850515625 0.1361556453125 0.46518338281249993 0.134840021875 0.4475136 0.1330093625 0.426179175 0.1334687578125 0.40618380312499996 0.1336418 0.387474353125 0.1344446625 0.368261159375 0.1362775921875 0.356377253125 0.1339308796875 0.346326434375
3 0.36312376562500004 0.24892512656250002 0.3584281859375 0.2603809 0.3549351421875 0.26876109375 0.3533311171875 0.28227372812499996 0.351784546875 0.2928717140625 0.350810571875 0.302558775 0.350580646875 0.3158782953125 0.3491484125 0.3289515625 0.348918715625 0.338949246875 0.3495479703125 0.34675008906250004 0.3493181609375 0.358408690625 0.3497178328125 0.3745463015625 0.35023206875 0.3898373609375 0.3504028375 0.4043462421875 0.35148921875 0.42537004375 0.3538351359375 0.44704727968749997 0.35560868125 0.46631360624999996 0.35715343593750004 0.48229028749999997 0.3605875515625 0.49841665781250005 0.3652810875 0.5168573828125 0.3684293015625 0.527626009375 0.3737530015625 0.5405802421875 0.37844721875 0.549055465625 0.3838288265625 0.5524513828125001 0.3916723921875 0.5550860671875 0.399287053125 0.556092021875 0.406558134375 0.557976715625 0.415546896875 0.5587895515625 0.41966931093750004 0.5565492843750001 0.4289442015625 0.559398034375 0.442456184375 0.5574990484375 0.45797197812499996 0.5565641218749999 0.464613575 0.55396980625 0.47503400312500005 0.550013959375 0.4844809125 0.5491015078125 0.4970768296875 0.5473312671875 0.5022874421875 0.5395401359374999 0.5060665015625 0.534856771875 0.5061820890625001 0.519061971875 0.5038360578125001 0.49904565156249997 0.5010319953125 0.4790937046875 0.496453590625 0.451501846875 0.49324928906250004 0.42371687343750003 0.48861331874999997 0.4007005828125 0.483061621875 0.3728302859375 0.4798566375 0.355010809375 0.474132925 0.3309017171875 0.46571835000000006 0.305925121875 0.4559867890625 0.283209746875 0.449804359375 0.2691305234375 0.446426903125 0.2617159171875 0.42873653125000005 0.24717790625 0.42129399999999995 0.2407498328125 0.40772524375 0.23559796875 0.3981641109375 0.232374221875 0.390835690625 0.23174326406249998 0.3823620734375 0.232934153125 0.3733157453125 0.23669688125000002 0.36673114687499997 0.24302021406250002 0.36312376562500004 0.24892512656250002