0 0.3189367546875 0.66025600625 0.31973058125 0.6598181546874999 0.31952296874999997 0.65869014375 0.3187291421875 0.6591279953125 0.3183700890625 0.6590775343749999 0.3176519828125 0.6589766109374999 0.3179353171875 0.6595658453125 0.31821865 0.6601550828125 0.3189367546875 0.66025600625
3 0.24086624687499997 0.5097321140625 0.23099836406250002 0.522630103125 0.2230576421875 0.5374471859375001 0.2158911984375 0.5545707546875 0.21125767187500002 0.5693032171875 0.207246984375 0.5874197125 0.2035196296875 0.6061254453125 0.1997922765625 0.6248311796875 0.1961015484375 0.6484868078125 0.19305320937499998 0.6727821359374999 0.1969807796875 0.6865201171875001 0.2052365328125 0.6981193015625 0.21141368749999997 0.708876940625 0.2189708796875 0.7176308671875 0.229854815625 0.7235558359375001 0.24637125312500002 0.72587706875 0.26290723437499997 0.72545396875 0.2732269703125 0.7197618968749999 0.2837738640625 0.7124535015625 0.2982312484375 0.71118885625 0.310233903125 0.7013379734375 0.3213303828125 0.6875138187500001 0.32781534843750004 0.6752392234375 0.3382523609375 0.6530811390625 0.3377663453125 0.6304867578125 0.3355216921875 0.6125899625 0.33384370625000004 0.5958716421875 0.33225851875 0.5863087765625 0.3192398125 0.5773367031250001 0.3111525796875 0.5723542015625 0.30180012343749996 0.5633479671875 0.295718234375 0.5493072171875 0.2938692609375 0.5364107812500001 0.2917369546875 0.5229251078125 0.2924575265625 0.5125874625 0.28516411875 0.507167109375 0.279458365625 0.500871053125 0.27001064218750004 0.49514793125 0.2599571578125 0.49373500625 0.24933454375 0.501582175 0.24086624687499997 0.5097321140625
3 0.6321219828125 0.39879573125 0.6185145984375 0.40182808750000004 0.6081948625 0.4075201578125 0.597875128125 0.413212228125 0.588290578125 0.426699453125 0.5810679609375 0.4416174609375 0.5777583 0.4521406484375 0.5759776515625 0.470021140625 0.5732517359375 0.48941703125 0.56888199375 0.5074830671874999 0.5680099843749999 0.5188982609375 0.5669449765625 0.5473182421875 0.5700030015625 0.56203285 0.5831706828125001 0.5803659421875 0.5910478343750001 0.5946590015625 0.5981507078125 0.606645575 0.61578093125 0.6140680890625 0.6380422140625 0.617196709375 0.659927365625 0.6125806359375 0.683969296875 0.5978287640625 0.6984096015625 0.588869884375 0.7068437375000001 0.5653314828125 0.7135412453125001 0.5333077640624999 0.7173638671875 0.5113189203124999 0.7145550125 0.4818050875 0.7060183921875 0.4591780984375 0.6947046140625 0.43286430625000005 0.6836912500000001 0.41483398437499996 0.6739601937499999 0.408521625 0.6616962203125001 0.40460036875 0.6420997453124999 0.40074743125 0.6321219828125 0.39879573125
0 0.519762528125 0.5209081875 0.5223516203125 0.52072264375 0.52537548125 0.5200487875 0.5302141578125 0.516882903125 0.5314818484375 0.5104680671875 0.5319361671875 0.50723541875 0.5321828734375 0.5028747578125 0.53199480625 0.4990024109375 0.529784315625 0.49649408125 0.5276861703125 0.498396871875 0.5271952234375 0.49667962499999996 0.5272147703125001 0.4939352890625 0.527290490625 0.4933965140625 0.5261571578125 0.49103956875000004 0.5251557203125 0.490349409375 0.52524851875 0.49750486718750003 0.5253413203124999 0.5046603234375 0.5244326828125 0.5111256203125001 0.5239783625000001 0.51435826875 0.5215773390625 0.518416159375 0.519762528125 0.5209081875
3 0.52268655 0.3828661671875 0.5123301875 0.38360834062500004 0.4966442046875 0.385799153125 0.48475636250000004 0.3896225921875 0.4784057578125 0.393125403125 0.47024034062500003 0.3991202453125 0.46356730781250005 0.407522490625 0.45538234375000003 0.4162616671875 0.4478202203125 0.42838487656249996 0.441713853125 0.437965596875 0.4341517296875 0.45008880625 0.431276840625 0.46012368124999997 0.4265675953125 0.47539491875 0.42221739999999996 0.49071661874999994 0.4179429265625 0.50549954375 0.416731409375 0.5141199390625 0.41752276874999994 0.5241206546875 0.42095939375 0.5361413875000001 0.4281941625 0.5497947484375 0.439928096875 0.5574874265624999 0.45015009843750003 0.565517034375 0.45808589218750007 0.5715770859375 0.46615357812499997 0.5793039234374999 0.4761679671875 0.5862055203125001 0.48915004843750004 0.5902276984375 0.5109203859375 0.5916390703125 0.5204462953125 0.5863848515625001 0.5348108781249999 0.5779647484375 0.546947890625 0.5593420828125 0.5555676265625 0.5501145937499999 0.560919259375 0.535483053125 0.5602231671875 0.5221992265625001 0.562096615625 0.51147419375 0.56740915625 0.502331325 0.5705112046874999 0.490680125 0.5730465875 0.477850453125 0.5738990515625 0.46917959531250003 0.572826825 0.4481510765625 0.5698274375 0.42520346093750006 0.5653136546875001 0.41303134375 0.5554140765625 0.4001023015625 0.5474221109374999 0.3918366890625 0.5432844625000001 0.387409265625 0.5321733656250001 0.3831006203125 0.52268655 0.3828661671875
3 0.8092005953125 0.6264172046875001 0.798861315625 0.6348536109375 0.7863286234375 0.64847591875 0.776253128125 0.660245896875 0.7690109640625 0.6779082390625 0.7655498625 0.6895089765625 0.76199349375 0.704392825 0.7592871265625 0.7210443828125 0.7565612109375001 0.7404402734375 0.7570301453125 0.755340425 0.7599171859375 0.773876915625 0.7669247921875 0.7891466015625 0.772100509375 0.7992140828125 0.78468444375 0.8086744703125 0.7966821656249999 0.8197007218750001 0.8068479953125 0.8255247671875001 0.81746814375 0.8281161640624999 0.8374065890625 0.8243253312500001 0.8522425734375 0.8203668125 0.8647728000000001 0.8171830718749999 0.8722201109375 0.811087309375 0.8775521984375001 0.799200103125 0.8833386031250001 0.7840802515624999 0.8860449718750001 0.76742869375 0.8872589546875 0.7483697296875 0.892669225 0.725505184375 0.89648938125 0.7139549078125 0.8998747640625 0.7028929453125 0.9021463593749999 0.6867297015625 0.90201693125 0.6746243484375001 0.9022856484374999 0.657080784375 0.9009471687499999 0.6431572609375 0.8986072500000001 0.6285435765625 0.8903905890624999 0.611455721875 0.8762385500000001 0.6001267015625 0.8585887812499999 0.5954485218750001 0.8405017734375001 0.6016972234375 0.8266110546875 0.604140340625 0.82069275625 0.6175934078124999 0.8092005953125 0.6264172046875001
1 0.471747340625 0.41966045156250004 0.46182328593750005 0.430352878125 0.45278585624999995 0.4477629140625 0.44450316093750003 0.47022376718750003 0.4399990625 0.49706158437500003 0.4383136796875 0.5116589640625 0.4372902296875 0.5241517078125 0.44146450625 0.533529028125 0.4524974140625 0.5488150171874999 0.46271941875 0.5568446218750001 0.47163710468750003 0.5663391703125 0.4837496375 0.5713379749999999 0.499320809375 0.575174609375 0.5096209968750001 0.5722268749999999 0.5285580046875 0.5677458828125 0.5384820593749999 0.5570534546875 0.5494661921875 0.538818178125 0.55788078125 0.5180241109375 0.5625900265625 0.5027528734375 0.565674996875 0.4834074421875 0.5654527671875 0.46414663125000005 0.56456860625 0.446990459375 0.5610953546874999 0.430019828125 0.56036016875 0.42222467343750003 0.5451896078125 0.4025112609375 0.5309984765625 0.3966709125 0.5177135171875 0.3948038328125 0.5028213578125 0.3965567921875 0.48891109374999997 0.40174424843749995 0.48110472968750007 0.40778955000000006 0.471747340625 0.41966045156250004
3 0.7726092453125 0.48556874375000003 0.7526146265625 0.4871540171875 0.7368895515625 0.4948334984375 0.7221463671875 0.5059474765624999 0.7173638671875 0.5113189203124999 0.7135412453125001 0.5333077640624999 0.7068437375000001 0.5653314828125 0.6984096015625 0.588869884375 0.7023737999999999 0.6075577625 0.7101923140624999 0.6300838265625 0.7161227625000001 0.6452021265625 0.7252285140625 0.658569021875 0.737775821875 0.6630795125 0.7482079046875 0.6617985640625 0.764839153125 0.65809235 0.7713021062500001 0.659000659375 0.776253128125 0.660245896875 0.7863286234375 0.64847591875 0.798861315625 0.6348536109375 0.8092005953125 0.6264172046875001 0.82069275625 0.6175934078124999 0.825873403125 0.606783753125 0.8294663984374999 0.5968498015625 0.8321532203125 0.5829425828125 0.8353334546875001 0.560314040625 0.83010403125 0.5376024312500001 0.8256659671875 0.5248915390625 0.816787375 0.5099083203125 0.80940116875 0.49733251093749997 0.7978552999999999 0.49351217812500003 0.7825870078125 0.48752044375 0.7726092453125 0.48556874375000003
3 0.8102056734374999 1 0.81786346875 0.9946449312500001 0.834250478125 0.9848608109375 0.8414706296875 0.9803813734375 0.8531704031249999 0.9726855875 0.8655125625 0.9656295 0.878572828125 0.9586743375 0.8941830906250001 0.9570223 0.9060709328125001 0.9531988625000001 0.9152182421875 0.9506385171874999 0.918188396875 0.9373205328124999 0.9208947656250001 0.9206689750000001 0.9245073078124999 0.9079906875000001 0.92689125 0.8962385656249999 0.9271770484375 0.8863892343750001 0.9244976218750001 0.868980753125 0.9223457703125 0.8582394156250001 0.9212149046875 0.8454439031250001 0.9159830140624999 0.8331708624999999 0.9127344562499999 0.8250224765624999 0.9053457843749999 0.8228852328125 0.897805671875 0.8218255390625 0.88911268125 0.8211532359374999 0.8758838953125 0.8214917171874999 0.8574769281249999 0.8222012859375001 0.84003230625 0.829089684375 0.822172459375 0.8337220609375 0.8123632171875 0.8383870453125001 0.804217346875 0.8416375484374999 0.7925175734375001 0.849333334375 0.7821221171875 0.8555641796875 0.7663970421874999 0.8632436609375 0.7558501468750001 0.87055205625 0.7476651828125 0.8792912328125 0.7420497640625 0.8905892 0.7401567671875 0.9040585703125 0.73988805 0.921602134375 0.73952653125 0.9319902390625 0.7412802375 0.9481697859375 0.7435639828125 0.9605779078125 0.7473401156249999 0.9753934390625 0.754008215625 0.9878683265625 0.7611970703125001 1 0.8102056734374999 1
3 0.21141368749999997 0.708876940625 0.2052365328125 0.6981193015625 0.1969807796875 0.6865201171875001 0.19305320937499998 0.6727821359374999 0.187044575 0.6686411796875 0.1751958265625 0.6669759453124999 0.16429234375 0.6637953109375 0.1560341265625 0.6626346953125 0.14858681406250002 0.6687304578125 0.14278332968750002 0.6761560796875 0.1365255234375 0.6868143484375 0.131496315625 0.6965464546875 0.1279399484375 0.7114303015625 0.121963009375 0.733116375 0.1167798984375 0.754364596875 0.11414925000000001 0.7704773796875 0.11221715937500001 0.7894354203125 0.1107760171875 0.8101107093750001 0.11181161875000001 0.8261893328125 0.11364104374999999 0.8418301046875 0.1188729328125 0.8541031453124999 0.1268453546875 0.8651130921875 0.1381640625 0.87054975 0.14819799843749998 0.874707009375 0.15878152031249998 0.8723485109375 0.1796090578125 0.8648367171875 0.19864133125 0.857072615625 0.2162569375 0.8463623296874999 0.23064106718750002 0.835197890625 0.240828909375 0.8278390343750001 0.2512805375 0.82381375 0.261732165625 0.8197884656250001 0.26974614375 0.8148711734375 0.2767391359375 0.812008059375 0.2858302734375 0.807242153125 0.2877208046875 0.8042113515624999 0.2899166796875 0.7885868828125 0.2904858125 0.7793267875 0.2880897203125 0.7625075421874999 0.27919158125 0.7502686609375 0.2698220421875 0.7335681953125001 0.26290723437499997 0.72545396875 0.24637125312500002 0.72587706875 0.229854815625 0.7235558359375001 0.2189708796875 0.7176308671875 0.21141368749999997 0.708876940625
0 0.503761515625 0.49668273125000006 0.5069929921874999 0.49713688593749994 0.5106030687499999 0.494897165625 0.5142131453125 0.4926574453125 0.5176156062499999 0.489289715625 0.52009235 0.48469305 0.5196966703125 0.47969269218750005 0.5191495500000001 0.475769884375 0.5183752703125 0.4734634 0.51493618125 0.47188123437499996 0.5124228109375 0.471528003125 0.508964175 0.47269017343749997 0.5039178859375 0.47472804531249996 0.5023106890625 0.478348084375 0.501553490625 0.4837358328125 0.501306784375 0.4880964921875 0.50234485 0.49373654843750003 0.503761515625 0.49668273125000006
0 0.2890351625 0.6802279390625 0.2897532671875 0.6803288609375 0.2898289875 0.6797900859375 0.28998042812499997 0.6787125374999999 0.2893380421875 0.6780728390624999 0.288544215625 0.678510690625 0.2881094421875 0.6789990046875001 0.2883927765625 0.6795882390625 0.2886761078125 0.6801774765624999 0.2890351625 0.6802279390625
3 0.3840968609375 0.42327505781249997 0.3723800046875 0.4232766109375 0.362004096875 0.4267631203125 0.35340390625 0.433246275 0.3440856109375 0.4396285046875 0.33692163124999996 0.44631350468750003 0.32607185781250003 0.45577699843749997 0.31777208125 0.4705436203125 0.310871890625 0.48056219218749996 0.3039521515625 0.4933251 0.2974671859375 0.50559969375 0.2917369546875 0.5229251078125 0.2938692609375 0.5364107812500001 0.295718234375 0.5493072171875 0.30180012343749996 0.5633479671875 0.3111525796875 0.5723542015625 0.3192398125 0.5773367031250001 0.33225851875 0.5863087765625 0.343596775 0.5890010984375 0.3516082875 0.594522375 0.363342221875 0.602215053125 0.3776286203125 0.60477229375 0.38790926406250004 0.60456889375 0.39692468125 0.6003417625 0.408756346875 0.5943127625 0.4166775234375 0.5822400156249999 0.4216139296875 0.565352453125 0.42331885937499997 0.5480107375000001 0.42095939375 0.5361413875000001 0.41752276874999994 0.5241206546875 0.416731409375 0.5141199390625 0.4179429265625 0.50549954375 0.42221739999999996 0.49071661874999994 0.42082028125 0.48502609999999996 0.41923756093750003 0.46502466875000004 0.416330975 0.44923251249999996 0.4102490875 0.43519176249999997 0.4056962109375 0.42850831562499997 0.39609704687499997 0.423862740625 0.3840968609375 0.42327505781249997