3 0.12449971093750001 0.58231726875 0.12271923437500001 0.60101661875 0.1218564375 0.621379821875 0.1197353796875 0.6411641078125 0.1193399328125 0.6532495375 0.12052252187500001 0.672418190625 0.1209047421875 0.6891823140625 0.1278412625 0.6880031890625 0.1366188140625 0.6730694578125 0.14746445156250002 0.6546670078125 0.15719184375 0.6326708046875 0.167640140625 0.6210387078124999 0.17743753906249998 0.5975350828125 0.1867940828125 0.5906652203125 0.192373946875 0.5767435328125 0.2013142140625 0.5565207953125 0.2058458375 0.53749793125 0.2125988140625 0.51616950625 0.21826003593749999 0.4996033140625 0.2318019359375 0.45885029375 0.22750870625 0.4539944171875 0.22512084375 0.450958828125 0.21505853749999998 0.4569576546875 0.20994602499999998 0.4626015703125 0.199624496875 0.46704083125 0.19047986875 0.4747035125 0.1792160609375 0.4744380078125 0.1716664875 0.47096451093749997 0.1646221109375 0.46643215 0.159645821875 0.4584310703125 0.15738472812499998 0.448202646875 0.153250446875 0.4604551578125 0.1483649953125 0.476384965625 0.1427983796875 0.49448464999999997 0.1373036671875 0.5163919906250001 0.129706809375 0.545179296875 0.126949996875 0.5625851265625 0.12449971093750001 0.58231726875
3 0.877871271875 0.6701305640624999 0.8785940515625 0.6527822015625 0.8793641359375 0.6362005843749999 0.87883055 0.6235883828125 0.8788494640625 0.6106840609375 0.8784691390624999 0.5992350140625 0.8752941562500001 0.5979728921875 0.8721059265625 0.592532775 0.8646944718749999 0.5807293609374999 0.861269725 0.5714555140625001 0.8537636640624999 0.5581186078125 0.8498810234375 0.5506703734375 0.8448158140625001 0.557081034375 0.8487684625 0.5630218499999999 0.849843196875 0.576479015625 0.8495215484375 0.59768718125 0.847351290625 0.6113896453125001 0.8436559890625001 0.6347208656250001 0.8396333531250001 0.66331501875 0.8358793953125 0.6870165765625 0.8327574 0.7024664328125 0.8312702015625 0.7193140984374999 0.8315578140625 0.73454473125 0.8336788921875 0.74778799375 0.837576675 0.7647293015625001 0.8424148453125 0.781060296875 0.8474176281249999 0.797417365625 0.8490202609375 0.8075414984375 0.854918003125 0.7948090390625 0.8586889984375 0.78591563125 0.8620475093750001 0.7742995046875001 0.8659566249999999 0.75707618125 0.8696538234375 0.7390600375 0.8714513374999999 0.7351688390625 0.873386971875 0.722947725 0.8759091625 0.7070232390625 0.8765373359374999 0.6881413843749999 0.877871271875 0.6701305640624999
3 0.43482468125 0.1774340625 0.4245163984375 0.18605131875 0.41438597968749996 0.1988726421875 0.40335491718750005 0.2248382625 0.39519041875 0.24442461718750003 0.3880136078125 0.2641674046875 0.3819891 0.28409270000000003 0.3665948203125 0.3397374125 0.35946720781249997 0.3655620234375 0.353412434375 0.399528721875 0.35238691875 0.4251809296875 0.3506650984375 0.4435099421875 0.3550113171875 0.4650778 0.362997975 0.474314928125 0.3760763359375 0.485497384375 0.396585065625 0.49557893281250004 0.41758574218750005 0.5004236203125 0.43178991250000004 0.50343259375 0.44445389375 0.506577253125 0.4606920953125 0.5095287578125001 0.4746843453125 0.5117449125 0.481679525 0.5101954515625 0.48630954531250004 0.5033362359375 0.4905857375 0.4933839640625 0.494436196875 0.4765309765625 0.5025817640625 0.43682139375 0.5071815 0.41097603281249995 0.5098796578125 0.39394053906250004 0.5126705265625 0.373123459375 0.51592874375 0.34402860468749996 0.518144409375 0.32577781093749997 0.51906775625 0.3103593484375 0.5170866937499999 0.294101246875 0.5142806625 0.2723977046875 0.50781146875 0.2322715078125 0.5032665781250001 0.2140888265625 0.4920065390625 0.1914259296875 0.4844191203125 0.1807335265625 0.47051768593750004 0.16942070781250002 0.45292850937500007 0.169671871875 0.43482468125 0.1774340625
3 0.7573826718750001 0.5124832015624999 0.7529418640625 0.5224094015625 0.7486410734375 0.5293207625 0.7427641421875 0.5344639796874999 0.736086840625 0.53720266875 0.7309497281249999 0.5398056718750001 0.721074740625 0.54355640625 0.70937574375 0.542842346875 0.69702774375 0.5355718390625 0.683595553125 0.5212963265624999 0.6762332984375 0.5155747359375 0.6740535859375 0.535729359375 0.669194628125 0.56001515625 0.66438486875 0.5903827765624999 0.6580197796875 0.611393009375 0.6548769765625 0.6344321109375 0.653864709375 0.6642623140625 0.65314571875 0.6922408328125 0.6543548015625 0.719765475 0.6583926015625 0.7336919421875 0.6643244171875 0.7505757828124999 0.6718418296875 0.76277560625 0.680146365625 0.7732019625000001 0.691118790625 0.780634228125 0.7000893453125 0.7793976359375 0.7099870375 0.7733727359375 0.7176236375 0.757119415625 0.7237181515625 0.7356867 0.7311863453125 0.7087771515625 0.737176796875 0.6922631046875 0.742978034375 0.6726820734375 0.750105646875 0.6468574609375 0.752913553125 0.64084853125 0.7580790375 0.618889046875 0.7640562421875 0.59819700625 0.767108228125 0.5842545671875 0.7709946390625 0.5693054078124999 0.7735300781250001 0.5575589187500001 0.774782653125 0.542192603125 0.7754959765625 0.5312964 0.7754581296875 0.52407749375 0.7745839625000001 0.5125502296875 0.7739349609375 0.5059937796875 0.7698044484375 0.495848896875 0.7668110984375 0.47639344687499996 0.7629606390625 0.49324643593750006 0.7573826718750001 0.5124832015624999
3 0.2013142140625 0.5565207953125 0.19573814375 0.5810726390625 0.18834374843749999 0.617104925 0.18306285 0.6451201625 0.17853312187499998 0.669458103125 0.1769532125 0.690087353125 0.1807790921875 0.7032210046875 0.189550975 0.7053695890625 0.19686403125000002 0.705009353125 0.2059159453125 0.7011282578125 0.21280327031250001 0.6938673093750001 0.22255715625 0.6802270953125 0.229313921875 0.6695288265625 0.2369637671875 0.6574534984375 0.245824571875 0.6451903421875 0.25224075625000003 0.6355770109375001 0.2626531015625 0.6220410859375 0.26952717812500004 0.610602140625 0.276119328125 0.5998777984375 0.27949108749999996 0.5924396671875 0.286692496875 0.5757377906250001 0.2914852375 0.5635895703125 0.2971918671875 0.542475046875 0.3000281453125 0.517109634375 0.29679638124999996 0.488505378125 0.2950272359375 0.47304009375 0.292639375 0.47000450625 0.2841967203125 0.4679080671875 0.2721306484375 0.4599229578125 0.26265110625 0.45158825937499997 0.252840440625 0.437886340625 0.24764087968749998 0.430229525 0.23881413125 0.43908143437499997 0.2318019359375 0.45885029375 0.2265872546875 0.47472795625 0.22082007187500002 0.4908977375 0.2125988140625 0.51616950625 0.2058458375 0.53749793125 0.2013142140625 0.5565207953125
3 1 0.4187112125 0.9978619984374999 0.4207389609375 0.9881308171875001 0.43210501093750003 0.9790221421874999 0.4416715203125 0.9752852031250001 0.4471536796875 0.9692852937499999 0.47011988593750004 0.962910746875 0.49758227968749996 0.956335634375 0.523114771875 0.9495599562500001 0.5467173625 0.9435373437499999 0.5719577359375 0.9421750187500001 0.5762974875 0.9452099859375 0.5805744484375001 0.94812764375 0.585592084375 0.9522203062499999 0.588518059375 0.9562997234375 0.587266040625 0.9603545406249999 0.5829731109375 0.9664433906250001 0.5786227125 0.9716505109375 0.5745122890625 0.9752928437499999 0.5674966375 0.9787819140625 0.5593178328125 0.9840552499999999 0.543069834375 0.9882008828125001 0.5296802390625001 0.993390965625 0.5107616640625 0.997829878125 0.4955203859375 0.99988471875 0.487873675 1 0.487471396875 1 0.4187112125
3 0.46868072656250004 0.6561911640625 0.4702020015625 0.6689598 0.474720396875 0.6787864906250001 0.48563227343750004 0.681274015625 0.497223415625 0.6762765859375001 0.5077417203125 0.6631370703125 0.5161767937499999 0.643973196875 0.5239269125 0.616349046875 0.5295181265625 0.601290275 0.5382956765625 0.58635654375 0.5433116874999999 0.5738640578124999 0.549750575 0.5619765609375 0.5548025390625 0.551387903125 0.5583729671875 0.54056459375 0.5623653390625 0.5260118453125 0.5291018125 0.5218823015625 0.5038325046875001 0.5152226468750001 0.4939499359375 0.4977130703125 0.494436196875 0.4765309765625 0.4905857375 0.4933839640625 0.48630954531250004 0.5033362359375 0.481679525 0.5101954515625 0.4746843453125 0.5117449125 0.4714507078125 0.5108531281250001 0.467342921875 0.531461628125 0.4645993546875 0.55304545625 0.46329001875 0.5740971874999999 0.46553409375 0.602545009375 0.46923510312500005 0.6281865703125 0.46868072656250004 0.6561911640625
3 0.0676147203125 0.24682837812499997 0.06502252187499999 0.26426028281249997 0.06199703125 0.28655871093749996 0.063217465625 0.31294626875 0.0628731140625 0.3364286015625 0.06546722656250001 0.3573393234375 0.067788871875 0.3725124875 0.07049460937499999 0.3767373046875 0.0715182484375 0.3787975671875 0.0723337609375 0.3906951703125 0.07436023124999999 0.402404940625 0.0763034484375 0.4114441359375 0.0800460734375 0.42190720937500004 0.08412928125 0.43128534687500003 0.0881765375 0.4387596546875 0.08856819218749999 0.41604406875000005 0.08888605000000001 0.38420574531249996 0.0912152359375 0.3545841234375 0.0947042859375 0.31337776875 0.09897289687500001 0.28216518281249997 0.09266644375000001 0.2697775296875 0.08422945468750001 0.250598775 0.0809106671875 0.24172133750000002 0.0736505796875 0.22576600156249998 0.0717319640625 0.21976771718750002 0.0676147203125 0.24682837812499997
3 0.0539897640625 0.6151863203125 0.06159609687499999 0.6129744015624999 0.0717284109375 0.60546815625 0.0832476515625 0.5966630687500001 0.09315290468750001 0.57887093125 0.0982237796875 0.555377953125 0.10262674062499999 0.5382328453125 0.10403257968749999 0.5240296843750001 0.1031224609375 0.5105985921875 0.1041044640625 0.49480979375 0.1030656796875 0.48325645625 0.09917358281250001 0.48226038125 0.094312709375 0.46820355156250004 0.0914745171875 0.4552263359375 0.0884717109375 0.44222304843750004 0.081366803125 0.46577349375 0.071185309375 0.5002254671874999 0.06349384531249999 0.52747928125 0.0595771671875 0.5564698421875 0.056576274999999995 0.5818091828124999 0.0539897640625 0.6151863203125
3 0.6892850453125 0.32023590625 0.6768405640624999 0.3391443765625 0.6672304828125 0.36039990781250003 0.66673286875 0.382719084375 0.66275185 0.3961347515625 0.65894869375 0.41375448437499995 0.6551360796875 0.437826378125 0.6508315171875 0.46713513281249996 0.649119153125 0.47901198593750005 0.653476725 0.49944275937500004 0.6617566593750001 0.506828203125 0.6742333234375 0.5122209546875001 0.683595553125 0.5212963265624999 0.69702774375 0.5355718390625 0.70937574375 0.542842346875 0.721074740625 0.54355640625 0.7309497281249999 0.5398056718750001 0.736086840625 0.53720266875 0.7427641421875 0.5344639796874999 0.7486410734375 0.5293207625 0.7529418640625 0.5224094015625 0.7573826718750001 0.5124832015624999 0.7629606390625 0.49324643593750006 0.7668110984375 0.47639344687499996 0.7710248453124999 0.45618135625 0.77537860625 0.432954425 0.7792271703125 0.410786359375 0.7802905328125 0.39235305781249996 0.78191395625 0.3618603984375 0.782519425 0.345252709375 0.7834181734375 0.32679333593750004 0.7845420859375001 0.313304775 0.7841239156250001 0.294636821875 0.7830718859375 0.27890549062500003 0.77780988125 0.26098885625 0.7675886265625 0.24987929531250003 0.7510571453125 0.2487794734375 0.7377971515625 0.25579034375 0.7256081 0.2656282234375 0.714749215625 0.27985267812500003 0.7008723984375 0.30460832187500003 0.6892850453125 0.32023590625
3 0.581360175 0.214309575 0.561464515625 0.24190819531250002 0.5445811234375 0.276057946875 0.5335027578125 0.3012568203125 0.5257166859375 0.32697714218749996 0.519283484375 0.3548098734375 0.513506846875 0.377431815625 0.5098796578125 0.39394053906250004 0.5071815 0.41097603281249995 0.5025817640625 0.43682139375 0.494436196875 0.4765309765625 0.4939499359375 0.4977130703125 0.5038325046875001 0.5152226468750001 0.5291018125 0.5218823015625 0.5623653390625 0.5260118453125 0.587729253125 0.5342049906249999 0.6078463046875 0.5339745765624999 0.6219539734375 0.5301349796875 0.632216846875 0.5260660546875 0.6426272953125001 0.507215053125 0.6456773859375 0.4879575375 0.6508315171875 0.46713513281249996 0.6551360796875 0.437826378125 0.65894869375 0.41375448437499995 0.66275185 0.3961347515625 0.6653194484375 0.3756619359375 0.6675805218749999 0.3528628078125 0.6680894890625 0.3294065484375 0.6687782125 0.315469434375 0.669981590625 0.29402129375 0.669396909375 0.2700121890625 0.664931484375 0.2438699296875 0.657204028125 0.20316481562500002 0.64895815 0.1923681234375 0.6365987984375 0.1862346984375 0.6244873156249999 0.1827979203125 0.611482753125 0.18073820000000002 0.5980940953125 0.18962682656250002 0.581360175 0.214309575
3 0.1351426875 0.22639434687499999 0.1296328328125 0.238808615625 0.12727336250000001 0.24944409374999998 0.12256387656250001 0.264262890625 0.1193567328125 0.2717270953125 0.11833121718749999 0.2973793046875 0.11468321875000001 0.3214772703125 0.113810965625 0.348292634375 0.11185831406249999 0.3787331484375 0.112514896875 0.4065499109375 0.111442078125 0.431435371875 0.11525473125 0.47341857656249997 0.121722009375 0.47520214687499995 0.1313983265625 0.47483658906250004 0.1385429765625 0.46382012812499995 0.148665834375 0.46276604218750006 0.155176625 0.45468620312499997 0.15738472812499998 0.448202646875 0.1544273296875 0.43065102812499995 0.1507036171875 0.40728363281249996 0.14846143750000002 0.3841508859375 0.14644631875 0.3713040328125 0.1451577703125 0.35173897187500003 0.146527659375 0.33563198125000004 0.150964675 0.3150756265625 0.1554716984375 0.2930118484375 0.1509173515625 0.28128132968749997 0.1463970609375 0.2661395609375 0.14126371875 0.246345171875 0.1394964703125 0.23619496562500003 0.13620038437499998 0.22504336249999998 0.1351426875 0.22639434687499999
3 0.8828190703125 0.49932282812500006 0.8719980328125001 0.5207661906250001 0.8599641390625001 0.5370823031249999 0.8498810234375 0.5506703734375 0.8537636640624999 0.5581186078125 0.861269725 0.5714555140625001 0.8646944718749999 0.5807293609374999 0.8721059265625 0.592532775 0.8752941562500001 0.5979728921875 0.8784691390624999 0.5992350140625 0.8813489499999999 0.5970337421874999 0.8866374296874999 0.590278815625 0.89280574375 0.5779688375 0.8993486953125001 0.561162671875 0.9053978015625 0.5442782890625 0.9113769015625 0.528901325 0.9182490828125 0.512147303125 0.9257551234375001 0.49245666093749996 0.931707728125 0.46872370781250006 0.9383452875 0.453451034375 0.9415732406249999 0.4383975859375 0.9443281578124999 0.4156766765625 0.9480386031249999 0.401838528125 0.9482410437500001 0.3760559578125 0.9513743890624999 0.35946901875 0.95199310625 0.3470393234375 0.9465816296874999 0.338589690625 0.9334843546875 0.34031155625 0.9214826234375 0.3479013421875 0.9165820281249999 0.3543380765625 0.913374884375 0.36180228125 0.9129964749999999 0.3886958609375 0.91072405 0.4126320703125 0.90894546875 0.436646496875 0.9040013609375 0.452946640625 0.8968945578125 0.471182009375 0.8828190703125 0.49932282812500006
3 0.0947042859375 0.31337776875 0.0912152359375 0.3545841234375 0.08888605000000001 0.38420574531249996 0.08856819218749999 0.41604406875000005 0.0881765375 0.4387596546875 0.0914745171875 0.4552263359375 0.094312709375 0.46820355156250004 0.09917358281250001 0.48226038125 0.1070523859375 0.4857860234375 0.11525473125 0.47341857656249997 0.111442078125 0.431435371875 0.112514896875 0.4065499109375 0.11185831406249999 0.3787331484375 0.113810965625 0.348292634375 0.11468321875000001 0.3214772703125 0.11833121718749999 0.2973793046875 0.1193567328125 0.2717270953125 0.11600388749999999 0.26626090625 0.110804328125 0.258604090625 0.10685357499999999 0.257978353125 0.103752390625 0.2658389671875 0.09897289687500001 0.28216518281249997 0.0947042859375 0.31337776875
3 0.8187819281250001 0.2857002859375 0.8071889109375 0.3184101875 0.794982840625 0.346467465625 0.7886631609375 0.3629293671875 0.7818269296875 0.3815872171875 0.7802905328125 0.39235305781249996 0.7792271703125 0.410786359375 0.77537860625 0.432954425 0.7710248453124999 0.45618135625 0.7668110984375 0.47639344687499996 0.7698044484375 0.495848896875 0.7739349609375 0.5059937796875 0.77990839375 0.5076991328125 0.7922090890625 0.5142028953125 0.802924190625 0.5253906734375 0.8042430015625 0.53091433125 0.8152192203125 0.5489767515625 0.8264981718750001 0.5587353296875001 0.8370108093749999 0.5626781296875001 0.8448158140625001 0.557081034375 0.8599641390625001 0.5370823031249999 0.8719980328125001 0.5207661906250001 0.8828190703125 0.49932282812500006 0.8968945578125 0.471182009375 0.9040013609375 0.452946640625 0.90894546875 0.436646496875 0.91072405 0.4126320703125 0.9129964749999999 0.3886958609375 0.913374884375 0.36180228125 0.912934009375 0.34540849375 0.9124098796875 0.32634413125 0.9113067546875 0.2992158984375 0.9080030890625 0.26680398437499997 0.9077589890625 0.24170994218750003 0.9030892078124999 0.2030076234375 0.8897535187500001 0.19558068125 0.87901950625 0.1972972234375 0.8630821624999999 0.2137543453125 0.8479338375 0.23375307812499999 0.8290031640625 0.2637822984375 0.8187819281250001 0.2857002859375
3 0.9415732406249999 0.4383975859375 0.9383452875 0.453451034375 0.931707728125 0.46872370781250006 0.9257551234375001 0.49245666093749996 0.9182490828125 0.512147303125 0.9113769015625 0.528901325 0.9053978015625 0.5442782890625 0.8993486953125001 0.561162671875 0.89280574375 0.5779688375 0.8882589781249999 0.587498628125 0.8943402656250001 0.5949154671875 0.9026107453125001 0.608753071875 0.90926913125 0.61891870625 0.9176644812499999 0.6202483984375 0.924292584375 0.6114278843750001 0.9319197265625 0.6016267234375 0.9393444078125001 0.5845805828125 0.9435373437499999 0.5719577359375 0.9495599562500001 0.5467173625 0.956335634375 0.523114771875 0.962910746875 0.49758227968749996 0.9692852937499999 0.47011988593750004 0.9752852031250001 0.4471536796875 0.9786417984375 0.39719492500000003 0.9741972015625 0.39649096875 0.965039328125 0.3999756546875 0.956483153125 0.4092500453125 0.9461748703125 0.41786730156249996 0.943682946875 0.4197503828125 0.9415732406249999 0.4383975859375
3 0.24190190937499997 0.1628224296875 0.2368896703125 0.15291752187500002 0.23010261875000002 0.1446296453125 0.219907859375 0.1418760734375 0.2131473046875 0.14194418749999999 0.20525904375 0.14487070625 0.1955865171875 0.15586641875 0.189773928125 0.17658453125 0.1838440265625 0.1980433203125 0.1759292921875 0.2256413984375 0.17001074375 0.24596310312499997 0.16266931874999999 0.2656798171875 0.15858423593749998 0.284014153125 0.1554716984375 0.2930118484375 0.150964675 0.3150756265625 0.146527659375 0.33563198125000004 0.1451577703125 0.35173897187500003 0.14644631875 0.3713040328125 0.14846143750000002 0.3841508859375 0.1507036171875 0.40728363281249996 0.1544273296875 0.43065102812499995 0.15738472812499998 0.448202646875 0.159645821875 0.4584310703125 0.1646221109375 0.46643215 0.1716664875 0.47096451093749997 0.1792160609375 0.4744380078125 0.19047986875 0.4747035125 0.199624496875 0.46704083125 0.20994602499999998 0.4626015703125 0.21505853749999998 0.4569576546875 0.228223925 0.44841329218750003 0.23394759375000002 0.4421069203125 0.243150875 0.43407390156250003 0.24764087968749998 0.430229525 0.2465055953125 0.41182762031250003 0.24491241874999997 0.395251325 0.24484618125000002 0.37436135 0.2469199359375 0.35381031875 0.2522027296875 0.33111015781250003 0.2659433015625 0.2869719609375 0.2603501703125 0.26368810468750004 0.2585772359375 0.23759266562499998 0.255735253125 0.21398529531250002 0.25263594375 0.19413343593750002 0.24764451250000002 0.176639284375 0.24190190937499997 0.1628224296875
3 0.0952947921875 0.58452495 0.092587178125 0.60801260625 0.089304359375 0.6340665453125001 0.0885815796875 0.651414909375 0.092064984375 0.66031841875 0.09936858125 0.666410346875 0.104865190625 0.6498180828125 0.11235987812499999 0.6312645234375001 0.12180534375 0.6099829203125 0.12271923437500001 0.60101661875 0.155176625 0.45468620312499997 0.148665834375 0.46276604218750006 0.1385429765625 0.46382012812499995 0.1313983265625 0.47483658906250004 0.121722009375 0.47520214687499995 0.118582978125 0.47584385312500005 0.1140721625 0.48727747343749994 0.10897479218749999 0.5024144625 0.10662856875 0.5172279359374999 0.105434646875 0.532223915625 0.1003410671875 0.557991059375 0.0952947921875 0.58452495
3 0.3839722765625 0.6689689234375 0.3924054734375 0.6775175234375 0.4060117359375 0.685366946875 0.41577886875000003 0.675904728125 0.4241912390625 0.6590150218749999 0.43647677187499995 0.6229981609374999 0.446190915625 0.5968239625 0.4522362328125 0.5693094234375 0.45616994687499995 0.5551270109375 0.46216039999999997 0.5386129640624999 0.46725587500000004 0.5181608984375 0.46805245468749995 0.5099352703125 0.4606920953125 0.5095287578125001 0.44445389375 0.506577253125 0.43178991250000004 0.50343259375 0.41758574218750005 0.5004236203125 0.396585065625 0.49557893281250004 0.3760763359375 0.485497384375 0.3749032234375 0.4929041203125 0.37394015625 0.528816146875 0.374481321875 0.5626886609375 0.3749751875 0.5957944265624999 0.376161565625 0.6255932343749999 0.381048934375 0.6480060546875 0.3839722765625 0.6689689234375
3 0.9456811265624999 0.5829268328125 0.9452099859375 0.5805744484375001 0.9421750187500001 0.5762974875 0.9393444078125001 0.5845805828125 0.9319197265625 0.6016267234375 0.924292584375 0.6114278843750001 0.9176644812499999 0.6202483984375 0.90926913125 0.61891870625 0.9026107453125001 0.608753071875 0.8943402656250001 0.5949154671875 0.8882589781249999 0.587498628125 0.8866374296874999 0.590278815625 0.8813489499999999 0.5970337421874999 0.8784691390624999 0.5992350140625 0.8788494640625 0.6106840609375 0.87883055 0.6235883828125 0.8793641359375 0.6362005843749999 0.8785940515625 0.6527822015625 0.877871271875 0.6701305640624999 0.8765373359374999 0.6881413843749999 0.8759091625 0.7070232390625 0.873386971875 0.722947725 0.8714513374999999 0.7351688390625 0.8721589953125 0.741354953125 0.8818258546875001 0.74744155625 0.8925277078124999 0.754451340625 0.904639190625 0.7578881187500001 0.9125880000000001 0.759906340625 0.9192539484375001 0.758304734375 0.9260826171875 0.7514141234375 0.9326274625 0.7399230359375 0.9363738609375 0.7279887171875 0.9393501531249999 0.6996084640625 0.9424456515624999 0.6758026171875 0.9441201703125 0.6567068593750001 0.9442317953125 0.640020953125 0.945374621875 0.6136280703125 0.945262975 0.597286428125 0.9456811265624999 0.5829268328125
3 0.31967765 0.1948814984375 0.304536884375 0.20311299218749998 0.29489841562499997 0.2106974546875 0.28400736718749997 0.23364823750000002 0.2742005125 0.263604021875 0.2659433015625 0.2869719609375 0.2522027296875 0.33111015781250003 0.2469199359375 0.35381031875 0.24484618125000002 0.37436135 0.24491241874999997 0.395251325 0.2465055953125 0.41182762031250003 0.24764087968749998 0.430229525 0.252840440625 0.437886340625 0.26265110625 0.45158825937499997 0.2721306484375 0.4599229578125 0.2841967203125 0.4679080671875 0.292639375 0.47000450625 0.30515009531250004 0.471986009375 0.3174829515625 0.46976344531249997 0.3293560203125 0.464051415625 0.3367617875 0.45990959531250003 0.3448127671875 0.451694071875 0.3506650984375 0.4435099421875 0.35238691875 0.4251809296875 0.353412434375 0.399528721875 0.35946720781249997 0.3655620234375 0.3665948203125 0.3397374125 0.3819891 0.28409270000000003 0.3732209875 0.259546721875 0.36645285 0.238354525 0.35780394375 0.21838295 0.346922334375 0.20185402031250002 0.3346216375 0.19535025781249998 0.31967765 0.1948814984375
3 0.2957047078125 0.6253778109375 0.29889483437500003 0.6361330046875 0.3076572625 0.64473375 0.3153960484375 0.6512742312500001 0.3231897 0.64681421875 0.3334506796875 0.6374302171874999 0.340048496875 0.6096235578125 0.34827921093750003 0.5778996296875001 0.3546234921875 0.5644786390625 0.3585099046875 0.54952948125 0.3646649703125 0.5330415078125 0.36777750781249996 0.524043809375 0.37150876093749996 0.50261641875 0.3732892375 0.48391707031250003 0.362997975 0.474314928125 0.3550113171875 0.4650778 0.3506650984375 0.4435099421875 0.3448127671875 0.451694071875 0.3367617875 0.45990959531250003 0.3293560203125 0.464051415625 0.3174829515625 0.46976344531249997 0.30515009531250004 0.471986009375 0.292639375 0.47000450625 0.2950272359375 0.47304009375 0.29679638124999996 0.488505378125 0.3000281453125 0.517109634375 0.2971918671875 0.542475046875 0.29633096718749996 0.568153328125 0.2951086765625 0.6025057890625 0.2957047078125 0.6253778109375
3 0.774005128125 0.7687067546875 0.78233615625 0.7874890999999999 0.7901922546875 0.7932889078125 0.7969074015625 0.7977691250000001 0.8029830046875001 0.7892407312499999 0.8083755484375 0.7775671375 0.81360158125 0.7605523921875 0.8165249046874999 0.7484877109375 0.821669578125 0.73411746875 0.8254859828125 0.7206757296874999 0.8296675671875 0.709189965625 0.8327574 0.7024664328125 0.8358793953125 0.6870165765625 0.8396333531250001 0.66331501875 0.8436559890625001 0.6347208656250001 0.847351290625 0.6113896453125001 0.8495215484375 0.59768718125 0.849843196875 0.576479015625 0.8487684625 0.5630218499999999 0.8448158140625001 0.557081034375 0.8370108093749999 0.5626781296875001 0.8264981718750001 0.5587353296875001 0.8152192203125 0.5489767515625 0.8042430015625 0.53091433125 0.802924190625 0.5253906734375 0.7922090890625 0.5142028953125 0.788672715625 0.5216149546875 0.782148678125 0.5255167984375 0.7774354031249999 0.529705440625 0.7754959765625 0.5312964 0.774782653125 0.542192603125 0.7735300781250001 0.5575589187500001 0.7709946390625 0.5693054078124999 0.767108228125 0.5842545671875 0.7640562421875 0.59819700625 0.7580790375 0.618889046875 0.752913553125 0.64084853125 0.7521548218749999 0.656293065625 0.7519258859375 0.673719646875 0.7590365 0.699141984375 0.76301564375 0.7134387890625 0.7674886296875 0.7278138109375 0.7706598437500001 0.7514733265625 0.774005128125 0.7687067546875
3 0.556628521875 0.6932779703125 0.564793040625 0.706719165625 0.5773170078125001 0.7128786640625 0.59213989375 0.7034579421875 0.6044557125 0.686427228125 0.6178027328125 0.6596895375 0.630349384375 0.6305473218750001 0.636822328125 0.6152485750000001 0.6439196734375 0.60346536875 0.6518627984375 0.5895383562500001 0.659864578125 0.5752410078125 0.665819078125 0.5568231328125 0.6701633828125 0.5400483625 0.6741084500000001 0.5247288671875 0.6742333234375 0.5122209546875001 0.6617566593750001 0.506828203125 0.653476725 0.49944275937500004 0.649119153125 0.47901198593750005 0.6508315171875 0.46713513281249996 0.6456773859375 0.4879575375 0.6426272953125001 0.507215053125 0.632216846875 0.5260660546875 0.6219539734375 0.5301349796875 0.6078463046875 0.5339745765624999 0.587729253125 0.5342049906249999 0.5623653390625 0.5260118453125 0.5614987515625 0.5357448921875 0.5570863359375 0.559342159375 0.5575631609375 0.577639778125 0.561616103125 0.60105931875 0.5571034125 0.640205409375 0.5551867109375 0.6725497546875 0.556628521875 0.6932779703125