3 0.546885496875 0.5614877046875 0.5470966203125001 0.573827371875 0.55638798125 0.5858645234375001 0.5626107046875 0.5948140015625001 0.5750350015625 0.6021528984375 0.5882573609375 0.60907291875 0.6077526421874999 0.610116446875 0.6212744890625 0.6070128640625 0.6420311625 0.59964215 0.6526150312500001 0.5922077390625 0.661667071875 0.5778251453125 0.674645128125 0.5691341109375 0.6818397234375 0.5580755703125 0.68841213125 0.542175471875 0.692668746875 0.5267861046875 0.6926998640625001 0.515728784375 0.690244296875 0.4996339390625 0.679513603125 0.48694275156250005 0.6667686703125 0.4790674015625 0.658132678125 0.47514319687500006 0.635471278125 0.47552653593749994 0.6138261125 0.49135068750000005 0.5995012203125001 0.5056818359374999 0.574459734375 0.5143618375 0.5611017296874999 0.5194936578125 0.5572180109375 0.53492221875 0.546885496875 0.5614877046875
3 0.0939409640625 0.3117741515625 0.11144315468749999 0.32819357656250003 0.126510928125 0.3390782140625 0.1453267734375 0.3465861359375 0.156513746875 0.34776193437499997 0.166306603125 0.3442664171875 0.170073759375 0.3371210484375 0.18192108437500001 0.3356011046875 0.200618303125 0.3370635078125 0.2170590453125 0.3420594015625 0.2284691734375 0.3482861953125 0.2489856734375 0.3539618453125 0.25766688125 0.35386876875 0.265300740625 0.3493922015625 0.2691915078125 0.3374836609375 0.273010928125 0.3298410328125 0.273369728125 0.32284018593749997 0.27295659843750003 0.31600958281249997 0.2641969921875 0.3168485515625 0.24733813593749998 0.3158307453125 0.228130309375 0.31205228125 0.21280121406250002 0.3036539484375 0.1938547078125 0.2973891796875 0.17314118437499998 0.28641390312500004 0.1608877765625 0.2846232640625 0.143054984375 0.289284765625 0.123984865625 0.2877831703125 0.10062993281249999 0.2875908609375 0.08350975625 0.289059359375 0.0871221859375 0.297734484375 0.0939409640625 0.3117741515625
3 0.240027703125 0.5216943390625 0.2628579296875 0.512530546875 0.274755453125 0.49618463281249997 0.2941872890625 0.46554798125 0.2995816859375 0.44650754375 0.2946514703125 0.41808650312499995 0.27704973437499997 0.3918529109375 0.26750409999999997 0.38582208281249997 0.2490159375 0.3823706359375 0.2282663140625 0.39326137031249997 0.1672037203125 0.48638875312499996 0.1710724859375 0.5033862625000001 0.1876459546875 0.5214677140624999 0.20918865625 0.5209667953125 0.240027703125 0.5216943390625
3 0.8795691015625 0.6784030859375 0.8953876562499999 0.6785574203125 0.9020264265625 0.6692001000000001 0.9054658984374999 0.6579982578125 0.8929872718749999 0.6368279125 0.8736205859374999 0.620212521875 0.8629421562499999 0.607024075 0.8504846765625 0.5964137890625001 0.8397158156250001 0.591259903125 0.823785684375 0.5885800703124999 0.8110689499999999 0.5947848 0.8093371796875 0.6076743921875 0.7960384890625 0.615828971875 0.775379296875 0.6186851437499999 0.74917888125 0.6204561562500001 0.7548930609375 0.641418284375 0.7796300781250001 0.653570578125 0.8043339125 0.6624514828125 0.8351800109375 0.666699046875 0.85896715625 0.6699533078125001 0.8795691015625 0.6784030859375
3 0.4691959546875 0.5832360765625 0.4924011453125 0.5884401875 0.516357115625 0.5829139953125 0.5313041953125001 0.57342440625 0.5487499921875 0.561683671875 0.5542821 0.5449201015625 0.5581326359375 0.5262201515625 0.5524184562500001 0.505258025 0.5459132624999999 0.4882347921875 0.5391728812500001 0.47344923281250006 0.530582103125 0.4655077484375 0.5093198046875 0.45975371093749995 0.49445112187499995 0.468497409375 0.46628374843750003 0.48539568749999995 0.44230370937499996 0.5054992203124999 0.42705920781250006 0.5393411265625 0.4288403234375 0.5510916734375 0.44498158125 0.5661111734375 0.4691959546875 0.5832360765625
3 0.667973175 0.575220040625 0.6642060187500001 0.582365409375 0.68443008125 0.601584684375 0.7173899609375 0.6108305796875 0.750186 0.6180482390625001 0.7724483671875 0.6178743375 0.8004278328125001 0.6135251625 0.8106840171874999 0.6020342765625 0.8139003328125 0.5857814390625 0.8128840984375 0.5703406265625001 0.8120055734375 0.5571766828125 0.7897602234375001 0.5392532234375 0.773324465625 0.5234486406250001 0.749129171875 0.5025550859375 0.74031936875 0.518220025 0.730219978125 0.528219128125 0.7073304390625 0.5343601609374999 0.6917279921875 0.5357368015625 0.679027421875 0.5633102812499999 0.667973175 0.575220040625
1 0.097566640625 0.3669554265625 0.07505996875 0.35151827343750003 0.06718885625 0.3439038046875 0.062267753125000005 0.33333149375 0.059087537499999995 0.3277183203125 0.042366392187500004 0.3289773828125 0.0297803171875 0.333938959375 0.0153749625 0.3346872890625 0.012868345312500001 0.372884525 0.0234994953125 0.37576154375000004 0.057381048437500005 0.3798253921875 0.07739897343749999 0.3758963109375 0.0928375796875 0.3724914328125 0.097566640625 0.3669554265625
0 0.303681871875 0.525870890625 0.3132536375 0.5316530890625 0.330525621875 0.539501496875 0.3441329140625 0.5391720421875 0.363967915625 0.5369833734375 0.3773068359375 0.5356202031249999 0.388859659375 0.533315175 0.40559988750000003 0.5282874625 0.4261475015625 0.5229057921875 0.43508298125 0.516806390625 0.4391637234375 0.5066774578125 0.43440646406249994 0.49813338281249997 0.4317629890625 0.494587640625 0.43257308437499997 0.4868800953125 0.4289726890625 0.4709163 0.42372390312499997 0.456287515625 0.4054829640625 0.4433097234375 0.3849664640625 0.4376340734375 0.37064655625 0.44115653281249995 0.3600747203125 0.44130227343749995 0.3450542265625 0.4407290640625 0.32594594374999997 0.44676476875000004 0.3173763140625 0.44938334375 0.3197323359375 0.45566402031250003 0.31273974843749996 0.461213496875 0.29815851875 0.46722226093749997 0.28126854687499997 0.477261775 0.27762706718749997 0.49397268125 0.27938205156249996 0.505971859375 0.2882150671875 0.5151956906249999 0.303681871875 0.525870890625
3 0.0671365921875 0.344401065625 0.08346077187499999 0.3576801515625 0.10577746875 0.3713376984375 0.11721372968749999 0.37731586250000004 0.1305526515625 0.3759526921875 0.1446041890625 0.37139651875 0.15665352187499998 0.3643675109375 0.16194545625 0.36065030625 0.167990240625 0.36053150624999997 0.181022625 0.36567192187500003 0.1976533421875 0.372447421875 0.20940318750000003 0.3754420203125 0.21962825625 0.37500845625 0.2281194890625 0.373135771875 0.23354208437500001 0.3681754140625 0.24148952656249997 0.36071528124999996 0.24379121874999998 0.353164509375 0.2284691734375 0.3482861953125 0.2170590453125 0.3420594015625 0.200618303125 0.3370635078125 0.18192108437500001 0.3356011046875 0.170073759375 0.3371210484375 0.166306603125 0.3442664171875 0.156513746875 0.34776193437499997 0.1453267734375 0.3465861359375 0.126510928125 0.3390782140625 0.11144315468749999 0.32819357656250003 0.0958909046875 0.314744246875 0.0804975140625 0.3141318453125 0.064306059375 0.3139383171875 0.055893221874999996 0.3150651078125 0.057346653125 0.3227591828125 0.063837746875 0.332742375 0.0671365921875 0.344401065625
3 0.8738009531250001 0.736870440625 0.9119623375 0.7504336921875 0.936737521875 0.7550486859375 0.9358067328124999 0.7423820015625 0.9331159765624999 0.7285248296875 0.9297557515625 0.6995146703125 0.922825396875 0.6829495046875 0.91785203125 0.6728744546875001 0.905610659375 0.6637951453125 0.9029621999999999 0.6710580937499999 0.8974350765624999 0.6770129734375 0.8835664624999999 0.6798287328125 0.8748259421875 0.6768990515625 0.855637196875 0.6693519375 0.8240714328125 0.66477735625 0.8151550359374999 0.6671081078125 0.7985334359375 0.6781813375 0.793543053125 0.686203646875 0.8004140953125001 0.6997460531249999 0.8238947046874999 0.7095039 0.8473562343750001 0.723030396875 0.8738009531250001 0.736870440625
3 0.0549880765625 0.4348768359375 0.06483319531250001 0.43088405781250005 0.0783077609375 0.41746904531249995 0.1008907640625 0.41783159843749995 0.12491309843750001 0.418848184375 0.1324424265625 0.41536613906250003 0.1369222 0.40502776718750005 0.162521578125 0.40897525625000003 0.168507046875 0.4058336984375 0.1720390140625 0.4009260046875 0.1749608265625 0.38388808124999996 0.1756332125 0.37390366875000003 0.1755598 0.3638408703125 0.1631164203125 0.360270625 0.1475019359375 0.3689359359375 0.1368587546875 0.3733475890625 0.1182801625 0.377930703125 0.10567294062499999 0.3723322203125 0.087890346875 0.36216775156250003 0.073993534375 0.35090343281249997 0.066868221875 0.34336734999999996 0.0629874203125 0.3336585109375 0.058289475 0.32813719531249996 0.042340259375 0.3292260125 0.0313503109375 0.333349840625 0.01497593125 0.33489672656249997 0.0055613203125000005 0.4208836765625 0.0359702203125 0.43287797812499995 0.0549880765625 0.4348768359375