3 0.722590746875 0.5579103812499999 0.7214089390625 0.5686603234375001 0.7191632609374999 0.5811948250000001 0.7206397421874999 0.583381734375 0.7242944578125 0.5882573109375 0.7278663390625 0.5985883296875001 0.7313526203125 0.606171509375 0.7319967859375 0.6152576015625 0.73460025625 0.62348218125 0.7385216296875 0.6299624390624999 0.7450563328124999 0.6380284421875 0.747304775 0.633697221875 0.75305645 0.6154682328125001 0.7567407359375 0.6004273046875 0.7578846734375 0.584984025 0.7572756125 0.5723879890625 0.7544279640625 0.5574843390625001 0.7521262578125001 0.5473544953125 0.7486975640625 0.5311869828125 0.7443762015625001 0.5222997031250001 0.740480075 0.5189483375 0.73423728125 0.5156159046875 0.728940415625 0.519464303125 0.7256884546875 0.5251990265625001 0.7242526109375 0.5359087359375 0.7240139671875 0.5456362265625 0.722590746875 0.5579103812499999
3 0.27838043125 0.45239933906249996 0.275712284375 0.4676012078125 0.27355220625 0.482883546875 0.26932474375000004 0.5013539484375 0.26836186562500003 0.515654071875 0.26855831406249997 0.524278640625 0.268998940625 0.5395822781249999 0.2703673390625 0.5440957390625 0.278556815625 0.5450022125 0.2851842078125 0.5409739375 0.292427753125 0.5346995828125001 0.3007099203125 0.5235117796875 0.3081822515625 0.5141487687499999 0.314470009375 0.5073324218749999 0.3192532703125 0.4869969921875 0.3223691359375 0.472256646875 0.328714478125 0.45685596562499997 0.3190358984375 0.45219813750000004 0.310821175 0.44816277187500003 0.2979987171875 0.44691311718750004 0.291635215625 0.44434279062500004 0.28416011874999997 0.44550252031250004 0.27838043125 0.45239933906249996
3 0.42867996406250003 0.35511486875 0.4181142484375 0.374143834375 0.41447769062499995 0.387239265625 0.41403550625 0.4031843015625 0.41673720000000003 0.41572116562500006 0.419474 0.4247480875 0.429371509375 0.4329560953125 0.43764658437500004 0.4366104078125 0.4420732625 0.43496785468750004 0.449878140625 0.4432350328125 0.45681006249999995 0.44550477656250004 0.4674542875 0.444065765625 0.4742528828125 0.4455331671875 0.481451465625 0.4494075921875 0.4893869046875 0.45027383125 0.49652236875 0.44632602656250003 0.5021462453125001 0.44370125781249997 0.50793855625 0.4383688859375 0.5119273734374999 0.429625975 0.5149477796874999 0.418776625 0.51687906875 0.406582940625 0.5179275484375 0.3950306578125 0.5141998562500001 0.3889716890625 0.5085128609375 0.3837742296875 0.4927851671875 0.3762052578125 0.4755206421875 0.3668304296875 0.4682364578125 0.360208165625 0.456646303125 0.35446635 0.445154371875 0.35303681875000004 0.4355010390625 0.35150788125 0.42867996406250003 0.35511486875
3 0.7901841390625 0.48463464062500006 0.7801616 0.5002341328125001 0.7720506328125001 0.5169176140625 0.7796113328125001 0.5185057234375 0.7945840109375 0.5111118734375 0.8034093531250001 0.49649459531250006 0.8131147375 0.4730326390625 0.8193997296875001 0.4580130109375 0.821499453125 0.44311172499999996 0.819394196875 0.44160645 0.812900134375 0.44643706562499996 0.8059358703124999 0.4558805453125 0.798707715625 0.4719226265625 0.7901841390625 0.48463464062500006
3 0.36969609999999997 0.3477257984375 0.36737467968750004 0.3508736265625 0.3625507796875 0.3583124375 0.356990021875 0.3687594359375 0.3521661234375 0.376198246875 0.34760888125 0.3852417390625 0.344877615625 0.3926213796875 0.343756159375 0.402990271875 0.3444733015625 0.41325975625 0.34557504375 0.416168534375 0.35031887500000003 0.42238844531249997 0.3576634109375 0.4286296546875 0.3614865609375 0.4307976296875 0.3707904 0.436177328125 0.376791784375 0.44103396874999995 0.3814373921875 0.4429415953125 0.387413528125 0.4446693453125 0.3926626640625 0.442766446875 0.3973055046875 0.43647079375000003 0.40250414687499997 0.4283101109375 0.4059975171875 0.4210511765625 0.40808738437500003 0.41278872343749995 0.409465640625 0.41066335 0.41062496875 0.40498779531249995 0.408154828125 0.3975655546875 0.404246078125 0.39264974375 0.398870703125 0.3789081875 0.3944637390625 0.3672730703125 0.3915683640625 0.3543149171875 0.38872348125 0.3476145484375 0.3822870046875 0.3438608296875 0.3745578703125 0.3449803234375 0.36969609999999997 0.3477257984375
3 0.338334265625 0.43064617031249997 0.334539128125 0.43981036875 0.3315060984375 0.449095271875 0.328714478125 0.45685596562499997 0.3223691359375 0.472256646875 0.3192532703125 0.4869969921875 0.314470009375 0.5073324218749999 0.31249375625 0.5296748828125 0.3130172171875 0.53952308125 0.31851053125 0.5442992515625 0.3268207109375 0.5444436203125 0.33461019687500004 0.5429430734375 0.3409105796875 0.53769116875 0.3473190421875 0.5301127171875 0.356521890625 0.5229768515625 0.363705084375 0.5170835484375 0.3729584265625 0.5162054656249999 0.3746988015625 0.511793775 0.373946553125 0.505034234375 0.372261 0.49265831093749995 0.36981334062500004 0.48016168124999997 0.3691439265625 0.4679466984375 0.3664871953125 0.44526105625 0.362965809375 0.44118782031250003 0.356370753125 0.43350286875000005 0.3510107703125 0.42952903750000004 0.3457111390625 0.42517415625000005 0.341319565625 0.4233067640625 0.338334265625 0.43064617031249997
3 0.24045467187499997 0.476469578125 0.2429626828125 0.4885851546875 0.2514791703125 0.49071525625 0.2607143578125 0.4718661671875 0.2700505359375 0.46553264062500005 0.27622744374999997 0.4528395625 0.28223591875 0.44285408750000005 0.2718078578125 0.43964 0.2615608546875 0.435282753125 0.2546190734375 0.43965184375 0.2485376234375 0.4484539265625 0.24215440781250003 0.4591612703125 0.24045467187499997 0.476469578125
3 0.781371071875 0.571516996875 0.781133984375 0.5499958109375 0.7770161625 0.5348909843749999 0.7749081375 0.5251824296875001 0.7674077921875 0.52321326875 0.7668646171875 0.5266427421875 0.7618568921875 0.52702143125 0.7562554968749999 0.524571809375 0.7528197125 0.5232464125 0.7561529484375 0.543304921875 0.760368996875 0.5627220328125 0.7662650640625001 0.5781085046875 0.7729962140625 0.5947990765625 0.7779885484375 0.5846526609375 0.781371071875 0.571516996875
3 0.6613615546875 0.49235517812499996 0.658735603125 0.48920498749999997 0.656401559375 0.4907883703125 0.654042265625 0.489242859375 0.6508001640625001 0.48833874843749997 0.643191734375 0.48869613906250003 0.636672425 0.49039786249999995 0.634023990625 0.4923220609375 0.6300099265625 0.49793607968750003 0.6261418140624999 0.505916884375 0.6244996640625 0.514640859375 0.622181009375 0.5259919671875 0.62017674375 0.5370022578125 0.6182931828125 0.5472504421875 0.616965421875 0.5556336 0.61921663125 0.559505659375 0.6213723843750001 0.5672687171875 0.6238425249999999 0.5746909578125 0.6277035468750001 0.5815522671875 0.6302466640625 0.5901579 0.6340122265625 0.60091020625 0.638635353125 0.6078922234374999 0.64505920625 0.6100814953125 0.649606590625 0.6076768390625 0.6572726046875 0.598735115625 0.6627351375 0.5839758328125 0.66735273125 0.5745512875000001 0.672236984375 0.5667314250000001 0.675670003125 0.5598535421874999 0.677820221875 0.5512100375 0.6793290421875 0.5416837234375 0.6812252265625001 0.5329999828124999 0.681235084375 0.5263611484374999 0.681063884375 0.5208654703125 0.679997246875 0.514446746875 0.678035178125 0.5071049796875 0.6757713421875 0.501668471875 0.6736534625 0.4985987515625 0.6716689109375 0.49633137187500004 0.6680394421875 0.4945846859375 0.6613615546875 0.49235517812499996
3 0.7264974296875 0.41322164375000003 0.7225689640625 0.4215835015625 0.7178054171875 0.4286412609375 0.712073459375 0.43359257968750003 0.7070306296875 0.4374812125 0.7016607875 0.44014621875 0.7019554609374999 0.4530830703125 0.7017546875 0.4675038984375 0.7011539265625 0.4795177046875 0.702801609375 0.487200290625 0.7049447375 0.493398903125 0.70825981875 0.49548640625000007 0.7140773765625 0.49328292500000004 0.7183959734375 0.4939669234375 0.7223650765625 0.49850168281249996 0.7240506296875 0.5108776046875 0.725746040625 0.5166146953124999 0.728940415625 0.519464303125 0.73272569375 0.5169389390625 0.73618119375 0.50498666875 0.7400465390625001 0.48880258281250005 0.7428129109375 0.47791299687500005 0.7468719390625 0.46215020000000007 0.75223348125 0.434875353125 0.7498966703125001 0.4282554546875 0.7473661765624999 0.4212142671875 0.7440862015625 0.41561681874999995 0.7399963921875 0.411844165625 0.7323149890625 0.4110181609375 0.7264974296875 0.41322164375000003
3 0.536389275 0.4034232703125 0.53385445625 0.419427478125 0.5327231453125 0.4364352046875 0.5330781703125 0.4489910046875 0.5377265437500001 0.45910191093749997 0.5426388125 0.46261421875000003 0.5524858265625 0.46456444531249996 0.5598528421875 0.465731265625 0.56643250625 0.4636484890625 0.5710177609375 0.46593717031250004 0.5789784484375 0.46993229999999997 0.58546265625 0.47174052031249997 0.591073909375 0.46755130468750006 0.5960086578125 0.46598922343750004 0.6010893578125 0.46679392656249996 0.6062304125 0.467217578125 0.6124227109375 0.46429222656249997 0.6194500921875 0.46267097343749997 0.6257027453124999 0.45936456875 0.630707703125 0.4507826 0.6348172265625001 0.44127758437500003 0.6364368953125 0.43762799843750005 0.6392888671875 0.4294862515625 0.63994998125 0.41709139375 0.637067228125 0.4056976875 0.6335809484375 0.39811450625 0.625861671875 0.3925951671875 0.615675021875 0.3878568671875 0.604351525 0.3837197328125 0.5906210078125 0.3799825859375 0.5838476609375001 0.3816440734375 0.5707837921875 0.3819186296875 0.5578658734374999 0.384559971875 0.5486377765625 0.38856694531249997 0.5404987984375 0.3939182546875 0.536389275 0.4034232703125
3 0.6895613546875 0.3948719734375 0.6863796046874999 0.3935868109375 0.6832483484375 0.39855943125 0.67425180625 0.40768103125 0.6660650968749999 0.41497783750000006 0.6594755765625 0.42369944843749996 0.6524383375 0.43195953593749997 0.64665865 0.4388563546875 0.6431049265625 0.4464963421875 0.6445841734375 0.45688653281249997 0.645412165625 0.47303274687499997 0.646986871875 0.479531940625 0.651645103125 0.4830040125 0.658735603125 0.48920498749999997 0.6613615546875 0.49235517812499996 0.6680394421875 0.4945846859375 0.6716689109375 0.49633137187500004 0.6750794484375 0.4945278796875 0.68153840625 0.49320720781249994 0.6888801765625 0.4912451390625 0.6934401828125 0.490404925 0.697781259375 0.4860145359375 0.7011539265625 0.4795177046875 0.7017546875 0.4675038984375 0.7019554609374999 0.4530830703125 0.7016607875 0.44014621875 0.7007499625 0.4294554453125 0.6993310671875 0.41868420312500004 0.6959402453125 0.4072100265625 0.6930953625 0.40050965625 0.6895613546875 0.3948719734375
3 0.2647472796875 0.34282188593749996 0.26148269375 0.3469921640625 0.25826860625000003 0.357420225 0.2560103046875 0.36839028125 0.2547555203125 0.3779568296875 0.255291603125 0.3893694734375 0.2577392625 0.40186610156249997 0.2589518515625 0.41065161093749997 0.260141959375 0.424511509375 0.263701215625 0.4332780828125 0.2711285859375 0.4340638515625 0.27822894374999996 0.43362599218750003 0.2844815953125 0.4303195875 0.2883623328125 0.42390322812500003 0.2918206 0.4201542359375 0.29652656093749996 0.4216808109375 0.2965588984375 0.4099675859375 0.29754702499999997 0.3987963546875 0.29467689531249996 0.38896709375 0.28834850156249997 0.38288682500000004 0.28269660937499996 0.374179421875 0.2784103515625 0.3617822 0.2727458375 0.3515103515625 0.26640481875 0.34386563593749997 0.2647472796875 0.34282188593749996
3 0.5405319953125 0.492357621875 0.5367368609375001 0.5015218203125 0.5318778562500001 0.512470575 0.5280349921874999 0.523580271875 0.5257766890625 0.5345503265625 0.5255731499999999 0.540767875 0.5268109859375001 0.552682275 0.5261246234375 0.5619482421875001 0.52741295625 0.5801204265625 0.5261735625 0.5994547031249999 0.5250296249999999 0.6148979828125001 0.5232695359374999 0.6325873421875 0.5250757968750001 0.6442011609375 0.5326266390625001 0.6524281046875 0.5408161125000001 0.6533345781250001 0.546404884375 0.654219753125 0.5538294875 0.6468022390625 0.561832371875 0.6324453109375 0.56832366875 0.619411415625 0.5770129140625 0.5957885171874999 0.583431234375 0.58157123125 0.5893667328125 0.5704023625 0.59464820625 0.5567862390625 0.5986721296875 0.544533384375 0.601619559375 0.5325006421875 0.6045192609375001 0.5224133984375 0.6047579062499999 0.51268590625 0.60338950625 0.508172446875 0.5986582968749999 0.50351698125 0.5938190062500001 0.5011880671875 0.5879762000000001 0.5002626578125 0.5847467203125001 0.5009229921875 0.581771278125 0.5016235625000001 0.5801011125 0.49901536562500004 0.5777769265625 0.4939599125 0.5747636109375 0.48996714687500004 0.57304571875 0.489304446875 0.5681587 0.48892103125 0.562341140625 0.4911245125 0.5590864140625 0.48865595624999997 0.5577432609375 0.4872713875 0.55291659375 0.48650691874999996 0.5493601046875 0.4859436265625 0.5441235921875001 0.48941097187500004 0.5405319953125 0.492357621875
3 0.6823817875 0.5191211484375 0.681235084375 0.5263611484374999 0.6812252265625001 0.5329999828124999 0.6793290421875 0.5416837234375 0.677820221875 0.5512100375 0.675670003125 0.5598535421874999 0.6758285796875 0.5637847734375 0.6808994234375 0.5712283125 0.684941503125 0.5769464656250001 0.6879800671875 0.5840681234375 0.6925077359375 0.5949411359375001 0.69478419375 0.6019420875 0.6969273234375 0.6081406984375 0.7009820265625 0.615423296875 0.7042971062500001 0.6175107984375 0.7086508078125 0.6146848546875 0.7126648734375001 0.609070834375 0.714948421875 0.601229671875 0.7175084890625001 0.588354353125 0.7191632609374999 0.5811948250000001 0.7214089390625 0.5686603234375001 0.722590746875 0.5579103812499999 0.7240139671875 0.5456362265625 0.7242526109375 0.5359087359375 0.7256884546875 0.5251990265625001 0.728940415625 0.519464303125 0.725746040625 0.5166146953124999 0.7240506296875 0.5108776046875 0.7223650765625 0.49850168281249996 0.7183959734375 0.4939669234375 0.7140773765625 0.49328292500000004 0.70825981875 0.49548640625000007 0.705732090625 0.49664849999999994 0.7029503296875 0.4977703578125 0.6997334734375 0.49999513906250004 0.6946302906249999 0.504264825 0.6907972828125 0.5087356859375001 0.685452690625 0.5145295812499999 0.6823817875 0.5191211484375
3 0.4747242890625 0.480372259375 0.47103446875 0.4790066265625 0.4695706125 0.4783841625 0.46701763593749995 0.47641736406249996 0.46612220156250006 0.47549431875000003 0.46301342968750003 0.4753925484375 0.459602890625 0.4771960421875 0.4562049765625 0.4805639796875 0.45216566562500005 0.4830491078125 0.448405634375 0.4887033625 0.44711297656250004 0.4935765765625 0.44493751093749995 0.499091190625 0.44463851249999997 0.5091997328125 0.4448953140625 0.5174432484375 0.4450819046875 0.532706653125 0.4438523671875 0.54540209375 0.444909146875 0.5584596515625 0.4456866421875 0.5683480828125 0.44766410156249997 0.585457578125 0.44948298593749997 0.5986358421875 0.4504667875 0.6105100078125 0.45229829375 0.6252527171875 0.4567151140625 0.630249 0.464240709375 0.6353470515625 0.47259861875000003 0.6335459234374999 0.47883864843749996 0.6286750734375001 0.4846660640625 0.6198327578125 0.491896984375 0.61199395625 0.49450477812500004 0.597173140625 0.49719817343750006 0.5851001625000001 0.5030453046875001 0.5629801765625 0.5067071109375 0.5530136375 0.510743659375 0.542325228125 0.514564040625 0.536289921875 0.5161710859374999 0.531075890625 0.517521328125 0.5176183437499999 0.518122090625 0.5056045375 0.5182751359375 0.49312920781249997 0.5166274515625 0.48544662031249997 0.5146176515625001 0.48005034999999996 0.5104071375 0.4770398 0.5059678359374999 0.477117909375 0.501649240625 0.47643391093750004 0.497368515625 0.48044324843749997 0.4947425640625 0.4772930578125 0.49065275625 0.47352040312500004 0.486080125 0.4727961703125 0.48184712812499997 0.47486000937500006 0.47825553281250005 0.4778066609375 0.4747242890625 0.480372259375
3 0.318202725 0.3489447265625 0.30934936875 0.35222983124999996 0.30575777187500003 0.3551764828125 0.2994826390625 0.363557275 0.2983008296875 0.37430721875 0.29840182187500003 0.38682278281250004 0.29754702499999997 0.3987963546875 0.2965588984375 0.4099675859375 0.29652656093749996 0.4216808109375 0.29643386875 0.4337750890625 0.298710328125 0.44077603906249996 0.30304154687499996 0.44302448437499997 0.30934469375 0.4459758625 0.3168324171875 0.44638057656249996 0.3208240015625 0.4458409484375 0.32284365937500004 0.44459838281249997 0.32737841875 0.44062927968750004 0.3311988015625 0.434593975 0.335139890625 0.42779656250000003 0.33952869531249996 0.42146067187499997 0.34215188125 0.4164075828125 0.3444733015625 0.41325975625 0.343756159375 0.402990271875 0.344877615625 0.3926213796875 0.34760888125 0.3852417390625 0.3464467890625 0.38271401250000003 0.34112190781249996 0.3752302375 0.337394215625 0.36917126875 0.33568618125 0.36186973437500003 0.32912623281250003 0.35067483906249997 0.3244076484375 0.3475838203125 0.318202725 0.3489447265625
3 0.76511196875 0.4587893515625 0.7595259624999999 0.46610745781249996 0.7515203140625 0.4722611078125 0.7465981890625 0.475387634375 0.7442515203125 0.4754065703125 0.7374387453125 0.5036233984375 0.741963646875 0.5062931296875 0.7457994218749999 0.51002555 0.7510765703125 0.5194548218749999 0.7562554968749999 0.524571809375 0.7618568921875 0.52702143125 0.7668646171875 0.5266427421875 0.77125065625 0.5121035703125 0.776831128125 0.4883789046875 0.792542221875 0.44672819218750004 0.7922124453125 0.43730128281249997 0.7907233406249999 0.433549928125 0.785039109375 0.43655575 0.7780369765625 0.44130589374999996 0.7717618421875 0.4496866875 0.76511196875 0.4587893515625