3 0.32834766875 0.5705836609375 0.3236721953125 0.5725071296875 0.319104690625 0.580437965625 0.3129662390625 0.60116315 0.30790249531249997 0.6200222546874999 0.3038067328125 0.6464928484375 0.3016521296875 0.6692057140625 0.30002844375 0.6944813140625 0.29873385468749997 0.718798303125 0.29815788125 0.7407059828125 0.2979984203125 0.7626648031250001 0.2979070640625 0.79612069375 0.29837880625 0.8146604546875 0.29950230625 0.8347787656250001 0.301686396875 0.8445376109374999 0.3062821390625 0.8535935515625 0.31407625625 0.8710343484375 0.318692553125 0.8850879031250001 0.3227432609375 0.8830877234375001 0.3294061921875 0.8684210453125001 0.33339523125000003 0.8514280218750001 0.3477893671875 0.8237243624999999 0.362102525 0.7915151781249999 0.36969876562500004 0.7709689890625 0.3757639234375 0.75772744375 0.3774222859375 0.7459428453125 0.3791873703125 0.72468068125 0.379884184375 0.7017888203125 0.3813536015625 0.6794913328125001 0.3831456765625 0.659731009375 0.385535528125 0.63854555625 0.387650265625 0.62132239375 0.388609321875 0.6014597875 0.38762078125 0.588850684375 0.38450982031250003 0.581475578125 0.3813384375 0.5745925640625 0.3750033578125 0.5728156953125 0.360721134375 0.5720610765624999 0.3497710015625 0.5717155890625001 0.34010383125 0.569529590625 0.32834766875 0.5705836609375
3 0.8904131015625 0.5192149296874999 0.886094965625 0.5371665640625001 0.8825699874999999 0.5607101875 0.8792597000000001 0.5807836078124999 0.8777902843750001 0.6030810953125 0.8803304625000001 0.613383171875 0.8845096953124999 0.6223879703125 0.8897366390625001 0.62802485 0.8967440359375001 0.6363778859375 0.9034416437499999 0.6352022140625 0.91278490625 0.6193661125000001 0.91856726875 0.5980976984375 0.9237043078125 0.5717549562500001 0.92830399375 0.5463452531249999 0.933675034375 0.506044990625 0.9369107812499999 0.477970271875 0.940475625 0.44893694375 0.9424219734375001 0.4261985078125 0.9422394640625 0.41218984374999995 0.9377851187499999 0.4071473359375 0.930321346875 0.40423286562499994 0.9218638453124999 0.40768999531250005 0.9133999062499999 0.41464290000000004 0.9107336953124999 0.4243057125 0.907719078125 0.44541445468749996 0.8999621281250001 0.4724345296875 0.8941733296875001 0.4971987171875 0.8904131015625 0.5192149296874999
3 0.8591402078125 1 0.8661989968749999 0.9832828062500001 0.8748018421875001 0.949373465625 0.882002128125 0.9337737515625 0.883136009375 0.9159306453125 0.8870299515625 0.8859387078125 0.8895599531249999 0.8532817546875 0.887414484375 0.82254826875 0.8861637046874999 0.8069099109375 0.8821786093749999 0.78943729375 0.8756880109375 0.7751536031249999 0.8693927953125 0.7678870296875 0.8629163156249999 0.762096728125 0.8541953265625001 0.7470396703125 0.8458985312499999 0.744022915625 0.8405648625 0.7478636062499999 0.8400223203125 0.767777353125 0.8385194765625 0.792068771875 0.8348067968749999 0.8205844390625 0.830348509375 0.850007575 0.8253927328125 0.8748740453125 0.8199934531249999 0.898187534375 0.8208007296875 0.9122729093749999 0.828500996875 0.9321997281250001 0.8302903765625 0.96238998125 0.8288415171875 0.9896850828125 0.83043019375 1 0.8591402078125 1
3 0.07901921875 0.6298816125 0.068098571875 0.662007834375 0.061155334375 0.6996175124999999 0.05799412968749999 0.7356935265625 0.06371856249999999 0.745887071875 0.076710140625 0.7364930375000001 0.09260317500000001 0.7189636015625 0.1045599125 0.705945940625 0.1130302859375 0.6954972640625 0.12138625781250001 0.68253699375 0.1369670109375 0.6245089796875 0.1587838078125 0.5897245640625 0.15614334218749998 0.58540428125 0.1397978734375 0.5739066390625001 0.1241593953125 0.5824761656249999 0.11354479531249999 0.57767629375 0.10614912812499999 0.5862588921875 0.09180129375 0.6049770718749999 0.07901921875 0.6298816125
3 0.21475304843749998 0.12356161875 0.21026527499999997 0.12051304375 0.20550238906249998 0.1214267625 0.20114314218749998 0.12938316875 0.1945007640625 0.1490474578125 0.1896388375 0.1714279078125 0.1850790171875 0.19134790468750001 0.18168775312500002 0.20691580156249997 0.1765160390625 0.219767540625 0.17581154062499998 0.23067023749999999 0.1751147265625 0.253562096875 0.172584725 0.286219053125 0.16865735312500002 0.318204921875 0.166831846875 0.33995917656249997 0.1633685359375 0.3784956453125 0.161994215625 0.4137920453125 0.1575294921875 0.4467109546875 0.1613192046875 0.45716645468749995 0.1673727359375 0.4664013890625 0.17915589062499998 0.46684916093749995 0.1929470609375 0.459551340625 0.2031169109375 0.44731329531249997 0.2104316015625 0.434225171875 0.213975890625 0.400194228125 0.215471053125 0.36391364843749996 0.22176252812500002 0.32472541875 0.22844352343750002 0.2840864875 0.2373125515625 0.21874075781250002 0.23205093125 0.19961287656249999 0.2250834 0.1857701359375 0.222616515625 0.1679844203125 0.21966626250000001 0.1541354296875 0.2175619046875 0.13339717499999998 0.21475304843749998 0.12356161875
3 0.5502461656250001 0.249172028125 0.5403925421875 0.2674430109375 0.5312510984375 0.2868004546875 0.5274497609375 0.2988214359375 0.525147321875 0.3210166421875 0.5236907796875 0.33632258125000003 0.5185408671875 0.36965686875000003 0.516950609375 0.39293853749999996 0.5134461859375 0.42147977656249996 0.5099417625 0.45002101406249995 0.50633580625 0.4690591125 0.5016229609375 0.50744215625 0.49882428125 0.5405656296875 0.500793678125 0.5537946781249999 0.5071158859375 0.5625630921875 0.5142569984375001 0.5629404015625 0.5301718359375001 0.5658935171875 0.54212981875 0.568360790625 0.552475740625 0.5736271828125 0.5678930906249999 0.57202363125 0.58119445625 0.57215830625 0.593931475 0.5717241796875 0.6053919703124999 0.5696347875 0.611679503125 0.5649122 0.61845040625 0.5562528890625 0.623863803125 0.5414327906249999 0.63096255625 0.5163299343750001 0.6350043328125 0.4868556578125 0.6391052859374999 0.4414043546875 0.6421122203125 0.4083064515625 0.6452798625 0.3687346625 0.6475951734375001 0.33954791093750003 0.64800275625 0.3121249546875 0.6483229234375 0.28369225 0.6487035125 0.25476745312500004 0.648910521875 0.23930808906249998 0.6461145390625 0.22248098593750001 0.63491379375 0.1966297609375 0.6234391796875001 0.190225765625 0.6095001734375 0.197005925 0.5925851703125 0.2039201875 0.5790562390625 0.21424726249999998 0.56262585 0.23270973593750002 0.5502461656250001 0.249172028125
3 0.79881615625 0.6987807078125 0.7910708328125 0.7033243015624999 0.7900243640625 0.7221771578125 0.788111446875 0.7429216624999999 0.7860043921875 0.772133984375 0.7856032468749999 0.7960611656250001 0.7837173187500001 0.8183075125 0.7825371359375 0.8451360953125 0.783808471875 0.8657720671875 0.7875248906250001 0.8837112046875 0.7935321203125 0.9019316187499999 0.799316975 0.911633071875 0.8064452125000001 0.9190019265625 0.8127327453125 0.9142793390625 0.8186976187499999 0.9070195875 0.8199934531249999 0.898187534375 0.8253927328125 0.8748740453125 0.830348509375 0.850007575 0.8348067968749999 0.8205844390625 0.8385194765625 0.792068771875 0.8400223203125 0.767777353125 0.8405648625 0.7478636062499999 0.8386365781249999 0.7446297875 0.8375465046875 0.7225175421875 0.8367392296875 0.7084321671875 0.8319622234375 0.7008524984375 0.8228388421874999 0.6942376875 0.8151333859375001 0.6932915765625001 0.79881615625 0.6987807078125
3 0.6838451546875 0.59525191875 0.6732382375 0.60244120625 0.667340225 0.6057130953125001 0.6516078953125 0.6167686453125001 0.6405510390625 0.6259007234375 0.641425171875 0.6359982359374999 0.6406538187499999 0.650888796875 0.637209815625 0.6789379453125 0.6337516937500001 0.6984937046875 0.6303745484375 0.7225549890625 0.6248081265625001 0.755838134375 0.623331028125 0.7661464609374999 0.6239377328125 0.792195428125 0.631626371875 0.834598728125 0.6407111343749999 0.862188178125 0.65141439375 0.8834827375 0.6629969765625 0.8958940984374999 0.6776892734375 0.9001956312500001 0.689215378125 0.878633440625 0.6974762515624999 0.8526742578125001 0.7062128109375 0.8107891921875 0.7117997890625001 0.782503659375 0.7137473828124999 0.7752501578125 0.7165807375 0.7556176859375 0.7205351015625 0.7251336578124999 0.7240729531250001 0.6945984875 0.725811046875 0.67183448125 0.72578924375 0.65135193125 0.7224559078125 0.6354578671875 0.7182291281250001 0.6199536125 0.714049896875 0.6109488125 0.7063303203125 0.6015093125 0.6989398421875 0.5911112046875 0.6957285953125 0.5897178953125 0.6838451546875 0.59525191875
3 0.147915896875 0.6093695343750001 0.1379144390625 0.6271228546875001 0.1290763484375 0.6595047828125 0.121165128125 0.6895029687500001 0.11466414843749999 0.71318069375 0.10892933593750001 0.740948565625 0.10555219062500001 0.7650098515625 0.110228909375 0.778571315625 0.11737645781249999 0.7754528515625 0.12942060625000001 0.763444940625 0.138455328125 0.7535650656249999 0.14930392812499999 0.7444074140625 0.15546418281250002 0.7441647828125 0.1605138078125 0.7168122890624999 0.166456878125 0.6890699875 0.17814244375 0.645548978125 0.18873399375 0.614381365625 0.19833949687500002 0.60157451875 0.19444949843749998 0.5971008140625 0.190297259375 0.5895978562499999 0.1824234125 0.58313646875 0.176444421875 0.5819028328125 0.16524616718750001 0.5870214781249999 0.1574609796875 0.597054778125 0.147915896875 0.6093695343750001
3 0.7515859453125 0.653020840625 0.7401588796875 0.6531163015625 0.7297461000000001 0.651837771875 0.72578924375 0.65135193125 0.725811046875 0.67183448125 0.7240729531250001 0.6945984875 0.7205351015625 0.7251336578124999 0.7165807375 0.7556176859375 0.7137473828124999 0.7752501578125 0.7121635609375 0.7950360515625 0.717196371875 0.8091407484375001 0.72253896875 0.83277415625 0.728802003125 0.8575195953125 0.7319617578125001 0.8868790921875 0.737600025 0.9115478187500001 0.7432974671875 0.9202395234375 0.7518089531250001 0.919786075 0.76174355625 0.9060206171875 0.77044793125 0.8816144171875001 0.777082625 0.8499609640625 0.7830719968750001 0.8132331859375 0.7846082703125 0.7869478359375 0.7856663640625 0.7456184984374999 0.7880022296875 0.7214293625 0.7859518578125 0.7036947890625 0.7853052875000001 0.683135528125 0.7808432609375 0.6661038609375 0.7739836984374999 0.6582684859375 0.7689920015625 0.6541590171875 0.759680921875 0.6525162515625 0.7515859453125 0.653020840625
3 0.3744335953125 0.1711404328125 0.363362621875 0.171779125 0.35334060625 0.18453482968749998 0.3425472375 0.21218109843750002 0.33665690625 0.227442146875 0.32992067812500003 0.24959246093749998 0.3263147234375 0.268630559375 0.3187390390625 0.29417436406249997 0.3119153984375 0.31531492656250004 0.3034205234375 0.35523163125 0.2945631234375 0.398100878125 0.28651175 0.4395705671875 0.2833492984375 0.46016164687499994 0.2860784234375 0.48097661406250003 0.28985526250000004 0.4984236609375 0.294652825 0.5110009453125001 0.30198931875 0.518395371875 0.3111525640625 0.5195204765625 0.31668161562499997 0.5226969046875001 0.3232249515625 0.52449934375 0.33652631875 0.52463401875 0.3498546765625 0.5262705359375001 0.362772959375 0.5243601375 0.3702830328125 0.51828913125 0.37565656718749996 0.5089587375 0.3784295015625 0.48981835625 0.3810803453125 0.456177221875 0.386230259375 0.4228429328125 0.393119509375 0.382229571875 0.396409240625 0.35715853750000004 0.40092795 0.32724331093750003 0.406514928125 0.298957778125 0.40915290000000004 0.272308190625 0.400788003125 0.2577943640625 0.394001734375 0.2424753515625 0.39145387343750004 0.2201841140625 0.386850446875 0.1991390125 0.38037272187500004 0.177863775 0.3744335953125 0.1711404328125
3 0.4334328421875 0.20885468437500002 0.4246140609375 0.230749290625 0.4158762546875 0.25714942343749997 0.40915290000000004 0.272308190625 0.406514928125 0.298957778125 0.40092795 0.32724331093750003 0.396409240625 0.35715853750000004 0.393119509375 0.382229571875 0.386230259375 0.4228429328125 0.3810803453125 0.456177221875 0.3784295015625 0.48981835625 0.37565656718749996 0.5089587375 0.379319 0.523894190625 0.38580959843749996 0.53817788125 0.3933877765625 0.543603946875 0.40713264687499995 0.5452916046875 0.41611462968749996 0.5478929796875 0.42684363281250004 0.5552044453125 0.436215134375 0.5563551203125 0.44916041093750003 0.5559465640625 0.46391956562500003 0.5562602328125 0.47391583437499996 0.5574876203125 0.48185653906250003 0.5599611437500001 0.48920590625000004 0.5603640234375 0.493383890625 0.5538838875 0.4973999203125 0.5383927046875 0.5016229609375 0.50744215625 0.50633580625 0.4690591125 0.5099417625 0.45002101406249995 0.5134461859375 0.42147977656249996 0.516950609375 0.39293853749999996 0.5185408671875 0.36965686875000003 0.5236907796875 0.33632258125000003 0.525147321875 0.3210166421875 0.5274497609375 0.2988214359375 0.5283818234375001 0.27745698750000003 0.5262774640625001 0.2567187328125 0.521775571875 0.2451767703125 0.5171592734375 0.2311232140625 0.5164265375 0.22503913749999999 0.5014900625000001 0.19173609687499998 0.49413945000000004 0.1758482828125 0.4814358578125 0.1742884765625 0.46497723124999996 0.175764175 0.45508893125 0.1805441546875 0.4436759859375 0.18913300156249999 0.4334328421875 0.20885468437500002
3 0.1633685359375 0.3784956453125 0.166831846875 0.33995917656249997 0.16865735312500002 0.318204921875 0.172584725 0.286219053125 0.1751147265625 0.253562096875 0.17581154062499998 0.23067023749999999 0.1765160390625 0.219767540625 0.17302843125 0.20685158750000002 0.16697489999999998 0.197616653125 0.162077053125 0.1910211640625 0.15300122031250002 0.19090580937499999 0.1492140015625 0.21142017968750001 0.14042989374999998 0.246805790625 0.1338221921875 0.279961084375 0.1292906109375 0.31686785781250004 0.12409439687499998 0.359187625 0.12235755 0.39743656562499996 0.1221800265625 0.44536764062499995 0.124155859375 0.45510091406250003 0.1303096765625 0.45835405468749996 0.142475915625 0.46084689843750004 0.1529015671875 0.45513388125 0.1575294921875 0.4467109546875 0.161994215625 0.4137920453125 0.1633685359375 0.3784956453125
3 0.1492140015625 0.21142017968750001 0.15300122031250002 0.19090580937499999 0.1501576890625 0.16757925 0.14192131562500002 0.1640704046875 0.1302062640625 0.1751197046875 0.114751540625 0.21318282968750002 0.10464460625000001 0.2558986546875 0.0952961546875 0.2907154625 0.085073565625 0.3154347609375 0.076720090625 0.3593649 0.0753457703125 0.39466129843750003 0.0742260078125 0.4209977921875 0.0749934203125 0.440572871875 0.078083825 0.44295036249999997 0.0874887546875 0.44210710625000005 0.0936232640625 0.45584756562499995 0.099260284375 0.4650313578125 0.1079131703125 0.4685913453125 0.11845966562500002 0.461894146875 0.1221800265625 0.44536764062499995 0.12235755 0.39743656562499996 0.12409439687499998 0.359187625 0.1292906109375 0.31686785781250004 0.1338221921875 0.279961084375 0.14042989374999998 0.246805790625 0.1492140015625 0.21142017968750001
3 0.8226135453125 0.31558213749999997 0.8227150765625 0.325085278125 0.8233410921875001 0.34064692343749997 0.8206221421875 0.3627909875 0.8187426515625 0.381541559375 0.8163129359375001 0.40821671875 0.8128213859375 0.4297664109375 0.8095650828125001 0.4528435125 0.8072022234375 0.47553080937500003 0.803160446875 0.5050050859375 0.7998501578125 0.5250785062500001 0.7952234796875 0.5489863671874999 0.7940150578125 0.5588281734375 0.7959908921875 0.5685614484375 0.8005532046875 0.5796113203125 0.8064254734375 0.5903225265625001 0.8138223890624999 0.5972248625 0.8189079359375 0.5988483078125 0.8271571828125 0.5953656046875 0.83339716875 0.5841435609375 0.8385881921875 0.560804503125 0.8464313078125001 0.51930924375 0.855786196875 0.48099666250000006 0.8615749953125 0.4562324734375 0.8660538390625 0.4318069515625 0.8696597953125 0.41276885312499995 0.8737221281249999 0.388292190625 0.873746628125 0.3588241640625 0.8724482984374999 0.3366863484375 0.8750503500000001 0.28106082187500003 0.8669489374999999 0.285061184375 0.8577458265625 0.2894257859375 0.8503565953125 0.2945126109375 0.840757528125 0.303823684375 0.82934458125 0.3124125328125 0.8226135453125 0.31558213749999997
3 0.432972953125 0.5879256125000001 0.42110238437499997 0.5864680890625 0.41277215937499995 0.5854452671875 0.406343228125 0.5861544203125 0.4015803421875 0.5870681390625 0.3962736671875 0.5924106703125 0.39278086874999996 0.5984754265625 0.38942947031249997 0.6085536171875 0.387650265625 0.62132239375 0.385535528125 0.63854555625 0.3831456765625 0.659731009375 0.3813536015625 0.6794913328125001 0.379884184375 0.7017888203125 0.3791873703125 0.72468068125 0.3774222859375 0.7459428453125 0.3763899359375 0.7732890890624999 0.377942821875 0.7864669953125001 0.382177284375 0.8139604125 0.38299868125000003 0.8365391765625001 0.387454271875 0.85706661875 0.39197671875 0.8736061968750001 0.398305365625 0.8788788375 0.404673875 0.8786617734375 0.4178531515625 0.8642956937499999 0.42713599375 0.848951684375 0.4367338140625 0.8241556765625001 0.44508210000000004 0.7992062453125001 0.454089828125 0.787824528125 0.4584812578125 0.7623892546875 0.46350264531249996 0.7180499859375 0.4692156578125 0.6697995640625 0.47387327187499995 0.612927903125 0.471172384375 0.6090997140625001 0.47011698749999997 0.600478471875 0.46446709531249997 0.5982862250000001 0.45801760781249995 0.5939977640625 0.449599971875 0.5919651906250001 0.44067840937499997 0.5888717234375 0.432972953125 0.5879256125000001
3 0.4793805203125 0.59562178125 0.47477315156250005 0.609042321875 0.471933359375 0.632170565625 0.4692156578125 0.6697995640625 0.4644359546875 0.7121704734375001 0.46127474843750005 0.7482464890625 0.45879104687499994 0.7719179640625 0.4597332859375 0.7935125484375 0.46594233437500004 0.8152543046874999 0.4760490640625 0.8534589265625 0.484588790625 0.86999225625 0.49404770625000005 0.8721526828125 0.5080934328125 0.8558949531250001 0.5178120953125 0.8301147640625001 0.53129866875 0.7943075265624999 0.5339918734375 0.7861465562500001 0.54048516875 0.7504796703125 0.5446683421875 0.7250188265624999 0.5485288546875 0.6970208203125 0.5505227515625 0.6807818390625 0.5552432796875 0.65438795625 0.5582977625 0.627789509375 0.5590356890625 0.614892878125 0.5586320515625001 0.607850190625 0.5553796921874999 0.5964616515625 0.547795078125 0.594531359375 0.53863183125 0.5934062546875001 0.5243226171875001 0.5911497953125 0.51269373125 0.5877239125 0.500789734375 0.5882603203125 0.48998743593749994 0.5884324921874999 0.4793805203125 0.59562178125
3 0.592670315625 0.5940472375 0.5834736406250001 0.5949160640625 0.5756139124999999 0.596948065625 0.5704885 0.6008143265625 0.563025975 0.6133847890624999 0.5582977625 0.627789509375 0.5552432796875 0.65438795625 0.5505227515625 0.6807818390625 0.5485288546875 0.6970208203125 0.5446683421875 0.7250188265624999 0.54048516875 0.7504796703125 0.5402987140625 0.7709366484375 0.5402254203125 0.7784202859375 0.5454189375 0.7860510953125 0.547194196875 0.8077479609375 0.5537811390625 0.8505154984375001 0.560440128125 0.870314465625 0.5737286218750001 0.8774406859375 0.5823069640625 0.872999375 0.592645203125 0.8662766046874999 0.6047420921875 0.84178744375 0.611901265625 0.8161924984375 0.618744215625 0.7845646171875 0.623331028125 0.7661464609374999 0.6248081265625001 0.755838134375 0.6303745484375 0.7225549890625 0.6337516937500001 0.6984937046875 0.637209815625 0.6789379453125 0.6406538187499999 0.650888796875 0.641425171875 0.6359982359374999 0.6405510390625 0.6259007234375 0.636902725 0.6194586578125 0.6367137796875 0.6089457687500001 0.6325075546875001 0.5984391265625 0.6260850609374999 0.59565250625 0.616203196875 0.5969367125 0.6037078625000001 0.595402478125 0.592670315625 0.5940472375
3 0.75451915625 0.288239853125 0.7497703890625 0.2976469578125 0.741864359375 0.3086644390625 0.7341395937499999 0.31820564687499997 0.732708796875 0.3195284953125 0.732245984375 0.32846283125000003 0.7317304328125 0.3498784203125 0.731828021875 0.393847203125 0.729727403125 0.419563753125 0.7284533703125 0.44887835625 0.7262254718750001 0.479074859375 0.7219085828125 0.5125114296875 0.7184504609375 0.5320671890625001 0.71590509375 0.5407458203125 0.7178205046875 0.5509711859374999 0.7245527875 0.5632865140625001 0.73060631875 0.57252145 0.7361893546875 0.578701559375 0.74134944375 0.588326303125 0.7476716515625 0.59709471875 0.7556393484374999 0.6010700828125 0.7630491359375 0.6009808718749999 0.7736020671875 0.5907879 0.7797482015625 0.5820518765625 0.7849674640625001 0.5756995953125 0.79109304375 0.5619659593749999 0.7952234796875 0.5489863671874999 0.7998501578125 0.5250785062500001 0.803160446875 0.5050050859375 0.8072022234375 0.47553080937500003 0.8095650828125001 0.4528435125 0.8128213859375 0.4297664109375 0.8163129359375001 0.40821671875 0.8187426515625 0.381541559375 0.8206221421875 0.3627909875 0.8233410921875001 0.34064692343749997 0.8227150765625 0.325085278125 0.8221893515625001 0.3035418359375 0.8229735781249999 0.2816597265625 0.822945340625 0.26467295 0.8215801546874999 0.2465229984375 0.8175487578125 0.2380358609375 0.8059327453125 0.22761842968749998 0.7967759375 0.2229975515625 0.787331140625 0.22933051249999997 0.7762678484375 0.241958365625 0.7690071406250001 0.258050171875 0.7595096078125 0.2768643859375 0.75451915625 0.288239853125
3 0.270775275 0.5660122046875 0.261948809375 0.5759176515625 0.25188692968750004 0.5941630625000001 0.2439950203125 0.6136739312499999 0.2383065078125 0.6324563234375 0.23258456718749998 0.6532326484375 0.2291071359375 0.6832757265625 0.22516045624999997 0.7257489171875 0.22299297812500002 0.7554533296875 0.22130887187499998 0.7812210187499999 0.22002715625000002 0.7985464640625 0.2194383109375 0.8274456875 0.21973647187499998 0.8594508796874999 0.2244401828125 0.8745141859375 0.22856542968750002 0.8805153015625 0.236324871875 0.8844650968750001 0.2451179078125 0.8765535812499999 0.2586661484375 0.8557391890625 0.269526375 0.8241050578125 0.2838729625 0.7899019421875 0.2934167984375 0.76210225 0.2970972953125 0.75106545 0.29815788125 0.7407059828125 0.29873385468749997 0.718798303125 0.30002844375 0.6944813140625 0.3016521296875 0.6692057140625 0.3038067328125 0.6464928484375 0.30790249531249997 0.6200222546874999 0.3129662390625 0.60116315 0.312918690625 0.59466369375 0.308349940625 0.5871095937499999 0.30176549218750004 0.5753119265625 0.293360728125 0.5662878046875 0.2867634078125 0.5614816828125 0.280697003125 0.5592382953125 0.270775275 0.5660122046875
3 0.18873399375 0.614381365625 0.17814244375 0.645548978125 0.166456878125 0.6890699875 0.1605138078125 0.7168122890624999 0.15546418281250002 0.7441647828125 0.1505893828125 0.7735367765625 0.147199365625 0.8045896062500001 0.1474898453125 0.8246056359375 0.1494000671875 0.853811709375 0.15237087656249998 0.872658315625 0.16060725 0.8761671609375 0.17000449687500002 0.8633347421875 0.1810536703125 0.8422135015625001 0.1897310546875 0.8163054593749999 0.2014384234375 0.7932669984375 0.21340803125000002 0.773257790625 0.22299297812500002 0.7554533296875 0.22516045624999997 0.7257489171875 0.2291071359375 0.6832757265625 0.23258456718749998 0.6532326484375 0.2383065078125 0.6324563234375 0.2404019375 0.6257204828125 0.2340193078125 0.6174441578125001 0.2267766625 0.607563709375 0.216672425 0.6003289546875 0.20625964687499998 0.5990504265625 0.19833949687500002 0.60157451875 0.18873399375 0.614381365625
3 0.301644425 0.1562089375 0.2983715109375 0.139822784375 0.2941511671875 0.12082275468749999 0.28767468749999997 0.1150324515625 0.2763350359375 0.11613766249999999 0.2673067515625 0.12252176562499999 0.2552895953125 0.1360315171875 0.24794272187500002 0.16659850625 0.2429535171875 0.19345890937500002 0.2373125515625 0.21874075781250002 0.22844352343750002 0.2840864875 0.22176252812500002 0.32472541875 0.215471053125 0.36391364843749996 0.213975890625 0.400194228125 0.2104316015625 0.434225171875 0.2150285921875 0.458766046875 0.21847633281249998 0.4771717046875 0.22081469375 0.4839524359375 0.2259272328125 0.487077721875 0.233807515625 0.49004333593749994 0.2462218734375 0.487072046875 0.2579909109375 0.4790264296875 0.2697933765625 0.46898688125000004 0.2833492984375 0.46016164687499994 0.28651175 0.4395705671875 0.2945631234375 0.398100878125 0.3034205234375 0.35523163125 0.3119153984375 0.31531492656250004 0.3187390390625 0.29417436406249997 0.3263147234375 0.268630559375 0.32533905625 0.2490299078125 0.31401103125 0.22765863749999998 0.31111476250000003 0.21681332968749997 0.307828975 0.2074187234375 0.307115546875 0.19084732499999998 0.3046756546875 0.174563453125 0.301644425 0.1562089375
3 0.6612412078125 0.2817818515625 0.6537992375 0.299349928125 0.64800275625 0.3121249546875 0.6475951734375001 0.33954791093750003 0.6452798625 0.3687346625 0.6421122203125 0.4083064515625 0.6391052859374999 0.4414043546875 0.6350043328125 0.4868556578125 0.63096255625 0.5163299343750001 0.623863803125 0.5414327906249999 0.6235089609375 0.5563744921875 0.6273051093750001 0.56333421875 0.6314907765625 0.568843246875 0.6386588796875 0.5707223953125 0.6478221265624999 0.5718475015625 0.6568311015625 0.5759507187499999 0.6660483328125 0.5800795078125 0.6747346453125 0.5816455609375 0.6862555609375 0.5790640796875001 0.6965603703125 0.5743352421875 0.7042786999999999 0.5682898062499999 0.7121371812499999 0.5507728703125 0.7184504609375 0.5320671890625001 0.7219085828125 0.5125114296875 0.7262254718750001 0.479074859375 0.7284533703125 0.44887835625 0.729727403125 0.419563753125 0.731828021875 0.393847203125 0.7317304328125 0.3498784203125 0.732245984375 0.32846283125000003 0.7316534 0.31090725468749997 0.731242078125 0.2918754046875 0.73124726875 0.272894696875 0.7287263984375 0.2521053015625 0.72382855 0.2455098125 0.7136433359375001 0.2337695328125 0.7068107671875 0.22743600000000003 0.6956793718750001 0.22856678125 0.687182003125 0.2375136171875 0.67718698125 0.251771165625 0.670140965625 0.26439276875 0.6612412078125 0.2817818515625
3 0.8615749953125 0.4562324734375 0.855786196875 0.48099666250000006 0.8464313078125001 0.51930924375 0.8385881921875 0.560804503125 0.83339716875 0.5841435609375 0.8399340671875001 0.589441771875 0.8459541703125 0.6006706390625001 0.8493003796874999 0.6095731578125 0.8565224671875 0.614455990625 0.8605937296875 0.617453425 0.8682991859375001 0.6183995359375001 0.8734773375 0.6020520234375 0.8792597000000001 0.5807836078124999 0.8825699874999999 0.5607101875 0.886094965625 0.5371665640625001 0.8904131015625 0.5192149296874999 0.8941733296875001 0.4971987171875 0.8999621281250001 0.4724345296875 0.907719078125 0.44541445468749996 0.9107336953124999 0.4243057125 0.9125373984375 0.3820689078125 0.916021265625 0.3485300546875 0.9146702 0.338873490625 0.9055673750000001 0.3372562953125 0.8926696484375001 0.34416430937500003 0.8792885515625001 0.35500904375000003 0.873746628125 0.3588241640625 0.8737221281249999 0.388292190625 0.8696597953125 0.41276885312499995 0.8660538390625 0.4318069515625 0.8615749953125 0.4562324734375