3 0.7003179937499999 0.696607353125 0.697126678125 0.7047821 0.6944704328125 0.717233828125 0.692840725 0.7290938125 0.6923652140625001 0.733048321875 0.6925534859375 0.745549703125 0.695805409375 0.7571900640625 0.7011050921875001 0.7679516750000001 0.7102598687499999 0.779085409375 0.7206869171875 0.787193034375 0.7295470390625 0.7919201609375001 0.741620803125 0.798837203125 0.7533786328125001 0.8005665953125 0.765440709375 0.7965094984375 0.7748614484375 0.7924062953125001 0.7919977 0.7887426 0.8085244125 0.7850682640625 0.8172228609375001 0.7757703171875 0.822280028125 0.76549431875 0.8255936859374999 0.75031058125 0.8286020515624999 0.729329715625 0.8302689953125 0.7153365609375 0.83046580625 0.7040612281249999 0.8283095671874999 0.6878675171874999 0.8229077734375 0.6713123249999999 0.818623990625 0.6605684484375 0.8094000625 0.65339631875 0.8048226749999999 0.6478294515624999 0.799625109375 0.642861421875 0.7940158625 0.6381910390625001 0.7871556234375 0.635327809375 0.7816857265625 0.6343178375 0.7727298578124999 0.6350760078125 0.7697523609375 0.6426448234375 0.7611230640625 0.647981165625 0.7537660390625 0.6502914015625 0.7421475562500001 0.652222421875 0.738004171875 0.6567225718749999 0.7348234953125 0.664287840625 0.7300492953125 0.6699963062500001 0.7191956578124999 0.6746841609375 0.7118067171875 0.6788228265625 0.7053804828125 0.686026615625 0.7003179937499999 0.696607353125
3 0.5114336953125 0.2583157375 0.5026767343749999 0.2709658109375 0.499068421875 0.2797429421875 0.4964547296875 0.289756759375 0.4943122765625 0.3077044265625 0.4940729109375 0.3214176671875 0.4946994578125 0.3320977078125 0.49896196249999997 0.344060540625 0.5043584375 0.360920471875 0.508076284375 0.38079941875 0.5140769796875 0.397974728125 0.51750016875 0.41144706875 0.5232168484375 0.42160629531250005 0.5358682359375 0.430362409375 0.5417604500000001 0.4304652578125 0.5572063828125 0.41884643749999995 0.5700535343750001 0.404743603125 0.5807784593750001 0.395785859375 0.59314478125 0.3859422734375 0.6030889015625001 0.3751419125 0.6095364140624999 0.36671917187499997 0.6143531671875 0.358572796875 0.6189667421875 0.35042287499999997 0.621355978125 0.3416244640625 0.622167646875 0.3300550328125 0.6211347421875 0.3193678984375 0.6172573203125 0.3086311140625 0.611749140625 0.29817069375 0.6057973671875 0.289836353125 0.592702384375 0.2832063171875 0.58016375 0.2796343078125 0.5558832406249999 0.273418690625 0.5407245453125 0.268581621875 0.5332866828125 0.2638793203125 0.5203842437499999 0.25786230625 0.5114336953125 0.2583157375
3 0.64841934375 0.3164910046875 0.64355366875 0.3157964109375 0.6341648453125 0.31807118125 0.6246909140625 0.325221771875 0.622167646875 0.3300550328125 0.621355978125 0.3416244640625 0.6189667421875 0.35042287499999997 0.6143531671875 0.358572796875 0.6095364140624999 0.36671917187499997 0.60688016875 0.3791708984375 0.605464278125 0.39042495312500003 0.6063737921875 0.396537459375 0.6071609625 0.4096589578125 0.6065737515625 0.4200129796875 0.6059067484375 0.43493808281249996 0.6061269359375 0.4456110296875 0.6071385640625 0.45751711874999995 0.61044368125 0.46611009374999995 0.6174592265625 0.47171951874999996 0.623939703125 0.47305196250000003 0.631644578125 0.474100946875 0.64080894375 0.47304158437500005 0.6526572015625 0.46959041875 0.6616928578125 0.4642611671875 0.675283578125 0.454134121875 0.6845330515625 0.44819894062500004 0.6928091828125 0.43980811875 0.6996683734375 0.43108773125 0.7045436375 0.419589228125 0.7072966796875 0.41323582031250006 0.70966995625 0.4053516265625 0.7118613328125 0.3962449296875 0.71126138125 0.38404119531249997 0.705544703125 0.37388196875 0.698111109375 0.3572913109375 0.6887106000000001 0.3485919421875 0.6738880640625 0.3361399515625 0.662642978125 0.3283228796875 0.6524297484375 0.31960932343750004 0.64841934375 0.3164910046875
3 0.8073149203125001 1 0.8121845703125 0.99455143125 0.8210436453125001 0.9876949406250001 0.82888681875 0.9808207187500001 0.8385320140625 0.9755021078125001 0.84248285625 0.9703889328124999 0.8460379796874999 0.9646591890625 0.8481921187499999 0.9576856640625 0.8503196624999999 0.95223583125 0.8528801625 0.9452693999999999 0.8558842562500001 0.9361768890625 0.856215096875 0.9288667078125 0.8555938718749999 0.917881928125 0.8535344281249999 0.9077865390625 0.85003145 0.8988852796875 0.8511537328125 0.8928082375 0.8525323890625 0.88368735625 0.8526653703125 0.8760688875 0.85248241875 0.86326276875 0.8504016984374999 0.8543863343749999 0.84887200625 0.848872665625 0.8478444203125 0.8378807937499999 0.8491964796874999 0.8302836046875001 0.8481210203125 0.82203438125 0.84421168125 0.813126028125 0.8428532546874999 0.8094443375000001 0.8389173203125001 0.8020596781249999 0.8353451921874999 0.797120021875 0.829955084375 0.7915389687500001 0.8213247390625 0.78529169375 0.8085244125 0.7850682640625 0.7919977 0.7887426 0.7748614484375 0.7924062953125001 0.765440709375 0.7965094984375 0.7566029140625 0.8021470328125 0.7495139484375 0.8123875671875 0.7414516359375 0.8201724609375001 0.7360359812499999 0.82769871875 0.7312724187499999 0.83279770625 0.726123775 0.8366706468749999 0.721558071875 0.8420779203125001 0.7130787640625 0.8504651953125 0.705401534375 0.8594761375 0.7000933125000001 0.8724912375 0.69805724375 0.884344128125 0.69872739375 0.9041698765625 0.7023484437499999 0.917950503125 0.7043866109375 0.929264846875 0.7069545265625 0.9451609109374999 0.7121691 0.960798340625 0.71445831875 0.9693735828125 0.7201058484375 0.9834944125 0.7282641140624999 1 0.743303134375 1 0.74485759375 0.997643875 0.755080415625 0.9941643375 0.7593418703125 0.9945435515625001 0.7646116359375 1 0.8073149203125001 1
3 0.3898864109375 0.282104803125 0.3763701609375 0.28796550781249997 0.3709917390625 0.293358596875 0.3681961453125 0.3021499125 0.365208009375 0.31032820625 0.36401125625 0.320671590625 0.36189435 0.3255119453125 0.3629804484375 0.3331516921875 0.36849499531249996 0.3548909890625 0.3727255859375 0.36868225312499997 0.3752552203125 0.3751278703125 0.381238909375 0.3816337796875 0.38898738437499997 0.3918284703125 0.3947253421875 0.40076874218749997 0.40167173749999996 0.4103397703125 0.40887450468750003 0.4168669578125 0.41946217968750005 0.42741603906250003 0.43023602812500006 0.427299265625 0.4399025 0.4207617015625 0.4478680171875 0.4068784890625 0.4543846796875 0.39449414374999997 0.4642479625 0.3766812453125 0.47311130625000003 0.3579364 0.48114065312500004 0.340396321875 0.48594677031250005 0.332859425 0.49013270625 0.325921365625 0.492206009375 0.3119353015625 0.4936644546875 0.298243340625 0.49324640625000005 0.2872621078125 0.489305153125 0.2801821859375 0.4827651171875 0.2706182515625 0.4778186046875 0.262911121875 0.475423 0.26043065312499997 0.46612460312500004 0.25752486406249997 0.456126240625 0.2597889953125 0.4511275828125 0.26671286875 0.43091171875 0.27215179843750004 0.41378610781249997 0.27520601875 0.39769235 0.277363753125 0.3898864109375 0.282104803125
3 0.7176236375 0.49693992500000006 0.7073635828125 0.502552634375 0.6983545234374999 0.5063581921875 0.6905804984375 0.509270809375 0.6785024640625 0.514242125 0.6747760781250001 0.518139890625 0.669793378125 0.524149546875 0.6594056625 0.5370759859375001 0.65236561875 0.5561574890625 0.6502125265625 0.5747146328125 0.650748646875 0.59057523125 0.6541346 0.6061807421875 0.6589321765625 0.62242055625 0.6672316796875 0.6359780125000001 0.676257746875 0.6428418578125 0.6891708265625 0.64824939375 0.6974480046875 0.6514421875 0.7152480375 0.6563253609374999 0.7321332359375 0.6554007671875001 0.7421475562500001 0.652222421875 0.7537660390625 0.6502914015625 0.7611230640625 0.647981165625 0.7697523609375 0.6426448234375 0.77439253125 0.6329712078124999 0.7787486859375 0.616281509375 0.78089645625 0.59802910625 0.78217831875 0.582809903125 0.7820538781249999 0.5666516578125 0.7814592484375 0.5541431859375 0.779233859375 0.541911078125 0.7769605984375 0.532421621875 0.7708481984375 0.521645825 0.7609987734375 0.5153772703125 0.7532609359375 0.5045731015625 0.74467314375 0.49588791875 0.7378607781250001 0.4902820390625 0.72849323125 0.4913378546875 0.7176236375 0.49693992500000006
3 0.242439325 0.48559723593750004 0.230932546875 0.48112874375 0.219094928125 0.48397043125000005 0.21228360937500002 0.4899481703125 0.2046117 0.498654371875 0.1984748015625 0.512569503125 0.1865435328125 0.544063725 0.180070475 0.5655937765625 0.17637705312500002 0.579246728125 0.17576324375000002 0.5911244453125 0.18180117499999998 0.6061665828125 0.184807365625 0.6202413078125 0.189604940625 0.6364811218749999 0.20083938906249998 0.644907671875 0.2153938640625 0.6494293640625 0.2307876546875 0.652441546875 0.245849553125 0.651180296875 0.2605529671875 0.647169303125 0.2697705265625 0.6430625546875001 0.285986625 0.6338958296875 0.29825083281250003 0.6182586609375 0.305296196875 0.59887241875 0.3116033109375 0.5752056484375 0.3114575921875 0.5602663578125 0.307948246875 0.540086221875 0.3045410140625 0.5256996640625 0.29878178125 0.517978346875 0.2914928578125 0.5047433609375 0.276526703125 0.5005193171875 0.26782188906250004 0.49853838437500003 0.2627636703125 0.497230765625 0.2524653328125 0.49339302968750004 0.24744435 0.489952240625 0.242439325 0.48559723593750004
3 0.2201231140625 0.855882875 0.2093801328125 0.8425875984375001 0.199995578125 0.8329740125 0.1871995234375 0.8208622265625 0.17617889375 0.8118297453125001 0.1679442671875 0.806199040625 0.1527164234375 0.8053235750000001 0.13193889375 0.8080092171875 0.1188024078125 0.8154007078125 0.10426066875 0.8334367734375 0.0991726328125 0.857124821875 0.097976928125 0.8790518234375 0.09742904687500001 0.9104399109375001 0.0979279328125 0.9284336812499999 0.097244971875 0.9442729999999999 0.09243031562500001 0.9755866109375001 0.0990501421875 0.9805794640625001 0.10881340937499999 0.9801402187500001 0.129323928125 0.9811078953125 0.1539086828125 0.9815370234374999 0.1713129921875 0.985803628125 0.1897917140625 0.9867358375 0.2019825 0.986948628125 0.21407117343749998 0.9813678375 0.222341984375 0.973281753125 0.2281586796875 0.9660673265625 0.23084257031250002 0.963675521875 0.23781346406249998 0.948555621875 0.2425919359375 0.9309588 0.2429376859375 0.911150784375 0.2424441203125 0.8928522765625001 0.239491121875 0.8757301640625 0.23175328281250002 0.8649259953125 0.2201231140625 0.855882875
3 0.293440821875 0.3465697875 0.28395093125000004 0.35463459375 0.2797969078125 0.3597442203125 0.27416743593750004 0.367876409375 0.269468753125 0.38090215 0.26680186875 0.39396335625 0.267000778125 0.405855259375 0.2692314859375 0.417782628125 0.2770501609375 0.43559933281249996 0.2861730234375 0.44856149843750004 0.2969904734375 0.45759043281249995 0.3107375484375 0.4617931984375 0.32556967187499997 0.46205209375 0.338792315625 0.46136840156250003 0.3478439296875 0.455124934375 0.354729715625 0.4448808546875 0.3605879171875 0.42364490000000005 0.367755621875 0.3972496703125 0.37152883281250004 0.37902563749999996 0.3727255859375 0.36868225312499997 0.36849499531249996 0.3548909890625 0.3629804484375 0.3331516921875 0.36189435 0.3255119453125 0.35246724375 0.31833626718749997 0.3409711046875 0.31325829843749997 0.3308493484375 0.3109478 0.322198775 0.3175030984375 0.31105685156249996 0.32706322499999996 0.301385059375 0.33390552812499996 0.29480351875 0.338363121875 0.293440821875 0.3465697875
3 0.179184559375 0.406761075 0.176704896875 0.42074004374999996 0.1732146546875 0.4343965390625 0.1718253609375 0.4441269 0.1748475109375 0.457287409375 0.176355925 0.46402003125 0.184568225 0.4592860734375 0.20030881250000002 0.45407385937500006 0.2069169515625 0.448092571875 0.2139899609375 0.4387662546875 0.21768869999999998 0.4248085640625 0.225344653125 0.41701657968749994 0.2314709125 0.40371092500000005 0.241115059375 0.3868086984375 0.25081239843750003 0.3668590828125 0.25526002812500004 0.3565724421875 0.25739821093750004 0.350513134375 0.25674506875 0.3413567875 0.256102565625 0.33159096250000003 0.24968591875 0.3266016546875 0.24423198125 0.324677465625 0.2387142125 0.3264101421875 0.2333411109375 0.331498490625 0.22139710625000003 0.34043495468749996 0.213575209375 0.346090221875 0.20310665625 0.352004125 0.194162475 0.3637364328125 0.1876458125 0.376120778125 0.185465078125 0.3846179984375 0.1826694828125 0.393409315625 0.179184559375 0.406761075
3 0.7221214609375 0.33240939531249997 0.7146250859375 0.3310592203125 0.7029108578125001 0.3384755359375 0.6987515156249999 0.3438899015625 0.6986876859375 0.3475467671875 0.704356490625 0.360448640625 0.7107901437499999 0.3761073515625 0.7155398453124999 0.3950898140625 0.7173961078125 0.4051816546875 0.7234819124999999 0.417481146875 0.7268199937500001 0.43582930624999994 0.7312856796875 0.44779568437500006 0.7382586703125 0.4558430203125 0.744482775 0.46021930468749994 0.750049465625 0.467327596875 0.7648071203125 0.4718528328125 0.7716992765625 0.47288763125 0.7802009109375 0.4748650171875 0.7821731484375001 0.466668990625 0.787150528125 0.460964071875 0.79187580625 0.4464146359375 0.7928693796874999 0.43606770624999996 0.7922587921875001 0.42447345 0.7894398218750001 0.4113164875 0.7843167249999999 0.40208211875 0.7803744218750001 0.3834185796875 0.7781649921875 0.3702722578125 0.7724483140625 0.36011303125 0.7678443296874999 0.3560698578125 0.7605936875 0.35228531875 0.754155765625 0.348514965625 0.737617365625 0.3412151609375 0.7285806609375001 0.33496079375 0.7221214609375 0.33240939531249997