3 0.3006858046875 0.09185987343749999 0.2864155953125 0.086830890625 0.2783676546875 0.0865244 0.25841373125 0.094989228125 0.243744946875 0.1074951296875 0.23276620625 0.12436764062500001 0.2271071921875 0.147484946875 0.2213452375 0.17745923125000002 0.2153461140625 0.21647049062499998 0.21061104687499999 0.2501622453125 0.20678511249999998 0.27738518437500004 0.20258037343750002 0.3073034625 0.19970145156250002 0.32778805 0.1943355953125 0.35616885625 0.18982699375 0.374775259375 0.1880095453125 0.40118104062500004 0.1901506 0.4275934375 0.194333909375 0.441924253125 0.2040296390625 0.45867893593750003 0.2159660953125 0.44111645 0.230666171875 0.43328752968749995 0.244160659375 0.42913718437500004 0.26655045624999996 0.4229387 0.2817915609375 0.4173846796875 0.29905515 0.41458861875 0.3098485984375 0.41005866874999997 0.3155092484375 0.41387765625000006 0.32022125 0.3974987015625 0.3250806609375 0.36904672031249997 0.3300191296875 0.3375824140625 0.336170590625 0.310961165625 0.33669928437499996 0.28025139375 0.32927556875 0.23385652031249998 0.32602116406250004 0.1982173453125 0.3222265453125 0.1737714171875 0.3181939421875 0.14489431875 0.31058164062500004 0.11331526249999999 0.3006858046875 0.09185987343749999
3 0 0.8220672875 0.0016097171875 0.8186047484375001 0.017210698437499998 0.78231723125 0.0262633046875 0.76077629375 0.0381272953125 0.7412796171875 0.0443693328125 0.7311625671875001 0.0478271640625 0.7126833453125 0.053781817187500004 0.678888134375 0.05725282968749999 0.6505158843750001 0.063263471875 0.631021146875 0.06838145625 0.6056289421875001 0.07228315156250001 0.577866934375 0.0744077578125 0.5602997703125 0.080848265625 0.52794713125 0.08275629062499999 0.5180455484375 0.0791658890625 0.509295215625 0.0704352828125 0.500372190625 0.065322253125 0.49388158750000005 0.0586865953125 0.48965071250000003 0.054111299999999994 0.48790826562499995 0.046869553125000005 0.4879899359375 0.034422540625 0.49448635625000004 0.027454181249999998 0.51467106875 0.019403762499999998 0.5303059828125 0.008931468750000001 0.5472496703124999 0.0009955078125 0.575544128125 0 0.5796228859375 0 0.8220672875
3 0.8898899 0.5528714484374999 0.895506896875 0.57537463125 0.9007549718750001 0.593153384375 0.9106219953125001 0.5939903875 0.933322246875 0.5941572640625 0.9432502156250001 0.5774119343749999 0.9563329734374999 0.5443436562499999 0.9661736624999999 0.50862086875 0.9755556734375 0.4651376046875 0.9788405765625001 0.43563976562500006 0.97885953125 0.4073320765625 0.9741146046875 0.3920977578125 0.9674781296875 0.37439873437500004 0.950290303125 0.3766557265625 0.929733584375 0.3869598421875 0.9287906828124999 0.404693084375 0.9177938062500001 0.4633414328125 0.9071576265625 0.50472443125 0.8995560015624999 0.5355395984375 0.8898899 0.5528714484374999
3 0.801567559375 0.6350096359374999 0.7977762109375 0.6644362984375001 0.796309571875 0.6809965015625 0.7950982125 0.7030897390625 0.7937188546875 0.7386273953125 0.7918124640624999 0.775465275 0.7944179703125 0.791223490625 0.808526771875 0.8047503812500001 0.8198110062499999 0.8261260390625 0.8307337296874999 0.8512989 0.8387660125 0.8774398234375 0.8521666046874999 0.9156043828125 0.86547661875 0.9372647468749999 0.8767633312499999 0.942699 0.8826298593749999 0.9328040312500001 0.8849677515625001 0.9100445453124999 0.889475534375 0.8779699937500001 0.8936012171875 0.851064040625 0.8971315171875001 0.8345190078125 0.9074276140625 0.7526841156249999 0.910253840625 0.715425796875 0.9132958296875 0.6570337515625 0.9098726109375 0.62137085 0.9007549718750001 0.593153384375 0.895506896875 0.57537463125 0.8898899 0.5528714484374999 0.8809591875 0.5392477171875 0.8710229921874999 0.534003265625 0.8570665296875 0.5328663859375 0.8453705375 0.5389186406250001 0.8392454375 0.5457538328125 0.8277149640625 0.55430306875 0.8162050796875 0.561480909375 0.8095529453125 0.569616321875 0.8076177421875 0.5858358140625 0.804697646875 0.6090631937500001 0.801567559375 0.6350096359374999
3 0.9110649125 0.8529686875 0.9243024609375 0.8726948609375 0.926060596875 0.8908077078125001 0.936524640625 0.9082200859375 0.941645921875 0.8803546234375 0.9467565 0.8464407843749999 0.951870371875 0.8100536890625 0.9538286406250001 0.776521396875 0.9547501359374999 0.746691403125 0.9565354781250001 0.70214049375 0.9532357843750001 0.6582492203125 0.949695628125 0.625868178125 0.9440514546875001 0.6096829031250001 0.9318934875 0.610447934375 0.9176858593749999 0.6147729109375 0.9098726109375 0.62137085 0.9132958296875 0.6570337515625 0.910253840625 0.715425796875 0.9074276140625 0.7526841156249999 0.8971315171875001 0.8345190078125 0.9110649125 0.8529686875
3 0.66472454375 0.6789949 0.663882103125 0.7058125671875 0.6679040046875 0.7286412906249999 0.6760524078125 0.7380322078125 0.6911568046875 0.7505995890625 0.6974251781249999 0.7770423281250001 0.710518609375 0.8063682703125 0.7228882015625 0.8298204703125001 0.7380996515625 0.8465257625 0.750378665625 0.8534737640625 0.7638558609375 0.8482215562500001 0.7725370687499999 0.83789759375 0.7759191390625 0.8199574406249999 0.7802828093749999 0.7974826578124999 0.785111746875 0.77782184375 0.7901737421874999 0.7381291625 0.7923699953125001 0.7090280421874999 0.796309571875 0.6809965015625 0.7977762109375 0.6644362984375001 0.801567559375 0.6350096359374999 0.804697646875 0.6090631937500001 0.8076177421875 0.5858358140625 0.80706519375 0.5640443921875 0.8043493406250001 0.5466215203125 0.8022469843750001 0.5334077359375 0.795211115625 0.51977545 0.78293539375 0.5103541921875 0.7652575984375 0.5001737203125 0.76094746875 0.4965445359375 0.7454025015625 0.49078668125 0.7251513078125 0.48299312031249997 0.7078391359375 0.4800103390625 0.6993160406250001 0.48430965156249994 0.692756959375 0.4930078578125 0.6861361171875 0.5058202484375001 0.6862711640625 0.517108396875 0.6853768453125 0.5406204796875 0.6851783734375 0.56285606875 0.68065248125 0.5803606109375 0.6739402171875 0.619546503125 0.670079696875 0.64456571875 0.66472454375 0.6789949
3 0.5696399578125 0.2604912296875 0.566546934375 0.2726999921875 0.5635576671875 0.2915199234375 0.56163235 0.3003196453125 0.5569516390625 0.32137558125 0.5546376296875 0.340290415625 0.5531092281250001 0.36096480625 0.5524454890625 0.3803864265625 0.5511270781250001 0.39834175156249996 0.5497189078125 0.413261025 0.5587385609375 0.4164526609375 0.5667692093750001 0.4156572890625 0.5785483703125001 0.41758759999999995 0.592821875 0.4201433265625 0.6081082671875 0.4228414046875 0.6202217625 0.427292421875 0.6343025671875 0.43366907499999996 0.6482796171875 0.43343455937500003 0.6569962281249999 0.4387824671875 0.65867285625 0.41950319687500004 0.6582784187499999 0.3916871234375 0.6573330656249999 0.3690159234375 0.6582759671875 0.35128268125 0.656951809375 0.331306821875 0.6563202031250001 0.312527725 0.6553509671875 0.2937011765625 0.6543850265625 0.272401371875 0.6545942 0.256214159375 0.6496837546875 0.2384828578125 0.6396092171875 0.2244235140625 0.62899035625 0.210562528125 0.622637153125 0.2055467765625 0.61212945625 0.2068185953125 0.5973882046875 0.21739030625 0.5879008031249999 0.227326109375 0.5762813890625 0.2463074421875 0.5696399578125 0.2604912296875
3 0.1821882265625 0.5883656453125 0.176870953125 0.6225252921875 0.17270409375 0.6521740375 0.170528428125 0.6799037640625001 0.16920672187500002 0.70033234375 0.172846521875 0.728329665625 0.18326198437500002 0.7399632031250001 0.19601945 0.7398321421875 0.211718415625 0.72857045625 0.23093779374999998 0.7081835078125 0.2448036796875 0.6928161890625 0.26075051718750003 0.678565903125 0.2787198375 0.667073578125 0.28889649687499996 0.6608077953125 0.29747972031250003 0.6254580015625 0.2998933734375 0.602159446875 0.30281346875000004 0.5789320671875 0.3056849828125 0.5499258484375 0.309624559375 0.5218943078125 0.31248948125 0.49783460156250003 0.3155611 0.47352908749999995 0.3210307140625 0.4517594515625 0.3245717125 0.4412627953125 0.3234822453125 0.42819136406249997 0.3155092484375 0.41387765625000006 0.3098485984375 0.41005866874999997 0.29905515 0.41458861875 0.2817915609375 0.4173846796875 0.26655045624999996 0.4229387 0.244160659375 0.42913718437500004 0.230666171875 0.43328752968749995 0.2159660953125 0.44111645 0.2040296390625 0.45867893593750003 0.2009810875 0.4656716515625 0.1957659359375 0.4795061734375 0.191735784375 0.491033515625 0.1907237109375 0.5043593109375 0.1872732875 0.531360165625 0.185059740625 0.559359425 0.1821882265625 0.5883656453125
3 0.12241971874999999 0.16355615625 0.11849250625 0.16822652031250002 0.110493965625 0.18716701875 0.106313109375 0.21324064375 0.105481371875 0.24610668750000003 0.1054006546875 0.278528565625 0.1031525234375 0.3043241015625 0.10231090000000001 0.3446099171875 0.098788009375 0.36967658281250004 0.09472242812500001 0.4218779 0.10161418281250001 0.44510995624999994 0.1059111328125 0.45863216875 0.1099832765625 0.45783018281250004 0.11948467656249999 0.45146949999999997 0.1285825703125 0.4381806609375 0.1372983625 0.4300604203125 0.1491014078125 0.428146078125 0.1640155859375 0.428592984375 0.170386078125 0.434710596875 0.178551775 0.445203375 0.185236015625 0.45521309218750006 0.18849537656249998 0.458969459375 0.1940934453125 0.4534344859375 0.194333909375 0.441924253125 0.1901506 0.4275934375 0.1880095453125 0.40118104062500004 0.18982699375 0.374775259375 0.1943355953125 0.35616885625 0.19970145156250002 0.32778805 0.20258037343750002 0.3073034625 0.20678511249999998 0.27738518437500004 0.1996693703125 0.2532970765625 0.176819259375 0.22479878437499998 0.163736528125 0.20152121875 0.1493378625 0.180257571875 0.13657628593749999 0.1693937421875 0.126133646875 0.16407811562500002 0.12241971874999999 0.16355615625
3 0.492034359375 0.6068996203125 0.49552263593749996 0.6359750765625 0.49904879687500003 0.6647809984374999 0.5050207140625 0.6884334953125 0.5103239625 0.7070445750000001 0.5172741859375 0.7286357015625 0.52682250625 0.7574634109375 0.5335001578125 0.7724196421875 0.5430031921875 0.7929952515625 0.5572017515625001 0.8095581921875 0.5695499390625 0.8209136406249999 0.5816807265625 0.8264665203125 0.5977148437500001 0.8311936890625 0.6100243328125 0.8293505234375 0.6239355062499999 0.8222353046875 0.6327163578125 0.8075276203125 0.6423099921875 0.7882615828125 0.6478899515625 0.7681566 0.65517371875 0.722454440625 0.661538465625 0.69064086875 0.670079696875 0.64456571875 0.6739402171875 0.619546503125 0.68065248125 0.5803606109375 0.6851783734375 0.56285606875 0.6853768453125 0.5406204796875 0.6862711640625 0.517108396875 0.6861361171875 0.5058202484375001 0.6853216984375 0.48344230781249997 0.6827746609374999 0.466043159375 0.6752529328125 0.45096830312499997 0.665320034375 0.44325059375000003 0.6569962281249999 0.4387824671875 0.6482796171875 0.43343455937500003 0.6343025671875 0.43366907499999996 0.6202217625 0.427292421875 0.6081082671875 0.4228414046875 0.592821875 0.4201433265625 0.5785483703125001 0.41758759999999995 0.5667692093750001 0.4156572890625 0.5587385609375 0.4164526609375 0.5497189078125 0.413261025 0.5408268921875 0.4128359078125 0.5267740812499999 0.41360949218750004 0.5217030453125 0.41784424375 0.516907875 0.42624063437500004 0.512994659375 0.43448611875000004 0.5083098359375 0.44454716406249994 0.5062642859375 0.45910200156250003 0.5034916 0.470256353125 0.5004990375 0.49154954375 0.49796844843750004 0.5181299562499999 0.4944455578125 0.5431966234375001 0.49248976874999995 0.5607875124999999 0.4907102 0.5869237578125001 0.492034359375 0.6068996203125
3 0.2998933734375 0.602159446875 0.29747972031250003 0.6254580015625 0.295741328125 0.6488514578125 0.2938440046875 0.6648014171875001 0.297793440625 0.68569595 0.30512658125000003 0.715586625 0.3094136453125 0.7365286109375 0.32105939375000003 0.754107065625 0.337407259375 0.7627263390625 0.3563902859375 0.7648445140625 0.3660572046875 0.7609808124999999 0.380026846875 0.7522246625 0.394805978125 0.7413834171875 0.4075972109375 0.7299879328125 0.417194959375 0.7217167859375 0.43086485156250004 0.7126436515625 0.439284190625 0.7017331687499999 0.4506178546875 0.6860099703125 0.45846157656250003 0.670620865625 0.467965453125 0.6483187781249999 0.4728635625 0.633065409375 0.47838175781250003 0.6170746140625 0.48358950156249997 0.594718459375 0.486468421875 0.5742338734375 0.49056363281250004 0.5561190875 0.49796844843750004 0.5181299562499999 0.5004990375 0.49154954375 0.5034916 0.470256353125 0.5062642859375 0.45910200156250003 0.506573103125 0.43853106718749996 0.5047943796875 0.4217896171875 0.4945823171875 0.412383528125 0.48400545 0.4092479 0.4710239953125 0.40852290625 0.45502775937499995 0.40352620312500004 0.437040328125 0.4004485203125 0.4214163046875 0.397702990625 0.40751501718750005 0.3973984390625 0.3891314875 0.395914234375 0.369562959375 0.3967372078125 0.354311153125 0.396242853125 0.34225035312499996 0.40856556718750003 0.32920465781249997 0.4278961640625 0.3245717125 0.4412627953125 0.3210307140625 0.4517594515625 0.3155611 0.47352908749999995 0.31248948125 0.49783460156250003 0.309624559375 0.5218943078125 0.3056849828125 0.5499258484375 0.30281346875000004 0.5789320671875 0.2998933734375 0.602159446875
3 0.823809340625 0.1766492625 0.8145434484375 0.203382521875 0.80732721875 0.2265558328125 0.7962150671875 0.259076490625 0.7870899953125 0.2786832375 0.7758287984375001 0.29634062656250004 0.765078159375 0.3250640796875 0.765854696875 0.34771155625 0.766196440625 0.35875389687500003 0.7655195203125 0.388068546875 0.765330934375 0.40288436406250006 0.766655090625 0.422860225 0.7663841546875 0.443161625 0.7662886234374999 0.45854023593750004 0.765645471875 0.47659046250000003 0.7634829859375001 0.494427159375 0.7652575984375 0.5001737203125 0.78293539375 0.5103541921875 0.795211115625 0.51977545 0.8022469843750001 0.5334077359375 0.8179014796875 0.527362096875 0.831330090625 0.5163310484375 0.8446656484374999 0.50473720625 0.8483894609375 0.49783939374999997 0.8549197281250001 0.4685228046875 0.8615298703125 0.4496620375 0.86971040625 0.42085223593750004 0.8721207625 0.400026940625 0.8719091390625 0.3758097109375 0.8708707312499999 0.352575715625 0.87463738125 0.31352555937500004 0.8732135781249999 0.29793342031250003 0.8767092906249999 0.279184665625 0.8668250000000001 0.220899953125 0.8655247234375001 0.197079440625 0.8624193640625 0.1763035328125 0.8537884 0.1629967859375 0.8447893343749999 0.15843375625 0.8333379171875 0.16397066875 0.823809340625 0.1766492625
3 0.00957385625 0.40303960468750005 0.013156821874999999 0.4596141484375 0.017136729687499998 0.4717175171875 0.02391073125 0.4847632828125 0.0339605671875 0.4891991328125 0.0433483234375 0.4836470515625 0.062369231250000004 0.485495690625 0.08006020781249999 0.4857831328125 0.089851471875 0.48715920625000003 0.0975988453125 0.4736805640625 0.1059111328125 0.45863216875 0.10161418281250001 0.44510995624999994 0.09472242812500001 0.4218779 0.098788009375 0.36967658281250004 0.10231090000000001 0.3446099171875 0.1031525234375 0.3043241015625 0.09405299375000001 0.290676646875 0.07262998125 0.2752972359375 0.058993039062499995 0.2596377984375 0.0468968359375 0.256288640625 0.0315075046875 0.2604475421875 0.0267609171875 0.2746227734375 0.017858990625 0.3379632734375 0.013916120312499999 0.3684680703125 0.00957385625 0.40303960468750005
3 0.3790290609375 0.14932126875 0.368443125 0.16707355937499999 0.3616814609375 0.18701246093749999 0.3561327921875 0.2117944234375 0.3485311671875 0.24260958906250002 0.3461413984375 0.262063490625 0.3415364484375 0.282580359375 0.33808931875 0.3071079578125 0.33611294062499997 0.3260702421875 0.331907384375 0.3425203734375 0.3287320078125 0.36021471875 0.32022125 0.3974987015625 0.3155092484375 0.41387765625000006 0.3234822453125 0.42819136406249997 0.3245717125 0.4412627953125 0.32920465781249997 0.4278961640625 0.34225035312499996 0.40856556718750003 0.354311153125 0.396242853125 0.369562959375 0.3967372078125 0.3891314875 0.395914234375 0.40751501718750005 0.3973984390625 0.4214163046875 0.397702990625 0.437040328125 0.4004485203125 0.44069826562500003 0.386670003125 0.44271581875 0.364964928125 0.44480583906250004 0.3451940421875 0.4462411859375 0.3239568578125 0.448075928125 0.2986529375 0.449218934375 0.2856204015625 0.4486630890625 0.26630223750000004 0.445612084375 0.232890509375 0.4466274515625 0.2170914578125 0.4406135390625 0.1827136046875 0.43180305937499996 0.1633347578125 0.425955484375 0.1449220359375 0.41705195 0.12498039375 0.4054448984375 0.120600553125 0.3928257765625 0.1295465046875 0.3790290609375 0.14932126875
3 0.063263471875 0.631021146875 0.05725282968749999 0.6505158843750001 0.053781817187500004 0.678888134375 0.0478271640625 0.7126833453125 0.0429298734375 0.7414048609375 0.0416946296875 0.76734275 0.038312559375 0.7852829046875 0.0477736 0.795133159375 0.064075359375 0.782032184375 0.07487869375 0.7700824625 0.0879038015625 0.752123259375 0.09858938125 0.7299872484375001 0.11358838906249999 0.709007165625 0.1281534171875 0.6898900953125 0.1499807796875 0.6693199609375 0.166813684375 0.6659136578125 0.17270409375 0.6521740375 0.176870953125 0.6225252921875 0.1821882265625 0.5883656453125 0.185059740625 0.559359425 0.1872732875 0.531360165625 0.1907237109375 0.5043593109375 0.191735784375 0.491033515625 0.1957659359375 0.4795061734375 0.1876447125 0.463797346875 0.178551775 0.445203375 0.170386078125 0.434710596875 0.1640155859375 0.428592984375 0.1491014078125 0.428146078125 0.1372983625 0.4300604203125 0.1285825703125 0.4381806609375 0.11948467656249999 0.45146949999999997 0.11249491250000002 0.45955745937500003 0.1038170015625 0.46740816562500004 0.0915330296875 0.49234297343750005 0.085673909375 0.5107595734375 0.080848265625 0.52794713125 0.0744077578125 0.5602997703125 0.07228315156250001 0.577866934375 0.06838145625 0.6056289421875001 0.063263471875 0.631021146875
3 0.49262747500000004 0.161713334375 0.4809668859375 0.1834374578125 0.46611610625 0.2058126609375 0.460856484375 0.22486323281249998 0.45779145625 0.24422223125000003 0.455357215625 0.2688921828125 0.452003140625 0.2939825734375 0.44983076874999994 0.3192390421875 0.44684150312500004 0.338058975 0.44516816875 0.3548649875 0.44271581875 0.364964928125 0.44069826562500003 0.386670003125 0.437040328125 0.4004485203125 0.45502775937499995 0.40352620312500004 0.4710239953125 0.40852290625 0.48400545 0.4092479 0.4945823171875 0.412383528125 0.5047943796875 0.4217896171875 0.506573103125 0.43853106718749996 0.5062642859375 0.45910200156250003 0.5083098359375 0.44454716406249994 0.512994659375 0.43448611875000004 0.516907875 0.42624063437500004 0.5217030453125 0.41784424375 0.5267740812499999 0.41360949218750004 0.5408268921875 0.4128359078125 0.5497189078125 0.413261025 0.5511270781250001 0.39834175156249996 0.5524454890625 0.3803864265625 0.5531092281250001 0.36096480625 0.5546376296875 0.340290415625 0.5569516390625 0.32137558125 0.5586867359375 0.3004553828125 0.556863540625 0.2889299796875 0.552848228125 0.2611547421875 0.5389609640625 0.20807946249999998 0.5321350859375 0.1917281109375 0.5270113546874999 0.17918913281249998 0.5199170171875 0.167197775 0.5161166265625 0.16116650937500002 0.5065872328125 0.16037695624999998 0.49262747500000004 0.161713334375
3 0.8615298703125 0.4496620375 0.8549197281250001 0.4685228046875 0.8483894609375 0.49783939374999997 0.8446656484374999 0.50473720625 0.831330090625 0.5163310484375 0.8264319812500001 0.5315844171874999 0.8277347359375 0.5394635265625001 0.8353141109375001 0.53942930625 0.8453705375 0.5389186406250001 0.8570665296875 0.5328663859375 0.8710229921874999 0.534003265625 0.8809591875 0.5392477171875 0.8898899 0.5528714484374999 0.8995560015624999 0.5355395984375 0.9071576265625 0.50472443125 0.9177938062500001 0.4633414328125 0.9287906828124999 0.404693084375 0.9280306203125 0.36967932187499997 0.92484868125 0.3359743359375 0.9185012531250001 0.3125439234375 0.9113385624999999 0.3096132671875 0.9002453640624999 0.313826234375 0.8901205828125001 0.3233976015625 0.8763411624999999 0.344274228125 0.8708707312499999 0.352575715625 0.8719091390625 0.3758097109375 0.8721207625 0.400026940625 0.86971040625 0.42085223593750004 0.8615298703125 0.4496620375
3 0.667674453125 0.2954331296875 0.6656815984375 0.3267617 0.6614636796875 0.3665730078125 0.6596264609375 0.40781833125 0.6569962281249999 0.4387824671875 0.665320034375 0.44325059375000003 0.6752529328125 0.45096830312499997 0.6827746609374999 0.466043159375 0.6853216984375 0.48344230781249997 0.6861361171875 0.5058202484375001 0.692756959375 0.4930078578125 0.6993160406250001 0.48430965156249994 0.7078391359375 0.4800103390625 0.7251513078125 0.48299312031249997 0.7454025015625 0.49078668125 0.76094746875 0.4965445359375 0.7634829859375001 0.494427159375 0.765645471875 0.47659046250000003 0.7662886234374999 0.45854023593750004 0.7663841546875 0.443161625 0.766655090625 0.422860225 0.765330934375 0.40288436406250006 0.7655195203125 0.388068546875 0.766196440625 0.35875389687500003 0.765854696875 0.34771155625 0.765078159375 0.3250640796875 0.7656628421875 0.308654784375 0.7641632796875 0.2936017125 0.7641138796875 0.2743547234375 0.762755953125 0.2656432875 0.7592306109375 0.2503055125 0.7557019734375 0.23744099218749998 0.752900475 0.22797696093750003 0.7351461015625 0.2048674109375 0.7232532984375 0.2037457015625 0.710844165625 0.2099725890625 0.6995829687499999 0.2276299765625 0.687095596875 0.25033733593749996 0.676086384375 0.2760010140625 0.667674453125 0.2954331296875