1 0.6120968515625 0.4343036640625 0.6124937046875 0.43323906562500003 0.6129440234375 0.43189942343750004 0.614706209375 0.4296730453125 0.6177658828125 0.4237027859375 0.62061170625 0.418832696875 0.6245020828125 0.4144510828125 0.630946265625 0.4125639234375 0.6349497140625 0.41248581093750003 0.6411491953125 0.41283456406249996 0.64377293125 0.4110610890625 0.6475255343749999 0.40836530312499997 0.6483891749999999 0.401968178125 0.6467051546875 0.3979301859375 0.6445482046875 0.3943711359375 0.6425207937499999 0.39112269843749997 0.6420334828125001 0.388744496875 0.6431171203125 0.38610078593749997 0.6446366953125 0.37926029375 0.6444783953125001 0.3732353921875 0.643061690625 0.3678221859375 0.640699121875 0.3633668625 0.6380157765625001 0.360561796875 0.6356902015625 0.359824315625 0.633119928125 0.361322746875 0.6307244234375 0.3648531953125 0.6289313890625 0.3682153171875 0.6261781125 0.369678178125 0.623799075 0.3692157390625 0.6209779546875 0.3680965 0.61849199375 0.368184146875 0.61576133125 0.370507709375 0.6141430640625 0.37590184375 0.6115480859375 0.38338960625 0.6092060453125 0.38664501093750003 0.607001775 0.3882145875 0.6042937265625 0.3913988484375 0.6017830609375 0.3974758234375 0.6005081859375 0.4020804046875 0.599379321875 0.4030027140625 0.59800575625 0.4061609375 0.59751635625 0.41063276406250004 0.5979645828125 0.4161431515625 0.598863128125 0.42031389687500004 0.6003559109375 0.42631276093750003 0.599241425 0.43009221249999996 0.5975861640625 0.43176850624999996 0.6003455875 0.43515923125 0.6039521796875 0.4361457171875 0.6081612453125 0.4369638765625 0.6092901109375 0.43604156562499996 0.6120968515625 0.4343036640625
3 0.629924325 0.4129361484375 0.6273849 0.4132988390625 0.6246316234375 0.41476169843750005 0.622213503125 0.41743144687499995 0.6201305406250001 0.42130808125 0.6180249625 0.424324015625 0.6164910078125 0.428307365625 0.6142250437500001 0.432148428125 0.6122490046875 0.43547497812499997 0.6100365015625 0.4390409984375 0.608426471875 0.4424386921875 0.6064504328125 0.445765240625 0.6052064078125 0.44923407812500005 0.6043510015625 0.45363476093750005 0.603602521875 0.45748535781250005 0.60303704375 0.46137152812500004 0.6032179578125 0.46825712812500003 0.60270594375 0.47186825312499997 0.6023234703125 0.47578999531250005 0.629249465625 0.50043344375 0.6405833515625 0.4929317453125 0.643153625 0.4914333125 0.6459829796875 0.49055610937500005 0.648218096875 0.48785079062500003 0.6520797140625 0.477754890625 0.6546808359375 0.47512071562499997 0.657175034375 0.47303662500000004 0.6597453078125 0.47153819375 0.6623916578125 0.4706254171875 0.6651367015625 0.471159 0.6679125921875 0.4705568390625 0.6706884828125 0.46995467968750004 0.6731209828125 0.47014207499999994 0.6758660265625 0.47067565624999996 0.6785576046874999 0.47148428124999997 0.68139519375 0.46861063437499995 0.6823801390625001 0.4645205671875 0.6835727921875 0.45447674375 0.6827503234375001 0.4508916546875 0.6802417468749999 0.45011860156249994 0.6773753984375 0.4472779625 0.6762403875 0.4433466859375 0.6764398593750001 0.4393893734375 0.6744536203125 0.4261587234375 0.6730060671875 0.4218812609375 0.6709478078125 0.419768565625 0.666014965625 0.4168116765625 0.66317123125 0.41483173593749995 0.6563014359375 0.41206920937499997 0.6491704703125001 0.41553548124999995 0.6402794093749999 0.41437810312499995 0.6378242953125 0.4133300078125 0.635079253125 0.41279642499999997 0.632700215625 0.4123339875 0.629924325 0.4129361484375
3 0.604104334375 0.4373170328125 0.609098875 0.43800243749999995 0.6136986484375 0.4329024125 0.6143093546875 0.43073764375 0.6167357078125 0.42607145312499994 0.61942114375 0.42202649374999995 0.622320428125 0.41688136093750006 0.626469884375 0.413120978125 0.6325398265625 0.41315911562499996 0.64739390625 0.4149047171875 0.6515659765625 0.4120050328125 0.6534967859374999 0.406957084375 0.653223325 0.40347871093750004 0.6517531578125 0.3983405484375 0.6495201296875 0.394195840625 0.647112334375 0.3880191171875 0.646937565625 0.385987103125 0.6483502140625 0.37969669375000004 0.6479102203125 0.3721898640625 0.6446573421874999 0.36156735156250003 0.6419596171874999 0.355905140625 0.6374688578125001 0.35360505 0.6328629390625 0.353851490625 0.62909595625 0.3536901328125 0.6269081562500001 0.3512668234375 0.623630575 0.3466336390625 0.6187511953125 0.34340170468750003 0.61249825 0.3433279953125 0.6054433625 0.347379925 0.5999820359375 0.352027046875 0.594565940625 0.3583955671875 0.58957545625 0.36941377656249996 0.5869270171875 0.37717658125 0.5839187156250001 0.38972182499999997 0.582711684375 0.39690850625 0.5821276484375 0.41163758906250003 0.584664984375 0.418124928125 0.5904120609375 0.42666335 0.5976848546875 0.43321486406250004 0.604104334375 0.4373170328125
0 0.6385091109375 0.3931972546875 0.6397222890625 0.390864159375 0.640653771875 0.387049134375 0.6410280125 0.385123834375 0.6399073796875 0.384049703125 0.6380547390625 0.38283328125 0.636171246875 0.38275260312500003 0.6353775374999999 0.38488179843750003 0.635971775 0.386709915625 0.6369320187499999 0.388609178125 0.6379683375 0.3910940953125 0.6385091109375 0.3931972546875
0 0.61140195625 0.412475546875 0.611181959375 0.40872213124999995 0.6097261703125 0.40644111250000003 0.608582925 0.4045062796875 0.6061504265625001 0.404318884375 0.603847465625 0.40444210312499995 0.602848140625 0.40567502656250004 0.6013141859375 0.40965837968749996 0.6025787375 0.4139002703125 0.6053155453125 0.41643029374999996 0.609555459375 0.41611271250000004 0.61140195625 0.412475546875
0 0.6305412984375 0.39022129375 0.6313123921875 0.3872313984375 0.6301691484374999 0.3852965640625 0.628941590625 0.3847725171875 0.6268442484375 0.38579200937499997 0.626157465625 0.38737111875 0.62614923125 0.38936756250000004 0.6263239984375 0.3913995765625 0.626864771875 0.39350273593749996 0.62903819375 0.3930689015625 0.6305412984375 0.39022129375
0 0.6181627375 0.42263818750000004 0.6193759140624999 0.42030509218749995 0.6186521375 0.4181663609375 0.617120271875 0.415299684375 0.61369668125 0.41434877031250006 0.6116219515625 0.41622896249999997 0.6110873234375 0.41897938906250004 0.611521171875 0.42163263281249996 0.6120228640625001 0.42686797656250003 0.6128227171875 0.42959236718750005 0.6149961375 0.42915853281249994 0.6181627375 0.42263818750000004
3 0.9287288640625 0.47415764843749997 0.9272956890625 0.47273732968750004 0.92593859375 0.47190266718749996 0.92439849375 0.4710324328125 0.92280493125 0.47043724062500003 0.9216308359375001 0.46963815000000003 0.9206171328125 0.46801393124999996 0.9192600343749999 0.46717926875 0.918063325 0.46551947968749996 0.916630153125 0.464099159375 0.9153799812500001 0.4627144109375 0.9143128125000001 0.4613652375 0.9132456437500001 0.4600160609375 0.9116520828124999 0.45942086875 0.910188059375 0.45913629218749996 0.9086931890625 0.4599874578125 0.907091390625 0.46138870781249997 0.905360053125 0.46247934375 0.9035752546875001 0.4638450234375 0.9020495343749999 0.46583193125 0.9007602796875 0.46757936874999995 0.899600565625 0.4696374203125 0.8986238546875001 0.471731046875 0.8979596859375001 0.4741708578125 0.8972194390625001 0.47602501249999996 0.8958767218749999 0.47804749218750003 0.894457928125 0.479484315625 0.8930391343749999 0.48092113750000004 0.892062421875 0.48301476250000003 0.8914517171874999 0.48517953125 0.8909705499999999 0.487654915625 0.8909088531249999 0.4899264 0.8904811499999999 0.4921267421875 0.8896874421875 0.4942559375 0.8883981875 0.4960033765625 0.8874214765625 0.49809700156250003 0.8867573078125 0.5005368125 0.8861466015625 0.50270158125 0.885535896875 0.50486635 0.8847421875 0.5069955484374999 0.8841314812500001 0.509160315625 0.8842527875 0.511467375 0.8843206296874999 0.514049475 0.88425893125 0.516320959375 0.885562565625 0.5174306640624999 0.8871026656250001 0.5183008984375 0.8885666890625 0.5185854765625 0.8901602515624999 0.51918066875 0.8916777359375001 0.519190203125 0.892966990625 0.517442765625 0.8942562453124999 0.515695328125 0.8958045796875 0.51456911875 0.8974598390624999 0.5128928265625 0.8988025578125001 0.5108703453125 0.900404353125 0.5094690953125001 0.901899225 0.5086179296875 0.9035770984375 0.5078023359375 0.9051480468750001 0.5075368265625 0.906795071875 0.5078569765625 0.9082590953125 0.508141553125 0.9099061203125001 0.5084617031249999 0.9114462203125001 0.5093319375 0.912620315625 0.510131028125 0.9139239484375 0.5112407328125 0.9155175124999999 0.5118359265625 0.9165846796875 0.5131851015625 0.917995240625 0.5137447203125001 0.9194592609375001 0.514029296875 0.9209232843749999 0.514313875 0.9224407687499999 0.5143234109375 0.9243242609375001 0.5144040890625 0.9257656703125001 0.513827965625 0.9274435437499999 0.513012371875 0.9292509593749999 0.51250739375 0.9307684437500001 0.5125169281249999 0.9324154703125 0.5128370765625 0.93406249375 0.5131572265625 0.9351296625 0.514506403125 0.936433296875 0.5156161078125 0.9367910687500001 0.51768369375 0.9378047734375 0.5193079125 0.9388719406250001 0.5206570890625 0.9400686500000001 0.5223168796875 0.9408458906250001 0.5241805671875001 0.9419130578124999 0.5255297437500001 0.9430563031249999 0.5274645765625 0.943650540625 0.5292926921875 0.9442447765624999 0.5311208093750001 0.9443660828124999 0.533427865625 0.944563465625 0.5363205828125001 0.9455237078125001 0.5382198421875 0.9456223984375001 0.5396662 0.9457437046875 0.5419732578125 0.9459184734375 0.5440052718749999 0.9462001671875001 0.545487203125 0.9464592484375001 0.5461084328125 0.947435959375 0.54401480625 0.9480466640625 0.5418500390625 0.9488403734374999 0.539720840625 0.949268075 0.5375205000000001 0.949695778125 0.535320159375 0.949940478125 0.533084246875 0.950055640625 0.5305377171875 0.950300340625 0.5283018046875 0.9503620375 0.52603031875 0.9506067375 0.5237944062500001 0.9508514375000001 0.5215584921875001 0.9511495999999999 0.5190475375 0.9518137687499999 0.516607725 0.9526074781249999 0.514478528125 0.9535841906250001 0.512384903125 0.954743903125 0.5103268515625 0.9555910750000001 0.5079226109375 0.9561483171875 0.5060328859375 0.9562634781250001 0.50348635625 0.95582963125 0.5008331125 0.9552888562499999 0.49872995312499996 0.954565078125 0.496591221875 0.9540243046875 0.4944880625 0.9534835312500001 0.49238490312499994 0.952706290625 0.490521215625 0.9518755875 0.48893256875 0.950915346875 0.487033309375 0.949955103125 0.485134046875 0.9491778625 0.4832703578125 0.948637090625 0.48116719999999996 0.9480963156250001 0.47906403906249995 0.9477385437500001 0.47699645312500005 0.9474342359374999 0.47465382343750007 0.9472594687500001 0.4726218078125 0.946009296875 0.4712370609375 0.9421970859375 0.469354303125 0.9366761515625001 0.46942288125 0.9348152750000001 0.47020290156250005 0.9332669421875 0.47132910937499994 0.9321606890625 0.47311212031250005 0.930482815625 0.4739277125 0.9287288640625 0.47415764843749997
3 0.6937076359375001 0.5029726250000001 0.6883614703125 0.50507321875 0.68184735625 0.51122830625 0.677239346875 0.5183247734374999 0.676552565625 0.5199038859375 0.6723640234375 0.5267964546874999 0.6752612203125 0.5285013515625 0.687010396875 0.5344958125 0.6880014859375 0.5352593296875 0.6889925781249999 0.5360228484375 0.6898541296875 0.5364757515624999 0.7088308718749999 0.5473003265624999 0.7099288890625 0.547513759375 0.7186060999999999 0.5497713078124999 0.7192928828125 0.548192196875 0.7197432 0.5468525546875 0.72037651875 0.5455484859374999 0.7210633015625 0.543969375 0.721750084375 0.5423902625 0.7224368671875 0.5408111515625 0.7230701875000001 0.5395070828125 0.7238865109375 0.5382385859375 0.7248858375 0.5370056609375 0.7258851609375 0.5357727375 0.7268844875 0.5345398125 0.7271518015625 0.5331645984375 0.7271065734375 0.5314431984375 0.7270078828125001 0.529996840625 0.726962653125 0.528275440625 0.7268639640625 0.526829084375 0.72658226875 0.5253471546874999 0.726300575 0.5238652234375001 0.7257824140625 0.522622765625 0.7250277890625 0.5216197765625 0.7241662390625 0.5211668734375 0.723121684375 0.5206783984375 0.7226569859375 0.5191608953125 0.7221388265625001 0.5179184359375 0.7216206671875 0.516675978125 0.7211025078125 0.51543351875 0.7170394499999999 0.5109330890625 0.7152855 0.511163025 0.7141874828125 0.5109495921875 0.7045417953124999 0.508789225 0.7029708484375 0.509054734375 0.699586340625 0.504971634375 0.6968186843749999 0.5035773515625 0.6951716578125 0.5032572015625 0.6937076359375001 0.5029726250000001
3 0.6721049453125 0.5261752265624999 0.6774758125 0.5180853046875 0.6784525234375 0.5159916796874999 0.681374425 0.5117072484375 0.682610215625 0.5102348515624999 0.6845019406249999 0.5083190890625 0.6858672734375 0.5071573078125 0.6892004078125 0.504665421875 0.6935780953124999 0.502662009375 0.7001353484374999 0.50507835 0.7028947703124999 0.5084690765625 0.70441225625 0.5084786109375 0.7052841296875 0.50008504375 0.7049880578125001 0.49574596875 0.7024342515625001 0.4932515171875 0.700581609375 0.4920350953125 0.69988868125 0.488760621875 0.6978468890625 0.4826550421875 0.6956447109375 0.47737459062500004 0.6911848 0.473938759375 0.6811196453125 0.4719822921875 0.6749736265624999 0.4713584953125 0.6735096031250001 0.47107391718749997 0.666578109375 0.47058287656250003 0.6649536984375 0.471123428125 0.6602717015625 0.470784209375 0.6530255765625 0.4767970078125 0.649515584375 0.484106909375 0.6485388734375 0.486200534375 0.6436944 0.493536471875 0.640032253125 0.4996750578125 0.6391686125 0.50607218125 0.6721049453125 0.5261752265624999
3 0.8863293609375 0.5535444953125 0.8878468453125 0.5535540296875 0.8910874328125 0.554469371875 0.89255145625 0.5547539484375 0.8955555796875 0.5559087593750001 0.8979654640625 0.5552354562499999 0.902511775 0.5504104734374999 0.906081375 0.547679115625 0.9099018203125 0.54756543125 0.9161691453125 0.550496284375 0.9176866312499999 0.55050581875 0.9274700921875001 0.5509803578125 0.9351562109374999 0.5524743875 0.9417443140625 0.553754984375 0.9456017515624999 0.5573591421875 0.9464736281249999 0.548965575 0.9459349421875001 0.5400123875 0.9437040031249999 0.52901765 0.9423777546875 0.5270472453124999 0.940144728125 0.5229025359375 0.9390549437500001 0.5206926609375 0.9371570734375 0.5177548375 0.930165971875 0.512685253125 0.92870195 0.5124006765625 0.9214496796875 0.5135598921875 0.9148615765624999 0.5122792953124999 0.9136340203125 0.511755246875 0.909875271875 0.5095974453125 0.9048355046875001 0.507190640625 0.9026620859375001 0.507624475 0.8982227 0.511899371875 0.8942562453124999 0.515695328125 0.8907092593750001 0.519287384375 0.88922876875 0.5229956921875 0.8864734015625 0.53130858125 0.8833746437500001 0.5404110265625001 0.8816946796874999 0.5480766484374999 0.88209768125 0.5518656359375 0.8863293609375 0.5535444953125