1 0.7612991140625 0.6199308828125 0.7670095078125 0.6120793484375 0.7772162484375 0.6014079734375 0.7845173265625001 0.59615883125 0.7924912453124999 0.5963966484375 0.7986433671875 0.5964611328125 0.8010348953124999 0.58195174375 0.7910709875 0.56108898125 0.786081721875 0.5497683984374999 0.7785853734375 0.554171734375 0.7715731796874999 0.5563845515625 0.766548075 0.5483388375 0.7580761 0.5562340046875 0.7590963265624999 0.5657982453125 0.7423396125 0.5738243203125 0.7382125921875 0.58338904375 0.7395802078125 0.5970305671875 0.7433766421875 0.608329575 0.7477003828125001 0.615052396875 0.753780828125 0.6216666156249999 0.7612991140625 0.6199308828125
0 0.8039508890624999 0.4556631890625 0.8054040828125 0.4568125078125 0.8065391375000001 0.45744134843750006 0.8073560562500001 0.4575497109375 0.8078548375000001 0.4571375953125 0.807587165625 0.45512065 0.8045579125 0.45314734218749997 0.8026059375000001 0.4524101390625 0.8013480140624999 0.452106628125 0.8017312421874999 0.4529090421875 0.8026856531250001 0.4544704765625 0.8039508890624999 0.4556631890625
0 0.7432852609375 0.5590548140625 0.74317701875 0.56115854375 0.7438783828125 0.5624814359375 0.7447530796875 0.561982534375 0.745056590625 0.5607246109374999 0.74466605 0.559032996875 0.7432852609375 0.5590548140625
0 0.7397485203125 0.4648431765625 0.738165146875 0.4631299859375 0.7370374046875 0.4633903453125 0.7368713859375 0.466101340625 0.7384547578125 0.46781453125 0.7395898140625 0.46844337343750003 0.7398282359375 0.46690351406249997 0.7397485203125 0.4648431765625
3 0.307609203125 0.7522910125 0.2997303515625 0.763612803125 0.290874425 0.7629846875 0.2856043109375 0.7633105 0.2754546234375 0.765653740625 0.26725032187500003 0.775565853125 0.2559436390625 0.7746126515625 0.2503700140625 0.7761963859375001 0.245491165625 0.7859346859375 0.2425131015625 0.79018578125 0.24507355 0.803848878125 0.25601235624999996 0.8134989390625 0.2709640796875 0.8302405453124999 0.2751503265625 0.835510296875 0.2841079078125 0.84086635 0.28895164218749997 0.8421237906249999 0.3095852328125 0.8551779312500001 0.3148260953125 0.8512953140624999 0.3217936859375 0.836026421875 0.324829528125 0.8311680609375 0.3332510359375 0.8247693593750001 0.3369882421875 0.8212338890625 0.348929746875 0.8077863078125 0.35130665156249996 0.7914985171875 0.35112528125 0.784710240625 0.3453329953125 0.7673388265625001 0.3391940484375 0.7536110015624999 0.3364390546875 0.7468229671875 0.32933838125000003 0.73064450625 0.320662375 0.7213629265625 0.31641835 0.716700440625 0.3067594046875 0.71002149375 0.3019010453125 0.7069856546875 0.298454175 0.7229265390624999 0.3056550515625 0.728391196875 0.31241564843749997 0.741381578125 0.3102040390625 0.7472375015625 0.307609203125 0.7522910125
0 0.746209840625 0.67805570625 0.7497810281249999 0.677231234375 0.75187708125 0.6725898406249999 0.7526354984375 0.6655845968749999 0.7528446671875 0.6604879343750001 0.7549407234375 0.655846540625 0.75642244375 0.6528317921875 0.757846384375 0.6504243093750001 0.7545713968750001 0.6491016578125001 0.7474729 0.656085809375 0.741950465625 0.6638939500000001 0.736030175 0.669121275 0.7366957015625 0.6737190328125 0.7416842421875 0.6773187453125 0.746209840625 0.67805570625
3 0.7013072859375 0.4312523265625 0.694737546875 0.44910203437499996 0.69202129375 0.469922615625 0.6956173203125 0.5026492250000001 0.6998635234374999 0.5304743234375 0.701773796875 0.5490389328124999 0.70557826875 0.5689480109375 0.7122306234375 0.584042121875 0.720169428125 0.595275675 0.7281952609375 0.6094587671875 0.7500940859375 0.6237056203125 0.765904428125 0.6227281828125 0.7755904484375 0.6098013203125 0.786180415625 0.599932359375 0.7977979234375 0.6005168390625 0.8083388749999999 0.6075860828125 0.8131540859375 0.6130075921875 0.8190963140624999 0.61044786875 0.828956390625 0.60342008125 0.8337708734374999 0.6011207187500001 0.8406814125000001 0.5941799609375 0.8438254953125 0.5872178703125 0.8472723640625001 0.5712769843750001 0.8486721906250001 0.5430392875 0.8454162406249999 0.5135007578125 0.8319455109374999 0.48602353125000003 0.8175635218749999 0.4545992046875 0.8035142953125 0.42547375781249996 0.793948240625 0.407191809375 0.7821054875 0.39448384999999997 0.765868765625 0.39704453906250003 0.75257426875 0.3986290015625 0.747239065625 0.398672878125 0.739706878125 0.40635107968749995 0.7213528890625 0.4186064328125 0.716292671875 0.4215564546875 0.7072202609375 0.42513579999999995 0.7013072859375 0.4312523265625
0 0.7321746328125001 0.49034878437499996 0.733071265625 0.4925174859375 0.7345822375 0.4930595390625 0.7351314828125 0.4911509578125 0.7333528390625 0.488591959375 0.7321746328125001 0.49034878437499996
0 0.753846034375 0.46930954687500004 0.7529713375 0.46980845000000004 0.753173921875 0.47154345781250007 0.75405593125 0.4719337546875 0.7545547125 0.4715216390625 0.754800446875 0.47087098125000004 0.753846034375 0.46930954687500004
0 0.756663940625 0.45321690625000005 0.75575268125 0.4492698046875 0.753720990625 0.4464722640625 0.751595684375 0.44755685781250004 0.7520513140625 0.4495304078125 0.754017915625 0.45204601093749996 0.7556663796875001 0.45404113749999997 0.756663940625 0.45321690625000005
0 0.8207448359375 0.536123490625 0.81966755625 0.5348873859375 0.8175349375 0.5350827765624999 0.8184893484375 0.5366442109375 0.8202029015625 0.5389212718749999 0.8212728671875 0.539268178125 0.8207448359375 0.536123490625
3 0.703692775 0.6602539875 0.7059204625 0.67161820625 0.70806843125 0.6809220859375 0.710201775 0.688447565625 0.7249940687499999 0.7010684984375 0.733893871875 0.7070318171875 0.739814884375 0.7095253625 0.750406303125 0.715098140625 0.7563631562500001 0.7143168203125 0.7632451687499999 0.7115401296874999 0.7747983109375001 0.71956354375 0.7791220515624999 0.7262863671875001 0.7836264374999999 0.7320765984375 0.7931486140625 0.7450233421875 0.803008690625 0.73799555625 0.811682521875 0.724114525 0.8174433796875 0.7147665265625001 0.82303749375 0.70040865 0.8226462281250001 0.690996165625 0.8236715921875 0.678286996875 0.8229973015625 0.657358296875 0.821340075 0.6390322281249999 0.8161628515625001 0.6277550375 0.8108920124999999 0.62035998125 0.805707475 0.608193590625 0.7957954828125 0.6012761015625 0.784228440625 0.59919515625 0.7762406234375 0.6048998078125 0.770515603125 0.610972940625 0.7628173984375 0.6213621390624999 0.7559353843750001 0.624138828125 0.74931300625 0.6203223906249999 0.742850059375 0.6206266281249999 0.7384253890625 0.616896734375 0.7338200765625 0.6140994375 0.7265833609375 0.61190964375 0.715732309375 0.6129299921875 0.7094214796875 0.6164657046875 0.7069641359375 0.6229722843750001 0.704340775 0.6321898640625 0.7029906859375 0.651210225 0.703692775 0.6602539875
3 0.15481625937500001 0.575831428125 0.1515427234375 0.5899505171875 0.15241228281250002 0.6117250249999999 0.1531516625 0.6329356609375 0.1531523875 0.64065653125 0.1521635875 0.6578117046874999 0.1558956578125 0.6765496468750001 0.1590265640625 0.68325089375 0.16866502187500002 0.7027039796875 0.1847159625 0.72334929375 0.19311039531250002 0.7365563984375 0.1971013734375 0.74098034375 0.20827201562500003 0.7559222140624999 0.22305771874999997 0.775374815625 0.2343285625 0.779602884375 0.23902749218750002 0.7785180515625 0.25522765000000003 0.7715113578125 0.259095034375 0.7685397609375 0.269902209375 0.7621842078125 0.27440587031249997 0.7602535671874999 0.2846272359375 0.7513605937500001 0.292108234375 0.7374579859375 0.299689434375 0.712841578125 0.304256009375 0.6880302609375 0.29803661875 0.6645212296875 0.2913550125 0.6458703156250001 0.2828303984375 0.6320993390625 0.2796344 0.6251161546875 0.2744352375 0.6111713640625 0.26414588125 0.5888989203125 0.258440625 0.5744770453125 0.24854253437499998 0.5616170859375 0.24381435156250003 0.5591451171874999 0.236244875 0.5546564453125 0.2317339015625 0.5556978859374999 0.2178616359375 0.563354996875 0.20604154531250002 0.5610355078125 0.19111248593750002 0.554682375 0.1808757703125 0.5540760765625 0.1756707453125 0.554683825 0.167212671875 0.5566365234374999 0.163410375 0.5598900578125 0.1575339640625 0.5704525874999999 0.15481625937500001 0.575831428125