2 0.4803233484375 0.4445110484375 0.49091374062500004 0.4455396125 0.50835238125 0.44210049375000005 0.525371146875 0.4403117484375 0.5363249453125001 0.441034409375 0.5462171625 0.44106552499999996 0.5586245875 0.4405645734375 0.5634315484375 0.4392562203125 0.564610925 0.42601460781249995 0.564222928125 0.4185595875 0.5516215078125 0.4153330265625 0.5386010203125 0.41188280625000007 0.5300502984375 0.4114429859375 0.5211631890625 0.4134478890625 0.5044521703125 0.4144011640625 0.48790651093750004 0.42069120625 0.47912910000000003 0.42750330937500003 0.4761645703125 0.4331690375 0.4765247375 0.44035927812500003 0.4803233484375 0.4445110484375
3 0.5774798203125 0.39226946093750004 0.572252175 0.3971022234375 0.567276615625 0.40056995625 0.5656789828125001 0.41171386875 0.566655453125 0.41535913750000003 0.56502918125 0.4281123046875 0.566227478125 0.43574986875 0.5711965578125 0.447274421875 0.5747136328125 0.4562745140625 0.5781210078125001 0.4604674078125 0.58144489375 0.463865953125 0.5841549078125 0.46518736250000003 0.5871145765625 0.4707658484375 0.5908296984375 0.474123275 0.5946561406249999 0.478539828125 0.599153734375 0.4818150140625 0.6047415468749999 0.4841724890625 0.6103015296875001 0.486265184375 0.6187695734374999 0.48403662187499996 0.62187163125 0.4834428734375 0.6244989640624999 0.48209590156250004 0.6289155 0.47895463281249995 0.63260603125 0.47455113437499996 0.634145575 0.46849976406250005 0.63521039375 0.46169516718750003 0.636470021875 0.45674404375 0.63803739375 0.45095745468750004 0.6380954828125 0.4458649140625 0.6377353171875 0.43867467343750005 0.6377934062499999 0.43358213125 0.6374888984375 0.42692145468750003 0.63687664375 0.421096246875 0.6364313687500001 0.4168597328125 0.6357356249999999 0.410240178125 0.635234690625 0.4054740984375 0.6343441390625 0.39700106874999996 0.6343744 0.39164374375 0.634041253125 0.386592321875 0.6335403171875 0.3818262421875 0.6321734203125 0.37634805781249997 0.63091784375 0.371929003125 0.6279025140625001 0.36582095312499996 0.626506978125 0.3619520203125 0.6242176500000001 0.3571062015625 0.62109019375 0.3518130609375 0.61807324375 0.34945308124999996 0.614887696875 0.34925248125 0.6115343609375 0.3493372234375 0.599798090625 0.34869680625 0.5906588953125 0.35206673906249997 0.5880872203124999 0.353943275 0.584702815625 0.36125937812500003 0.580562959375 0.370796540625 0.5787697078125 0.3819610140625 0.5774798203125 0.39226946093750004
3 0.487074634375 0.5350896203125 0.4883302125 0.539508675 0.48935910156249995 0.5511796515625 0.4905311890625 0.5548043609375 0.49192672656249997 0.5586732921875 0.49385183593750004 0.56569905 0.4948561359375 0.5696091015625 0.498262703125 0.5756760296875 0.5044292687499999 0.59671218125 0.5060204234375 0.600560553125 0.5449770453125 0.5948598031250001 0.5460124140625 0.5915384953125 0.5473841687500001 0.5857724671875 0.5479480531250001 0.574201790625 0.5479791234375 0.56697043125 0.5484570875 0.5602275140625 0.5504443359375 0.5527905515625 0.5519274109375 0.5480836499999999 0.5527115031250001 0.5442533390625 0.5513108156250001 0.487646628125 0.5494127234375 0.4827596890625 0.546199346875 0.48229430625 0.5396604625 0.48217845 0.5366705328125 0.4819572890625 0.5294891374999999 0.4813735484375 0.5235649375 0.4814607921875 0.5190378953125 0.48166889687500003 0.51470646875 0.481856440625 0.48717999062499995 0.4852850046875 0.4860022328125 0.49477854375 0.48583201562499995 0.50068599375 0.48588362500000004 0.5105857359375 0.48643940937499996 0.517755415625 0.4875525984375 0.528346703125 0.487074634375 0.5350896203125
3 0.48249384375000004 0.59500208125 0.48428709531249997 0.58383760625 0.4859125578125 0.572958475 0.48667125 0.5632412734375001 0.48625542343749995 0.5555214687500001 0.4863691734375 0.5509584921874999 0.48642888125 0.542117878125 0.4865728890625 0.532197575 0.48618570156249996 0.52286851875 0.4863567296875 0.5150870328125 0.4862756703125 0.5086705796875 0.485998184375 0.504148721875 0.4851632921875 0.49620525625 0.48251136875 0.4897913046875 0.4787946265625 0.49018195000000003 0.4761943140625 0.493667740625 0.4730914453125 0.496135521875 0.4688148703125 0.498726665625 0.4656285109375 0.5004001031249999 0.460596484375 0.5052123046875 0.454615815625 0.5066440203125 0.44894289218749994 0.5072402687500001 0.444639296875 0.5076925937500001 0.44042000000000003 0.50706523125 0.43483056875 0.5084558265625 0.4279004484375 0.5083810890625 0.423680340625 0.5096277625 0.42091142968749995 0.51527293125 0.4242361265625 0.5167974421875 0.42579864062499995 0.5222550671875 0.42582322968749997 0.530015990625 0.42760109375 0.5544581921875 0.431562634375 0.5695688359375 0.43488247187500007 0.5823375609375 0.4373363453125 0.5943941796875001 0.438451965625 0.5993633609375 0.441103078125 0.6076513484375 0.47689955156249997 0.6076368875 0.4770395109375 0.6070867640625 0.4802536984375 0.605678109375 0.481988859375 0.599606178125 0.48249384375000004 0.59500208125
3 0.2276245828125 0.37924718749999997 0.227760490625 0.388067240625 0.2276467421875 0.39263021875000004 0.227979078125 0.3995556765625 0.2276697125 0.4041392140625 0.22794720000000002 0.408661071875 0.228643753125 0.413406590625 0.22939596562500003 0.4186816734375 0.232101928125 0.42937326249999996 0.239465984375 0.4599210125 0.24069211250000003 0.46782335625 0.24409786875 0.47576432031250004 0.247279365625 0.4853350984375 0.25057299375 0.49409097031250004 0.2568008890625 0.5025384374999999 0.2627799375 0.5048547921875 0.2672226828125 0.5057263765625 0.27230875 0.5051918093750001 0.2772835 0.5035981140625 0.2796603640625 0.49986810156250006 0.2839115421875 0.49139006875 0.28735241562499997 0.4827294953125 0.2900378375 0.4762899796875 0.294372503125 0.46860629375 0.29702847499999996 0.4656500671875 0.299936534375 0.461328809375 0.3024819984375 0.45543941875 0.30268085624999996 0.447922715625 0.30358355625 0.4282852140625 0.303082621875 0.42351913437500005 0.3022477296875 0.41557566875 0.29909325 0.4081437078125 0.292166371875 0.40057282968749996 0.2830598640625 0.39296332968750003 0.2799037671875 0.3892794421875 0.2754626421875 0.38465978437500004 0.2726977796875 0.3809347765625 0.269960746875 0.3774745484375 0.26761495156250004 0.3739732015625 0.264236215625 0.3681710546875 0.2589847890625 0.3633688578125 0.2537595734375 0.3625795140625 0.2456279171875 0.36236335625 0.24235969062499998 0.3594943734375 0.2392592515625 0.35634005 0.23534527187499998 0.3604993265625 0.23078715781249998 0.367938790625 0.2294440421875 0.37209556718750003 0.2276245828125 0.37924718749999997
3 0.553631209375 0.48526108749999997 0.5517855390624999 0.48839985468749997 0.5549173406250001 0.5483048109374999 0.5598872296875 0.5579553296875 0.5643005249999999 0.5623102015625 0.5662550859375 0.565852671875 0.5700807171875 0.5721432609375 0.5751635453125 0.5791048359375 0.5761400140624999 0.58275010625 0.5782623625000001 0.5860072328125 0.6109035484375 0.580434846875 0.6121639859375 0.573609690625 0.61373216875 0.565949065625 0.6121588328125 0.5208719109375 0.611549009375 0.509424596875 0.60996109375 0.4980800828125 0.606834446875 0.4909129046875 0.60261676875 0.486537471875 0.5947952890625 0.47986374062500003 0.58783815 0.477650184375 0.583814471875 0.4770022625 0.5799577703125001 0.47794303125 0.5761288984374999 0.479148584375 0.572607775 0.47951866875000004 0.569590015625 0.47903272656249996 0.56640446875 0.4788321265625 0.5609828234375 0.4799373796875 0.557656509375 0.4821609390625 0.553631209375 0.48526108749999997
3 0.3065421921875 0.565575753125 0.30564516249999996 0.5720950078125 0.3043012375 0.57812581875 0.3029016515625 0.583627065625 0.3012778078125 0.590758125 0.300771203125 0.599110296875 0.30152260625 0.6062594156250001 0.30246881718749996 0.6152620093750001 0.3021594515625 0.6198455468749999 0.301430209375 0.626079459375 0.326917828125 0.6201881171875 0.3494130875 0.61969771875 0.3516508046875 0.6146437953125 0.352631325 0.6089188890624999 0.3546447828125 0.605494778125 0.356938159375 0.6009704203124999 0.3614398046875 0.5948754265625 0.363817478125 0.5892713781250001 0.366112475 0.5809989484375 0.36550103125 0.5732997046875 0.362684559375 0.559674953125 0.3599221265625 0.5503278375 0.3558181984375 0.541389425 0.34987102812500004 0.5299676734375 0.3480285953125 0.5256102968749999 0.342498871875 0.518160278125 0.3385332828125 0.5124198125 0.333281046875 0.5094916515625 0.3299825609375 0.51197999375 0.32662922499999997 0.5120647359375 0.3234985265625 0.5142677359375 0.319473228125 0.5173678859375 0.31706934375 0.5189590796875 0.3150280546875 0.52211840625 0.31223131406250004 0.52749879375 0.3094043125 0.538236503125 0.30814225624999997 0.5488097328125 0.307637271875 0.55341383125 0.3069636890625 0.5601773078125001 0.3065421921875 0.565575753125
3 0.6241044890625 0.4896331640625 0.622035371875 0.49252771093750003 0.6206644234375001 0.49641970312500006 0.6189014328125 0.5022268515625 0.6175026578125 0.5058540625 0.6166907359375 0.50941959375 0.6155154078125 0.513291025 0.6143679109375 0.517427240625 0.6131361140625 0.5226431453125 0.613439809375 0.53117785625 0.61366001875 0.5389182203125 0.6148018468750001 0.5479002546875 0.61661645 0.5519928484375 0.6215028499999999 0.56084901875 0.6228983859375 0.5647179515625 0.6248529453125 0.56826041875 0.628818534375 0.574000884375 0.6312208015625 0.5761577609375 0.684933071875 0.5678353015625001 0.684655584375 0.56331344375 0.684182478125 0.558812146875 0.6832919265624999 0.550339115625 0.6806710734375 0.5366938046875 0.678131278125 0.529464946875 0.676345315625 0.5237631 0.6726047937499999 0.514518784375 0.6713492171875 0.5100997281249999 0.6692833375 0.50549813125 0.6676643546875 0.501384978125 0.6662688171875 0.49751604687500006 0.6641742984375 0.49452370312499994 0.6596496859375 0.48910970000000004 0.64808444375 0.48068779531250005 0.6400378953125 0.477517915625 0.6364603015625 0.4792324703125 0.6337494796875001 0.479785096875 0.631010828125 0.48007294062500006 0.6284948140625 0.4824790421875 0.6268447609375001 0.48559725 0.6241044890625 0.4896331640625
3 0.376734675 0.37910210312500003 0.3760897328125 0.3842563265625 0.37622726093750003 0.3893283078125 0.37608406250000004 0.397374575 0.37456991875 0.4093128359375 0.37375556875 0.418500471875 0.37383743593749996 0.423042890625 0.37447752031250003 0.42913288125 0.3764010125 0.43990670937500004 0.37826884375000003 0.45015097343750005 0.3796341203125 0.45937722968749994 0.38178186875 0.46852124375 0.38275671875 0.475914584375 0.3844297421875 0.4843053734375 0.38629919375 0.4908015671875 0.3886441796875 0.49617695 0.397806346875 0.5043160125 0.405936384375 0.5082802421875 0.415660003125 0.510470734375 0.42122079687499997 0.5106893921875 0.4306104609375 0.5097024984375 0.433963796875 0.50961775625 0.45101039062500003 0.50809379375 0.4589194109375 0.5061916937500001 0.46579548906249996 0.5019887953125 0.472393271875 0.495138075 0.4762786125 0.49258805156249996 0.47837637187500004 0.488084253125 0.47927097031250004 0.48718710468750004 0.4761032421875 0.445757721875 0.47174803593750003 0.43631030624999995 0.4712192703125 0.43127944375 0.47069293593749995 0.42062647656249996 0.4671480328125 0.4113616015625 0.46128516093750005 0.3988601609375 0.45902366250000004 0.3942791234375 0.453550409375 0.3854846328125 0.45092550625000005 0.38120949843749996 0.4467380890625 0.371476740625 0.44509127499999995 0.3670988046875 0.4415996 0.3639856015625 0.4378009890625 0.35983382812500003 0.4330521171875 0.356049640625 0.42503420937499997 0.3512705046875 0.4194193765625 0.34677420937500003 0.41676502343750005 0.345982365625 0.414082840625 0.3449257375 0.40690225468749996 0.3424679609375 0.4002512421875 0.3431670109375 0.394857428125 0.34453704375 0.3879813484375 0.34873994375 0.3832840859375 0.35485549843749997 0.3811863296875 0.3593592953125 0.3789469921875 0.36816129062499997 0.376734675 0.37910210312500003
3 0.30387157343750004 0.40844460781249997 0.30451165625 0.4145345984375 0.304284159375 0.4236605546875 0.30531305 0.43533152968750005 0.30581398437499996 0.440097609375 0.3059236828125 0.444904809375 0.3063657203125 0.4566374671875 0.3092673 0.46730849374999994 0.31200028281250003 0.48013890000000004 0.31387054375 0.48476105625 0.3228927515625 0.4934502453125 0.3321670484375 0.5007744 0.34236539375 0.5037181187499999 0.352651278125 0.49808600625 0.35916557031249996 0.4904409390625 0.3634159359375 0.4838369421875 0.366296978125 0.477376865625 0.369653553125 0.46979598125 0.373289234375 0.4629888828125 0.3752200140625 0.456896390625 0.376704709375 0.44844141875 0.37598275625 0.4378090125 0.37450778125 0.42377555625 0.3716602390625 0.41738216406250006 0.3647611890625 0.4100760671875 0.36258318125 0.40628937656249997 0.35984776875 0.399081078125 0.35599511875 0.3906516703125 0.3520868078125 0.38169269843750003 0.3470596390625 0.3752606875 0.33876262343749997 0.36970776562499996 0.3267758859375 0.3666843078125 0.321801946875 0.3664039671875 0.320684709375 0.3651828578125 0.31361463125 0.3656582453125 0.308973028125 0.37230336406250003 0.30432980625 0.382696553125 0.302871321875 0.395164378125 0.303789703125 0.4039021890625 0.30387157343750004 0.40844460781249997
3 0.6466794109375 0.369469271875 0.6447216124999999 0.373422946875 0.640750353125 0.3808007296875 0.6393237468749999 0.3841631578125 0.637701525 0.3875461484375 0.6354638078125 0.3926000703125 0.634595415625 0.397510071875 0.634230390625 0.401564046875 0.6354286890624999 0.409201609375 0.636543496875 0.41604482656249997 0.63696094375 0.42001655781249997 0.63785230625 0.426615553125 0.6385488593749999 0.43136107187499995 0.6400843515625 0.43467987812500003 0.6439386234375 0.43936121562499997 0.647346 0.44355410781250004 0.650027371875 0.44648477187499996 0.655474415625 0.45126640937499995 0.660138178125 0.458004321875 0.6632934671874999 0.4635622453125 0.6648289609375 0.466881053125 0.6672304171875 0.4709119640625 0.6695483828125 0.47414853125 0.6734869531250001 0.477750178125 0.6781801656249999 0.481004803125 0.6809744765625 0.48124652343749996 0.6837687875 0.48148824375 0.6876533171875 0.48081225625 0.6919020640625 0.47795632968749996 0.695342128125 0.47116979218750005 0.69690869375 0.4672572375 0.6997340734375 0.46026759687499996 0.7006319140625 0.45187430781250004 0.700830771875 0.4443576046875 0.7016721421875001 0.43730878593750006 0.7018415499999999 0.4332753734375 0.701983128125 0.4289771765625 0.701819390625 0.41989234062499997 0.7026313125 0.41632681250000003 0.7036683 0.4092574328125 0.702749109375 0.40239365625 0.7031706046874999 0.396995209375 0.703257334375 0.3902934140625 0.7025059312499999 0.3831442953125 0.701391121875 0.376301078125 0.7009180171875 0.37179978281250003 0.7002779328125001 0.3657097921875 0.7001412140625 0.3587637734375 0.7007313078124999 0.3512059515625 0.697997515625 0.34024957968749997 0.6967697671875 0.3360953078125 0.6916582984375 0.3307429859375 0.68802585625 0.3300539421875 0.681347015625 0.330488209375 0.6783006171875 0.33161152031249996 0.6766235421875 0.332590909375 0.67097683125 0.337200009375 0.66510748125 0.33969085468750004 0.6630105328125 0.3423206171875 0.6587045078125 0.34839505000000004 0.6549845265625 0.3562818390625 0.6519921656250001 0.361682784375 0.6466794109375 0.369469271875
3 0.3630609234375 0.5293844812499999 0.3624151703125 0.5364127390625 0.3629161046875 0.54117881875 0.363862315625 0.5501814140625 0.36508844375 0.5580837578125 0.365980615625 0.5628087171875 0.3672051234375 0.5744591328124999 0.36689575625000004 0.579042671875 0.3673123921875 0.584888440625 0.3681751140625 0.5930966890625 0.371273121875 0.60187311875 0.372193125 0.6068628609375 0.37372780781250003 0.6120557015625 0.3762684125 0.617410525 0.3986539734375 0.6121129296875 0.41519639531249997 0.6133190296875 0.42118435156249995 0.5950209953125001 0.4204910375 0.5827793328124999 0.42468574375 0.5756457703125 0.4286291734375 0.5680032046875 0.42852271406250003 0.5556998640625 0.427211478125 0.5507512421875 0.425736503125 0.5367177875 0.4260180390625 0.531869465625 0.4258543 0.52278463125 0.41948806406249994 0.5111392171875 0.41579996250000006 0.5099206093750001 0.409653125 0.507889596875 0.406160640625 0.506650428125 0.40222045 0.5067968515625 0.3971638328125 0.5038481296875 0.392023725 0.5001050609375 0.3912134234375 0.49992251874999993 0.3847580296875 0.5006010078124999 0.3815995015625 0.5025392281250001 0.37838450468749996 0.505821915625 0.3726543046875 0.5096366703124999 0.3681534703125 0.513857628125 0.3652724296875 0.5203177046875 0.3630609234375 0.5293844812499999
3 0.47406085 0.3868090921875 0.47209981093750003 0.398258909375 0.4713992078125 0.4028835671875 0.4703049390625 0.4131714546875 0.47180774375 0.42746969218749997 0.47322949062499997 0.43535147656250006 0.475267540625 0.43968829062500003 0.4789818515625 0.44491975312500004 0.48607895 0.446583184375 0.4936245625 0.444986984375 0.4996617 0.4422107984375 0.504803428125 0.442205796875 0.5080732734375 0.4413267078125 0.512516828125 0.44032425625 0.517854175 0.44029869374999997 0.5219621531249999 0.43986692656250004 0.5258745109375 0.43945572187500004 0.5308762796875001 0.44000084375000004 0.5345079140625 0.44256392343749995 0.5390627875 0.44262060156249994 0.5426395703125 0.4427800796875 0.5459094171875 0.4419009921875 0.5497661171875 0.440960221875 0.5543480109375001 0.4431557171875 0.5577291765625 0.44333575625000005 0.562452646875 0.44123305625000003 0.5646068750000001 0.43538478593749996 0.5658665015625 0.430433665625 0.56673489375 0.42552366406250003 0.566905921875 0.417742178125 0.566409034375 0.403605921875 0.567194746875 0.3960275375 0.5627003921875 0.385256209375 0.561808221875 0.3805312515625 0.559436215625 0.3730170515625 0.5554452249999999 0.3613896953125 0.5489382203125001 0.35216844375 0.5447770140625 0.34644853750000004 0.5416487453125 0.3430294296875 0.53871609375 0.33958976406249997 0.5353643796875 0.335926434375 0.5302799312500001 0.33271293125 0.523770496875 0.329113784375 0.5199146078125 0.32818051875 0.5123698046875 0.32790268125 0.50700381875 0.3295374984375 0.49847849687499995 0.33498456875 0.4911547109375 0.3405730578125 0.48014039531249997 0.35056504843749997 0.47686730937500005 0.3589402796875 0.4760218890625 0.3753592765625 0.47406085 0.3868090921875