1 0.6007143203124999 0.3484135296875 0.600954284375 0.333492340625 0.5946208796875 0.318150384375 0.5855931296875 0.3129766515625 0.564919253125 0.3111861453125 0.5503260562500001 0.3158958453125 0.5366964125 0.3198339078125 0.5250969203125 0.325505421875 0.5114477171875 0.3320431875 0.5040800359375 0.335359378125 0.49656040937499996 0.34189809375 0.4884081921875 0.3476513859375 0.4739180421875 0.3556378140625 0.4670137109375 0.3567741140625 0.4691348640625 0.3718716921875 0.482904409375 0.3747984984375 0.4910641375 0.376532903125 0.5048336812499999 0.379459709375 0.5123510437500001 0.3817085390625 0.5327308078125 0.388644253125 0.539029625 0.3916105203125 0.5591739578125 0.3958923296875 0.577844753125 0.40083737812500003 0.5855336203125 0.3972639765625 0.589814328125 0.38840939375 0.591724140625 0.3806782734375 0.5972061 0.36491840937500003 0.6007143203124999 0.3484135296875
3 0.08363808125 0.24078396093749999 0.0779989296875 0.24349111250000002 0.06843936875 0.249596228125 0.063582484375 0.2586538234375 0.062236803125 0.2762693296875 0.0626316953125 0.2831883984375 0.0633846234375 0.293438396875 0.061992309375 0.3087656109375 0.058871465624999994 0.3247018640625 0.054711096875 0.34302101875 0.0459804390625 0.35776486875 0.039451440625 0.368419940625 0.0334324234375 0.3791834125 0.0280437296875 0.3995198578125 0.025594595312500003 0.41104213125 0.0231063421875 0.4277638078125 0.0224812671875 0.4344660796875 0.0214861078125 0.4479248171875 0.0228987 0.4638482328125 0.026579142187499998 0.47537145937499997 0.030242290625 0.4807068390625 0.037654340625 0.48846648750000005 0.04857985625 0.49599649843750004 0.057041210937499996 0.5000733937499999 0.0723873390625 0.505613690625 0.08571309218749999 0.508120684375 0.09654534218750001 0.5110741156249999 0.11241123281250001 0.5154229609375001 0.1267667328125 0.5168469046874999 0.1350122140625 0.5156701921875 0.1403768171875 0.51550854375 0.15060581875 0.5137769953125 0.1564901828125 0.512423896875 0.16654016562500001 0.5090268828125 0.17668568125 0.501418903125 0.18528395312499998 0.487297878125 0.187183984375 0.48086660937500003 0.1930044234375 0.47103737656250005 0.19701058124999998 0.4647282953125 0.20116868437500002 0.4551966875 0.20436550000000003 0.43764917031249995 0.20350200937500001 0.4166347484375 0.20260691406250003 0.408307428125 0.20037293437499998 0.391232971875 0.198119396875 0.37675821875 0.1949978359375 0.3588441390625 0.1911113015625 0.34076745625 0.189309065625 0.3342002109375 0.18630033125 0.31826300625 0.184564290625 0.31138434843749996 0.1828575875 0.3006061375 0.1805453703125 0.2939304921875 0.17677166093750002 0.2778306875 0.171826040625 0.2647366109375 0.16444333125 0.253077409375 0.1600152078125 0.24757942656249998 0.15405713593749998 0.2417562453125 0.1505068140625 0.23839774062500002 0.12417875625000001 0.22433899375 0.11875774218749999 0.223512203125 0.109690871875 0.22353787500000002 0.10379672656250001 0.22619082656249997 0.095654290625 0.23064426718750003 0.08833324218750001 0.2362487453125 0.08363808125 0.24078396093749999
3 0.6161476328125 0.41874338125 0.6095622203125 0.4284100140625 0.6057546421875 0.43378485624999996 0.5989240171875 0.4420974375 0.59130134375 0.4453594265625 0.5852184015625 0.4476467640625 0.5787480781250001 0.45050272812500003 0.5697646953125 0.4564048328125 0.56765630625 0.465070190625 0.5639126531249999 0.4789211640625 0.5624564109375 0.485772246875 0.5601592203125 0.4940719921875 0.557624334375 0.50850538125 0.55593039375 0.5214901078125 0.5538784156250001 0.531143903125 0.5515052546875 0.5410549125 0.5459962203125001 0.551926784375 0.5407888125 0.5651411468750001 0.5388225859375 0.571883828125 0.5403698296874999 0.578396871875 0.5447122 0.5868059703124999 0.549603671875 0.5901240624999999 0.55596868125 0.5927789171875 0.561512303125 0.5942827328125 0.5702752828125 0.6007021171875 0.5766305125 0.604656821875 0.5828631359374999 0.6079345015625 0.587688415625 0.6115640078125 0.5933350828124999 0.6163445515625 0.6014850328125 0.6193788062500001 0.610353325 0.6202873734375001 0.6167378921875 0.620342525 0.622612478125 0.6202892765625 0.6290632390625001 0.620033015625 0.6344278421875 0.6198713671875 0.641520971875 0.6191006796875 0.6484914984375 0.6176529687500001 0.6542434765625 0.6169226953125 0.6602602281250001 0.61494676875 0.6684590765625 0.61148176875 0.68137789375 0.617157090625 0.694939078125 0.6223179859375 0.700803884375 0.6235645890625 0.7097285890625 0.62546159375 0.71712334375 0.627033396875 0.7239419234375 0.6288082140625 0.7330479109375 0.6235831359375 0.737375253125 0.61701684375 0.740692409375 0.6089338984375 0.7484911203125 0.5822745859375 0.749219240625 0.5788490453125 0.752636459375 0.5489800406249999 0.7447580781250001 0.5183374953125 0.7400035218750001 0.496821484375 0.74077529375 0.4706214453125 0.7368105203125 0.4629435734375 0.7390776531250001 0.424693046875 0.7346517968749999 0.41040751875000003 0.724670271875 0.4047055734375 0.710437378125 0.40395865625000005 0.6973372765625 0.40540541562500004 0.685864921875 0.3941788640625 0.6699817390625 0.3836421734375 0.65318915 0.38365310625000004 0.643931215625 0.3921007109375 0.63923605625 0.396635928125 0.6331899671875 0.4025114078125 0.6243856015625 0.41007897499999996 0.6161476328125 0.41874338125
3 0.21780192812500002 0.3405820375 0.2146269375 0.34674230625 0.21010101718750002 0.3542428375 0.20105895468749999 0.3679440484375 0.19921533593750002 0.37536375624999996 0.1986271140625 0.3856541671875 0.20126803125 0.39956029375 0.20270018125 0.4128840078125 0.2039999484375 0.42683054687500005 0.2030807609375 0.43867802187500005 0.2019261453125 0.44787159218749995 0.20453998750000002 0.456889728125 0.20950516718749998 0.46738410156250004 0.21711579531249997 0.4742095125 0.2215341375 0.4810073453125 0.2267836484375 0.4876563671875 0.2343942765625 0.494481775 0.241524259375 0.49729922968749996 0.24876706875000001 0.5020935609375 0.2569268 0.503827965625 0.2634903875 0.50554858125 0.2762865984375 0.5105468796875 0.287251234375 0.5128774843749999 0.29282419531250004 0.5104817453125 0.3062552609375 0.5074779203124999 0.310384025 0.501845865625 0.319754784375 0.49537513750000006 0.3308540734375 0.48829537187499994 0.33846923281249996 0.4775456875 0.344196403125 0.46313987343749996 0.3511225609375 0.45061632500000004 0.3567444203125 0.44172133125 0.3623023515625 0.42435020312500005 0.36527125 0.411636478125 0.365452534375 0.4045143953125 0.364652971875 0.39197610781250003 0.36432427343749996 0.384745625 0.3632403796875 0.376052690625 0.36137195312500003 0.369796859375 0.359966875 0.3613611375 0.3579096484375 0.3547396921875 0.356080340625 0.3432844546875 0.3525518421875 0.328538703125 0.3504111296875 0.316040825 0.3480252046875 0.30218889843749996 0.3442319375 0.288688796875 0.331739615625 0.27724544375 0.3251858078125 0.274224975 0.319840765625 0.27178692187500003 0.3147507140625 0.26940306718749996 0.30677978281249996 0.2680342765625 0.27828465625 0.27043999687500003 0.26912225312500004 0.2746766359375 0.2568314953125 0.2873618328125 0.2429912265625 0.30232153125 0.23599887812499998 0.31515649218749997 0.2266454109375 0.32781506562499996 0.21780192812500002 0.3405820375
3 0.3148708265625 0.4995447390625 0.30601982968749997 0.50482401875 0.3000497109375 0.5090882328124999 0.2882245671875 0.51080599375 0.28139620781249997 0.5103310296875 0.27657844374999996 0.5141892203125 0.2692009828125 0.5188052609375 0.26317445 0.5220810359375 0.2581678859375 0.5255736140625 0.255652559375 0.5374073 0.253789378125 0.547426709375 0.25290931250000004 0.5540747781250001 0.2513379796875 0.5677365296875 0.2513454921875 0.5752242234375 0.253996190625 0.5878305 0.256874803125 0.5956029843749999 0.2586770390625 0.6021702296875 0.26028069375 0.6096717125 0.262205534375 0.6169159828125 0.26536621562499996 0.629630659375 0.26735724843750003 0.636563515625 0.2713588734375 0.6478295296875001 0.273227303125 0.6540853624999999 0.280203075 0.6689128906249999 0.2831478828125 0.6763739609375 0.286602671875 0.6839434328125 0.29082243750000003 0.6916755046875 0.294485584375 0.6970108859375 0.2985925234375 0.7027660796874999 0.3020006796875 0.7080472609374999 0.3096947953125 0.7207491015625 0.31908058281249996 0.7292537640625001 0.32463171874999996 0.7382452749999999 0.3299203484375 0.7396948906249999 0.3355301625 0.74088729375 0.34394488437500004 0.742675896875 0.35048139843750004 0.7395085203125 0.35441158281249996 0.7348107046875 0.3573045078125 0.72370824375 0.3609624078125 0.712768384375 0.35996426875 0.701164334375 0.360231303125 0.6911311359375001 0.36269021874999996 0.6783090109375001 0.36605400781249997 0.6725143578125 0.371467509375 0.66585345 0.377449671875 0.6515018390625 0.3807397546875 0.6385309 0.38364245937499997 0.6261285890625 0.3862901734375 0.6136720765625 0.3879841125 0.600687353125 0.389148509375 0.5901939281249999 0.3886972046875 0.5822864203125 0.3887656640625 0.5731874625 0.388559571875 0.5666340046875 0.38811053281249996 0.54993895 0.37932954375 0.5034813875 0.376271909375 0.49404344062499994 0.372836678125 0.4838742671875 0.3663979640625 0.4740431296875 0.3568797875 0.46616129375000004 0.347351834375 0.4595793078125 0.33683623749999997 0.4739437578125 0.335531940625 0.47757231093749997 0.3278408078125 0.489933259375 0.31949979375000004 0.4953209375 0.3148708265625 0.4995447390625
3 0.1457511984375 0.51404704375 0.1318394890625 0.513042915625 0.11652043593750001 0.5123906093749999 0.1118816890625 0.5179142640625 0.1107466328125 0.5245081328125 0.1063214921875 0.5440729375 0.1039776703125 0.5500843953125 0.0959051265625 0.61313954375 0.0975042515625 0.6382161203125001 0.1072751515625 0.6549397031249999 0.11422384999999999 0.664879240625 0.1184067625 0.6690231703125 0.1293886921875 0.6775416203125 0.143430521875 0.6867104687500001 0.148586765625 0.6887829125 0.1612235171875 0.6895160406249999 0.166919084375 0.687797328125 0.1739926546875 0.68962634375 0.194536409375 0.68325213125 0.2197678109375 0.6648550078125 0.220022803125 0.6649092078125001 0.22636002031250002 0.628825734375 0.2501292140625 0.567154115625 0.25815810625 0.5268734640625 0.259283384375 0.521579446875 0.2546882875 0.504328603125 0.22777427499999997 0.49177272031249997 0.2123935609375 0.473856734375 0.20165159375 0.450417096875 0.19049136093750002 0.4740835171875 0.1832538 0.485564425 0.1795026328125 0.49192770625 0.169403753125 0.5018239765625 0.15938084218749998 0.5101089812499999 0.1457511984375 0.51404704375
3 0.389126684375 0.601581178125 0.3795309890625 0.6379484875 0.3887061546875 0.6574747859375 0.3914328234375 0.668469796875 0.39394361875 0.6742112046875001 0.395562303125 0.696688078125 0.3971734734375 0.7116772546875 0.398786909375 0.7178788875000001 0.40133455937500007 0.7272084359375001 0.40474271718750005 0.732489615625 0.4095018046875 0.736430534375 0.4181128390625 0.746072446875 0.430416359375 0.7571501859375 0.44252356875 0.7603746171875 0.4487855328125 0.75975274375 0.45436827187500006 0.7560571546875 0.4558245140625 0.749206071875 0.45466464999999995 0.7421244031249999 0.45305121406250004 0.7359227703125 0.4489931734375 0.7236683187499999 0.448061225 0.7117528578125001 0.44940464062499996 0.7029248984375001 0.45476399375 0.6864880078125 0.45919665 0.6744108984375 0.46382788281250004 0.6613995484374999 0.4669562390625 0.6529509906250001 0.47141596718749995 0.645761871875 0.4765180640625 0.6380583265625 0.4786264546875 0.6293929703125001 0.48100939687500005 0.6181821078125 0.48254161093750003 0.6097197640625 0.48603778750000004 0.6033022828125 0.4906396796875 0.5941904874999999 0.493380659375 0.5863105546875 0.49598925312500003 0.5790534484375 0.498306003125 0.568154 0.49989463125 0.56068009375 0.499433546875 0.5540724359375 0.4945518546875 0.5494544921875 0.48474934843749995 0.545418009375 0.47635418593749995 0.541029703125 0.4707075203125 0.536249159375 0.4620302921875 0.5269186593749999 0.45800910625 0.51825235 0.45353435 0.5104660796875 0.44782148906249997 0.5059969468750001 0.4429864296875 0.50366729375 0.4406742125 0.49699165 0.4364446671875 0.4905594296875 0.43107255 0.48323338125 0.42974117968750003 0.48197394375 0.41685921718749996 0.47988676249999995 0.40467376875000005 0.487061140625 0.39455759375 0.49076956718750003 0.385905175 0.49511460625000003 0.37930246875 0.4985933953125 0.388760415625 0.55691221875 0.389126684375 0.601581178125
0 0.9240322828125 0.461077025 0.9236622000000001 0.46783349531249996 0.9284799640625 0.46397530312499996 0.9354136359374999 0.4589394515625 0.9422517750000001 0.45811456406250006 0.9460962078125 0.4563278640625 0.9476750546874999 0.4501538078125 0.9505190828125001 0.44555060468749996 0.9509824328125 0.44337071406249995 0.948481415625 0.43632945625 0.9396499781250001 0.4390090328125 0.938223075 0.441960559375 0.9395251046875 0.447119553125 0.9338761718749999 0.4511265546875 0.9282272390624999 0.45513355625 0.9240322828125 0.461077025
3 0.51587810625 0.32875362343750003 0.5005567875 0.33688886406249996 0.48739800781250003 0.3461347328125 0.47840484375000003 0.3533366875 0.4681465046875 0.358967790625 0.454695878125 0.3645713171875 0.44310616718749996 0.36894298124999997 0.42916511718750006 0.37183840468749996 0.42056911093749993 0.3771718828125 0.41352035000000004 0.38901840625 0.407292975 0.4020159671875 0.40526055625 0.4090700625 0.402509796875 0.41824984374999996 0.3996635046875 0.4316405953125 0.39910462343750003 0.43803145312499997 0.39822455625000003 0.44467952187500004 0.3995536625 0.45472650625 0.41013843593750005 0.4651134328125 0.41798449531250004 0.47459274375 0.42320693125000003 0.4763537734375 0.4290055453125 0.4779117890625 0.4341617875 0.4799842296875 0.43577522343749997 0.4861858625 0.439352621875 0.4944323578125 0.44413878125000006 0.50326126875 0.45056998281249994 0.5056047109375 0.45551786875 0.5099112421875 0.4636189203125 0.5194447531249999 0.46733848125 0.5257685734375 0.47028328906250005 0.53322964375 0.47914931406249994 0.5429257562500001 0.4875640359375 0.5447143609375 0.49755533906249994 0.5491164562499999 0.5064702640625 0.5523133109375 0.51181530625 0.5547513656249999 0.5240744609375 0.5547532687500001 0.5329623125 0.55306213125 0.5420314484375 0.5442489140625 0.5515466390625 0.5270679609375 0.5550525937499999 0.5193506296875 0.5621939046875 0.47823035156250004 0.5820547375 0.4098693 0.580375109375 0.40397908125 0.5864407593750001 0.3955039 0.5905424499999999 0.38498385156250003 0.5948058656249999 0.3699414265625 0.5999937140625 0.359326765625 0.6023104640625 0.3484273171875 0.6011062296875 0.3302698109375 0.5989557359375 0.3190717875 0.5978891359375 0.316566696875 0.581079253125 0.3103897859375 0.5670449375 0.30870863125 0.547190184375 0.3168567078125 0.5411832140625 0.31753278125 0.532030590625 0.3204695703125 0.5258814546874999 0.3230683203125 0.51587810625 0.32875362343750003
1 0.560144909375 0.5129469359375001 0.555369246875 0.5366685109375 0.55938291875 0.5378471234375 0.5804118484375 0.517905771875 0.6046375953124999 0.4804169046875 0.6241734296875 0.4637384921875 0.6409366796875 0.46762711250000005 0.6657686578125 0.4598860125 0.695170925 0.455720215625 0.71495721875 0.4566710984375 0.7317671015625 0.46284800937500004 0.7370850718749999 0.4603980703125 0.7382223953125 0.44501665625 0.7406173828125 0.423718396875 0.73274425 0.40935109374999995 0.72518025625 0.4048139734375 0.7109571421875 0.4027672046875 0.6967611 0.40560842968750005 0.688961675 0.39841740625 0.6715681015625 0.3849558125 0.65560668125 0.3848179328125 0.6353818421875 0.39972248125 0.6151743 0.4208148703125 0.598933796875 0.4407975859375 0.5816387390625 0.44818781406249997 0.571049434375 0.45537598125 0.561586125 0.4911204640625 0.560144909375 0.5129469359375001
1 0.4187680828125 0.65898240625 0.411863753125 0.6601187078125 0.4053370171875 0.66198623125 0.3968072046875 0.667008296875 0.39525543125 0.6780703453125 0.3984063296875 0.692084871875 0.3987718828125 0.702903496875 0.40052521875 0.7159699984375 0.4036956765625 0.7273848234375 0.40887899531249994 0.7343452578125 0.41666864062500003 0.74283613125 0.42415666406249997 0.7489845125000001 0.4351288140625 0.7588028140625 0.44712319687499996 0.76005036875 0.4564473234375 0.75129135 0.452502109375 0.741013775 0.4508984546875 0.73351229375 0.44853960312499996 0.7245483593750001 0.44656812968750004 0.715015796875 0.4513144546875 0.6951937781249999 0.4536973953125 0.6839829187500001 0.4553228765625 0.680097153125 0.46712774375 0.6471287593749999 0.46034601718749996 0.648942084375 0.45099481875 0.6528131109374999 0.4443356984375 0.6553034609374999 0.43519285625000004 0.6569403968749999 0.4280335328125 0.6580224968749999 0.4187680828125 0.65898240625
0 0.5529546984375 0.5605664703125 0.5540017390624999 0.5656712625 0.5544921625 0.5683793671874999 0.5581575765625 0.5649272015625 0.5617372390625001 0.564386153125 0.5634853265624999 0.5611774109375001 0.564090840625 0.5570748453125 0.5631099953125001 0.5516586390625 0.5614010265625 0.549667975 0.5618839343750001 0.5448883828125 0.56068495 0.5430061171875 0.5548374390624999 0.5479473578125 0.551794834375 0.5534848015625 0.5529546984375 0.5605664703125
3 0.8695400624999999 0.447866934375 0.8604634140625 0.44919245625000004 0.8453700124999999 0.45249390624999997 0.8337998609374999 0.45426586718750006 0.8266405375 0.45534796718750004 0.8185176609375 0.45720170312499997 0.8078817218750001 0.4621015796875 0.7957060546875 0.4679761078125 0.7872890671875 0.47497505 0.779958240625 0.4818793796875 0.7803410859375 0.49888584687500004 0.7826141843750001 0.510760896875 0.7807976390625 0.523068596875 0.7833257312499999 0.5349978484375 0.7955359859375 0.5414990078125 0.80263138125 0.531940775 0.81456935 0.5321998906250001 0.8289225859375 0.5424113796875 0.8410959874999999 0.5453243999999999 0.8524013671875 0.5447980890624999 0.86659740625 0.541956865625 0.872707425 0.5445575203125 0.87933720625 0.5459667234375 0.8842384578125 0.547984965625 0.89282241875 0.552738884375 0.8980448546875 0.5544999125000001 0.9055351421875001 0.55186075 0.913479 0.5483415484374999 0.9200719265625 0.5461626109375 0.9255786953125 0.5440782859375 0.93015125 0.5388660421875 0.9354248500000001 0.5253402687500001 0.9376287734375 0.51246394375 0.94149503125 0.49928999375 0.9397123562499999 0.49012304687499997 0.9411979374999999 0.4793724109375 0.9444880203125001 0.4664014734375 0.9472019265625 0.4536335484375 0.9514262234374999 0.443790528125 0.9541769812500001 0.43461074375 0.954905103125 0.43118520312499997 0.9406819890625 0.429138434375 0.9342410062500001 0.42809484375 0.9122237156249999 0.43513229375 0.8998223953125001 0.43705306874999994 0.8905938015625001 0.4416011203125 0.8751032437499999 0.4467710453125 0.8695400624999999 0.447866934375