3 0.585245921875 0.3861631546875 0.5830797296875 0.3870192828125 0.5777604828125 0.3920435484375 0.5756310578125 0.3944713625 0.5730195546875 0.39842546875 0.57123603125 0.40088354375 0.567209603125 0.4070665625 0.565922234375 0.4098294578125 0.560322003125 0.4200573703125 0.559207584375 0.42283539687499994 0.5565420624999999 0.4293988890625 0.555682759375 0.43324488125 0.55375988125 0.443271696875 0.552945971875 0.4465988375 0.5519504859375 0.45200138437500004 0.5511592734375 0.4550690984375 0.5513390453125 0.48488572812499997 0.548848746875 0.5013981859375 0.5601209453125 0.51597776875 0.563194109375 0.52069063125 0.5701629703125 0.524698675 0.5839676875 0.5282591328125 0.594262553125 0.5281141734375 0.606605578125 0.5085425453125 0.6138445296875 0.49950364843750006 0.616317578125 0.4871722640625 0.6199427171874999 0.45768852187500003 0.61977066875 0.44172737343749996 0.616766496875 0.42029021875000006 0.615188146875 0.4044674453125 0.6093768234375 0.38722868906249996 0.6069641406249999 0.384926315625 0.6051751703125 0.38346274375 0.601633996875 0.3821072859375 0.5959266328124999 0.38160795625 0.5912937390625 0.3827711 0.585245921875 0.3861631546875
3 0.2958598828125 0.46488690000000005 0.2921198875 0.46978792187499996 0.290290971875 0.4727648484375 0.28867177499999996 0.4773285921875 0.28766221875000003 0.4809000296875 0.286439765625 0.48889683125000005 0.28087677499999997 0.5425222953125 0.2802317390625 0.5678227703125 0.2866540734375 0.6099490671875001 0.28971316406250003 0.6128308171875 0.3268498484375 0.6066690453125 0.3445847578125 0.6011625406250001 0.36545864687499996 0.5896567875 0.37520424218750004 0.5758703749999999 0.36407865 0.5257516671875 0.3638385109375 0.5105687953125 0.350123209375 0.4800907828125 0.33686639218750003 0.464291921875 0.31952367656249997 0.4533638203125 0.313033721875 0.45384166875 0.3104167703125 0.45387412656250004 0.3058660390625 0.45609010312500003 0.3032631578125 0.457953671875 0.2983806 0.4619704984375 0.2958598828125 0.46488690000000005
3 0.25221736875 0.50158744375 0.24711964218750002 0.5000958062499999 0.244593475 0.4990905609375 0.24022976875 0.5031527796875 0.23702269843749998 0.50993030625 0.23646617499999997 0.5242592453125 0.23670313906249998 0.5454543015625 0.23545936250000002 0.5795903796874999 0.236960996875 0.598281965625 0.24755229375 0.6206443203124999 0.2515583 0.6246545593749999 0.2532197140625 0.62558415 0.27704783437499997 0.6161667375000001 0.2861946875 0.6112159328125 0.2799453046875 0.5691047671875 0.28006286406249997 0.5458494359375 0.27904558437500004 0.535565390625 0.2726840890625 0.520631203125 0.265891353125 0.5106261046875 0.2632376296875 0.509086878125 0.2572697015625 0.503597934375 0.2547662328125 0.5023332640625 0.25221736875 0.50158744375
3 0.40084497187499996 0.6513088453125 0.40819603437499996 0.6150929703125 0.4169838140625 0.592334775 0.41771101406250005 0.568087134375 0.3964176828125 0.5764192546875 0.38312864375 0.5789163734375 0.3749178078125 0.5771523734375 0.3666012109375 0.5905409828125 0.3548741734375 0.5970959296875 0.36905340781249996 0.6461747421874999 0.378459921875 0.6621595671875 0.386384321875 0.665205565625 0.38932448124999997 0.6654627953125 0.397456328125 0.6601617765625 0.40084497187499996 0.6513088453125
3 0.43697750781250005 0.553042403125 0.4343378578125 0.5533342875 0.43313265312500004 0.5571500171875 0.4212553609375 0.5634304078125 0.41941237343750004 0.5645762249999999 0.41803421875 0.5683768234375 0.41865930156250003 0.595095475 0.42775033437500004 0.6246460921875 0.4351159390625 0.6320871953125 0.4456291484375 0.6314385140625001 0.4561033140625 0.6192843140625001 0.464318225 0.5990901140625 0.471050121875 0.5819031 0.4769540375 0.56621211875 0.47845974843750005 0.562945503125 0.47667893125000005 0.5175655265625 0.4703909734375 0.5057747109374999 0.4699801578125 0.500510540625 0.467904753125 0.5003289671875 0.46522425468749995 0.5210073656249999 0.4610757171875 0.5305780515625 0.451647878125 0.5407325015625 0.44261995781249996 0.548307825 0.43697750781250005 0.553042403125
3 0.22598115000000002 0.6281679015625 0.23760332812499999 0.6208195453124999 0.24396027656250002 0.6158860671874999 0.2373890609375 0.5993650625 0.2356831546875 0.5830083078125 0.23564411093749998 0.5715027890625 0.23626327656249999 0.5524739265624999 0.23497680937499998 0.539290803125 0.2299081296875 0.52551536875 0.21929958593749999 0.5073340875000001 0.20775185000000002 0.5018797984375001 0.2017181046875 0.507102965625 0.198265015625 0.55254785625 0.19959914843749998 0.5751459609375 0.20675413125 0.596946265625 0.2160103921875 0.612656534375 0.22330473125 0.6268880984375 0.22598115000000002 0.6281679015625
3 0.7411778203125 0.4743076828125 0.7489433453125 0.479169659375 0.754826834375 0.4736719359375 0.7611588125 0.45906405 0.763717203125 0.441773315625 0.7647535328124999 0.415984253125 0.7635587562499999 0.38581740937500003 0.7561650046875 0.3747140828125 0.7395726578125 0.3811047828125 0.7216983906250001 0.39418002812499997 0.7179152765625 0.4095337328125 0.718006534375 0.4503218984375 0.7175462484375 0.4675347828125 0.7217674234375 0.4770534859375 0.7313673125 0.48286018437499995 0.7411778203125 0.4743076828125
3 0.7047279625 0.5184341984375 0.69728109375 0.49399424375 0.6931248359375 0.48970944687499995 0.6830601140625 0.481247965625 0.6730775546875 0.4738393203125 0.6702304578125 0.48247821875 0.6599651109375 0.5121652531249999 0.651064746875 0.5202745609375 0.6604313171875 0.5406998859375001 0.6867447578125 0.5526742359375 0.6996706484375 0.554327928125 0.7067702437500001 0.5528577703125 0.706907325 0.5353551984375 0.7047279625 0.5184341984375
1 0.38089024375 0.502911228125 0.3815788703125 0.5089839375 0.38234421093750004 0.5121878328125 0.38343275781249997 0.5156814171875 0.3840986859375 0.5220135531250001 0.38395388124999996 0.52566064375 0.38332699375 0.5308340281249999 0.38322758281249997 0.5339622671875001 0.383706490625 0.538448159375 0.3874800796875 0.541131009375 0.39150333437499996 0.540960175 0.39326415937500003 0.538761525 0.3954616734375 0.535555434375 0.3978462109375 0.534195584375 0.3996751265625 0.5312186578125 0.40090302656250004 0.5271435015625 0.40512373124999995 0.4948363390625 0.4045063703125 0.4819731671875 0.39710944531250003 0.4768820265625 0.39305487031249997 0.47940282187500005 0.388421978125 0.480565965625 0.384095040625 0.4861998703125 0.3817386484375 0.491221940625 0.38066645 0.4994933 0.38089024375 0.502911228125
3 0.37609980468750004 0.43217245000000004 0.368413740625 0.4762013578125 0.365326975 0.511483253125 0.3651617453125 0.525323603125 0.3763921984375 0.5762357203125 0.383624796875 0.57922119375 0.4176429234375 0.5688654109375 0.42041330625000006 0.5630953265625 0.434584346875 0.5564927890625 0.43900207187499996 0.5498211828125 0.446223771875 0.544963359375 0.4576816234375 0.535509334375 0.4617166765625 0.527235778125 0.4649918390625 0.5196799765625 0.4675697484375 0.508142 0.4686287765625 0.4820935109375 0.4668125609375 0.4610217 0.4641987828125 0.45504197187499995 0.45052025 0.426135646875 0.43860481875 0.40496450156249997 0.42468434374999997 0.3927673375 0.406898590625 0.39487104687499996 0.390407928125 0.408067340625 0.37609980468750004 0.43217245000000004
3 0.5826930609375001 0.6065710421875 0.5923188203125 0.60610613125 0.599013046875 0.6032934515624999 0.6048057499999999 0.59883343125 0.60643901875 0.596100796875 0.6138173234375001 0.5794931609375 0.6148495765625 0.5756623015625 0.6178728015625 0.5610263484375 0.62050335625 0.520999134375 0.6186213234375 0.5106394328125 0.612474996875 0.5012137109375 0.5986802765625 0.521442565625 0.5953683453124999 0.5274266828124999 0.577823634375 0.5287672453125001 0.5662845203125 0.5212224171875001 0.5629389953125 0.519622665625 0.549058465625 0.5029850031249999 0.5486748953125 0.517329071875 0.5435290687500001 0.5641943375 0.5451083203125 0.5640710921875 0.5523776890625001 0.56862825 0.5589942984375 0.584630403125 0.5658464999999999 0.5959477609375 0.57271595 0.6030840453125 0.5806403515625 0.60613004375 0.5826930609375001 0.6065710421875
3 0.6159998234375 0.49080422500000004 0.6124523 0.5014731359375 0.619040765625 0.5138130656250001 0.6203898718749999 0.5222962625 0.617628584375 0.5678016796875001 0.6230150203125 0.577945153125 0.637097546875 0.5823141515625 0.6488041609375 0.5859524625 0.6551102671875 0.5776161859375 0.6572437671875 0.553230171875 0.6514333453125001 0.520045396875 0.6472598359374999 0.519941675 0.634637628125 0.5128249125 0.623983690625 0.4951624828125 0.6159998234375 0.49080422500000004
3 0.49723600625 0.59334346875 0.49973947656249995 0.5946081390625 0.505597096875 0.5953820265624999 0.5077773609375 0.5963570093749999 0.5138987187499999 0.596108325 0.5162378624999999 0.5952673265625 0.5183813578125 0.5946706234375 0.5249112578124999 0.5897522765625001 0.5283280484375 0.5845615671875 0.5311892171875 0.5777537781250001 0.5345238453125 0.5715102359374999 0.5384140937499999 0.5668837718749999 0.5418222609375001 0.5637835984375 0.5441786515625 0.558761528125 0.5487116640624999 0.5189007578125 0.54868986875 0.503214165625 0.5445240828125 0.5169659234374999 0.5306027078125 0.520714778125 0.5179882203124999 0.5274534953125001 0.49881886406250003 0.529436153125 0.49218183125000003 0.5236272609375 0.4804525203125 0.5202483765625 0.4763870484375 0.5149258765625 0.47840028281249997 0.56163324375 0.4798065828125 0.5614948671875 0.48412717031249997 0.5678853328125 0.48655075 0.5780310015625 0.48785763906249996 0.581020865625 0.49092217812500005 0.5878242640625 0.49247010781249995 0.59005098125 0.49723600625 0.59334346875
3 0.642205190625 0.4083995984375 0.6402941109375 0.41032369218750003 0.6368632468750001 0.41368328906249996 0.6327773515625 0.41855405 0.6283455546875001 0.4233945453125 0.6251017140624999 0.42860038593749994 0.6242510343750001 0.430355840625 0.6214438828125 0.434554240625 0.61972845 0.43623404062500004 0.6195881921875 0.45974879687500003 0.6163457250000001 0.4908344875 0.6247122609375 0.4967946921875 0.6358028874999999 0.51344968125 0.6478835468749999 0.5207804765625 0.6528850390625001 0.5193881703125001 0.659400865625 0.5126387125 0.669598121875 0.4837299546875 0.6717997125 0.45856566093750006 0.6726998625 0.434333153125 0.67302396875 0.4186768234375 0.670663028125 0.40383122968749996 0.6671844984375 0.3977758453125 0.6618230328125 0.39730677812500004 0.6543916125 0.40057778437499997 0.652007075 0.40193763281250006 0.6484118859375 0.4031915625 0.6462002984375 0.40456654218750004 0.642205190625 0.4083995984375
3 0.505891175 0.4087600046875 0.5030104828125 0.4098150328125 0.49880565312499997 0.412061271875 0.49353179999999996 0.41656668750000003 0.49122942812500003 0.41897936874999997 0.48775317031250004 0.42285781875 0.4859015578125 0.4260941734375 0.48233451250000003 0.431010325 0.477584959375 0.43948278125 0.4742503328125 0.44572632343749996 0.47021527812499997 0.45399987968750005 0.468686871875 0.457525921875 0.467008209375 0.4607774046875 0.4703260578125 0.500540803125 0.4713238171875 0.5050720890625 0.48090328125 0.521072046875 0.49341518124999995 0.523473753125 0.49940580625 0.5287032703125 0.5176423203125 0.5274232328124999 0.537469884375 0.517917228125 0.544223575 0.516416809375 0.5478618859375 0.5047101953124999 0.5504765671875 0.4947439046875 0.5514330078125 0.47783584062499995 0.551297728125 0.4634463765625 0.5494079734375 0.4392311953125 0.5459671140625 0.4188014796875 0.5346526953125 0.3987285625 0.5310888265625 0.39763253125000003 0.528471871875 0.39766498906250003 0.5232747343749999 0.3993015890625 0.517008571875 0.4031973640625 0.5144056921875 0.40506093437499996 0.505891175 0.4087600046875
3 0.6740389734375001 0.4190270359375 0.67183875625 0.4700711796875 0.675958246875 0.47278429062500005 0.683312953125 0.4723821 0.6855613093749999 0.4725788046875 0.6883652875 0.47439258906250004 0.6910784765625 0.4772440765625 0.695243359375 0.47943833593749996 0.6973782328125 0.48093217031249996 0.6995584984375001 0.481907153125 0.7035050375 0.4846051328125 0.7054896562499999 0.48582441093749995 0.7079109625 0.4860362484375 0.7109364593749999 0.48133412656249996 0.7172965828125 0.47038846406249996 0.7186288734375 0.42528085000000004 0.7182471046875001 0.407732884375 0.7198122828125 0.40577852812500004 0.7133913203125 0.3895320828125 0.7110045109375001 0.38095809687500004 0.698089515625 0.3871477015625 0.682865796875 0.40777435781250004 0.6755133640625 0.4181103828125 0.6740389734375001 0.4190270359375