3 0.628131828125 0.304429221875 0.624952265625 0.3054971046875 0.6176635328125 0.30825959375 0.6144313328125001 0.31209710625 0.6123722875000001 0.3135749234375 0.608749334375 0.31660014687500004 0.6065252453125 0.31805477031249996 0.6036579265625 0.3216911046875 0.601520375 0.3249250890625 0.5860775359375 0.35936098906249997 0.583469825 0.368335403125 0.5835037265625 0.37288439218749997 0.5856484125 0.3779824890625 0.5963138640625 0.3883174125 0.6044001609375 0.39425054843749996 0.618210384375 0.40376515468749996 0.6314826515624999 0.4099222171875 0.63716375625 0.41021573125 0.6390140421875 0.41022331406249996 0.6422373203125 0.40764683437500004 0.6480531453125 0.3842283328125 0.6585250140625 0.361211740625 0.6570083921875 0.342064325 0.6537530015625 0.3304987078125 0.6489774140625 0.3189718953125 0.6447049890625001 0.3110501953125 0.642993878125 0.31005234375 0.6376607046875 0.307283159375 0.633743346875 0.30521787031250003 0.6301471578125 0.30446000156249997 0.628131828125 0.304429221875
3 0.545167871875 0.33190021718749996 0.5399176625 0.350096615625 0.5404904109374999 0.3532065921875 0.5431480750000001 0.355852215625 0.5471698109375 0.35717480468749996 0.5585570015625 0.36357185 0.561683928125 0.36527359531250003 0.569692609375 0.36816634062500003 0.5755994249999999 0.369248946875 0.5832441171875 0.3675463109375 0.5899012203125 0.35131483750000003 0.6002080453125 0.3282750484375 0.5959365140624999 0.31555679375 0.59265525 0.3029777109375 0.5915793390624999 0.296262621875 0.58609004375 0.2922092125 0.5819300265625 0.2870803359375 0.5767966921875 0.28408678125 0.57221915625 0.281928709375 0.5691350500000001 0.283514921875 0.5582554765625 0.3034447328125 0.545167871875 0.33190021718749996
0 0.8290402374999999 0.44248380625 0.8285540250000001 0.44115318906249995 0.8315596234375 0.4413231421875 0.830803984375 0.4407120296875 0.8286931984375 0.440162921875 0.8285022812499999 0.43912626250000003 0.8273817625 0.43871632656250004 0.8268259640625001 0.43788084375 0.8279464828125 0.4382907796875 0.8289108796875 0.43741648906249997 0.827390684375 0.4374552953125 0.8251148515625 0.43688299218750004 0.8244198796875001 0.43703777656250004 0.8248713000000001 0.43861596093750005 0.8261827343749999 0.44006255625 0.826938371875 0.44067366718749995 0.8278153390625 0.442816571875 0.828631640625 0.44419357968749995 0.8290402374999999 0.44248380625
0 0.8223528078125 0.4349800703125 0.821258159375 0.4355835984375 0.8188083609374999 0.43624912968749996 0.8173836234375 0.436806265625 0.8195202828125 0.4383688375 0.8205105500000001 0.4385080109375 0.82173545 0.4381752453125 0.82296035 0.43784248124999997 0.823169109375 0.436357078125 0.8223528078125 0.4349800703125
0 0.8274094078124999 0.47684120312499995 0.8291901046874999 0.4773439203125 0.8317353625000001 0.47719671874999997 0.8330298484374999 0.47636882031249994 0.8309190609374999 0.4758197109375 0.8276529609375001 0.47510823281250003 0.8262371453125 0.47440434062500003 0.8220244921875001 0.4720450921875 0.8201483359375 0.47102404531250003 0.81880210625 0.4698250171875 0.818306971875 0.46975542968750006 0.81757720625 0.4701577828125 0.8189493078125001 0.47237027343750004 0.8202955359375 0.47356930156250004 0.8223626078124999 0.47562700781249995 0.82441273125 0.4754102203125 0.8264887265624999 0.47620689531249993 0.8274094078124999 0.47684120312499995
0 0.8297726703125001 0.47439631093749995 0.830267803125 0.47446589843750003 0.83072814375 0.4747830515625 0.8308931890625001 0.47480624687499995 0.830702271875 0.4737695875 0.8295817546875 0.473359653125 0.829816384375 0.4728877140625 0.8290259546875 0.47252416875 0.8281052734375001 0.4718898625 0.8276449328125001 0.471572709375 0.827019546875 0.47123235937499997 0.8264548250000001 0.4716579078125 0.82773146875 0.47335206875 0.8274620453124999 0.47407157499999997 0.827757340625 0.47436553281249993 0.82861735625 0.47423394375 0.8291472843750001 0.47405596250000004 0.8297726703125001 0.47439631093749995
0 0.815527084375 0.47037457031249996 0.814137140625 0.47068414062499997 0.8150836937499999 0.4723319109375 0.8165690953125001 0.4725406703125 0.8174897781249999 0.473174978125 0.81670826875 0.471550403125 0.8160222171875 0.47044415624999997 0.815527084375 0.47037457031249996
3 0.8112448437499999 0.46851045625000004 0.813407375 0.47108649218750004 0.8153789890625 0.47262586874999996 0.8256197875 0.47759951562499997 0.8509501328125 0.47939226562500004 0.856622315625 0.48094680937499995 0.86874463125 0.4581621703125 0.8789042531250001 0.432577125 0.8728065218750001 0.43045786093749994 0.8592996234375001 0.42477273593750003 0.8476421171874999 0.42389175156250003 0.8380258109375 0.42405500937499996 0.8335517609374999 0.42595079062499996 0.825733103125 0.4288912609375 0.8203999296875001 0.42612207656249995 0.8114268515624999 0.42410362187499995 0.80580194375 0.44855878281250006 0.804019459375 0.45764917499999996 0.8058081843749999 0.46168741874999997 0.8069456546874999 0.4643718484375 0.8085523859375 0.4661124 0.8112448437499999 0.46851045625000004
3 0.7524193796875001 0.36733893906250004 0.748032759375 0.3662175265625 0.7441760671875 0.3649181328125 0.7398501125 0.3645626171875 0.736505503125 0.365607303125 0.7322223703125 0.3685397453125 0.72859049375 0.372826 0.7271220421875 0.374891734375 0.7246891921875 0.377831759375 0.723063725 0.38340982343749996 0.7228719140625001 0.38716971875 0.7224802671874999 0.39115398749999997 0.7210376859375 0.394233184375 0.7219146515625 0.3963760890625 0.7222268984375 0.39894454218750003 0.7223045124999999 0.4019849328125 0.7229727203125 0.40561323906249996 0.7234848046875 0.40795732031250004 0.72396209375 0.41054896718749995 0.7301106765625 0.419491715625 0.7378231671875 0.4268870578125 0.7432517984375 0.43017457031250006 0.7500721593749999 0.42355940312499996 0.7550859515624999 0.41542805468750005 0.7662518984375 0.39705323125 0.7723772890625 0.3905928484375 0.772943796875 0.38057419062500003 0.7666560421875 0.37262171093749996 0.761383534375 0.37061842500000003 0.7594377921875 0.3700925109375 0.7563715296875 0.3691566625 0.7546604171875 0.36815881093749997 0.7524193796875001 0.36733893906250004
3 0.643469353125 0.4156461484375 0.6443811140625 0.41754148750000003 0.6487588125 0.4199239296875 0.65193748125 0.423652603125 0.6724190796875 0.433599896875 0.6819131609375 0.43670140156250004 0.6857270328125 0.43471283749999995 0.6932084671875 0.42339389687500006 0.70209858125 0.40444676875 0.7039149671875 0.3999053640625 0.7047241343749999 0.3929502921875 0.7094783171875 0.3794808625 0.7102437703125 0.37403438906250003 0.7121556124999999 0.3700113140625 0.7122260921875 0.3647196234375 0.709569321875 0.357277446875 0.7024215500000001 0.34945655625 0.694908896875 0.3418368421875 0.6764399484375 0.34630999375 0.6582555890624999 0.3619312453125 0.6441500578125 0.39882720312500003 0.6417850078125 0.41086520625 0.643469353125 0.4156461484375
3 0.5312488015625 0.3471110890625 0.53865796875 0.35067694843749997 0.5390924375 0.34998063749999997 0.543760084375 0.33473184843750003 0.5533630140625 0.313107875 0.5576818359375 0.3051313109375 0.5554425828125 0.2947183296875 0.556061728125 0.2819300421875 0.5533612421874999 0.2759964625 0.5488952203124999 0.28142776875000003 0.5440455796875 0.29437886875 0.5320624375 0.3161732390625 0.52381465625 0.337735209375 0.525429415625 0.3430112875 0.5312488015625 0.3471110890625