3 0.35814715 0.49136354843749996 0.365810390625 0.48848627499999997 0.375144525 0.48897545625000005 0.3828905890625 0.4821678546875 0.386632225 0.47187150625 0.3835160453125 0.444384128125 0.388374409375 0.39632979687500003 0.3933470328125 0.3554950078125 0.3948808046875 0.3426784296875 0.3992422203125 0.318206046875 0.3862606875 0.3144654171875 0.374047478125 0.3125137953125 0.3643306140625 0.3146276671875 0.34764171875 0.32052940625000004 0.3385275171875 0.322893453125 0.3252946421875 0.32394868906249996 0.3177171765625 0.38628762499999997 0.315238003125 0.40539383906250004 0.3142269625 0.4481849875 0.3162948921875 0.46512498593749996 0.319662396875 0.4784170203125 0.32872234218749996 0.48413805312499997 0.3381221703125 0.485723640625 0.348233203125 0.4901882015625 0.35814715 0.49136354843749996
3 0.4428685921875 0.618434015625 0.448061190625 0.6086508921875 0.4504289828125 0.5987197265625 0.4550102359375 0.51130421875 0.45512448125000005 0.50912428125 0.44438223125 0.5096542671875001 0.436044915625 0.5065942156250001 0.42844165156249997 0.505977153125 0.4238774046875 0.5037706187500001 0.412823825 0.503191325 0.404586478125 0.5005736984375 0.3966204671875 0.495128590625 0.390845175 0.4878309578125 0.39374155625 0.6064598984375 0.40067360937499996 0.608134746875 0.4049179546875 0.6070456281250001 0.413409509375 0.611862503125 0.43219489062500005 0.6176560390625 0.4428685921875 0.618434015625
3 0.249827678125 0.41508137968750003 0.25013330312500004 0.420999396875 0.2512044 0.4311107859375 0.252606825 0.44429983437500004 0.2554859125 0.4551617546875 0.257065409375 0.4602721609375 0.259773115625 0.46500450937500004 0.26348335624999997 0.4717567296875 0.2675534796875 0.4763418875 0.27789015156249997 0.478850940625 0.278281453125 0.4784342625 0.29534165625000003 0.47014746562500004 0.30551265 0.46171821093750004 0.313992753125 0.4479541203125 0.31591491875 0.3995273171875 0.32144164062499997 0.35281956718749996 0.3256402453125 0.3244039859375 0.2960954859375 0.324167165625 0.2564025796875 0.3319236125 0.2550830484375 0.361801634375 0.25452895 0.36767459375 0.25385775312500003 0.378131859375 0.2518698375 0.3878643390625 0.24980194843749998 0.399122778125 0.249827678125 0.41508137968750003
3 0.5146311015625 0.5721372421875001 0.5163676515625 0.5484016671874999 0.5175272234375 0.512176078125 0.512134675 0.5116748734375001 0.507113434375 0.5087886109374999 0.5031461312500001 0.5022415109375 0.501609465625 0.48926401875 0.5007497437499999 0.4892189625 0.496622525 0.5045227328124999 0.49272093124999994 0.5084715171874999 0.4840551546875 0.50932891875 0.4744296875 0.5096988390625 0.4695626828125 0.5085694000000001 0.46520694531249995 0.5094340890625 0.461276784375 0.5092281171875 0.4551473296875 0.50868829375 0.45131440781250004 0.595924428125 0.455627340625 0.6217257843749999 0.47979954999999996 0.62342978125 0.5022265984375001 0.618484540625 0.5046629375 0.6072454140625 0.5123175796874999 0.58338280625 0.5146311015625 0.5721372421875001
3 0.6924050484375 0.45816779687500003 0.7040641703125 0.4753918578125 0.71475503125 0.4899420640625 0.7269853828125 0.496266434375 0.7369450296875 0.49656980468749995 0.7460192375 0.4902689953125 0.749989378125 0.4850122484375 0.756535821875 0.47289555937500005 0.7612657031250001 0.457841965625 0.76840333125 0.4085955296875 0.76875455625 0.347845215625 0.7291330109375 0.3236908953125 0.704243878125 0.31451717968750004 0.695098284375 0.3339297984375 0.6945499749999999 0.391390896875 0.6924050484375 0.45816779687500003
3 0.5806470125 0.6072929046875 0.5847742171875 0.5825896562499999 0.5909264656250001 0.5450955734375 0.5956134734375 0.5097106296875 0.5847912515625 0.5117665703125 0.5729436437500001 0.5122386265625 0.5654717671875 0.513814375 0.549928209375 0.5143113265625 0.5407711625 0.51514298125 0.534990165625 0.5126540875 0.5172044703124999 0.51128479375 0.5147653437499999 0.571925684375 0.5169161124999999 0.5943348390625001 0.5222858390625 0.6140709890625 0.5449013984375 0.6102285921874999 0.5568746765625 0.6073586046874999 0.5761027624999999 0.60705475 0.5806470125 0.6072929046875
3 0.28994927187499997 0.5824400109375001 0.30388764375 0.5890724890625 0.32898527187500004 0.591917946875 0.3290137578125 0.5396758265625 0.32957353437500003 0.5101951734375 0.33182420156250003 0.48604935625 0.3193824890625 0.47905812968749995 0.3148039375 0.4606749984375 0.3085830890625 0.4618791265625 0.29357652500000003 0.4803288078125 0.2846965625 0.50172268125 0.2736744578125 0.5404916890625 0.270715453125 0.56875364375 0.28994927187499997 0.5824400109375001
3 0.5366981875 0.5129621921874999 0.542413490625 0.5143546828125001 0.5684308140625001 0.513750859375 0.575142934375 0.5125724796875 0.591303434375 0.509703340625 0.6030882 0.5057305125 0.6096603593750001 0.500172946875 0.6163867421875 0.48697272500000005 0.621930634375 0.46343668281249994 0.6229988125 0.4289550453125 0.6222761421875 0.3980956265625 0.6190970953125 0.348308515625 0.6135845140625 0.2983991125 0.5967499359375 0.2953309234375 0.5829658171875 0.2998547484375 0.5582566531250001 0.30839645937500004 0.5375033515625 0.3143037859375 0.5261270171875 0.3128332078125 0.5177354453125 0.3178582375 0.50858413125 0.33268011406250003 0.5047740171874999 0.3912818234375 0.502003578125 0.458244534375 0.5009496796875 0.49010381093750005 0.5036231250000001 0.5048896187499999 0.511274953125 0.5116298171875 0.5366981875 0.5129621921874999
3 0.39337579375 0.49124247031249996 0.40222152343750006 0.498701015625 0.41316942812499996 0.503646621875 0.42580821249999995 0.504527584375 0.44345681406250004 0.5085128046875 0.4587775859375 0.5075669921875 0.4729558765625 0.5096216 0.48967048750000003 0.510278984375 0.4979620921875 0.5048115281250001 0.5007840171875 0.48856498125 0.5061935296875 0.3712457046875 0.5066133453125 0.337385865625 0.502617475 0.326684009375 0.4943229890625 0.315756871875 0.469302496875 0.32318930468749996 0.45464150937500003 0.3232953265625 0.43140899531250004 0.320110428125 0.4199155484375 0.3138246765625 0.399633521875 0.31778936875 0.393915409375 0.3469996859375 0.38789743125 0.4030811671875 0.3839587515625 0.4382867375 0.38496131562499997 0.4591055703125 0.3884459328125 0.4772127796875 0.39337579375 0.49124247031249996
3 0.6208567390625 0.493327578125 0.635420625 0.49977424375 0.6489305546875 0.5004822703125 0.66182925 0.49875374531250005 0.6730227796875 0.4943127453125 0.6775013328124999 0.49345449218750004 0.68447621875 0.48726225625 0.6896145453125 0.4761647328125 0.6922365328125 0.4590333359375 0.6941043890625 0.38109369531250004 0.6919678421875 0.3184642625 0.6900141734374999 0.3087438046875 0.678800634375 0.30181694531250003 0.6505868718750001 0.2996825453125 0.621819009375 0.30342110624999996 0.6195141109375 0.35445096249999997 0.6222304578125 0.40836708125000004 0.6226560875 0.44489433749999996 0.62195063125 0.4654050640625 0.6173178640625 0.48330545156250004 0.6208567390625 0.493327578125
3 0.39130793124999996 0.5212998671875 0.39107081250000003 0.4858754515625 0.38713491875 0.471679259375 0.38300198124999996 0.4823922859375 0.3761613390625 0.4883729671875 0.3662102640625 0.4902559703125 0.3640452453125 0.48926813593749996 0.3557136484375 0.4907988296875 0.33902473906249997 0.48730109062500004 0.3318699 0.4851773796875 0.3297706171875 0.5134843890624999 0.32931944999999996 0.5925912375 0.33012205 0.5937262624999999 0.3313845 0.5931366484375 0.3499899390625 0.600013715625 0.370654709375 0.60284545 0.38483585 0.602495690625 0.38969143125 0.6038431234375 0.39327312187499996 0.596598684375 0.39130793124999996 0.5212998671875
3 0.6691955328125 0.557941184375 0.6687984859375 0.5349681609375 0.6652281906249999 0.5231956453125 0.6607124828125001 0.5083132875 0.6541117421875 0.50031661875 0.6492218875 0.4996231671875 0.6399420250000001 0.5004483859375 0.6285228453125 0.497445415625 0.620545409375 0.49221830000000005 0.6170950796875 0.48285659062499997 0.6148758062499999 0.48995383593749997 0.6121224140625 0.495492940625 0.607938059375 0.5024872015625 0.5960161984375001 0.5090759578124999 0.5921546265625001 0.5357604609375 0.5898582593749999 0.5607782546875 0.5911264546874999 0.5835783390625 0.599078203125 0.6010452890625 0.6252783203125001 0.5969535671874999 0.6379228109375 0.5930257937500001 0.65172978125 0.5880659796875001 0.6704437328124999 0.5787728875 0.6691955328125 0.557941184375