3 0.42458611875 0.047808460937500005 0.4154285328125 0.052822754687499994 0.416298209375 0.082165365625 0.41425065625 0.1013907921875 0.4142162296875 0.12287263125 0.4126088046875 0.156193028125 0.41000207499999997 0.19202667499999998 0.410116984375 0.2238305578125 0.41011034999999996 0.23341880937499998 0.41754954062499994 0.2383566109375 0.42958473750000004 0.2300463484375 0.4436436375 0.2228398265625 0.453549353125 0.2249525109375 0.4651166328125 0.214440865625 0.47784312812499996 0.21058534375 0.48728092656250005 0.21049664687499997 0.499001484375 0.21874262500000002 0.5082158999999999 0.2164005671875 0.5157357703125001 0.20368143593750002 0.5217527453125 0.186296596875 0.5212808843750001 0.17565963281250002 0.51464540625 0.15406163281250002 0.5104843375 0.146509675 0.5096013890625 0.136343565625 0.5082187890625 0.12743407812500002 0.50172870625 0.10772254218749999 0.49560740000000003 0.092150828125 0.48816426718750006 0.07877744375 0.4845914140625 0.069183090625 0.4764503453125 0.060943215625000005 0.4610723109375 0.052324234375 0.4464067328125 0.0458546609375 0.43207819843750006 0.0469829171875 0.42458611875 0.047808460937500005
3 0.4497177078125 0.5892999171875 0.45638491875 0.6074399109375 0.458933371875 0.6134172718750001 0.4605076203125 0.628038125 0.4657882890625 0.6288330531249999 0.4724119421875 0.6251243109375 0.49467807031250005 0.60121781875 0.5011774828125 0.593317275 0.5147829859375 0.5911922828125 0.540814865625 0.6090509265625 0.5465317203125 0.6155052421875 0.5604174343749999 0.6183058453125 0.574012359375 0.6173335234375 0.5820252453125 0.6129460171875001 0.5853774125 0.6022631796875 0.5800743374999999 0.577314178125 0.5626501968750001 0.54343738125 0.547789028125 0.52282085625 0.5252018203125 0.5019291859375 0.5163271421875 0.49384524374999994 0.5013958703125 0.4897329859375 0.483485153125 0.50887896875 0.45505934843749996 0.5302600046875 0.4526641734375 0.54304026875 0.4479584484375 0.5593794453125 0.446296884375 0.5720037765625 0.4497177078125 0.5892999171875
3 0.49392330468749995 0.603679090625 0.4841457703125 0.6141937875 0.473723190625 0.6240786484374999 0.46559394843749996 0.641145515625 0.46504535 0.6566010671875 0.469728475 0.6870504734375 0.47097356250000005 0.7109446578124999 0.474344190625 0.7159803124999999 0.48012451250000004 0.7155186140625001 0.48654199687500005 0.6988155921875 0.49874374374999997 0.6900864531249999 0.5139367640625 0.6834058140625 0.5229000078125 0.6907039859374999 0.530789903125 0.7085840875 0.5340257140625 0.7105806125 0.578951846875 0.67303769375 0.5670780093750001 0.6460340890625 0.5456315593750001 0.6160800515625 0.528527246875 0.6005420046875 0.5110369453125 0.5916050546875 0.50174454375 0.5935802156250001 0.49392330468749995 0.603679090625
3 0.44687866249999997 0.5086069734375 0.45438920312500003 0.5234999234375 0.45753645 0.52628221875 0.4807172609375 0.5090838296875 0.5005948515624999 0.48836935312499996 0.51641570625 0.493059471875 0.5495681953125 0.523976578125 0.553501940625 0.5208395921875 0.558049 0.521790453125 0.56144741875 0.5149325203124999 0.568450425 0.5142109328125 0.5766721734375 0.5047938750000001 0.579606615625 0.5041701390625 0.5843770562499999 0.507374359375 0.5851780765625 0.5087379921874999 0.5869783984375 0.507588375 0.588888440625 0.503347646875 0.589692153125 0.4866874484375 0.5762797453124999 0.4500405640625 0.5733730921875 0.43877070937499996 0.5622579640625001 0.41774141406250004 0.5589653234374999 0.41307265624999995 0.5553818921875 0.4046309734375 0.55018584375 0.3946146921875 0.543714221875 0.39062164843749997 0.5350351328125 0.39668465468749997 0.5301443953125 0.3977242125 0.5274015999999999 0.40405931562499997 0.522932528125 0.4034753515625 0.5186907781250001 0.41358033125000004 0.5164119609375 0.413681234375 0.5105681718749999 0.421058946875 0.5036537296875 0.4209947625 0.4989401203125 0.420462778125 0.49419477812499996 0.42338879843750005 0.4904275828125 0.42610690937499995 0.48017818749999996 0.42598464375 0.4748763625 0.4274950546875 0.46751909999999997 0.43135973125 0.4643757953125 0.4370130171875 0.4599212421875 0.44371196562500004 0.45778781874999996 0.445699334375 0.4537721453125 0.44003384062500006 0.449547609375 0.4393978984375 0.44692117031249995 0.433053640625 0.443851909375 0.43063824375 0.43848267500000004 0.4306290890625 0.43780589531249997 0.4334572578125 0.43839805312499996 0.43985044218749997 0.435279846875 0.45163397187500004 0.43612048281250004 0.46641075781249997 0.4401440421875 0.48894741406250003 0.44687866249999997 0.5086069734375
1 0.502905403125 0.484810440625 0.514881075 0.49185177343750003 0.5311275375 0.5033539499999999 0.5471862921875 0.5175803421875 0.553278559375 0.5185862328125 0.567603153125 0.5090223953125 0.582874159375 0.5027086546875 0.5862091125 0.5027667359375 0.585956690625 0.48594755 0.577240678125 0.46057357187500003 0.5686238078125 0.43326115156249995 0.5591675484375 0.4176313546875 0.5456995578125 0.4047716484375 0.5359815484375 0.39993475 0.532157521875 0.399980625 0.52281223125 0.4077191328125 0.5137577296875 0.41923056562500005 0.4999750984375 0.42292710156249996 0.49033901875 0.42689268125 0.47054210625000004 0.4299502234375 0.4622212171875 0.44130572343749996 0.45622145625000005 0.4479496421875 0.45659023281250005 0.452089465625 0.45187787031250004 0.47801689375 0.4598179625 0.5081574828125001 0.46322426562499996 0.518170709375 0.474837796875 0.51148396875 0.4867487546875 0.49898190312499996 0.502905403125 0.484810440625
3 0.45290430625000005 0.22432267343749998 0.44331053750000005 0.2236775765625 0.43040691249999996 0.22910464218749998 0.4165502375 0.2408698609375 0.41026362812499995 0.2521764359375 0.41159728125 0.275284846875 0.41124033125 0.2964517671875 0.4124563796875 0.305780128125 0.4215795375 0.322247671875 0.42425617187500003 0.340852415625 0.4258198421875 0.3566259390625 0.43592509062499996 0.381321153125 0.43923225156249995 0.3932728234375 0.44475082187500004 0.4036040234375 0.4542242953125 0.4084928984375 0.4640837578125 0.40678067812499996 0.473599540625 0.40705887812499997 0.484447728125 0.40398607656249996 0.4934638609375 0.4055209015625 0.49933274531249994 0.40427343125000004 0.511637578125 0.40204143124999997 0.5153016890625 0.39282618281250004 0.5239702 0.3879158453125 0.538695303125 0.37903382343750003 0.5539094796875 0.3700478453125 0.5663095109375 0.357441825 0.569902271875 0.338271428125 0.5636884578125 0.3150499046875 0.5522970593750001 0.2975305953125 0.5408343109375 0.2700561359375 0.5241159890625 0.2479169953125 0.506132671875 0.23064842031250002 0.50350623125 0.22430416250000001 0.49713375312499997 0.21837267656249998 0.49001708437499997 0.21374979375 0.4858137046875 0.2108085140625 0.47311894062500004 0.21120602656249998 0.46560570625000003 0.214336909375 0.45668207968749996 0.22045189375000002 0.45290430625000005 0.22432267343749998
1 0.4876098875 0.27216597187499997 0.4977205234375 0.26081352343750003 0.5107060765625 0.2641889359375 0.52090258125 0.270074546875 0.5305465468749999 0.28298012968749997 0.54558484375 0.302025109375 0.5537259125 0.310264984375 0.56081873125 0.3352170375 0.5688461375 0.33811244218750003 0.5637770234375 0.3142641328125 0.5513863203125 0.2992580734375 0.5404232234374999 0.2705269890625 0.5232369828125 0.246186465625 0.5068557046875 0.23164515625 0.5022267171875 0.221891815625 0.4932528953125 0.215746315625 0.48376220937500003 0.221598359375 0.475451896875 0.23180118906249997 0.4750804265625 0.245685196875 0.4785898140625 0.2621955671875 0.48085536093750003 0.2812711609375 0.4876098875 0.27216597187499997
0 0.485972175 0.2644611328125 0.4893745359375 0.2660387796875 0.4881055984375 0.262473765625 0.4859576546875 0.25717822031250004 0.48553204687499996 0.25036616093749997 0.48519500468750004 0.24276833125000002 0.483181878125 0.24051191875 0.48103787656249997 0.2436519546875 0.47902869218750005 0.2498311234375 0.4807655484375 0.255597521875 0.482357009375 0.2594774546875 0.485972175 0.2644611328125
0 0.556816328125 0.31037504375 0.5537470671875 0.307959646875 0.5546049171874999 0.31199551406250003 0.5588333953125 0.32106703593749997 0.5605596734375 0.327986103125 0.5627076171875001 0.33328164843749997 0.5635932593749999 0.325423928125 0.55930795 0.31368016875000004 0.556816328125 0.31037504375
0 0.5083013765625 0.3755239390625 0.5098888953125 0.3709682921875 0.5146236609375 0.3691949390625 0.5189579156249999 0.3667397703125 0.5141874750000001 0.36353555000000004 0.5091975953125 0.3665135484375 0.5053629921875 0.3677120921875 0.5018720671875 0.3669202171875 0.5001814640625 0.364978725 0.494890215625 0.3653364671875 0.49440114218750003 0.3654404234375 0.4919346171875 0.368265540625 0.48870275 0.37470459843750004 0.4879585609375 0.3760132015625 0.49153805000000006 0.3760193046875 0.49928524531249996 0.3739891140625 0.505533484375 0.3757287984375 0.5083013765625 0.3755239390625
0 0.43767849999999997 0.13705925000000002 0.43874521250000004 0.136065565625 0.44055611250000004 0.1337632796875 0.442356434375 0.1326136625 0.44034330937500005 0.13035725 0.43806449062499997 0.1304581546875 0.4353534296875 0.13333525 0.43378706562499997 0.13558555781249998 0.43287632656249997 0.1373130359375 0.43474405781250003 0.13768298437499998 0.43767849999999997 0.13705925000000002
0 0.431439590625 0.107707484375 0.42937357499999995 0.1112144171875 0.4291752921875 0.11509130000000001 0.4303979765625 0.1148314109375 0.4318083671875 0.1118473078125 0.43255255468750003 0.1105387046875 0.431439590625 0.107707484375