0 0.627662359375 0.5501200125000001 0.6239673625 0.5517832328125001 0.6228466 0.5550823140625 0.6249541625 0.5585898890625 0.6276232390625001 0.5622374640625 0.6286085296875 0.5666580625 0.6287507953125 0.5696756328125 0.63487700625 0.5654376765625 0.6405373 0.5642644609375 0.6494266765625001 0.5644927640625 0.6514378875 0.5636025703125 0.6512482 0.5595791421875 0.648345034375 0.5556743953125001 0.6423550515625001 0.5533856984375001 0.63678658125 0.551798515625 0.6316855343750001 0.5495326484375 0.627662359375 0.5501200125000001
3 0.23930416562499998 0.48828140937500003 0.2509040046875 0.4836189203125 0.26119565625 0.4818111703125 0.26844489375 0.477853215625 0.2843968390625 0.4748722515625 0.285893203125 0.47365488281249996 0.29679152656249996 0.4694139078125 0.3056312171875 0.465057271875 0.313721215625 0.4589232609375 0.324105446875 0.4555481421875 0.334017725 0.44569353906250003 0.337803790625 0.44007689375 0.33475911406250003 0.434347603125 0.32095460625 0.4299117203125 0.29475012968750003 0.42258298281249995 0.2683108078125 0.413804046875 0.250997215625 0.40908966874999997 0.2182886640625 0.40033809218750005 0.2151566890625 0.40452736875 0.20838317812499998 0.42092994843750003 0.198854046875 0.44479654531249996 0.19382381875000002 0.480520403125 0.1988390765625 0.4950908921875 0.202583759375 0.49801261406249997 0.20712178125 0.497752421875 0.21816236875 0.4965290171875 0.2287340234375 0.493598240625 0.23930416562499998 0.48828140937500003
1 0.6325722078125 0.5459763953125 0.6261614671875 0.5441792125 0.6196604125 0.5475284828125 0.6176988859375 0.55300361875 0.6259439812500001 0.57016865625 0.6254321515625 0.5746135953125 0.6349718484375 0.567449390625 0.649988190625 0.5646327656250001 0.663183009375 0.5667297640625 0.66490440625 0.55145323125 0.6422127859375 0.5503681281249999 0.6325722078125 0.5459763953125
3 0.16979784375 0.5888438734375 0.160078271875 0.6074940171875001 0.14951491875 0.6235481 0.13371504843749998 0.6450560000000001 0.169419346875 0.65614495625 0.18771822968750002 0.66527993125 0.20868392343750003 0.6744834 0.220235584375 0.6676220265625 0.2398388796875 0.6679371234375 0.25511409218750003 0.6305926890625 0.2632251 0.5837085546874999 0.25681209531250004 0.5783322875 0.25578013906249997 0.5740988578125 0.25343999375 0.57272016875 0.2417422953125 0.57059883125 0.2277985390625 0.567917490625 0.21362145 0.5661720046875 0.20014889375 0.5687771171875 0.18064421718749998 0.5764388734375 0.16979784375 0.5888438734375
3 0.33234185156249996 0.6808615671875 0.342713253125 0.6572049718749999 0.343084325 0.6521285171875 0.34845027968750003 0.6294107953125 0.348765628125 0.610205178125 0.35456366093749997 0.6048913640625 0.3705630296875 0.6029162546875 0.37042000937499997 0.59870565625 0.3657382125 0.5935622203124999 0.35675248437499996 0.588936146875 0.34243312812500004 0.5841730921875 0.32362241875 0.5794830546874999 0.309631996875 0.5769888843750001 0.29709278125 0.5758505734375 0.2852084140625 0.5744779203125 0.27945403125 0.5748324515625 0.2666378296875 0.5795892796875 0.263972528125 0.58190684375 0.2595038125 0.6177707031249999 0.24386431874999998 0.6709288453125 0.244153378125 0.6841221546875 0.26928451249999996 0.6957558296874999 0.31790362656250004 0.710064809375 0.324266190625 0.7096631078125 0.32833150624999996 0.70173040625 0.33234185156249996 0.6808615671875
3 0.180869128125 0.4882248015625 0.1939179078125 0.48133908906249995 0.1949806828125 0.460331759375 0.20268074375 0.429448503125 0.1986086359375 0.426643953125 0.186204140625 0.41659293125 0.17571751875 0.4060260578125 0.16873847343749998 0.3933516203125 0.1351447546875 0.39054235312499996 0.1269584046875 0.39227859375 0.1207433875 0.404049059375 0.115890771875 0.42470789687500005 0.1171184515625 0.4425089765625 0.12266289687500001 0.480074171875 0.1277187828125 0.4849132640625 0.140353596875 0.48925631718749996 0.153829171875 0.49142331562499997 0.161408853125 0.49212030156250003 0.17057823125 0.49122557968749997 0.180869128125 0.4882248015625
3 0.803892128125 0.7546947953124999 0.7989694515625 0.7385569359375 0.793484503125 0.721086046875 0.7868810578125001 0.7104933234375 0.77840715625 0.7014223109375 0.7732142859375 0.7019168421875001 0.7603461359375 0.6985096453125 0.7417695171875 0.6940767812499999 0.7328808953125 0.6950415046875 0.71651045625 0.7020930671875 0.7246576859375 0.7124742796875 0.719673371875 0.7468179375 0.7344661875 0.760446534375 0.7512754984375001 0.78153613125 0.764336353125 0.793738865625 0.7739363 0.8078619937499999 0.7865168984375 0.8004619375 0.7903488796875 0.7934650921874999 0.8030152671874999 0.7737604124999999 0.8045522593750001 0.76281165 0.803892128125 0.7546947953124999
3 0.59245591875 0.734383309375 0.594082471875 0.7170950640625 0.5982877875 0.7086008484375 0.6058569046875 0.6925954437499999 0.6104807125 0.6800306296875 0.6107524125 0.66578429375 0.60668030625 0.66297974375 0.5931573109375 0.6598068890625 0.5863235484375 0.654922134375 0.5787890234375 0.6516519203125 0.57078783125 0.65025341875 0.551604540625 0.6482537796875001 0.522828846875 0.64406129375 0.5057975234375001 0.6418029734374999 0.500231315625 0.643794875 0.49785280781249996 0.655726665625 0.497170159375 0.685973878125 0.4919870984375 0.7019777734375 0.48876556562499995 0.712506534375 0.48947613749999996 0.72640135625 0.48709460781249997 0.733561034375 0.47466759375 0.76187408125 0.5626325421875 0.7750587140625 0.5737642015625 0.7698818828125 0.5865758734375001 0.7579668859375001 0.59157301875 0.743904703125 0.59245591875 0.734383309375
3 0.7109526734375 0.791363184375 0.7150111953125 0.77269323125 0.7200474625 0.7465135968750001 0.72340446875 0.7282651546875 0.724610265625 0.711468421875 0.7193202875 0.7063721562499999 0.7052289859374999 0.6923220484375 0.6976477953125 0.6892390046875 0.6892694921875 0.683372734375 0.677944375 0.6785609984375001 0.6673674390625 0.673140578125 0.6529539953125 0.6675588375 0.63746871875 0.668668090625 0.6228746453125 0.6733792578125 0.6105755562499999 0.68204234375 0.5989449 0.711945590625 0.60068591875 0.7276877859375 0.6028055578125 0.750283809375 0.6006611375 0.7624727703125 0.6056801671875001 0.7830084 0.6392746390624999 0.787010696875 0.65728748125 0.7877244765625 0.684940146875 0.791636959375 0.709085990625 0.7988500359375 0.7109526734375 0.791363184375
3 0.3272107421875 0.7050294874999999 0.324923303125 0.7130078515625 0.3704556015625 0.7289328796875 0.3886152359375 0.7398224 0.4104224484375 0.7480428406249999 0.42923315781250004 0.752732878125 0.4353164734375 0.75464723125 0.4312436125 0.750649653125 0.42314606718750003 0.74485338125 0.42323185468749996 0.732548759375 0.42667842343749995 0.7079608359375 0.44163224999999995 0.68027779375 0.4478954421875 0.6707062109375 0.45396442031250006 0.649953034375 0.4542873171875 0.6426776953125 0.440198278125 0.632206671875 0.4290146703125 0.629219478125 0.41577167656249997 0.6249235953125 0.402247925 0.6205577124999999 0.39148281093750004 0.613499921875 0.3878307078125 0.6090108296875 0.383009665625 0.6056219375 0.3738380234375 0.602937575 0.356528959375 0.6053813671875 0.34984123437500003 0.6094793234375 0.348918459375 0.6299251390625 0.3424784078125 0.6557547718750001 0.33243669531250003 0.68287328125 0.3272107421875 0.7050294874999999
3 0.6181211546875 0.5548981609375 0.6266921625 0.569559971875 0.6238898765625 0.5772111625 0.6239418265625 0.5853751875000001 0.628439975 0.5960394203125 0.6328425234374999 0.6034989125 0.640003709375 0.608266496875 0.6476797421875 0.6133612515625 0.6641510640625 0.617865628125 0.674585734375 0.6202684765625001 0.6899791859375 0.6219196218749999 0.7008797734375001 0.62125773125 0.7091571953125 0.6155680640625001 0.7166826625 0.6045219421875 0.7224784296875 0.5956290453124999 0.727565890625 0.57642040625 0.729985784375 0.5559502484375 0.733671725 0.5399706937500001 0.7354428093750001 0.529279103125 0.7368398015625 0.518891853125 0.720601815625 0.513451621875 0.67451253125 0.504544759375 0.648215475 0.49878339218749995 0.6357763875 0.5080079921875 0.6236632109375 0.5147293640624999 0.6098135453125 0.51286670625 0.613335459375 0.5334266765625 0.61806845 0.545541109375 0.6181211546875 0.5548981609375
3 0.791793046875 0.6357738828125 0.803441815625 0.6345033078125 0.81662606875 0.6198979140625 0.8307383796875 0.5931978984375 0.8376029609375 0.5728418937499999 0.84063631875 0.5606757625000001 0.8405866328125 0.556090821875 0.8171851968749999 0.5423039234375 0.7972958609374999 0.5335676281249999 0.7910243671875 0.530015903125 0.785083315625 0.5311191187500001 0.7730183171875 0.5400393765625 0.7628199999999999 0.54147278125 0.75477289375 0.5414544796875 0.74799108125 0.54473375 0.7366712453125001 0.548273209375 0.7319458 0.5480890578125 0.7275237515625 0.5837657453125 0.744570925 0.6110776546875 0.751174371875 0.6216703781249999 0.756792528125 0.6278425000000001 0.7651700765625 0.63251574375 0.77686853125 0.635830109375 0.791793046875 0.6357738828125
1 0.19977694375 0.4985056359375 0.21966024218750002 0.49769770625 0.23528325468750003 0.4924478546875 0.251792940625 0.48364175 0.26568625468749996 0.4805451234375 0.26989534531250003 0.4780160484375 0.28561320156250003 0.4747779109375 0.290148959375 0.4709386359375 0.28897549218749996 0.46488066562499997 0.28654125937499997 0.4626832890625 0.2796578109375 0.45321359375 0.25883513593749996 0.448220725 0.22650520312500003 0.4463229734375 0.20564265312500002 0.45225452656250004 0.1998047453125 0.4684927640625 0.1969144078125 0.48486949375000005 0.19977694375 0.4985056359375
3 0.4389230515625 0.539244825 0.440095765625 0.5441097703125 0.45352693750000006 0.5500430234375 0.480247015625 0.5588919609375 0.5203485796875 0.569089209375 0.5523556187499999 0.5782623 0.571025571875 0.5823208234374999 0.5862790234374999 0.58453348125 0.5932490125000001 0.5828915828125 0.5966150765625 0.5789594765625 0.6014285734375 0.570418090625 0.603390096875 0.5649429546875 0.604738159375 0.55116379375 0.6033765140625 0.54346845 0.6075818296875 0.534974234375 0.60968561875 0.5325166703125 0.6104307828125 0.527135871875 0.6083653578125 0.516282959375 0.6065370421875 0.5104593296875 0.6085934109375 0.5069959078124999 0.60821705625 0.503721165625 0.609431153125 0.500047740625 0.606386475 0.4943184515625 0.5784523 0.48914293906250006 0.5686280734375 0.490272003125 0.5539361375 0.488199346875 0.4678371140625 0.466334834375 0.46793271093750005 0.4695395765625 0.4554055703125 0.48748971250000006 0.4541914734375 0.49116313749999996 0.444284478125 0.5093689359375 0.4417155265625 0.516084271875 0.4389230515625 0.539244825
0 0.26220648125 0.452639815625 0.26281390781249997 0.4513996171875 0.25200514531249996 0.449301109375 0.2438180390625 0.449844321875 0.23717547187500002 0.45136905 0.24639378125000003 0.4538662390625 0.253504528125 0.4528558546875 0.26220648125 0.452639815625
0 0.2710078078125 0.4615936578125 0.2701708203125 0.46973485156250006 0.27428959375 0.47235223125000003 0.2788750375 0.473097896875 0.28425381875 0.4706616515625 0.28659094375 0.46726822968750004 0.286307925 0.4636191453125 0.2820002171875 0.45817136875 0.27956523125 0.45478096562500003 0.2775058453125 0.4534722765625 0.270673590625 0.4509735765625 0.2625331515625 0.4513296171875 0.2674467734375 0.453151140625 0.27095736718749996 0.4558156890625 0.274327959375 0.4590417515625 0.272784928125 0.46044629062500003 0.2710078078125 0.4615936578125