3 0.11920858593749999 0.4129059375 0.10365791093750001 0.44168094062499996 0.0861025171875 0.4994866171875 0.0773460703125 0.5435495218749999 0.0721747625 0.5829601531249999 0.07644360312500001 0.6132102796875001 0.08498395 0.61754493125 0.09693413281249999 0.6082779781250001 0.1149155140625 0.5847302578125 0.1433131015625 0.5361642984375 0.15834133125 0.5307645828124999 0.17018592500000002 0.462933584375 0.1797558125 0.43537343437500003 0.1586065515625 0.4348285359375 0.141713446875 0.42322394374999994 0.135060353125 0.39637364375 0.1301340734375 0.3951188953125 0.11920858593749999 0.4129059375
3 0.4201284 0.65772769375 0.4344339125 0.6373287359375001 0.453057384375 0.5996414156250001 0.47634417500000004 0.549784840625 0.48554503125000004 0.522152959375 0.4414364046875 0.522494365625 0.3799573859375 0.5087610046875 0.378770471875 0.5857958515624999 0.3791964609375 0.6200538078125 0.3860752703125 0.6427875296875001 0.39615573125000003 0.6569311578125 0.40936464843750003 0.6618761125 0.4201284 0.65772769375
3 0.5369632234374999 0.6634990953125001 0.5558351953125 0.635369684375 0.58131033125 0.5752401734375 0.5904173921875 0.5490759359374999 0.5054140703125001 0.529284034375 0.501604096875 0.5193310203125 0.5016049859375 0.500609153125 0.49666028593749995 0.5171813390625 0.4894755375 0.5226197953125 0.485266721875 0.5235847375 0.4837463203125 0.5304214046875 0.4764826453125 0.5943880421875 0.48543976874999994 0.641894115625 0.4970778734375 0.6667416515625 0.51183304375 0.6755532703125 0.525991284375 0.672659025 0.5369632234374999 0.6634990953125001
3 0.19545917031249999 0.1516517578125 0.1869735984375 0.16575261875 0.1770232859375 0.186403790625 0.160798528125 0.224557375 0.144956375 0.285370646875 0.1332581671875 0.3544188015625 0.1319244625 0.3770420484375 0.137150946875 0.4092613734375 0.142064946875 0.4224007421875 0.1520020921875 0.432356059375 0.1591219703125 0.43611742500000006 0.1826379515625 0.43236756249999997 0.201951259375 0.423640328125 0.20870824375 0.4213876515625 0.2248497109375 0.41026082343750003 0.23274844843750003 0.35681876562500003 0.2511655109375 0.2866992203125 0.2609992484375 0.2538412046875 0.2466056765625 0.21657105 0.24277292187500002 0.1929435453125 0.23583845 0.1704961796875 0.22646099375 0.15470615000000001 0.21247895 0.1478278625 0.19545917031249999 0.1516517578125
3 0.7332614375000001 0.7815957390625 0.7407832265625001 0.77146799375 0.7516302671874999 0.74029281875 0.767036334375 0.6728569249999999 0.772434246875 0.6106078484374999 0.77416768125 0.5583447765625 0.7664517625 0.5241556796875 0.760515246875 0.518246934375 0.7527471390625 0.5345674812500001 0.7413680359375 0.5448369671875 0.7155997234375 0.549337721875 0.69491021875 0.55036806875 0.6655234 0.645398253125 0.6893645515625 0.7020381687499999 0.7004359375 0.75738459375 0.7152169609375 0.776899546875 0.7251221140624999 0.7820938421875 0.7332614375000001 0.7815957390625
3 0.32344051875 0.6044611468750001 0.33829958125 0.5841697890625001 0.35474916875 0.5606214921875 0.377558675 0.5082947437499999 0.3367691609375 0.493531034375 0.3300099953125 0.480033 0.3284440296875 0.45952069218749997 0.31722884375 0.4719022671875 0.3078855609375 0.47662397187499994 0.27832480625 0.47206664375 0.27171679531250004 0.5444816343750001 0.2731736171875 0.581317365625 0.28093994843750003 0.602440553125 0.292057384375 0.6132196453125001 0.3063414078125 0.6136187765625001 0.32344051875 0.6044611468750001
3 0.30646395625 0.1913565921875 0.28999465625 0.19825924374999998 0.27671690937500004 0.22420713281250002 0.2563153265625 0.2680866796875 0.23634280312499997 0.343253025 0.2302931859375 0.375360725 0.2252332046875 0.4141986453125 0.22860927343749998 0.43327974999999996 0.235145790625 0.44792320625000004 0.25541585312500004 0.45988703906249995 0.285781725 0.4711387203125 0.30768351250000003 0.475693171875 0.3177091984375 0.4714012875 0.327653371875 0.45669242656250003 0.33344835 0.42096912656249996 0.348455575 0.3644511890625 0.3603488015625 0.3209980140625 0.3575438125 0.302919440625 0.353121559375 0.2961163359375 0.33991748906249997 0.250756490625 0.3303945359375 0.21502744062499998 0.3188616140625 0.19554950468750001 0.30646395625 0.1913565921875
3 0.431679571875 0.23085197968750001 0.4146361234375 0.23972325312499998 0.4045517046875 0.2472726484375 0.3827419328125 0.2786942859375 0.3678355296875 0.3090804015625 0.35980357343749997 0.3306988140625 0.34441592656250003 0.380307775 0.333038115625 0.42504983906250005 0.3287749328125 0.4607737125 0.33006565781249997 0.4797466453125 0.33903901875 0.49367507499999996 0.38147165 0.5078666468749999 0.4411055046875 0.5212413453125 0.47589144687499996 0.52354541875 0.49110112343749995 0.5211527265625 0.49620052968749995 0.5156060953125 0.5019214265625 0.4979960859375 0.5191218421875 0.3907903203125 0.5186875328125 0.3467239671875 0.5152247 0.30444632656250004 0.5042957390625 0.272010078125 0.4845327734375 0.251526734375 0.4669953953125 0.2383110296875 0.431679571875 0.23085197968750001
3 0.7264701109375 0.3348099671875 0.7105916046874999 0.3593607953125 0.6843359078125 0.38902670625 0.679112415625 0.47894698281250003 0.6715949890624999 0.5205761515625 0.674493771875 0.53718708125 0.680172578125 0.5424513828124999 0.70138889375 0.5495471671875001 0.71851385625 0.5510928734375 0.7307537390625 0.5472313843750001 0.7423287484375 0.543835009375 0.75550349375 0.52826823125 0.7646837484375 0.502712571875 0.7787508609375 0.44512036874999994 0.7871558078125 0.4018806640625 0.7924384375 0.3618973203125 0.79277814375 0.30104243125 0.79070815 0.2860784796875 0.7833222421875 0.27186426875 0.773150171875 0.274938996875 0.762069978125 0.281700484375 0.7462502046874999 0.3029938 0.7264701109375 0.3348099671875
3 0.0685955125 0.27825415468750003 0.060087562500000004 0.33187496875 0.056304734375 0.367097865625 0.061853798437499996 0.39076181249999997 0.06895000625 0.39957055625 0.07804390156249999 0.40401280625 0.08542455625 0.4054474609375 0.096372825 0.40133490937499994 0.1112577390625 0.391746884375 0.12901033125 0.375286896875 0.138830496875 0.31984092343750004 0.145940759375 0.2793213125 0.158247290625 0.22881626875 0.1484534609375 0.22304926093750002 0.13030953750000002 0.1538467140625 0.12473680312499999 0.1352301453125 0.10430936875 0.16840635937499998 0.0822348609375 0.22384772968750002 0.0685955125 0.27825415468750003
3 0.7943042015625 0.3601797625 0.78498499375 0.4130485359375 0.774798865625 0.4654516203125 0.7604626546875 0.515562134375 0.769714325 0.528058784375 0.7893804281250001 0.5529809296875 0.80005256875 0.5660508671875 0.8072311765625001 0.566554721875 0.8177052281250001 0.5570008359374999 0.8384048312499999 0.52833515625 0.8760129687499999 0.37130753437499997 0.8785296296875 0.29334246406250003 0.878445046875 0.285896640625 0.8721714890625 0.284677184375 0.8485617124999999 0.28989469218749997 0.8246871984374999 0.3191319328125 0.7943042015625 0.3601797625
3 0.649064603125 0.6778600140625 0.66303089375 0.646399634375 0.6839663140625001 0.5859820421874999 0.6955781625 0.5469318000000001 0.674344315625 0.5389410796874999 0.6708569234375 0.5204326859374999 0.6566596640625 0.5432300890625 0.6250188203125 0.5513441421875 0.59126678125 0.5486466890624999 0.57211254375 0.5999009 0.5762937296875 0.6256763609375 0.5935190312499999 0.6730065546875 0.6086134249999999 0.6928795953125 0.6238520234375 0.69821908125 0.6385462796875 0.6945375 0.649064603125 0.6778600140625
3 0.6777823453125 0.3015720046875 0.6702851140625 0.28793050625 0.66170970625 0.28180598749999997 0.651347865625 0.27206529375 0.626929903125 0.27355960156250003 0.6085567078125 0.2833611015625 0.574660465625 0.295197203125 0.5640514203125 0.310371178125 0.544385721875 0.338643478125 0.5270394046875 0.37271577499999997 0.519227025 0.396159921875 0.5023049203125 0.5019339078125 0.502251440625 0.5179709734375 0.5061521359375 0.5294274999999999 0.5180519078125 0.5332264578125 0.5322215390625 0.53716945625 0.5783506359375 0.54613604375 0.624427140625 0.5524178328125 0.642759134375 0.5467687796875 0.653631140625 0.54501880625 0.6614663000000001 0.535249146875 0.6706198140625 0.5177120203125 0.6767746156250001 0.4909739203125 0.68046365 0.4572186703125 0.6837266984375 0.3892054625 0.68212130625 0.3354018640625 0.6777823453125 0.3015720046875
3 0.822502575 0.68304411875 0.82777074375 0.6391946875000001 0.8275148109374999 0.601106509375 0.827712496875 0.5705358859375 0.8263722484375 0.5459069999999999 0.820733753125 0.5552121203125 0.805588059375 0.56712685625 0.7991299875 0.565871534375 0.7813059765625 0.5442792109375 0.76823819375 0.5277718546875 0.7747387609375 0.5593473109375 0.77307851875 0.6122189578125 0.768741253125 0.666056121875 0.76694779375 0.6871041250000001 0.77425655 0.72240278125 0.786391653125 0.7663661375 0.7931683484375001 0.7807591046875 0.8025033109375 0.7662289999999999 0.814765571875 0.7228475546875 0.822502575 0.68304411875
3 0.1512717859375 0.6390480640625 0.1564816265625 0.6516505875 0.1662373265625 0.6585988828125 0.1811717609375 0.6546668125 0.199791275 0.6386725140625 0.2170345890625 0.6149813281250001 0.23854327031250003 0.5713169812500001 0.25219837031250003 0.555249221875 0.272924715625 0.5185650093749999 0.2749127890625 0.4699175390625 0.23418507656249998 0.44892516406249994 0.22897830625 0.43335148281249997 0.224919834375 0.41384055625 0.20702392500000003 0.42611223125000003 0.18060520156249998 0.4349441875 0.17013026250000002 0.4632199390625 0.15472241874999998 0.5680995671875 0.149120278125 0.6136671328125 0.1512717859375 0.6390480640625