3 0.3900410203125 0.3717447875 0.385028828125 0.381320228125 0.38438730625 0.4010512609375 0.382600784375 0.42148020781250006 0.3821630640625 0.4298145578125 0.3890079515625 0.45559175312500005 0.40454749687499997 0.49187281718750003 0.4127467078125 0.5040048500000001 0.42332677343749997 0.512143846875 0.43938686718750003 0.516832071875 0.4519487203125 0.518458415625 0.460624303125 0.5114021359375001 0.4678522015625 0.49837638125000006 0.47247084843750004 0.4847307640625 0.476040875 0.4676352828125 0.475930946875 0.4526723421875 0.4775769125 0.4487957015625 0.47383973749999997 0.39824779062500004 0.4550273296875 0.3872801609375 0.440720625 0.3714663859375 0.42990112031249994 0.361815621875 0.4116940890625 0.3641827671875 0.40050563281249996 0.366471409375 0.3900410203125 0.3717447875
3 0.32750881249999997 0.6983025515625 0.3426221875 0.693842571875 0.33512774843750004 0.667135128125 0.325684653125 0.6376369359375 0.3189471875 0.6046108328125 0.316728975 0.5858493 0.31749147187500004 0.5779800749999999 0.3128537515625 0.5740655453125 0.30896446875 0.589145334375 0.3047725 0.597557734375 0.29129956875 0.5996916359375 0.289323303125 0.6046537203125 0.28531857031249996 0.6063211359375 0.28205424687499997 0.6063215890625 0.274232015625 0.6029114359375 0.2734117921875 0.6040744734375 0.2882023921875 0.6673354812500001 0.29557033593750004 0.6837316828125 0.2982207484375 0.69570943125 0.3236004578125 0.6958221906250001 0.32750881249999997 0.6983025515625
3 0.4600891890625 0.6158327859375 0.45598556874999996 0.5994361296874999 0.4482351234375 0.5758686140625 0.4437680734375 0.5698607953125 0.43914139687500003 0.56284513125 0.43303942656250005 0.5576128234375 0.425610740625 0.558272846875 0.4181132859375 0.555327815625 0.40570554062499997 0.5562598828125 0.4020421484375 0.5537407234375 0.3995980453125 0.5525781390625 0.39821360625 0.5517642859375 0.3957529390625 0.5552534 0.392796825 0.5603706765625 0.389681084375 0.564480109375 0.38174038593750004 0.57141999375 0.376978678125 0.57940606875 0.3762849515625 0.5908803484375 0.37810961718749997 0.6055717015625001 0.389936075 0.653288703125 0.40077465312499994 0.6804996156249999 0.40447117656250003 0.673715378125 0.4134715375 0.6671242234375 0.4341914375 0.6695247156249999 0.4548701796875 0.660567321875 0.4600891890625 0.6158327859375
3 0.55025445 0.367032028125 0.545646846875 0.3775765125 0.5467587140625 0.386181996875 0.549926659375 0.3903293171875 0.5556983343749999 0.3966470671875 0.5591057187499999 0.40230615625 0.56689481875 0.415019709375 0.574130746875 0.4226552359375 0.5821236484375001 0.423972103125 0.591553190625 0.43435957812500003 0.5970909484375 0.43761499531250003 0.6019846734375001 0.438389596875 0.606495896875 0.43199288593749996 0.6106190984375 0.41997543125 0.6138477828125 0.407066525 0.6148718078125001 0.3945068046875 0.6135425875 0.3781872890625 0.6101572890625 0.366325934375 0.6027948671875001 0.3483791671875 0.5763665390625 0.34481654375000004 0.564699203125 0.34408165 0.560688946875 0.34729963124999996 0.555596940625 0.35637114687500004 0.55025445 0.367032028125
3 0.5212339140625 0.564306740625 0.5160595875 0.5506624859375 0.50630828125 0.5160474734375 0.50145873125 0.50286834375 0.49327056406249997 0.487635178125 0.4840116890625 0.47515441718750007 0.4753802796875 0.4698061671875 0.47405356718749997 0.4756985 0.4714799546875 0.48798708749999997 0.4665420546875 0.499617015625 0.45939397031249996 0.51314669375 0.45031931875 0.5176833609375 0.44012175468750003 0.5167156765625001 0.439940040625 0.5219100953125 0.4409966890625 0.5460212390625 0.445802065625 0.5716048984375 0.44807549687500003 0.57486076875 0.460749784375 0.6136619015625 0.48971005781250004 0.6395523109375 0.50623548125 0.62815335625 0.5159983390625 0.6136929765625 0.5208564265625 0.601559125 0.521481384375 0.5864797921875 0.5212339140625 0.564306740625
3 0.3472880546875 0.391946853125 0.33514183750000004 0.38818842343750004 0.3303279234375 0.38791774375 0.3069269859375 0.40505474843749995 0.3038880453125 0.433430515625 0.3046886859375 0.46068159062499997 0.30465555625 0.4699849875 0.30799115781249997 0.49580143593750003 0.3135258984375 0.522819265625 0.3185762359375 0.5483641265625 0.3260817203125 0.571970440625 0.32746063593749997 0.5743348609375001 0.332860853125 0.5703801671875001 0.3378399140625 0.570108125 0.3448474453125 0.5731307515624999 0.3465511375 0.5759602953125 0.3506246421875 0.5778979359374999 0.36299925625 0.5862692671875 0.36787089375000004 0.5932461328125 0.3685204453125 0.5941763812499999 0.3720407765625 0.591035996875 0.3736069296875 0.58665543125 0.3743473390625 0.5849884703125 0.3760620765625 0.5847168828125 0.3775539390625 0.5782818296875 0.37870998125 0.5744827828125 0.38084587187499996 0.57052854375 0.38403590468750004 0.5684736 0.3911563796875 0.5626967546875 0.39641353437500004 0.553082515625 0.39773472499999996 0.5487407515625 0.400495575 0.5297071765625 0.40195731874999996 0.5088131046875 0.40355108125 0.49667970937500006 0.4026043640625 0.48753150625 0.3922446671875 0.463344128125 0.3852070203125 0.445862484375 0.38094377343749997 0.42845798281249997 0.36420400937499997 0.40838049062500004 0.3589388265625 0.39733344531250003 0.3472880546875 0.391946853125
3 0.5037612921875 0.360448596875 0.4962362296875 0.365256396875 0.48739549687499995 0.372855396875 0.48199527968749994 0.376810090625 0.47982625624999997 0.3900677265625 0.4740902203125 0.39665842812499996 0.47580194374999996 0.42014925468750003 0.4787053453125 0.45274948593750003 0.4829906796875 0.4639517234375 0.49152018750000004 0.4749983140625 0.498266190625 0.4827114375 0.507860884375 0.4925561921875 0.51755195625 0.4982531703125 0.5227594140625 0.502594028125 0.52949989375 0.51185771875 0.5367744734375 0.5086392828124999 0.5490778125 0.49119371093749997 0.549595346875 0.48336328437500004 0.55113690625 0.46297313593749995 0.5493895453125 0.42657385625 0.54489539375 0.38234460625 0.5301318953124999 0.3573050328125 0.5269584296875001 0.3547082765625 0.5236996265625 0.3531581640625 0.5130010953124999 0.355369209375 0.5037612921875 0.360448596875
3 0.5809635765625 0.5434820874999999 0.585012484375 0.5294101437500001 0.5956588125 0.5189423453125 0.59350936875 0.50378586875 0.5911204859375 0.48711762500000005 0.5877351875 0.4752562703125 0.5830563078125001 0.45998385312499995 0.5778764578125 0.44789016562499995 0.5737397078125 0.44079690468750005 0.5669028484374999 0.435680990625 0.5625843828125 0.43378214843749996 0.558175059375 0.43448051718749997 0.55301980625 0.43839641250000005 0.551778428125 0.4432421015625 0.550462759375 0.446033303125 0.5513818671874999 0.4629343375 0.5491631484374999 0.4901470671875 0.5376745109375001 0.50798016875 0.5299898203125 0.5117801234375 0.5209703859375 0.500811128125 0.5100600234375 0.4937575734375 0.5028185749999999 0.4876726140625 0.5019185375 0.4883317296875 0.49897898906249993 0.4887973078125 0.497167875 0.49321667031249994 0.5008147000000001 0.500387528125 0.507846825 0.5194197375 0.515368875 0.5383743515625 0.52373875625 0.5484130984375 0.5385243421875 0.5672504093749999 0.55065399375 0.5756605375 0.5613304390625 0.5796517578125 0.57140150625 0.5703082 0.5752687 0.561430675 0.5806854828125 0.5528242828125001 0.5809635765625 0.5434820874999999
3 0.36811033437499996 0.5947579000000001 0.36340384531250003 0.5872383140624999 0.35200908124999997 0.578711790625 0.34727498125 0.578945034375 0.34272811875000003 0.5724332921874999 0.33539029062500003 0.5704961078124999 0.3314708921875 0.5711168796874999 0.32712481718749997 0.5769708671875 0.324925678125 0.5757694859375 0.322811875 0.5735214609375 0.320037475 0.5734443171875 0.318317215625 0.575266471875 0.3170537515625 0.5863144250000001 0.3191976703125 0.60302146875 0.32537092031250003 0.6340706796875 0.333195659375 0.6596926828125 0.34442225937500004 0.692524340625 0.374632446875 0.68825608125 0.389165040625 0.6864709078125 0.39016697968749997 0.6801134515625 0.39397092499999997 0.66608030625 0.3913837609375 0.659258178125 0.37889670937500003 0.613712059375 0.377848090625 0.6102621984375001 0.3740416359375 0.6020834953125 0.36811033437499996 0.5947579000000001
3 0.2247787453125 0.46507306093749995 0.2325673375 0.523760875 0.244085584375 0.5663610546875 0.25672423437499997 0.5922537359375 0.2655042265625 0.6017109625 0.27415220156250003 0.6024075125 0.28058999375 0.6050038125 0.28654338125 0.6061271453125 0.28891871406249997 0.6036846734375 0.2902288609375 0.6024440390625 0.2914647171875 0.5991489156250001 0.2997934390625 0.597829775 0.30379265 0.5977129265625 0.3085488375 0.5912774187500001 0.3112820765625 0.5799966750000001 0.31345109843749996 0.5667390390625 0.3150669484375 0.5484033796875 0.31557896093750004 0.54212351875 0.31689462968750004 0.5393323171875 0.3074901875 0.498980165625 0.3038463765625 0.46804689218749995 0.2992774265625 0.467737415625 0.2737908015625 0.42889930156249995 0.266560396875 0.41971320937499995 0.2243249671875 0.43208484687500004 0.2215505671875 0.43200770468750005 0.2247787453125 0.46507306093749995
0 0.5171368296875001 0.45441099375 0.52504991875 0.455223940625 0.5295500984375 0.4519283625 0.5338906531250001 0.4476249375 0.5346531484375 0.43975571249999995 0.5354156453125001 0.4318864890625 0.5388672062500001 0.42514105 0.5370314953124999 0.413550828125 0.53713891875 0.4063019203125 0.537268428125 0.3928507484375 0.5326914484375 0.3718799890625 0.5294657796875 0.36102648125000003 0.5256427593749999 0.35749947656250003 0.5216490687500001 0.35606575937499996 0.51085968125 0.3608740140625 0.5013804390625001 0.364441634375 0.49441406875 0.3727768921875 0.4900624734375 0.380181446875 0.485710875 0.38758600312499997 0.4837125234375 0.3987503515625 0.48501965625 0.42127213125 0.4871003296875 0.432823553125 0.4923599921875 0.4454211640625 0.498957409375 0.44902530937499996 0.5069503109375 0.45034217656250003 0.5171368296875001 0.45441099375
1 0.5225094375 0.45820913125 0.5315675234375 0.45832416406250004 0.53663744375 0.4554549109375 0.5400699296875 0.431149321875 0.54033999375 0.40114584531249997 0.5365832375 0.379012046875 0.5295621578125 0.3568787046875 0.524349178125 0.35408841406249997 0.507031140625 0.3588975765625 0.4928755265625 0.3694046265625 0.48270255781250004 0.3844465265625 0.4789041328125 0.39692910625 0.48110577968749996 0.4203423359375 0.4896819703125 0.44119624531249996 0.49519763906250003 0.45065392812500005 0.5039254265625 0.45185440000000004 0.514191759375 0.4564271390625 0.5225094375 0.45820913125