3 0.86711888125 0.6388922328125 0.854920271875 0.6201536578125 0.8455415453124999 0.62727185 0.8334508171874999 0.6237815296875 0.8205003203125001 0.6286542859375001 0.81038588125 0.6334337296875 0.8040654390625 0.6492801578125 0.8126707 0.6627236453124999 0.838427159375 0.7229048875 0.8642925640625 0.7476596953125 0.8792927046875001 0.7501305890625 0.8863294453125 0.7451731500000001 0.8843919874999999 0.719802903125 0.8751718234375 0.6759190046875 0.86711888125 0.6388922328125
3 0.2473104625 0.4121848015625 0.2480483359375 0.4261234421875 0.24734930781250003 0.451558953125 0.24772040624999997 0.4701281671875 0.25185421875 0.5009898328125 0.2567647359375 0.5286896578125 0.258878028125 0.5393823125 0.26548650625 0.5473063328125 0.2687540671875 0.5517314 0.2710022015625 0.5532470546875 0.2750248921875 0.5514606296875 0.2784175875 0.5509838171875 0.2807498640625 0.5530981828125 0.286180334375 0.5526402499999999 0.2926291546875 0.54929178125 0.294729496875 0.5468597187500001 0.318720009375 0.5437933390625 0.337741759375 0.538677859375 0.341879878125 0.5362646765625 0.345617775 0.5281076421875001 0.3473707546875 0.521755909375 0.34948080625 0.515048728125 0.348891803125 0.51085775 0.34006861875 0.4553178625 0.33748175156250004 0.4398074703125 0.3315032671875 0.4305738375 0.3105742625 0.4032936546875 0.2911490484375 0.38526544375 0.27119093437499997 0.3822702765625 0.2600786421875 0.3871899578125 0.25108935 0.398527175 0.2473104625 0.4121848015625
3 0.4322410625 0.6810836890624999 0.44208257656249994 0.6772584078125 0.4514192296875 0.669840859375 0.44715381875000004 0.66555603125 0.44071470625 0.6646293796875 0.4346639484375 0.6621218078125 0.42628199375 0.6632998140625 0.4120186484375 0.668967615625 0.3741736375 0.6733705796875 0.369195165625 0.6755966 0.36773884843750004 0.6956437125 0.3764164015625 0.7588357765625 0.3899742515625 0.8002784453125 0.44705891875 0.7763817656249999 0.44326384062499996 0.7595148359375 0.431670409375 0.719017159375 0.4281978765625 0.685620409375 0.4322410625 0.6810836890624999
3 0.678452625 0.6721234484374999 0.6748247546874999 0.65065399375 0.66994768125 0.633328590625 0.663937915625 0.625320428125 0.6583801484375 0.6190803500000001 0.6357542625 0.61737591875 0.6316895 0.6188629875 0.6270055328125 0.6231844953125 0.6202201390625001 0.6241381203125 0.6130043234375 0.6263733109375 0.605988078125 0.628580453125 0.601062465625 0.632630653125 0.5945715765624999 0.6356797671875001 0.587439903125 0.63851366875 0.584520784375 0.6438082171875 0.5846275828125 0.653256525 0.5955424671875 0.6599647828124999 0.6058435453125 0.698507209375 0.6059244625 0.7381807171875 0.6202644046875 0.7489866375 0.659907709375 0.7559311375 0.6810535390625 0.7630331375 0.6835799859375 0.7361197265625 0.6820751109375001 0.7210678078125 0.678452625 0.6721234484374999
3 0.3040262875 0.7201666140625 0.2908611125 0.7003428078125 0.283884778125 0.6912494140625001 0.27589117500000004 0.6908464999999999 0.2670259359375 0.691481890625 0.260997834375 0.697823915625 0.254131540625 0.7155786671875 0.251765834375 0.7595645140625 0.251870490625 0.8138875656250001 0.2578878203125 0.86249535 0.273265525 0.8618604968750001 0.27875640156250003 0.8473517296875 0.28779639375 0.8262388015625 0.3056153203125 0.792291878125 0.3040262875 0.7201666140625
3 0.172760696875 0.4522731140625 0.1772699125 0.4684291421875 0.1800563515625 0.4839114859375 0.1892527765625 0.51314584375 0.2026725453125 0.5463656734375 0.2117103921875 0.5701274875 0.21799524531249997 0.58878138125 0.222198090625 0.5955171484374999 0.22630600625000002 0.60012938125 0.2304969828125 0.599540378125 0.23516045624999998 0.597969165625 0.24013892656250002 0.5957431453125 0.2501055765625 0.587015984375 0.252982625 0.5814220796875 0.2570344375 0.5668102921875 0.25869248749999996 0.5583350234375 0.26548866718749997 0.558906225 0.2690917203125 0.5599261906249999 0.2720637 0.5564558234375 0.2740378265625 0.55312569375 0.27013056406249997 0.5542853609375 0.25872052968750003 0.539709715625 0.250445359375 0.49386139531250006 0.2502554953125 0.489614321875 0.2481950640625 0.4807458484375 0.24519072031250003 0.47964173906249996 0.240705240625 0.47813525312499994 0.23621976249999999 0.4766287703125 0.2316177765625 0.469949096875 0.213250821875 0.437729815625 0.202797646875 0.4285145234375 0.190748990625 0.42532355937500005 0.1800984078125 0.4277362046875 0.1736290921875 0.43383496875 0.17248561093749998 0.441627384375 0.172760696875 0.4522731140625
0 0.531839515625 0.3413647515625 0.5318708015625 0.34013928125000004 0.5309042328125 0.33905405 0.530305521875 0.33913819375 0.5303163093750001 0.34066301875 0.5310412343750001 0.3414769421875 0.5312828781250001 0.34174825000000003 0.531839515625 0.3413647515625
3 0.7301542140625 0.39561061406250003 0.7290096515625 0.39760308125 0.73220601875 0.4145541546875 0.735034528125 0.430335853125 0.7363700343749999 0.4383904046875 0.7357939796874999 0.44732414531250003 0.7352804921875 0.4538069453125 0.7388328468750001 0.46460262343750003 0.7423323421875 0.47357411718750003 0.746461834375 0.481236 0.7499710359375 0.48593237499999997 0.752954884375 0.48978677968750006 0.7550768031249999 0.49040436718749997 0.7577025 0.488814278125 0.760569840625 0.48749549375 0.7632268234375 0.4846799328125 0.7648233859375 0.48445555156250003 0.7709798625000001 0.490611484375 0.7843100859375001 0.4942328734375 0.7989110859374999 0.4967598625 0.8013167171875001 0.49794811406250006 0.8033544921875 0.49796699218749996 0.8056015453125 0.4936827015625 0.8084969281250001 0.47373860937499995 0.8109586453125001 0.4376762453125 0.8115627421875 0.41011719687500003 0.8103707046874999 0.3828105796875 0.808066471875 0.36207090468750003 0.8055853234375 0.350208875 0.8026834578125 0.3353532890625 0.7973975359375001 0.322359103125 0.7870813640625001 0.315566703125 0.7770607765624999 0.31666973593750003 0.7652667109375 0.326874796875 0.753967796875 0.34494724374999997 0.7439936015625 0.3695494171875 0.7378727296875 0.385367796875 0.7301542140625 0.39561061406250003
3 0.645925803125 0.3552472625 0.64079199375 0.3694005796875 0.63391383125 0.379830559375 0.62904108125 0.385704940625 0.6326581640625 0.4056495703125 0.633470475 0.4244620421875 0.6350907734375 0.438887203125 0.6431286093749999 0.451189365625 0.6552214984375 0.46627957656249996 0.6646347484375 0.475335753125 0.6688365140625 0.476271575 0.6729023578125 0.4805844515625 0.6790685421875 0.48246526406249995 0.6829240265625 0.4852813625 0.6881657156250001 0.486376303125 0.6941528265625 0.48553486875 0.69811295 0.48619938281249997 0.7029026390625 0.4855262359375 0.7240970046874999 0.471252634375 0.730262109375 0.467333503125 0.7335911578125 0.463507684375 0.7351650656250001 0.45443370468750005 0.735583621875 0.44582736718750005 0.7360971078125 0.4393445671875 0.731532871875 0.409764465625 0.7248995765624999 0.38139095625 0.7203784921875 0.3579101578125 0.7141777828125 0.339854975 0.7077052265625 0.3285539 0.697976978125 0.32015253125 0.6888377343750001 0.3159421390625 0.6770630828125 0.317596959375 0.6650899421875 0.325079771875 0.6583789875 0.330907228125 0.653780240625 0.34162739375 0.645925803125 0.3552472625
3 0.59389304375 0.658364984375 0.5872856468750001 0.6562409109375 0.5787138281249999 0.6531718453125 0.5711614390624999 0.6530121890625 0.5648377546875001 0.6514587796875 0.5542184546875 0.65264595625 0.54624535 0.649492746875 0.5152580062500001 0.6462160265625 0.51237016875 0.6502851062499999 0.5109634703125 0.654756559375 0.512649578125 0.68413061875 0.5278514640624999 0.754647990625 0.6064616859374999 0.746347459375 0.60765586875 0.7287793359375 0.6042049109375001 0.6984322359374999 0.5967517578125 0.6671212671875 0.59389304375 0.658364984375
3 0.36139887656249997 0.3247179359375 0.3490384625 0.339581615625 0.3425076625 0.3539312640625 0.33775574062499997 0.38817861875 0.3372249984375 0.41481155156250005 0.335117109375 0.4331186265625 0.3388053875 0.44053725000000005 0.34671378124999996 0.4910161421875 0.34906979531250004 0.5077800515625001 0.353368653125 0.5224393015625 0.3573514328125 0.5319534140625 0.3613331328125 0.535667578125 0.3665014671875 0.5376886296875 0.3728985046875 0.5383159265625 0.3805771109375 0.5393736484375 0.3865221484375 0.5382328578125 0.3915426921875 0.53630619375 0.3959753109375 0.5359884984375001 0.4026139921875 0.5368871015625001 0.4100509546875 0.537673515625 0.4126777328125 0.5418833703125 0.41612328906249996 0.5432307390625 0.4237069625 0.5421649234375 0.426858015625 0.541416803125 0.42758186093750006 0.5364307796875 0.42763364062500003 0.5324550140625 0.43170811093749994 0.526692825 0.4349745921875 0.5253179453125 0.438839784375 0.5238589234375 0.44230583437500004 0.522455996875 0.4466963828125 0.5218389453125 0.4477880859375 0.518022296875 0.45209448906249994 0.516806534375 0.45692624843749996 0.51643274375 0.4624408640625 0.5165735203125 0.4666739125 0.516283871875 0.46981525937499996 0.5198108718750001 0.47277753125000005 0.5206156265625 0.476685875 0.5252559046874999 0.479133578125 0.5267435125000001 0.48370212031250004 0.5230487625 0.48886829374999996 0.5134699234375 0.4899794125 0.501103034375 0.4904918171875 0.4888202875 0.48702144531249997 0.4670234296875 0.4850440765625 0.4529537203125 0.48384449218750003 0.4415221140625 0.4819005703125 0.43782682812499996 0.47437622187499995 0.41904186406250005 0.46254547031250004 0.40147266562499995 0.44090124687500004 0.3691034375 0.4298687765625 0.351422046875 0.41653639374999996 0.336200765625 0.403908440625 0.32454370312499997 0.38993743593749997 0.320707103125 0.3747172296875 0.321014553125 0.36139887656249997 0.3247179359375
3 0.7546485890625 0.67270973125 0.7538405984375001 0.6770970421875 0.7468459296875001 0.6823538375 0.74376823125 0.6821758421874999 0.749266671875 0.7082666984375 0.756067171875 0.7320376828125 0.7695225296875 0.7307571921875 0.7812249062500001 0.7358284328125 0.7937579265625 0.745361959375 0.8093168671875001 0.7590492453125 0.8169544796875 0.76560755625 0.8230688859375 0.7714641359375001 0.8316611984375 0.77178290625 0.8394444421875 0.77068904375 0.844254628125 0.7672656015625 0.8449579765624999 0.7650298734375001 0.8398694656249999 0.740407746875 0.8354541 0.720575309375 0.8219706859375 0.6840064734375 0.8129652015625 0.6648191328124999 0.8031096578125 0.6497197515625001 0.79484096875 0.6386711078125 0.7799659640625001 0.6312983359375 0.7647468374999999 0.63740573125 0.760641084375 0.6443933921875 0.75708334375 0.6610726203125 0.7546485890625 0.67270973125
3 0.5225287437499999 0.3185570984375 0.515156509375 0.32691963749999997 0.5094757703125 0.33718133125 0.5077864359375 0.34688206875 0.5084714515625001 0.358996528125 0.5088619640625 0.3690155 0.49879391718750005 0.3972940828125 0.4892835921875 0.4309891125 0.49036774687499995 0.4430474765625 0.4991909296875 0.498587365625 0.5008414328125 0.505987109375 0.5029212796875 0.50630534375 0.5049482671875001 0.504799396875 0.50604105 0.5067826921874999 0.508025965625 0.5049773890625 0.511817803125 0.50444448125 0.5143496484375001 0.5065308 0.5174802078125 0.5085329749999999 0.5305795765625 0.5134078828125 0.53232393125 0.51713121875 0.5344879203125 0.5180481625 0.5506951890625 0.516075646875 0.556976803125 0.5173297015625 0.565579903125 0.5191732984375 0.5659682562499999 0.517592378125 0.5689305265625 0.5183971296875 0.5715562265624999 0.5168070390625 0.5744764250000001 0.5173124375 0.5837203093750001 0.5193712453125 0.5921864078125 0.51879195 0.5964086671875 0.516977475 0.601397928125 0.5162762812499999 0.6060301156250001 0.5159305390625 0.6095382390624999 0.5148269671875 0.6151574921875 0.512816159375 0.6216375953125 0.5082422203125 0.6286948328124999 0.5005344875 0.6331468671875 0.49166655156249994 0.6355708328125 0.478504615625 0.6354521656250001 0.46173153593749994 0.6333475015625 0.44096381406249996 0.63157616875 0.405191096875 0.628873875 0.39030746562499996 0.6223689546875 0.3744319140625 0.60914013125 0.35125910312499997 0.5988530812499999 0.33164133906250004 0.5900482499999999 0.31822589843750004 0.5743113140625 0.3076163125 0.5562226890625 0.3034426 0.5435235406250001 0.30431154375 0.531843821875 0.3080899 0.5225287437499999 0.3185570984375
3 0.720905040625 0.7598745203124999 0.7348026921875 0.7646372359375 0.7449074234374999 0.7641329156250001 0.7542343703125 0.7609904875 0.7616702531249999 0.755976953125 0.7611858890625001 0.74963439375 0.748951675 0.7089215046875 0.74227630625 0.6802486390625 0.7355912328125 0.6558508953125 0.7267853203125 0.636635509375 0.7204918390625 0.6280566828125 0.715470215625 0.6241834015625 0.7106373765625 0.618757246875 0.6855325031249999 0.6167906765625 0.6810578125 0.6168090171875 0.677423475 0.6170145203125 0.6727190109375 0.624086325 0.6680458296875 0.629932659375 0.67030475 0.632973140625 0.67449896875 0.649783975 0.6785054859375 0.673947628125 0.6830643359375 0.731002634375 0.6841571203125 0.7329859328125 0.6876123828125 0.7300581796875 0.6927699281249999 0.7305544078125 0.701553184375 0.7409201984375 0.7066697390625001 0.746917015625 0.7117442203125 0.752614478125 0.720905040625 0.7598745203124999
3 0.49712946718750006 0.6533428515625 0.492077640625 0.6564949859375 0.49007115 0.6552506375 0.4853861015625 0.6537721999999999 0.476930790625 0.6558763203125 0.46928454999999997 0.6593930765625 0.45936968125 0.6641444734374999 0.45245915312499996 0.6699999765625 0.442198003125 0.6766316484375 0.4285862296875 0.6840394890625 0.4321644828125 0.7210846 0.4473426328125 0.776952428125 0.5251103406250001 0.756864840625 0.513322725 0.6889203078125 0.5046613625 0.6562528000000001 0.5001230234375 0.652922134375 0.49712946718750006 0.6533428515625
3 0.36151659375 0.7874881499999999 0.36951666250000004 0.7662161046875 0.376721690625 0.762456090625 0.36788771875 0.7053913765625001 0.35075163125 0.6833782312500001 0.3474215015625 0.681404103125 0.34245274062500003 0.679355003125 0.3411388109375 0.674350103125 0.3371678984375 0.6721607625 0.3326511359375 0.6718797484375 0.3270426703125 0.6754153828125 0.31853558125000003 0.68149526875 0.3109648578125 0.6956858015625 0.30451928125 0.7164341078125 0.30577281875 0.791964475 0.30347290625 0.7944245859375 0.3117502390625 0.8518727984375 0.3177071453125 0.8580567796875 0.3300794265625 0.850517871875 0.3496027953125 0.8315948203125 0.354936175 0.8174134578125001 0.36151659375 0.7874881499999999
3 0.8085303734375 0.48411303281249995 0.8133330093750001 0.49656460312500006 0.8224819625 0.4964998734375 0.8301066265625 0.48993346875 0.8428187234375001 0.5021892421875 0.85225246875 0.5084951234374999 0.8585017171875 0.5051747015625 0.8624294765625 0.5012647390625 0.8660400781250001 0.4864096921875 0.8675967140624999 0.44101121093750006 0.8667466375 0.3886245328125 0.8652396031249999 0.361972721875 0.8646398124999999 0.35625691718749997 0.8582427718750001 0.3556296234375 0.8406730343750001 0.3739728390625 0.8250256468750001 0.39296169375 0.8115411671875 0.407067546875 0.810055725 0.43994002187500003 0.8098496875000001 0.46164302656249995 0.8085303734375 0.48411303281249995