3 0.2635254234375 0.6509181484375001 0.259568953125 0.64506820625 0.25513664999999996 0.6416662140625 0.250704346875 0.6382642203125 0.2474322546875 0.637628190625 0.2446359984375 0.6345442125 0.2369316046875 0.6305061890625 0.2277997109375 0.6338120109375 0.21935220000000002 0.64233174375 0.21370094375 0.653935453125 0.20920990156250002 0.668305128125 0.205879071875 0.6854407640625 0.2030240734375 0.7001284515624999 0.20228095468750001 0.71268620625 0.2026980484375 0.7280099265625 0.20475118593750002 0.743651659375 0.206595778125 0.751631534375 0.2107607953125 0.765143334375 0.21424143281250002 0.7734412234375 0.215610190625 0.783869046875 0.217930615625 0.7894009718749999 0.22283875156250002 0.7903550171875 0.2261108421875 0.790991046875 0.22938293281250002 0.791627078125 0.2349754484375 0.797795034375 0.23777170625 0.8008790125 0.23961629687500002 0.808858884375 0.24241255625 0.8119428624999999 0.2533890390625 0.8166169156249999 0.2623123859375 0.8056492375 0.2658517625 0.796175459375 0.266803428125 0.7912795625 0.26543466875 0.780851740625 0.2668621671875 0.7735078953125 0.2661777890625 0.768293984375 0.2676052875 0.760950140625 0.2626971515625 0.7599960953125 0.2678725734375 0.7508403328125001 0.2697759046875 0.741048540625 0.270043190625 0.7309387328125 0.2740584015625 0.7190170078125 0.278757990625 0.7123091921875 0.2846177921875 0.70836734375 0.2944340640625 0.7102754328125 0.2988663671875 0.7136774265625 0.30213845781250004 0.71431345625 0.304934715625 0.7173974328125 0.3065707609375 0.7177154484375 0.3084740921875 0.70792365625 0.3071053328125 0.697495834375 0.304100528125 0.6867499968749999 0.298983846875 0.6781340921875 0.29455154375000003 0.6747321000000001 0.2873229828125 0.6682461281250001 0.2775067109375 0.6663380375 0.2714383625 0.6626180296874999 0.2670060609375 0.6592160375 0.2635254234375 0.6509181484375001
0 0.2885155234375 0.7319889500000001 0.2945838703125 0.7357089578125 0.302288265625 0.7397469812499999 0.3083566125 0.7434669890625 0.315852459375 0.739843153125 0.31727995937500003 0.7324993078125 0.30746368749999997 0.73059121875 0.2992834609375 0.7290011437499999 0.2964872015625 0.7259171656250001 0.289943021875 0.72464510625 0.28783114374999996 0.7267750390625001 0.2885155234375 0.7319889500000001
3 0.222826921875 0.510904246875 0.21185043750000002 0.50623019375 0.2025099984375 0.50187415625 0.19058184843749998 0.5020959984375 0.1858822578125 0.5088038125 0.1807068359375 0.5179595765625 0.1745797484375 0.532011234375 0.171040371875 0.5414850125 0.16396161874999998 0.5604325671875 0.1592032890625 0.5849120484375 0.1560810046875 0.60970954375 0.1562308109375 0.6351430687499999 0.15638061875 0.6605765953125 0.16102146875 0.6716404484375 0.164710653125 0.687600196875 0.17405109218749998 0.6919562328125 0.18809111875 0.689604459375 0.1955869671875 0.685980621875 0.1981746765625 0.6814027406250001 0.201238221875 0.6743769125 0.2070980234375 0.6704350609375 0.209685734375 0.6658571796875 0.2132251109375 0.6563834015625 0.21935220000000002 0.64233174375 0.2277997109375 0.6338120109375 0.23856765000000002 0.6308242046875 0.249544134375 0.6354982578125 0.256831434375 0.6242125609375 0.2650704015625 0.6080309703125 0.26956144375 0.593661296875 0.273576653125 0.581739571875 0.27643165000000003 0.5670518828125 0.27833498125 0.557260090625 0.2767576765625 0.5391704078124999 0.2747045375 0.523528675 0.26842764375 0.5121468078125 0.2609905359375 0.49799897812499994 0.2511742640625 0.49609088906250004 0.242042371875 0.499396709375 0.237818615625 0.503656575 0.23659966406250002 0.518662278125 0.227259225 0.5143062406250001 0.222826921875 0.510904246875
3 0.5028697859375 0.8346257734375 0.507569375 0.8279179593749999 0.5127447953125001 0.818762196875 0.5179202187499999 0.8096064343749999 0.5214595953125001 0.80013265625 0.527586684375 0.7860809984375 0.526217925 0.775653175 0.5222614546875 0.769803234375 0.51735331875 0.7688491890625 0.5108091375 0.7675771296875 0.497720775 0.765033009375 0.4633638234375 0.7583546937500001 0.45824714218749996 0.749738790625 0.45497505 0.749102759375 0.4479550375 0.7502786484375 0.4442071125 0.7520905671875 0.441619403125 0.7566684484375 0.440191903125 0.7640122921875 0.43543357499999996 0.7884917734375 0.43516628749999997 0.79860158125 0.43695213906249997 0.824353121875 0.43594173437499995 0.8470206843750001 0.4375190390625 0.8651103656249999 0.4877606109375 0.877416778125 0.48966394375 0.8676249859375 0.493679153125 0.8557032609374999 0.4976943625 0.8437815359374999 0.5028697859375 0.8346257734375
0 0.45048400781250003 0.763472434375 0.4511683875 0.7686863453125 0.45723673593749997 0.772406353125 0.46378091718750003 0.7736784140624999 0.4703250984375 0.7749504734375 0.478505325 0.7765405484375 0.4850495046875 0.7778126078125001 0.49090930781250003 0.77387075625 0.48436512656249997 0.772598696875 0.47945699062499997 0.7716446515625 0.46964071875 0.7697365625 0.4614604921875 0.7681464874999999 0.4570281890625 0.7647444937500001 0.4547077640625 0.7592125671875001 0.45354755156250004 0.7564466046875 0.45143567500000004 0.7585765375 0.45048400781250003 0.763472434375
3 0.312639109375 0.7214354562499999 0.3098428515625 0.718351478125 0.3065707609375 0.7177154484375 0.30166262499999996 0.716761403125 0.2944340640625 0.7102754328125 0.2878898828125 0.7090033734375 0.2846177921875 0.70836734375 0.2792338234375 0.709861246875 0.274534234375 0.716569059375 0.27099485625 0.7260428359375 0.270043190625 0.7309387328125 0.269091525 0.7358346296875 0.2697759046875 0.741048540625 0.2699844515625 0.7487104 0.2725134234375 0.7619041859375 0.278731578125 0.7910577203125 0.28078471562499996 0.806699453125 0.284265353125 0.814997340625 0.280725978125 0.82447111875 0.28373078125 0.83521695625 0.287895796875 0.8487287562500001 0.2918522671875 0.8545786984375001 0.3103246 0.8556289156249999 0.32156837031249996 0.8501931609375 0.327428171875 0.8462513093749999 0.3255835796875 0.838271434375 0.32115127656250003 0.8348694421875 0.318563565625 0.8394473234375001 0.3190393984375 0.8369993750000001 0.327278365625 0.8208177843750001 0.334565665625 0.8095320890625001 0.3402169203125 0.7979283781250001 0.3400083734375 0.79026651875 0.341435871875 0.782922675 0.3461354625 0.7762148609375 0.350150671875 0.764293134375 0.353214215625 0.7572673046875 0.35559337968750004 0.7450275640624999 0.35327295625 0.7394956390625 0.348840653125 0.7360936453125 0.32641185 0.7291934875 0.32361559375 0.726109509375 0.319183290625 0.722707515625 0.312639109375 0.7214354562499999
3 0.43638524062500006 0.7835958765625 0.4411435703125 0.7591163953125 0.44045918906250003 0.753902484375 0.43745438593749997 0.7431566468749999 0.43418229531249997 0.7425206171875 0.42927415937499996 0.741566571875 0.423890190625 0.7430604749999999 0.4206180984375 0.7424244453125 0.41148620625000004 0.7457302671875 0.4061022375 0.7472241703125 0.39955805624999996 0.745952109375 0.3913778296875 0.744362034375 0.387154075 0.7486219015625 0.38340615 0.75043381875 0.3768619703125 0.749161759375 0.373589878125 0.7485257296875 0.3703177875 0.7478897 0.3644579859375 0.75183155 0.36329777343749997 0.7490655875 0.3583896375 0.7481115421875 0.3546417140625 0.7499234609375 0.3466112953125 0.7737669125 0.3484558859375 0.7817467859375 0.3491402671875 0.7869606984375 0.350509025 0.7973885203125 0.35651863281249996 0.8188801953124999 0.36199366875 0.8605914828125 0.41202669375 0.8652360375000001 0.415566071875 0.8557622593750001 0.420057115625 0.8413925859375 0.43189419687499997 0.7979655515624999 0.43638524062500006 0.7835958765625
3 0.6620301828125 0.583574509375 0.6584908046875 0.5930482859375 0.6556358078125 0.607735975 0.6537324765625 0.6175277671875 0.65182914375 0.6273195609375 0.6531979046874999 0.6377473828125 0.6534064500000001 0.6454092421875 0.654775209375 0.655837065625 0.6575714671874999 0.65892104375 0.6631639828125 0.665089 0.6675962859375 0.6684909921875 0.679524434375 0.6682691484375 0.68232069375 0.671353128125 0.68928196875 0.68794890625 0.6908592734375001 0.7060385859375 0.691543653125 0.711252496875 0.699248046875 0.7152905203125 0.7043647281250001 0.723906425 0.7057334890625 0.734334246875 0.71343788125 0.7383722703125 0.7223024875 0.74517625625 0.7288466687499999 0.7464483171875 0.7342306375 0.7449544140625 0.7412506515625 0.743778525 0.7459502421875001 0.7370707109375 0.75064983125 0.730362896875 0.756985465625 0.723973096875 0.7616850546875 0.7172652828125 0.7626367203125 0.7123693859375 0.76290400625 0.70225958125 0.7605835812499999 0.6967276546875001 0.7566271109375 0.6908777125000001 0.7639144109375 0.6795920171875001 0.7695656671875 0.66798830625 0.772420665625 0.65330061875 0.7745912828125 0.63339901875 0.7736983578125 0.620523246875 0.7711693859375 0.6073294625 0.7648924890625 0.5959475953125 0.76236351875 0.5827538109375 0.756771003125 0.5765858546875 0.7534989125 0.5759498234375 0.74838223125 0.5673339203125 0.7460618046875 0.56180199375 0.7416295015625 0.5584 0.7371971984375 0.5549980078125001 0.7301771859375 0.5561738953125 0.724317384375 0.560115746875 0.7175059171875 0.56895349375 0.7053104796875 0.5792851453125001 0.711020475 0.5499097671875 0.7023644140624999 0.5507676406249999 0.69486856875 0.5543914765625 0.6836247984375 0.55982723125 0.6777649968749999 0.5637690828124999 0.6676814375 0.5719708 0.6620301828125 0.583574509375
0 0.5721446718750001 0.7490142625 0.5780044734375 0.7450724125 0.5817523984374999 0.74326049375 0.584340109375 0.7386826125 0.5815438515625 0.735598634375 0.5761598828125 0.7370925374999999 0.5681882015624999 0.7431643218749999 0.563280065625 0.7422102765624999 0.557896096875 0.7437041796875 0.5553083875 0.7482820609374999 0.561376734375 0.75200206875 0.5721446718750001 0.7490142625
0 0.1201672453125 0.3664676375 0.1243910015625 0.362207771875 0.13120246875 0.3533700234375 0.134741846875 0.343896246875 0.1333730859375 0.3334684234375 0.12519286093749998 0.33187834843749997 0.116745346875 0.34039808125 0.11647806093749999 0.3505078890625 0.1136230640625 0.365195578125 0.112195565625 0.372539421875 0.1201672453125 0.3664676375
0 0.558554065625 0.8276666171875 0.561350321875 0.8307505953125001 0.5622432500000001 0.843626365625 0.564087840625 0.8516062390625001 0.5699476421874999 0.8476643890625001 0.5718509734375 0.8378725953125 0.584580984375 0.8073213296875 0.590708071875 0.793269671875 0.5975195390625 0.7844319234375 0.6010589171875 0.774958146875 0.600641821875 0.7596344296875001 0.5949905671875 0.771238140625 0.5855913890625 0.7846537671875 0.575716378125 0.8005173437499999 0.56679303125 0.811485025 0.55834551875 0.8200047578125 0.558554065625 0.8276666171875
0 0.1828128 0.376104259375 0.1861436296875 0.358968621875 0.1868867484375 0.346410865625 0.1834061109375 0.3381129765625 0.17897380937500001 0.334710984375 0.1719537953125 0.335886871875 0.1646664953125 0.3471725671875 0.16508358750000002 0.3624962859375 0.17183631562499999 0.37143020625 0.1715690296875 0.3815400140625 0.176477165625 0.3824940578125 0.1828128 0.376104259375
0 0.20425760781250002 0.326923453125 0.2019371828125 0.3213915265625 0.2028888484375 0.31649563125 0.1996167578125 0.31585960156250004 0.19539300312500002 0.3201194671875 0.1977134265625 0.32565139374999996 0.201669896875 0.331501334375 0.20494198749999998 0.3321373640625 0.207053865625 0.33000743125 0.20425760781250002 0.326923453125
0 0.5289877703125 0.85748568125 0.534104453125 0.8661015828125 0.5390125875 0.867055628125 0.5443965578125 0.8655617250000001 0.5500478125 0.8539580156250001 0.549839265625 0.84629615625 0.5449311296875 0.8453421109375 0.5355906906250001 0.8409860734375 0.5325858875 0.8302402359375 0.530056915625 0.81704645 0.5282123234375 0.8090665765624999 0.53011565625 0.799274784375 0.5261591859375 0.7934248421875 0.524523140625 0.793106828125 0.5174443859375 0.8120543828125 0.5206577359375 0.8304620796875 0.5252985859375 0.84152593125 0.5289877703125 0.85748568125
3 0.8963575968749999 0.30394674374999997 0.889813415625 0.302674684375 0.8877015374999999 0.30480461718749996 0.8849052796875 0.3017206390625 0.8837450671875 0.2989546765625 0.8814246421874999 0.29342275 0.8769923390625 0.29002075625 0.87303586875 0.284170815625 0.8690794000000001 0.278320875 0.8634868828125001 0.27215291875 0.8525104000000001 0.267478865625 0.8459662187499999 0.2662068046875 0.8373101593750001 0.267064678125 0.828178265625 0.27037049999999996 0.82184263125 0.2767602984375 0.8155069968750001 0.2831500984375 0.8086955296875 0.2919878453125 0.8030442750000001 0.30359155625 0.7999807296875 0.310617384375 0.7976015656250001 0.32285712499999997 0.7945380234375 0.3298829546875 0.7909986453125 0.3393567328125 0.7900469796875 0.344252628125 0.7890953140625 0.34914852500000004 0.784395725 0.35585633906249997 0.779696134375 0.362564153125 0.7740448796875 0.3741678640625 0.7698211234375 0.3784277296875 0.7662817468750001 0.3879015078125 0.761790703125 0.4022711796875 0.7605717515625 0.417276884375 0.76241634375 0.42525675781250005 0.765421146875 0.43600259531249996 0.76821740625 0.43908657343749996 0.767265740625 0.4439824703125 0.770061996875 0.4470664484375 0.773542634375 0.4553643375 0.776814725 0.45600036718750003 0.7802953625 0.46429825625000004 0.7830916203125 0.46738223437500004 0.79760748125 0.46258251093749997 0.802782903125 0.4534267484375 0.8053706140625 0.44884886718750006 0.8123906296875001 0.44767297812500007 0.8184589765625001 0.4513929859375 0.8310127671875 0.474156721875 0.834910496875 0.49777832968749997 0.8419305109374999 0.4966024421875 0.8501107375 0.498192515625 0.85781513125 0.5022305390625 0.86013555625 0.507762465625 0.8690001625000001 0.5145664515624999 0.8792922671875001 0.5140265937499999 0.8900602046874999 0.5110387875 0.89850771875 0.5025190546875 0.914033984375 0.47505176718750003 0.9213212859375 0.463766071875 0.9276569203125 0.457376271875 0.9330408890624999 0.45588236875000004 0.93869214375 0.44427865781250003 0.9429746390625 0.42224712656249996 0.9376494109375001 0.40596936406250006 0.9347033453125 0.377451859375 0.930805615625 0.35383025 0.9238443406249999 0.337234471875 0.9126593109375 0.3248985609375 0.901474278125 0.31256264843750003 0.8963575968749999 0.30394674374999997
3 0.5975195390625 0.7844319234375 0.5977280859375 0.7920937828125 0.6002570578124999 0.8052875687500001 0.603946240625 0.8212473171875001 0.60225145625 0.8387009687500001 0.6059406390625 0.8546607187499999 0.6143294125 0.863912653125 0.6253058953124999 0.86858670625 0.637234046875 0.8683648625 0.6452057265625 0.862293078125 0.65317740625 0.85622129375 0.6599888734375 0.8473835453125 0.665164296875 0.838227784375 0.6708155515625001 0.8266240734375 0.6736705484375001 0.8119363843749999 0.6758411671875 0.792034784375 0.6786961640625 0.777347096875 0.6850905390625 0.75318563125 0.689373034375 0.731154096875 0.6899076078124999 0.7109344828124999 0.6906507265624999 0.6983767265624999 0.6869615421875 0.6824169796875 0.6806846484375 0.6710351125 0.672504421875 0.6694450375 0.66432419375 0.6678549625 0.6584643921875 0.6717968140624999 0.6540320890625 0.6683948203125001 0.6486481203125 0.6698887234375 0.640200609375 0.67840845625 0.6312772625 0.6893761359374999 0.6158097359375 0.6990717562500001 0.597278665625 0.71579320625 0.5904671984375 0.7246309531249999 0.595375334375 0.7255849984375 0.6009678484375 0.7317529546875 0.6027537 0.7575044953125001 0.6010589171875 0.774958146875 0.5975195390625 0.7844319234375
0 0.6046306203125 0.8264612281250001 0.6083198046875 0.8424209781249999 0.61623274375 0.8541208609375 0.6229854718750001 0.8630547796875 0.6370255 0.860703003125 0.6529688609375001 0.848559434375 0.6649557500000001 0.8305659249999999 0.6718259578125 0.803956509375 0.674948240625 0.779159015625 0.6681367734375 0.7879967609375 0.6571015499999999 0.8010943749999999 0.6460663249999999 0.8141919890624999 0.635506934375 0.8248416546874999 0.6252148296875 0.8253815124999999 0.61941376875 0.8115516968750001 0.6178364625 0.7934620156250001 0.6146231109375 0.7750543203125 0.6062343375 0.7658023859374999 0.6039139140625001 0.760270459375 0.6010589171875 0.774958146875 0.59820391875 0.7896458359375 0.599781225 0.8077355171875 0.6046306203125 0.8264612281250001
3 0.7109294078125 0.506704575 0.7101862890625 0.5192623296875001 0.7120308796875 0.5272422046874999 0.7122394265625 0.5349040640625 0.71176359375 0.5373520125 0.71292380625 0.540117975 0.7145598515625 0.5404359890625 0.71524423125 0.5456499015625 0.715452778125 0.5533117609375 0.7149769453125 0.555759709375 0.7161371562500001 0.558525671875 0.7210452921875 0.5594797171875 0.7247932171875 0.5576677984375 0.7290169734374999 0.5534079328125 0.7355611546875 0.5546799921875001 0.74490159375 0.55903603125 0.74769785 0.5621200078124999 0.749333896875 0.5624380234374999 0.7518628671875 0.575631809375 0.7595672609374999 0.5796698328125001 0.7618876859375 0.5852017578125001 0.76441665625 0.5983955437499999 0.769533340625 0.607011446875 0.776077521875 0.60828350625 0.780509825 0.6116855 0.7861023390625 0.61785345625 0.79755465625 0.6200795609374999 0.8040988390624999 0.6213516218749999 0.8094828078124999 0.61985771875 0.8141823968749999 0.613149903125 0.816294275 0.611019971875 0.8177217734375001 0.603676128125 0.824533240625 0.5948383796875001 0.828756996875 0.5905785140625001 0.8355684640625001 0.581740765625 0.8388992953125 0.5646051296875 0.8410699125000001 0.5447035296875 0.838808228125 0.5213999359375 0.8362792562499999 0.5082061515625 0.8319056921874999 0.48703249218750005 0.8310127671875 0.474156721875 0.8252117046875 0.46032690625 0.8196191890625 0.45415894999999995 0.813550840625 0.45043894218749997 0.8107545828125 0.4473549640625 0.8070066609375001 0.44916688125000004 0.802782903125 0.4534267484375 0.8001951921874999 0.45800462968750005 0.79760748125 0.46258251093749997 0.7938595578125 0.464394428125 0.790111634375 0.46620634687500007 0.78683954375 0.4655703171875 0.7830916203125 0.46738223437500004 0.7821399546875 0.47227813125000007 0.7788678625000001 0.4716421015625 0.77723181875 0.4713240859375 0.7732753484375 0.46547414531250003 0.7709549234375 0.45994221875 0.7678913796875 0.4669680484375 0.7625074109375001 0.46846195156250003 0.760871365625 0.46814393593750003 0.7559632296875 0.467189890625 0.7557546828125 0.45952803124999997 0.7597698921875 0.44760630625 0.75486175625 0.4466522609375 0.7468900765625001 0.4527240453125 0.7363306859375001 0.46337371093749996 0.7252954625 0.476471325 0.71964420625 0.4880750359375 0.7161048296875 0.4975488125 0.7109294078125 0.506704575
3 0.16258694375 0.41027935937500004 0.1583631875 0.41453922499999996 0.1536635984375 0.42124704062499996 0.1482208890625 0.440512609375 0.1432540140625 0.4573302328125 0.13754401875 0.48670560781249994 0.137009446875 0.5069252234375 0.1451309328125 0.526286965625 0.151407828125 0.5376688328125 0.15467991875 0.5383048625 0.15937950781250002 0.5315970484375 0.16428764375 0.5325510921875 0.1649720234375 0.5377650046875 0.1703559921875 0.5362711015625 0.17294370312500001 0.5316932203125 0.178119125 0.5225374578124999 0.18329454843749998 0.5133816953125 0.1879941375 0.5066738796875 0.19221789375 0.5024140140625 0.1992379078125 0.5012381265625 0.20789396718750003 0.500380253125 0.2123262703125 0.5037822453125 0.2216667078125 0.508138284375 0.2277350578125 0.5118582921875 0.233594859375 0.5079164406250001 0.2404063265625 0.49907869531250004 0.2490623859375 0.49822082187500005 0.2488538390625 0.49055896250000003 0.2465334140625 0.4850270359375 0.252393215625 0.48108518437500003 0.2608407296875 0.4725654515625 0.26696781718749996 0.45851379375 0.26982281406249997 0.44382610468749994 0.270565934375 0.43126834843750006 0.2687213421875 0.423288475 0.26408049375 0.412224621875 0.26271173281250004 0.4017968015625 0.25595900625 0.39286288125 0.2470944 0.38605889531250004 0.24239481093749998 0.39276670937499997 0.22249497968749998 0.3990603359375 0.17826301718749998 0.40824559843749997 0.170082790625 0.40665552343750005 0.16258694375 0.41027935937500004
3 0.107789675 0.29038890156249997 0.10139530000000001 0.31455036875000003 0.099700515625 0.3320040203125 0.098957396875 0.34456177499999996 0.1008019875 0.35254165 0.101010534375 0.360203509375 0.1019034609375 0.37307927812499997 0.1021120078125 0.3807411375 0.103480765625 0.39116896093750003 0.10907328281249999 0.39733691718749997 0.113505584375 0.40073890937499995 0.116986221875 0.40903679843749996 0.1143985109375 0.4136146796875 0.1129710125 0.420958525 0.1143397703125 0.431386346875 0.12088395156250001 0.43265840781250003 0.1295400109375 0.43180053437500004 0.1403079484375 0.42881272812500004 0.149915675 0.42305895781249997 0.1574115203125 0.419435121875 0.1609508984375 0.40996134375000004 0.170082790625 0.40665552343750005 0.17826301718749998 0.40824559843749997 0.190667 0.40557580625 0.2117270421875 0.4020481421875 0.2262429046875 0.39724841718750004 0.24287064374999998 0.3903187625 0.2569694109375 0.37019531875 0.265208378125 0.35401372656249996 0.268063375 0.3393260375 0.2700254453125 0.311762578125 0.2679723078125 0.296120846875 0.2623797921875 0.289952890625 0.2666035484375 0.2856930234375 0.2657106234375 0.272817253125 0.260176846875 0.2488776296875 0.26071141875000003 0.228658015625 0.256546403125 0.2151462140625 0.25190555312499996 0.20408236249999998 0.24842491562500002 0.195784475 0.24351677968750002 0.1948304296875 0.2353365546875 0.1932403546875 0.2245686171875 0.196228159375 0.21870881562500002 0.20017001093750003 0.21632964999999998 0.2124097515625 0.20344983437500003 0.217527490625 0.198065865625 0.21902139375 0.19146294531250002 0.235521 0.1896183515625 0.22754112656249997 0.1898856390625 0.21743131875000002 0.1885168796875 0.2070034953125 0.189944378125 0.1996596515625 0.1869395734375 0.18891381406250002 0.1825072703125 0.1855118203125 0.159811184375 0.1887214703125 0.14740720000000002 0.1913912625 0.13732364218749998 0.1995929796875 0.12956050937500002 0.21332662343750003 0.1234334203125 0.22737828124999998 0.117039046875 0.25153974843750004 0.111804884375 0.27846717656250003 0.107789675 0.29038890156249997
1 0.7964472687499999 0.45981654687500007 0.8053706140625 0.44884886718750006 0.8140266734375 0.44799099375000007 0.820095021875 0.4517110015625 0.8310127671875 0.474156721875 0.834910496875 0.49777832968749997 0.8419305109374999 0.4966024421875 0.8496349046875 0.5006404640625 0.85781513125 0.5022305390625 0.86129576875 0.5105284296875 0.8690001625000001 0.5145664515624999 0.8781320546875 0.51126063125 0.8875312328125 0.49784500156249994 0.8819387171875 0.4916770453125 0.872806825 0.4949828671875 0.8676901421875 0.4863669625 0.8595686562499999 0.46700522031249997 0.8535590484375 0.4455135453125 0.84680631875 0.4365796265625 0.8536177875 0.427741878125 0.8559969515624999 0.41550213906250005 0.847816725 0.41391206562500005 0.8398450453124999 0.41998384843750003 0.83282503125 0.4211597359375 0.826072303125 0.4122258171875 0.817207696875 0.40542183125 0.8073914249999999 0.40351374218749997 0.794035778125 0.411079428125 0.7904964 0.42055320625 0.7843693125 0.4346048640625 0.7791938890625 0.4437606265625 0.7728582546875 0.4501504265625 0.7740184671875 0.4529163890625 0.7784507703125 0.45631838281250003 0.7830916203125 0.46738223437500004 0.7922235125 0.46407641406250005 0.7964472687499999 0.45981654687500007
3 0.5751230640625 0.8385086265625 0.5805657734375 0.81924305625 0.5876445265625 0.8002955 0.5949318265625 0.7890098046875 0.6010589171875 0.774958146875 0.603229534375 0.7550565484375 0.599331803125 0.731434940625 0.595375334375 0.7255849984375 0.5904671984375 0.7246309531249999 0.5867192734375 0.726442871875 0.5813353046875 0.727936775 0.5759513359375 0.7294306781250001 0.5694071546874999 0.72815861875 0.5640231859375 0.7296525218750001 0.5586392171875 0.731146425 0.552779415625 0.7350882765625 0.547395446875 0.7365821796875001 0.542011478125 0.7380760828125 0.5387393859375 0.7374400515625 0.53383125 0.73648600625 0.5289231156249999 0.7355319625 0.5225874796875 0.7419217609375 0.518363725 0.746181628125 0.516936225 0.753525471875 0.514081228125 0.768213159375 0.5157172734375 0.768531175 0.5189893640625 0.7691672046875 0.5238975 0.77012125 0.526217925 0.775653175 0.5259506390625 0.7857629828125 0.5249989734375 0.7906588796875 0.516968553125 0.8145023312499999 0.523662540625 0.8412079171875 0.5319925750000001 0.8682315171875 0.5338371671875 0.8762113906250001 0.552309496875 0.8772616078125001 0.5607570109375 0.8687418750000001 0.5701561890625 0.8553262484375 0.5751230640625 0.8385086265625
1 0.7639995640625 0.583071825 0.7683731265625 0.604245484375 0.7744414765625 0.6079654921875 0.7816700359375 0.6144514625 0.7987148703125 0.622845525 0.8094828078124999 0.61985771875 0.816294275 0.611019971875 0.81819760625 0.6012281796875001 0.809333 0.59442419375 0.800259846875 0.579958346875 0.7916625265625 0.563044553125 0.7896093890625 0.5474028203125 0.778900190625 0.5326189593749999 0.7656032828125 0.5224129796875 0.76238993125 0.5040052828125 0.7540011578125 0.49475335 0.73198945 0.503176909375 0.7293429984375 0.5255264578125 0.726220715625 0.5503239546875001 0.733925109375 0.5543619765625001 0.7388332453124999 0.5553160218750001 0.749333896875 0.5624380234374999 0.7534989125 0.5759498234375 0.7639995640625 0.583071825
1 1 0.21884672656249998 0.9949314921875001 0.1986259765625 0.9879702187499999 0.18203019843749998 0.9799398 0.20587365000000002 0.971016453125 0.21684132968749997 0.9307409609375 0.2318765328125 0.9181284312500001 0.22688446406249999 0.8963252703125001 0.24296988437499997 0.882702334375 0.2606453796875 0.8777354578125 0.27746300156250003 0.8884446578125 0.2922468625 0.90037280625 0.29202501875000003 0.9054894890625 0.3006409234375 0.9176261859375 0.3080809390625 0.9384189421875 0.3146630828125 0.95593960625 0.3206091953125 0.9688194234375 0.31549145625 0.9831267390624999 0.303029871875 0.9883609 0.2761024421875 1 0.23155317812499998 1 0.21884672656249998
3 1 0.170436515625 0.9981125171875 0.1560568140625 0.9979039703125 0.1483949546875 0.9955835453124999 0.142863028125 0.9914185296875001 0.12935122968749999 0.9874620593750001 0.12350128906249999 0.9802334968749999 0.1170153171875 0.9713688906250001 0.11021133125 0.96530054375 0.10649132343750001 0.9564359375 0.0996873359375 0.946619665625 0.097779246875 0.9351673484375 0.0955531421875 0.926987121875 0.0939630671875 0.9227633656249999 0.0982229328125 0.9190154421875001 0.1000348515625 0.9203842 0.1104626734375 0.9122039750000001 0.1088725984375 0.9019118703125001 0.10941245625 0.8944160218749999 0.11303629374999999 0.8885562203124999 0.11697814375 0.881744753125 0.125815890625 0.872345575 0.13923151875 0.865742653125 0.15573112656250002 0.8593482796874999 0.1798925921875 0.85765349375 0.19734624375 0.8520022390624999 0.2089499546875 0.8479870296875 0.22087167812500003 0.84513203125 0.23555936718749998 0.8437045328125 0.2429032125 0.843437246875 0.2530130203125 0.846917884375 0.261310909375 0.8513501874999999 0.2647129015625 0.871191278125 0.2761909421875 0.8760994140625 0.27714498593750003 0.881691928125 0.28331294218749997 0.8840123546875001 0.28884486875 0.891716746875 0.2928828921875 0.8966248828125 0.2938369375 0.90153301875 0.29479098125 0.9043292765625001 0.29787495937499997 0.9159901406250001 0.307762925 0.9286026703125 0.3127549921875 0.9416910312500001 0.3152991125 0.94891959375 0.3217850828125 0.9554637734375 0.32305714375 0.9662317109374999 0.3200693375 0.976791103125 0.309419671875 0.9836025718749999 0.3005819234375 0.99258465625 0.2718425765625 0.9978188187500001 0.244915146875 1 0.23369394062499999 1 0.170436515625
1 0.6734560875 0.6645491406249999 0.679524434375 0.6682691484375 0.6839567375 0.6716711421875 0.6881217546875 0.6851829421875 0.6922867734375 0.6986947421874999 0.69365553125 0.7091225640625 0.6997238796875 0.712842571875 0.7055249406249999 0.7266723875000001 0.71227766875 0.7356063078124999 0.720457896875 0.7371963828125 0.7297983343750001 0.7415524203125 0.739406059375 0.7357986515625 0.74832940625 0.7248309703125 0.7607921281250001 0.7043895124999999 0.7589475375 0.6964096390625001 0.7460677203125 0.7015273765625001 0.733455190625 0.6965353109375 0.7239062046875 0.6845174140625 0.712662434375 0.6899531671875 0.7021617828125 0.6828311671875 0.69308863125 0.6683653203125 0.6905596593750001 0.6551715359375 0.6950507015625 0.6408018609374999 0.6990659124999999 0.6288801359375 0.6981729859375 0.616004365625 0.68904109375 0.6193101859375 0.683865671875 0.6284659484375 0.680385034375 0.620168059375 0.6756854453125001 0.626875875 0.6700341890625 0.638479584375 0.6636985546874999 0.644869384375 0.6550424953125 0.6457272578125 0.6552510421875 0.6533891171875 0.6587316796875 0.66168700625 0.6648000265625 0.6654070140624999 0.6734560875 0.6645491406249999
1 0.1143397703125 0.431386346875 0.1332879359375 0.429988615625 0.1536635984375 0.42124704062499996 0.1588390203125 0.412091278125 0.1689225796875 0.40388955937500004 0.1787388515625 0.40579764999999995 0.2084549515625 0.4014121125 0.24287064374999998 0.3903187625 0.255333365625 0.369877303125 0.24040041093750003 0.359353309375 0.2385558203125 0.351373434375 0.23064287968750002 0.339673553125 0.22505036406249998 0.333505596875 0.2194578484375 0.32733764062500004 0.21196200156249997 0.3309614765625 0.20515053437500003 0.3397992234375 0.1915863390625 0.3397030515625 0.184357778125 0.33321708125 0.177813596875 0.3319450203125 0.17454150625 0.331308990625 0.16561816093749998 0.342276671875 0.16323899687500001 0.3545164125 0.1505677265625 0.3672960109375 0.141585640625 0.39603535624999997 0.1315020828125 0.404237075 0.1176706 0.41425070937499997 0.1143397703125 0.431386346875
1 0.1931577296875 0.21806734843750003 0.20017774375 0.21689146093749997 0.21094568125 0.2139036546875 0.21939319375 0.205383921875 0.22668049375 0.1940982265625 0.2238842359375 0.19101425 0.22673923437500001 0.17632656093750002 0.225370475 0.1658987375 0.2181419140625 0.1594127671875 0.20948585468749997 0.16027064062500002 0.2003539625 0.1635764609375 0.1881585265625 0.1739081125 0.181347059375 0.182745859375 0.18857561875 0.18923182968750002 0.19089604375 0.1947637546875 0.192264803125 0.205191578125 0.1898856390625 0.21743131875000002 0.1931577296875 0.21806734843750003
0 0.3613944421875 0.7588573796875 0.3604427765625 0.7637532765625 0.363239034375 0.7668372546875 0.36978321406250003 0.7681093140625 0.37305530625 0.76874534375 0.37891510781250004 0.76480349375 0.3777548953125 0.7620375296875 0.37332259218749997 0.7586355375 0.37073488125 0.76321341875 0.367462790625 0.7625773875 0.366302578125 0.759811425 0.3635063203125 0.756727446875 0.3613944421875 0.7588573796875
1 0.19221789375 0.5024140140625 0.2046218765625 0.49974422343749997 0.22050649687499999 0.5053723203125 0.228210890625 0.50941034375 0.2361825703125 0.503338559375 0.2425182046875 0.4969487609375 0.2500140515625 0.493324925 0.2476936265625 0.4877929984375 0.2448973703125 0.4847090203125 0.241892565625 0.4739631828125 0.23820338125 0.458003434375 0.22722689687500003 0.45332938125 0.21830355156249998 0.4642970625 0.20890437187500002 0.47771269062500005 0.19950519375 0.49112832031250003 0.18028974375 0.5026358578125001 0.1680943078125 0.5129675078125 0.165239309375 0.527655196875 0.1670839015625 0.5356350703125 0.17130765781249999 0.5313752046875 0.17648308125 0.5222194421874999 0.1842462140625 0.5084857984375 0.19221789375 0.5024140140625
1 0.1411890453125 0.1622377296875 0.14240799843750002 0.14723202500000002 0.1424667359375 0.1294603578125 0.136874221875 0.123292403125 0.132233371875 0.11222855000000001 0.1327679453125 0.09200893437499999 0.130923353125 0.0840290609375 0.12664085625 0.10606059375000002 0.12188252656250001 0.130540075 0.11923607656249999 0.1528896234375 0.120604834375 0.1633174453125 0.1283092296875 0.16735546875 0.1411890453125 0.1622377296875
1 0.173633996875 0.6766325156249999 0.17616296874999998 0.6898263015625 0.189727165625 0.6899224734375 0.20028655624999997 0.6792728078125 0.2054619765625 0.6701170453125 0.20920990156250002 0.668305128125 0.218400534375 0.6472276390625 0.2294357578125 0.6341300249999999 0.2374074375 0.6280582406249999 0.24674787656250002 0.6324142796875 0.249544134375 0.6354982578125 0.2551953890625 0.623894546875 0.2634343546875 0.6077129546875 0.26581351875000003 0.595473215625 0.2665566390625 0.582915459375 0.2598039109375 0.573981540625 0.2560559875 0.575793459375 0.2525166109375 0.5852672359375 0.2414813875 0.5983648500000001 0.2266982390625 0.6132743796875 0.2142942578125 0.6159441718750001 0.1936513078125 0.6347955546875 0.1807127515625 0.6576849609375001 0.173633996875 0.6766325156249999
0 0.173915865625 0.3083234125 0.18257192656250001 0.30746553906249996 0.19170381875 0.30415971875 0.19149527187499998 0.296497859375 0.1800429546875 0.2942717546875 0.165051259375 0.30151942656249997 0.1591914578125 0.305461278125 0.157763959375 0.312805121875 0.16219626250000002 0.31620711562500003 0.173915865625 0.3083234125
0 0.16891666249999998 0.2641641765625 0.173348965625 0.26756616875 0.17314041875 0.25990430937500003 0.16686352499999998 0.2485224421875 0.15799891875 0.24171845625000002 0.154726828125 0.2410824265625 0.1521391171875 0.2456603078125 0.16379997968749999 0.255548271875 0.16891666249999998 0.2641641765625
0 0.25067201875 0.5772873625 0.253944109375 0.5779233921875 0.254895775 0.5730274953125 0.2551630625 0.5629176874999999 0.25447868281249997 0.5577037765624999 0.24841033281249997 0.55398376875 0.24466241093750002 0.5557956875000001 0.24534679062500003 0.5610095984375 0.24930326093750002 0.5668595390625 0.25067201875 0.5772873625
3 0.1751229875 0.013866940625 0.16503942968750002 0.0220686578125 0.14978045 0.0394261375 0.13779355937499999 0.057419646874999994 0.12955459375 0.0736012375 0.12553938281250002 0.0855229640625 0.12152417499999998 0.0974446890625 0.11792605625000001 0.1246901328125 0.11480377343749999 0.1494876296875 0.11290044218749999 0.159279421875 0.1121573234375 0.1718371765625 0.11352608125000001 0.1822649984375 0.116055053125 0.195458784375 0.1211717359375 0.20407468906249998 0.13357571875000002 0.20140489687500002 0.14365927812499998 0.1932031796875 0.1549030484375 0.1877674265625 0.16355910625 0.186909553125 0.17548725781250002 0.186687709375 0.18087122656250001 0.18519380624999998 0.1869395734375 0.18891381406250002 0.1904202109375 0.197211703125 0.19110459062500001 0.202425615625 0.189201259375 0.2122174078125 0.1898856390625 0.21743131875000002 0.1969056515625 0.21625542968749997 0.2055617125 0.21539755781249997 0.21094568125 0.2139036546875 0.2125817265625 0.21422166874999998 0.2177571484375 0.20506590624999999 0.2208206921875 0.1980400765625 0.2283165390625 0.19441624062500001 0.23370050781249999 0.1929223390625 0.2407205234375 0.1917464515625 0.24562865937499997 0.192700496875 0.2514884609375 0.1887586453125 0.2550278359375 0.1792848671875 0.2543434578125 0.17407095625 0.260203259375 0.1701291046875 0.2637426359375 0.16065532656249998 0.2693938921875 0.14905161718749999 0.2712972234375 0.139259825 0.269244084375 0.123618090625 0.2657634484375 0.1153202015625 0.261806978125 0.10947025937499999 0.26159843125000004 0.1018084 0.26629801875000003 0.0951005875 0.2693615640625 0.0880747578125 0.2712648953125 0.078282965625 0.2703719703125 0.0654071953125 0.2711150890625 0.0528494390625 0.26906195 0.03720770625 0.2604646296875 0.0202939125 0.2499639796875 0.0131719109375 0.240623540625 0.0088158734375 0.2265835109375 0.0111676484375 0.20647513437499998 0.0097994171875 0.18705113906249998 0.013645096875000002 0.1751229875 0.013866940625