3 0.4758147015625 0.4965066078125 0.4900589109375 0.4939575890625 0.5036768078125 0.49238664375 0.509247334375 0.4917973171875 0.5161968109374999 0.49128254531250004 0.51884731875 0.487054284375 0.5214356984374999 0.478734440625 0.5206946046875001 0.4703560171875 0.5198082484375 0.46229355937500005 0.5174166171875 0.4521258453125 0.5138007671875 0.44039427656249996 0.5122691640625 0.4356565609375 0.508217528125 0.42487288906250004 0.5053543171875 0.4141939484375 0.5035416578125 0.40891483125 0.5015026765624999 0.402206765625 0.499935275 0.3960099265625 0.49816788125 0.3910166 0.46303737343750007 0.39980327031249996 0.4216479015625 0.4060657609375 0.42343125156249994 0.4444538484375 0.4240966015625 0.4622189453125 0.43229364531250003 0.5016419140624999 0.4362757609375 0.5033548796875 0.45489260624999994 0.5012851359375 0.4758147015625 0.4965066078125
3 0.5232303296875 0.45677125781249994 0.5276840265625 0.4589954484375 0.5294798265625 0.46046877343750003 0.5306398437500001 0.46409350624999995 0.530085125 0.46798982968749997 0.5294304109375 0.47248790625000003 0.5313051953125 0.48185860468749997 0.544116890625 0.5035590828125 0.5522811187500001 0.5057815 0.5665874515625 0.5073240609375 0.5770211328125 0.5053785703125 0.5852326999999999 0.5017343171875 0.5863779328125001 0.4954007984375 0.587996821875 0.48342604375000003 0.5876746515625 0.47029393124999996 0.5873524812500001 0.45716181875000006 0.5770806609375 0.40957166093749997 0.5729311015625 0.393237284375 0.5668330921875 0.37076642187500003 0.5382899437499999 0.37675200468750003 0.5331016390625 0.40071748593749995 0.5250427265625001 0.4090249 0.5217522890625 0.427709490625 0.5187165796875 0.4443030265625 0.5232303296875 0.45677125781249994
0 0.530660853125 0.455594378125 0.5324397921874999 0.45326191250000003 0.53734081875 0.44721240937499995 0.5391197562500001 0.44487994375 0.5400913218750001 0.44238239375 0.540100790625 0.44120905937500005 0.538250259375 0.440623278125 0.536209203125 0.4400676734375 0.5360281453125 0.438924515625 0.5359923484375 0.43746539218749997 0.5332891828124999 0.4364287375 0.5301860296875 0.43779910624999996 0.5277902484375 0.4399363125 0.525322875 0.4391552703125 0.5244513046875 0.44105106562499996 0.5229892203125 0.445384059375 0.5231513421875 0.44887388437500003 0.5251281999999999 0.45149036875000004 0.527059790625 0.4538210625 0.5290913796875001 0.45555000156250003 0.530660853125 0.455594378125
0 0.4549404703125 0.6014694171875 0.45788889375 0.60158835 0.4582720203125 0.5953755359375 0.45821936250000006 0.5901106203125 0.4583835609375 0.5874479859374999 0.457921446875 0.5857634265625 0.456697228125 0.5841995718749999 0.45556353749999995 0.5832072953125 0.45446564375 0.5836741421875 0.45240565312500003 0.58546520625 0.4515962078125 0.591452584375 0.44993412812500005 0.5969890875 0.45005098749999994 0.6001931234375 0.45202045 0.59783048125 0.4526278265625 0.599199075 0.4549404703125 0.6014694171875
0 0.3317493234375 0.493251003125 0.334216696875 0.49403204375 0.336903 0.4912629046875 0.3374408578125 0.483560790625 0.334966090625 0.47780062343749996 0.333189228125 0.47398063125 0.331012378125 0.47256765781250004 0.3281186859375 0.47156118124999996 0.3248344734375 0.471788390625 0.3210692140625 0.4726777078125 0.31848290625 0.474845090625 0.3188355546875 0.4783047390625 0.3217650421875 0.480770340625 0.325882953125 0.4833406734375 0.32847665312499996 0.48615241718749996 0.3305345703125 0.49051381406249994 0.3317493234375 0.493251003125
3 0.5530351859375 0.5832961125 0.5600583296874999 0.5795471265625001 0.556676196875 0.5742236328125 0.5562782828125 0.5704781921875 0.5532908203125 0.5516160890624999 0.5495590171875 0.5070915140625 0.54809900625 0.5052720468749999 0.5441716234375 0.5026715375 0.5420589734375 0.49919768593749997 0.53145045625 0.48154263750000004 0.52942094375 0.4736612390625 0.5292324921875 0.46753895468750006 0.5308851031249999 0.4631757859375 0.529444028125 0.45900964999999994 0.5257429671875 0.45783808906249995 0.518612434375 0.45720970312500003 0.5200798359375 0.464008296875 0.521056721875 0.47264233281249995 0.52079991875 0.48088584843750004 0.5188831140625 0.48851340781249997 0.5161968109374999 0.49128254531250004 0.5120052328125 0.4919464265625 0.509437859375 0.49176714062500004 0.5045199734375 0.4940108515625 0.5048001234374999 0.524141221875 0.50654443125 0.5437861390625 0.50852660625 0.5575342078125 0.509794015625 0.5655363125 0.5110635 0.5673859578125 0.5121235203125 0.5716124453125 0.513745653125 0.576921740625 0.5130267374999999 0.5834806953125 0.5203741265625 0.5867113640625 0.5303773421875 0.59684535625 0.552097340625 0.593405246875 0.5510562546875 0.5868320890625001 0.5530351859375 0.5832961125
3 0.5114572625 0.5834363171875 0.5098824703125 0.572260353125 0.5073044624999999 0.54981789375 0.5051338359375 0.5299475390625 0.5052042609375 0.509429278125 0.504329446875 0.494041028125 0.500864178125 0.4931250796875 0.49253575312500003 0.49356529531250004 0.48299997031249997 0.49624745 0.4716683890625 0.49745627968750006 0.46261365468750004 0.499476325 0.4516989234375 0.5020839234375 0.45361157968750004 0.5067612875 0.457235990625 0.5469084890625 0.4631866640625 0.575847778125 0.465035121875 0.5825860203125 0.48080470625 0.603232096875 0.5025510343749999 0.6024244453125001 0.505618390625 0.5995949546875 0.506575171875 0.5871391515625 0.5114572625 0.5834363171875
0 0.315787134375 0.4787875625 0.315996596875 0.47641071718749994 0.3141365984375 0.476998271875 0.312819775 0.481015296875 0.31025979531250003 0.4858151390625 0.3114724734375 0.4947047875 0.313249334375 0.49852478125 0.31563772343749996 0.4914084484375 0.3153682109375 0.48354125156250005 0.315787134375 0.4787875625
3 0.45584225624999997 0.5368756828125 0.453547378125 0.508822165625 0.45103681562500003 0.501602875 0.44746208125000003 0.502462015625 0.4433704984375 0.5025241421875 0.4387073375 0.502676796875 0.43489681406249997 0.503280325 0.43181259531249994 0.5023040234375 0.4317315328125 0.5005591109374999 0.4256713953125 0.47339491093749997 0.42357560625 0.4737268515625 0.41961981875000004 0.4746463453125 0.41681665625 0.4742114453125 0.41154612031250004 0.47299550625000003 0.4042439953125 0.4700506265625 0.4004429375 0.46948082187500007 0.3968134703125 0.47122750625 0.39265768749999996 0.47335051093749997 0.3914408625 0.47676578281250004 0.3960578515625 0.50591630625 0.3970326609375 0.5207028046875 0.39826427343750004 0.527245784375 0.40152747499999997 0.5355177046875 0.40799499531250005 0.565254009375 0.40900560312499995 0.5814996296875 0.4129930375 0.5943441796875 0.4169730796875 0.6022096046875001 0.4428920484375 0.6030847390625 0.4607636484375 0.6049414953125 0.4600604265625 0.5918697359375 0.459223484375 0.571788146875 0.45584225624999997 0.5368756828125
3 0.2729455703125 0.5942606625 0.276810828125 0.5927695890625 0.2805855578125 0.5907069375 0.292028678125 0.581570559375 0.294598125 0.5755973828125 0.2989749109375 0.5637717390625 0.3027348546875 0.5517508359375001 0.295765275 0.5311757671875 0.2922588890625 0.517669109375 0.2890808984375 0.49883718125 0.28713452031250003 0.4865482359375 0.2776839484375 0.47867038125 0.26795971406249997 0.4752302515625 0.2563417609375 0.46476609062499996 0.23915444687499998 0.478327765625 0.239638740625 0.4949497046875 0.2451988921875 0.5251226796874999 0.254714834375 0.5543761625 0.266924471875 0.5858396328125 0.270532928125 0.5925920765625 0.2729455703125 0.5942606625
3 0.599594671875 0.47280036562500005 0.6030578671875 0.479868775 0.6132684687500001 0.4937783828125 0.620742184375 0.49903975312500004 0.62753693125 0.5000142828125 0.6324906140625 0.4992296953125 0.639042178125 0.494969484375 0.6436979453125 0.48983770312499997 0.6454978921875 0.4790061078125 0.645177796875 0.459721534375 0.6441577234375 0.4446492484375 0.6428207953125 0.42757643749999996 0.641908109375 0.416881521875 0.6397070046875 0.40668362968749994 0.640761709375 0.3997785328125 0.6393206359375 0.39561239531250003 0.6265047906250001 0.3862168390625 0.5975868140625 0.37380539375 0.5838248234375001 0.3991288140625 0.577833296875 0.41062428906250004 0.5857587515625 0.448332521875 0.587724065625 0.4582748 0.593799896875 0.465808284375 0.599594671875 0.47280036562500005
3 0.4075592109375 0.5662019078125 0.40528651250000003 0.55308576875 0.40148221093750003 0.5352319140625 0.3984000671875 0.5281031546875 0.3968874 0.5210187703125 0.396301034375 0.511151046875 0.39545047499999997 0.5045477125 0.3910050765625 0.47771368125 0.39107874531250003 0.4744794671875 0.3943818921875 0.47190559062500004 0.3995355703125 0.46991749374999997 0.3985113453125 0.467150128125 0.39444816718750003 0.46369225 0.3855481640625 0.46422299687499996 0.38012289843749997 0.4644963578125 0.369698684375 0.46526851406249997 0.363292384375 0.46921275937500007 0.355705053125 0.4780314 0.35169245781249997 0.4859908984375 0.34699882031249996 0.495816015625 0.3467514859375 0.502886196875 0.34848100937500004 0.5125728640625 0.3591318078125 0.5662551296875 0.3615571609375 0.5840344265625 0.36604043124999996 0.6061751234375 0.4162562375 0.6026161 0.4132193609375 0.595773128125 0.4100750921875 0.584552784375 0.40886980937499995 0.5806422609374999 0.4075592109375 0.5662019078125
3 0.36125509375 0.591992153125 0.3599465703125 0.5713993390625001 0.3474304546875 0.5071730390625 0.34573465468750003 0.505097959375 0.34345780625 0.5042867421875 0.3389399078125 0.5041234296875 0.3326936546875 0.5177099609375 0.3314936890625 0.5249310265625 0.3284242578125 0.5339129765624999 0.3224611359375 0.5418884515625 0.3206179984375 0.5462817953125 0.3168769890625 0.5559560328125001 0.313464378125 0.5603049984374999 0.30998017187500004 0.56173571875 0.3094044421875 0.5741311703124999 0.3114593796875 0.61423399375 0.3273919953125 0.6087809281250001 0.334786725 0.6061449265625 0.3482046265625 0.6057774921875 0.35369409375 0.6034432515625 0.36125509375 0.591992153125
3 0.60862891875 0.5853303999999999 0.6306752375 0.58271748125 0.62889098125 0.5739183625 0.6246698312500001 0.5546657374999999 0.621258125 0.5294257375 0.618225396875 0.51027784375 0.61383058125 0.4948611875 0.60870738125 0.487176821875 0.6021147046875 0.47884632343750005 0.5952220359375 0.47232108906250003 0.5878388484375 0.46763129687499994 0.587936771875 0.473182003125 0.5881231484375 0.4854567484375 0.58721163125 0.498198340625 0.5851779671874999 0.5026218609375 0.5783548171875 0.5051673359375 0.5694906109375 0.5071572046874999 0.5607358687499999 0.5073719859375 0.549849540625 0.5064595828125 0.552928703125 0.549329771875 0.556795128125 0.5712752078125 0.5601677953124999 0.5777720375000001 0.5674983250000001 0.5771969140625 0.5711993843750001 0.578368475 0.57819944375 0.5892710796875 0.5935962765625 0.5853676671875 0.60862891875 0.5853303999999999
1 0.5308587734375 0.460543328125 0.533066103125 0.4522838375 0.5369955625 0.44873188593749996 0.5411797468749999 0.4430888796875 0.5445186921875 0.44197412500000005 0.5428344328125 0.43257325 0.53993335 0.426587646875 0.5364849406250001 0.4294774890625 0.52874495625 0.43363296875 0.5239102046874999 0.43146913124999997 0.5222407328124999 0.43202650781249996 0.5193786890625 0.4447840765625 0.5235661171875 0.4564251171875 0.5285008640625 0.4579871984375 0.5308587734375 0.460543328125
3 0.303096971875 0.55403715 0.3069959515625 0.5601576625 0.30964438437499997 0.5620818609375 0.313800165625 0.55995885625 0.31696751875 0.5565276109374999 0.31931064375 0.5491254890625 0.321444303125 0.5441002125 0.3254832265625 0.5387731703124999 0.3284242578125 0.5339129765624999 0.33121263437500004 0.5243896234375 0.332512596875 0.5165668046875 0.3364799265625 0.5083215156249999 0.3385588546875 0.5041837828125 0.3403019953125 0.5003921921875001 0.342671446875 0.495622528125 0.3452050953125 0.48819023125000005 0.3481650625 0.48098336875000003 0.35410185625 0.4703754375 0.35412286718749997 0.4618763078125 0.3541154734375 0.45689718125 0.3550701796875 0.45059383906250006 0.35390276875 0.4419899796875 0.3505469625 0.4392989421875 0.346564846875 0.437585978125 0.3405869375 0.4356031984375 0.3343090390625 0.4354256859375 0.3278406125 0.43527835000000004 0.319610109375 0.441269271875 0.2964996203125 0.4519606203125 0.2843154046875 0.452718578125 0.2873797796875 0.48563051562500004 0.28817560625 0.4931213921875 0.2920872984375 0.5153526171875 0.295031571875 0.5277764703125001 0.301574834375 0.548126103125 0.303096971875 0.55403715
1 0.321236915625 0.540324596875 0.324594796875 0.5368631734375 0.327511571875 0.5232180609375 0.33109785 0.5150331265625 0.33545777656250003 0.4994016890625 0.3407587921875 0.490945165625 0.34177769687500004 0.4825809453125 0.3377071265625 0.474143940625 0.3306144640625 0.46882221875 0.3244270921875 0.469216284375 0.3158439421875 0.4717475578125 0.311297640625 0.4751042484375 0.30786609062500003 0.481799884375 0.3109103625 0.4936219828125 0.31472620625 0.504150040625 0.3174536265625 0.5139716140624999 0.3196284 0.5215370484374999 0.3210674 0.5318556437499999 0.321236915625 0.540324596875