3 0.8315061515625001 0.52019985625 0.8125778671875 0.534969209375 0.78781696875 0.537831496875 0.772305140625 0.5246573156250001 0.7437053375 0.5167455015625 0.735841634375 0.5163337 0.73021305625 0.5241971375000001 0.7243775390625 0.533429665625 0.71902870625 0.5462397218749999 0.7118931093749999 0.5565477234375 0.709423240625 0.5617208875 0.71000668125 0.5702418375 0.709063940625 0.5823051796875001 0.7082658609375 0.5965673734375 0.71065523125 0.60649255 0.7201380265624999 0.6190124109374999 0.7503377625 0.6401301140625 0.7676938421874999 0.6525128625 0.7805710312499999 0.6593266156250001 0.792234371875 0.6622756078125 0.8024817125 0.6624544765625 0.8175624546875 0.6478925046875 0.8297201765625 0.6330049718749999 0.8568609421875 0.588179475 0.87683163125 0.5451506109375 0.8663658828124999 0.5260246109375 0.8631334296875 0.5119666046875 0.8550627859375 0.5129238953125 0.849250278125 0.51035156875 0.8400663890625 0.5016804984375 0.8315061515625001 0.52019985625
3 0.13004549999999998 0.30205017500000003 0.117741153125 0.3463110203125 0.114086103125 0.3984099828125 0.1169583109375 0.42261971249999997 0.130943953125 0.43933628281250003 0.15116556718750002 0.45533808125 0.17223984375 0.47492379375000005 0.181072128125 0.48276510625 0.2010178453125 0.48311326093750007 0.21657184375 0.48338475625 0.229381021875 0.48360834218750004 0.2529415015625 0.4656253546875 0.27047389375 0.4574206171875 0.2843551609375 0.43817051406249996 0.2989300546875 0.421128846875 0.3069892328125 0.399855334375 0.3150292484375 0.37967965000000004 0.31488269999999996 0.356615659375 0.30810066875 0.3361812546875 0.2913108296875 0.30184512343750003 0.2788073125 0.27362370468749997 0.266505946875 0.2443076546875 0.243003975 0.21699242187499998 0.2213960484375 0.2070063234375 0.20715650000000002 0.2048359875 0.1818044640625 0.220591375 0.1634347234375 0.23482139531250001 0.14630851875 0.2617020015625 0.13004549999999998 0.30205017500000003
3 0.795882821875 0.5371486625 0.8037704781249999 0.5361881796875 0.8096644265625 0.5340947328125 0.813314609375 0.534707528125 0.8172244328125 0.5309322015625 0.8274325062500001 0.5228741593749999 0.8319056640625 0.51828504375 0.8351458109375001 0.5109289984375 0.8400951328125 0.5000337546875 0.8512535671875 0.51093561875 0.8590885265624999 0.5129941640625 0.8675874265625 0.50847531875 0.8810778218750001 0.4801585453125 0.888307346875 0.4434962640625 0.8928073624999999 0.41639526718750003 0.8932145703125001 0.393066403125 0.8915073609374999 0.3650334359375 0.8918388593750001 0.35652845625 0.8735122359374999 0.3682883609375 0.8403779359374999 0.3789661734375 0.747547221875 0.45394270625 0.7434218203125 0.4700686078125 0.7340931937499999 0.5116359859374999 0.7513477265625 0.5193497671875 0.77301793125 0.5257679203125 0.7894734421875 0.537311328125 0.795882821875 0.5371486625
3 0.020649014062500002 0.42423311874999997 0.040045765625 0.42457168906250004 0.055912103125 0.417436034375 0.079266584375 0.4112547078125 0.090722040625 0.4051402234375 0.10206157499999999 0.39518014375 0.11051162656249999 0.382973303125 0.114501946875 0.364099634375 0.1258223984375 0.30280008281250004 0.12400688906249999 0.3019447703125 0.109304609375 0.2948246203125 0.10248998437500001 0.2867439859375 0.0965654078125 0.2696190390625 0.0906552 0.25167072031250004 0.08561202812499999 0.2364829453125 0.0748483140625 0.223940725 0.0570879328125 0.2137472453125 0.0405749328125 0.20549732656250003 0.0257768390625 0.20386632031250002 0.00562033125 0.215594284375 0.0033889000000000002 0.3014866203125 0.0012618421875000001 0.42334563125 0.010758068749999999 0.424609553125 0.020649014062500002 0.42423311874999997
3 0.5061059609375 0.632572540625 0.5114184296875 0.5903859796875001 0.5124953109375 0.570637834375 0.5093500343749999 0.5620721671875 0.49746922656250003 0.5506086140625001 0.46985528125 0.5281633421875 0.4584123125 0.512589315625 0.44355578749999997 0.5038192265625 0.4348556796875 0.5198652765625 0.421835715625 0.5317178109375 0.406734865625 0.5369450421875 0.3882865890625 0.5347012390625 0.3741093203125 0.52896295625 0.3717840375 0.588772275 0.378339021875 0.6012410296875 0.3886122015625 0.62091275 0.40379252968749996 0.6425919109375 0.4122789421875 0.659761575 0.42360214531249996 0.6821970312500001 0.43779951875 0.697270053125 0.4671121140625 0.7062924734375 0.48646959843750004 0.6983941328125 0.4935228109375 0.6823193359374999 0.5011776890624999 0.66323509375 0.5061059609375 0.632572540625
3 0.483021796875 0.539374796875 0.49085196406250003 0.5417078 0.519727665625 0.565273259375 0.5317225046875 0.5597172718750001 0.5419018328125 0.553305971875 0.5544216843750001 0.549131853125 0.564962196875 0.5430013984375 0.57675394375 0.528107478125 0.5800755328125 0.5160856593750001 0.5835168890625 0.4972024109375 0.5867024546875 0.47200025468750006 0.5880293921875 0.44841290312500004 0.5869679031249999 0.42533294374999997 0.5825072296875 0.40823355 0.5750468859375 0.395199909375 0.568044484375 0.3873905375 0.558624909375 0.3817353 0.5451125234374999 0.379852196875 0.5298670125 0.382880575 0.510480784375 0.3924256578125 0.4577102 0.4164877609375 0.4529093125 0.47131213125000004 0.44560219375 0.5019331625000001 0.45739103437499995 0.5081788359375 0.4687621421875 0.52786971875 0.483021796875 0.539374796875
3 0.42515376250000003 0.3206538109375 0.41275846875 0.31769204218749997 0.398722015625 0.3248596375 0.38482064375 0.334775 0.373428409375 0.3477541078125 0.36258992968750003 0.3604683421875 0.3492614765625 0.369021 0.3367416265625 0.3731951203125 0.3154143859375 0.37858820937500004 0.30441396875 0.4110665578125 0.2985592875 0.42139691562500003 0.2883761109375 0.43851524062499997 0.28900266874999997 0.4445660765625 0.307118503125 0.444882290625 0.315493790625 0.45793190156249997 0.32550253906250004 0.48226620000000003 0.3284600390625 0.4911031296875 0.34088022812499996 0.5031251828125 0.3582123546875 0.51688021875 0.37486043750000003 0.5278779046875 0.3883105421875 0.5333289531250001 0.40328683437499996 0.535237609375 0.41318736093749997 0.5343122609375001 0.4257551171875 0.5273935703125 0.4354525515625 0.5171302859375 0.4416732078125 0.506806315625 0.4460591921875 0.4967248625 0.4509405015625 0.47923945156250003 0.4542755203125 0.45596169218749993 0.4563660609375 0.409600778125 0.4561122328125 0.3717097109375 0.4548495328125 0.360156953125 0.4472876421875 0.3424543453125 0.4430875515625 0.3313993984375 0.43497284843750006 0.32439423437500003 0.42515376250000003 0.3206538109375
3 0.642677765625 0.42163816875000004 0.6034962171875 0.4431920609375 0.5922285390625001 0.44903528281250005 0.5857654453125 0.4942217078125 0.5822234859375001 0.5188685609375 0.593911721875 0.5308778375000001 0.6149716265625 0.5512869203124999 0.6317346828125 0.5556976328125 0.6479478328125 0.5496661953124999 0.6584069046875001 0.5482015140625001 0.6768063328125 0.54275731875 0.6886928718750001 0.5643789859375 0.69727415625 0.5656269375 0.7089461359375 0.5575944453125 0.7223071796875 0.5366880187499999 0.7331830421875 0.5113455578125 0.7456358984375 0.45857653750000005 0.74816521875 0.4185377234375 0.730808196875 0.39572240625 0.7229876078124999 0.3928404890625 0.7005959749999999 0.3962932125 0.6836748265625 0.4009395875 0.6635997609375 0.40800177968750007 0.642677765625 0.42163816875000004
0 0.5768422140625 0.43915778281250006 0.5775070984374999 0.44301296093750003 0.5799482234375 0.4394865390625 0.5797987703125 0.43756214375 0.577626865625 0.4361515296875 0.5768422140625 0.43915778281250006
3 0.3357198875 0.6834084484375 0.34732864375 0.668511334375 0.358397075 0.642623153125 0.36763468125 0.6062704625 0.3703326171875 0.5670582125 0.3734109015625 0.52702898125 0.36544086249999996 0.5222226671875 0.34648579375 0.5070666 0.3274339703125 0.48696710625 0.318253928125 0.467589009375 0.3140442546875 0.457082978125 0.30740782968749997 0.44927999375 0.29992447499999997 0.448051209375 0.2856945078125 0.4453319546875 0.27912130468749996 0.444393596875 0.2723229390625 0.4563547296875 0.25546501093749996 0.46786572812499994 0.227170790625 0.484393384375 0.22449397968749998 0.49093564218749997 0.2157929296875 0.49654912187500005 0.2151768953125 0.500381940625 0.21170679374999998 0.520911934375 0.214094203125 0.562409275 0.2256578828125 0.5815544390625 0.24614581093750001 0.6137587953125 0.26611351875 0.6443068281250001 0.2774415125 0.6664678265624999 0.290170190625 0.681789753125 0.301954240625 0.688309884375 0.3137909875 0.6918109859375 0.32640759375 0.692580290625 0.3357198875 0.6834084484375
3 0.04609773125 0.4658584546875 0.0441978734375 0.49080851093750005 0.04588976875 0.5092322796875 0.045958725 0.526255015625 0.05751376406249999 0.5563816625 0.06634699375 0.5746555437499999 0.0926531625 0.6195903375 0.108705315625 0.643755584375 0.115389646875 0.6488139953125 0.15382769999999998 0.6593684046875 0.1681438984375 0.6571474265624999 0.18002281874999998 0.6477458453125 0.19467530625 0.6367454296874999 0.2015110546875 0.6121560703125 0.20666158281250002 0.589733625 0.21292920468749998 0.5662325109374999 0.2121800515625 0.5357454015625 0.2119616421875 0.51679826875 0.21406459375 0.5011861484375 0.2104910609375 0.49618203593750004 0.210677896875 0.4854782046875 0.18325361406250001 0.4836268078125 0.14464985156250001 0.4511062375 0.11583642812499999 0.42397283437500005 0.113764184375 0.40636605000000003 0.10331375000000001 0.396849246875 0.0932647125 0.40628277031250004 0.0789782 0.41728957343750006 0.06449432968749999 0.4291165546875 0.0543925953125 0.44156910624999995 0.04609773125 0.4658584546875
3 0.6089414234375 0.6975119375000001 0.6404249796875 0.697512403125 0.65873723125 0.68657586875 0.683145584375 0.6724512546875 0.6969070828125 0.6600625828125 0.6984131640625 0.6471854515625 0.7023814921875 0.59811190625 0.705031521875 0.5616442296875 0.6998359921875 0.565671653125 0.6901424046875 0.565227909375 0.677340925 0.5435902734375 0.6661403171875 0.5455910921875 0.6503410515625 0.5488843453125 0.632274065625 0.5562561296874999 0.6124097890625 0.5512422031249999 0.5872513421875001 0.5244471390625 0.580509521875 0.5226822140625 0.5765278390625 0.5305744 0.5681256953125 0.54003666875 0.5599496562499999 0.54703201875 0.516751946875 0.5679667265624999 0.51122005 0.633210890625 0.5207306484374999 0.6336514375 0.5363392296875 0.65176904375 0.55460255625 0.6855818140625 0.5736917625 0.69305308125 0.6089414234375 0.6975119375000001
0 0.842962475 0.5769552421874999 0.8433859390625 0.57366814375 0.8432556484375 0.5706459203125 0.8423838234375 0.5681598359375 0.8413337999999999 0.5653960984374999 0.8410109406249999 0.56291959375 0.8406689171874999 0.5615409203125 0.83901723125 0.5617866312500001 0.838362871875 0.5678151078125 0.837713303125 0.5735691265625 0.8376079093750001 0.5796071875 0.839235640625 0.5807337625 0.8419948375 0.5799583015625001 0.842962475 0.5769552421874999