3 0.5444715578125 0.8185235531249999 0.540750775 0.8206193125000001 0.5348387140625 0.8250805234374999 0.5319797515625 0.8278786124999999 0.528023675 0.8313088000000001 0.5274089546875 0.8336770578125 0.5262324765625 0.840349196875 0.5246354171875 0.8505245609375001 0.523367771875 0.8588317249999999 0.520864784375 0.8696728984375 0.5195089234375 0.880716340625 0.51857364375 0.888256559375 0.5261652375 0.8865681453124999 0.53399803125 0.8857478109375 0.544266253125 0.8845313593749999 0.55558453125 0.88294969375 0.564514440625 0.8814972609374999 0.5733002203125 0.8797442296875 0.577215140625 0.8787834374999999 0.5787210328125 0.8702430984375 0.5799386671875 0.8611015656250001 0.5816857578125 0.8534293078124999 0.5828151781249999 0.8470240531250001 0.5829916093749999 0.8415514953125 0.583597475 0.8358794749999999 0.58339153125 0.83033949375 0.5827591046875 0.8261002296875001 0.579970653125 0.8195545171875 0.57441735625 0.8152731203125001 0.56643453125 0.8135903515624999 0.5583134828125 0.813809490625 0.5516778265625 0.8156664625 0.5482894078125 0.8169952765625 0.5444715578125 0.8185235531249999
3 0.4681848796875 0.8218583390624999 0.46589653125 0.8236563078125 0.464378834375 0.82779163125 0.46167285468749997 0.8341940781250001 0.461114046875 0.8395992124999999 0.46013170781249996 0.8474063171875 0.45909935781250005 0.854379053125 0.458599415625 0.86392231875 0.45842888593750003 0.8715973828125 0.45744064375000004 0.8772019796875 0.45555237656249997 0.8856748937500001 0.455475965625 0.8928161890625 0.455817184375 0.89535300625 0.46274404843749994 0.8951984812499999 0.468285540625 0.8950748624999999 0.47850965468749995 0.89522655 0.4887778765625 0.894010096875 0.4992343359375 0.891726103125 0.50797305625 0.8902399578125 0.5135586562500001 0.8887482 0.5177118234375 0.88755423125 0.5195089234375 0.880716340625 0.520864784375 0.8696728984375 0.523367771875 0.8588317249999999 0.5246354171875 0.8505245609375001 0.5262324765625 0.840349196875 0.5274089546875 0.8336770578125 0.527061834375 0.828937734375 0.5235645437499999 0.8252940499999999 0.517493596875 0.8239483953125 0.5135757234375 0.8238079359375 0.499480796875 0.8232489031249999 0.49288334687499996 0.8215352265625 0.48504760312500006 0.8212543078125 0.480988553125 0.8219145046874999 0.4764471078125 0.8208385421875001 0.47276748281250003 0.8204649078124999 0.4681848796875 0.8218583390624999
3 0.2752221875 0.30406145625000003 0.27596628125 0.296487525 0.2727072359375 0.2926106671875 0.265821528125 0.2902958 0.2599447203125 0.290085109375 0.25579745468750004 0.293481584375 0.2482706265625 0.3015106359375 0.2415085484375 0.309674534375 0.23982032343749998 0.321484921875 0.24195585 0.333969540625 0.2435707765625 0.34828864843749996 0.247821171875 0.36554910937499996 0.25082147187500003 0.3798373109375 0.2562042390625 0.39179377187500003 0.2612751390625 0.39433900781250003 0.26661658906249996 0.3908779171875 0.2730551546875 0.3867847265625 0.281196703125 0.376387415625 0.28858235468750004 0.36915902031250003 0.2922472234375 0.36402638593750003 0.28492913125 0.360809725 0.27977575625 0.345316328125 0.27844908749999997 0.331598415625 0.2760223515625 0.31741134843749996 0.2752221875 0.30406145625000003
3 0.3703792609375 0.8175461859375 0.366505496875 0.8160375875 0.360822828125 0.8169618625 0.3561461078125 0.8188890656250001 0.35084581406250004 0.8198807640625001 0.34750445625 0.8209426921875 0.344269021875 0.825875865625 0.34023063124999997 0.8342448390625 0.33786291875 0.8420828484375 0.337601221875 0.8513929390625 0.3373247703125 0.8551967609375 0.33759252812499996 0.8659761234375001 0.3372719671875 0.8711480843749999 0.338045571875 0.8745866921875001 0.3491844671875 0.8773763296875 0.3608969265625 0.880267103125 0.3702651234375 0.88191896875 0.3802068828125 0.8836719687500001 0.388236765625 0.885087853125 0.392625228125 0.8825594593750001 0.3955342 0.8805957390625 0.3968989140625 0.8728560578125 0.39788715625000004 0.867251459375 0.39825772812500004 0.8629138671875 0.3976280921875 0.8418889109375 0.39384254375 0.83764403125 0.38914811562499996 0.8329637109375 0.3825388609375 0.8268450203125 0.37817975000000004 0.8224990078125 0.374300084375 0.8187879015625 0.3703792609375 0.8175461859375
3 0.4021575734375 0.8206729109375 0.4000663125 0.8247071 0.398930990625 0.82890984375 0.398233959375 0.836216890625 0.3976280921875 0.8418889109375 0.39825772812500004 0.8629138671875 0.39788715625000004 0.867251459375 0.3968989140625 0.8728560578125 0.3986461640625 0.8830707453125 0.3999962828125 0.8877117421875 0.41586190937499995 0.8894085453124999 0.42561543124999995 0.8922290890625 0.437707315625 0.8940860296875 0.44731375937499995 0.895504721875 0.45232284375000004 0.892810575 0.45555237656249997 0.8856748937500001 0.45744064375000004 0.8772019796875 0.45842888593750003 0.8715973828125 0.458599415625 0.86392231875 0.45909935781250005 0.854379053125 0.46013170781249996 0.8474063171875 0.461114046875 0.8395992124999999 0.46167285468749997 0.8341940781250001 0.4623316828125 0.8304576796875001 0.46170220625 0.8273196703125001 0.46030502812499996 0.822945559375 0.4580519328125 0.8200716265624999 0.45322518125 0.8194957234375 0.44749250468749996 0.8195856312500001 0.44223926875 0.8203104437500001 0.4353124046875 0.82046496875 0.4276707984375 0.8213190140625001 0.419355609375 0.8204031890625 0.41290524062499995 0.8200913640625 0.406884303125 0.819580078125 0.4021575734375 0.8206729109375
3 0.338787984375 0.34939255937499997 0.3418233796875 0.3411219125 0.34400580468749997 0.33545269843750003 0.3427909609375 0.3278085375 0.3430438046875 0.3151946875 0.33866124375 0.319925590625 0.3332786375 0.3258560765625 0.328466640625 0.33078644218750003 0.3234634578125 0.33568309687500003 0.318951525 0.345619671875 0.3135748203125 0.3537526640625 0.301809559375 0.3668132171875 0.3085688453125 0.3754350125 0.3140809859375 0.38218580156250004 0.3227608421875 0.376561528125 0.3277610734375 0.3705636203125 0.3341378234375 0.3612310453125 0.338787984375 0.34939255937499997
3 0.715343809375 0.24187362499999998 0.7110876687500001 0.240297603125 0.7081286875 0.241426953125 0.7035078796875001 0.24639103125 0.6959899046875 0.25772384375 0.6886160578125 0.2693572546875 0.68338053125 0.276689590625 0.676889003125 0.27884715937500004 0.675244884375 0.2892894078125 0.6750391 0.3016363734375 0.674927434375 0.31344956874999996 0.674139234375 0.3223916390625 0.6721127421875 0.332766465625 0.6696568125 0.343340753125 0.6675302984375 0.3520468421875 0.6684039234375 0.3571541875 0.6731631171875 0.3681751453125 0.6750867984375 0.372917275 0.6791840546875 0.36868643125 0.683187190625 0.36498935781249997 0.6870521015625 0.363194196875 0.6919111546875001 0.3579969453125 0.6942642718750001 0.3625396140625 0.6971468421875 0.3685515546875 0.7001676406249999 0.3726615875 0.7051414703125001 0.3746393421875 0.7109712203125 0.375116915625 0.71713038125 0.37372629375 0.7216100125 0.3695628734375 0.7248483984375 0.36573095312500004 0.7273602375 0.3581935421875 0.7303485734375 0.35018978125 0.73176625 0.344385721875 0.73450158125 0.33110886562499997 0.737722259375 0.320669425 0.740613525 0.31209818125 0.742681175 0.2992539625 0.7433693546875 0.2886431546875 0.7425750921875001 0.277495771875 0.7358040015625 0.264468959375 0.7300977234375 0.2565832046875 0.72314725 0.2479276984375 0.715343809375 0.24187362499999998
2 0.5418434203125 0.319152703125 0.5483379 0.31809638906250004 0.5560354171874999 0.32027921875 0.5628681624999999 0.320658465625 0.568077290625 0.3213017921875 0.57329231875 0.324147625 0.5788808703125 0.323757121875 0.5828458000000001 0.3236306953125 0.5859489109375 0.3228019421875 0.58944325 0.32534437031249996 0.5935082031250001 0.32688668125000003 0.5980908046875 0.32549325156250003 0.600376203125 0.32259402812500004 0.6038969453125 0.3171607953125 0.606361725 0.3098902703125 0.6083029546875001 0.303352975 0.6094882859374999 0.29998459843749997 0.607196984375 0.3006813140625 0.6002671687500001 0.2997345828125 0.5914254765625 0.2984507375 0.5809572140625 0.2963297171875 0.5673858390625 0.29503745000000003 0.5547262953125001 0.2952818828125 0.5440315906250001 0.29779905156250003 0.5355752234375 0.29768388125 0.5266482671875 0.30023756874999996 0.5205920765625 0.30439818281250003 0.5172713765625 0.3131688890625 0.5155242859375 0.3208411484375 0.5172979375 0.3230801734375 0.5220276187499999 0.3230885921875 0.5294809875 0.32330209062500004 0.5345430343750001 0.32254356562500003 0.5418434203125 0.319152703125
3 0.3900163125 0.2299148640625 0.38394241406249996 0.22746795468749997 0.3756772359375 0.22738649843749997 0.36660615 0.2296395875 0.35998229843749996 0.23590157500000003 0.3538055890625 0.2485716234375 0.3502202421875 0.265551165625 0.3493702265625 0.2692538515625 0.3485761234375 0.2759934125 0.34859383125 0.2826009359375 0.347079084375 0.2878375125 0.3444408234375 0.3016818515625 0.34383200468749997 0.3062526171875 0.3430438046875 0.3151946875 0.3427909609375 0.3278085375 0.34400580468749997 0.33545269843750003 0.34550890624999997 0.34369805468750003 0.3475326078125 0.350108921875 0.351415225 0.3549212828125 0.358265678125 0.36190805312499996 0.36401016249999996 0.3662231609375 0.3707546921875 0.36933868593749997 0.37634029375 0.367846928125 0.383352421875 0.3638548734375 0.388214428125 0.3597588734375 0.39302642187500003 0.3548285078125 0.39750015 0.3484625796875 0.40059145625000003 0.343228809375 0.404971065625 0.337396653125 0.40920949999999995 0.3323651515625 0.4121096171875 0.32709767031250003 0.4145743984375 0.31982714218749997 0.4167537140625 0.2951697296875 0.41471230468750003 0.2821513390625 0.41057078281250003 0.2698633765625 0.4056174515625 0.2577074515625 0.40080824687499994 0.24585212343750001 0.3970550015625 0.2358340921875 0.3900163125 0.2299148640625
3 0.588903984375 0.2132496546875 0.582294728125 0.2071309640625 0.5726412265625 0.2059791578125 0.5636172 0.20796536250000003 0.5537931687500001 0.214488621875 0.5436926843750001 0.2248157015625 0.532548046875 0.23771050312500003 0.5257477625 0.24944504687500002 0.520012290625 0.266320646875 0.5147944703125 0.2802605078125 0.5117208718749999 0.2921018 0.5112797921875 0.3057831921875 0.5124123218750001 0.3183661390625 0.5172979375 0.3230801734375 0.5220276187499999 0.3230885921875 0.5294809875 0.32330209062500004 0.5345430343750001 0.32254356562500003 0.5418434203125 0.319152703125 0.5483379 0.31809638906250004 0.5560354171874999 0.32027921875 0.5628681624999999 0.320658465625 0.568077290625 0.3213017921875 0.57329231875 0.324147625 0.5788808703125 0.323757121875 0.5828458000000001 0.3236306953125 0.5859489109375 0.3228019421875 0.58944325 0.32534437031249996 0.5935082031250001 0.32688668125000003 0.5980908046875 0.32549325156250003 0.600376203125 0.32259402812500004 0.6038969453125 0.3171607953125 0.606361725 0.3098902703125 0.6083029546875001 0.303352975 0.6094882859374999 0.29998459843749997 0.6085028359375 0.2888035015625 0.6106264 0.278996159375 0.6094909187499999 0.2653119578125 0.606670003125 0.246652453125 0.6029549624999999 0.2330637734375 0.5971957234375 0.223242396875 0.588903984375 0.2132496546875
3 0.620841659375 0.27584408437499996 0.6161267328125 0.281341934375 0.6093499 0.2839995609375 0.6085028359375 0.2888035015625 0.6094882859374999 0.29998459843749997 0.6083029546875001 0.303352975 0.606361725 0.3098902703125 0.6038969453125 0.3171607953125 0.6024233546875 0.319927978125 0.6048764921875 0.326139384375 0.606962009375 0.3377896359375 0.609606334375 0.3440347515625 0.616368571875 0.3537578 0.6229896312500001 0.36428150625 0.629881240625 0.36879888437499997 0.6369140296875 0.372515603125 0.64288790625 0.3732937765625 0.6485205656249999 0.3715351328125 0.6542973515625 0.3700770859375 0.6595417328125001 0.366048509375 0.664203696875 0.3586150390625 0.6675302984375 0.3520468421875 0.6696568125 0.343340753125 0.6721127421875 0.332766465625 0.674139234375 0.3223916390625 0.674927434375 0.31344956874999996 0.6750391 0.3016363734375 0.675244884375 0.2892894078125 0.676889003125 0.27884715937500004 0.6770595328125 0.27117209375 0.6777065546875 0.26303068125 0.6766858499999999 0.2565214859375 0.6750445234375 0.2501780421875 0.674315028125 0.24537129375000002 0.672200159375 0.240595453125 0.669802934375 0.2374209234375 0.658952296875 0.2352324796875 0.6493488046875 0.23491504062500002 0.6400483234375 0.2407050671875 0.6348039437499999 0.24473364062499997 0.62957431875 0.2542684859375 0.6256889109375 0.2662418171875 0.620841659375 0.27584408437499996
3 0.715109790625 0.3863036265625 0.7239367265625 0.382081203125 0.7305018750000001 0.3895680328125 0.734628640625 0.3963497265625 0.7385965234375 0.39732455624999996 0.7440643953125 0.38755653749999996 0.7510999734375 0.374487565625 0.7590826374999999 0.3582833890625 0.7640651625 0.3456779578125 0.7682888390625 0.3351401875 0.7654062671874999 0.3291282453125 0.7614206796875 0.3215458953125 0.7539348484375 0.3092186046875 0.749284528125 0.30317014375 0.742681175 0.2992539625 0.740613525 0.31209818125 0.737722259375 0.320669425 0.73450158125 0.33110886562499997 0.73176625 0.344385721875 0.7303485734375 0.35018978125 0.7273602375 0.3581935421875 0.7248483984375 0.36573095312500004 0.7216100125 0.3695628734375 0.71713038125 0.37372629375 0.7109712203125 0.375116915625 0.7051414703125001 0.3746393421875 0.7001676406249999 0.3726615875 0.6971468421875 0.3685515546875 0.6942642718750001 0.3625396140625 0.6919111546875001 0.3579969453125 0.6870521015625 0.363194196875 0.683187190625 0.36498935781249997 0.6791840546875 0.36868643125 0.6750867984375 0.372917275 0.6761516109375 0.37805833125 0.6808696484375 0.3915486828125 0.68284924375 0.399327690625 0.6911762343750001 0.40464853125 0.6972883390625 0.40352479375000005 0.7053828281250001 0.39339436875 0.715109790625 0.3863036265625
3 0.30758211874999997 0.2211583421875 0.3020906359375 0.2221163296875 0.2967021265625 0.22584430625000002 0.28903117031250003 0.2335727609375 0.2814131734375 0.24323683749999997 0.2761305875 0.250836059375 0.27309519375 0.2591067046875 0.2745600890625 0.2709227078125 0.27511610468750003 0.282303265625 0.2766721671875 0.2924842421875 0.27596628125 0.296487525 0.2752221875 0.30406145625000003 0.2760223515625 0.31741134843749996 0.27844908749999997 0.331598415625 0.27977575625 0.345316328125 0.28492913125 0.360809725 0.2922472234375 0.36402638593750003 0.301809559375 0.3668132171875 0.3135748203125 0.3537526640625 0.318951525 0.345619671875 0.3234634578125 0.33568309687500003 0.328466640625 0.33078644218750003 0.3332786375 0.3258560765625 0.33866124375 0.319925590625 0.3430438046875 0.3151946875 0.34383200468749997 0.3062526171875 0.3444408234375 0.3016818515625 0.347079084375 0.2878375125 0.34859383125 0.2826009359375 0.3485761234375 0.2759934125 0.3493702265625 0.2692538515625 0.3446346421875 0.267042921875 0.334092759375 0.25527750312499997 0.3275658171875 0.2442200265625 0.3213300828125 0.234864996875 0.31476198437499997 0.2262769140625 0.31088231718750003 0.2225658078125 0.30758211874999997 0.2211583421875
3 0.48134795312499995 0.22510516093750002 0.47450340156250004 0.22032089843749997 0.46527343125 0.21676712187499997 0.4581024171875 0.2149523125 0.44897836875 0.2152697796875 0.4401573359375 0.221694709375 0.4325982046875 0.23549691718750002 0.4255714796875 0.25186965156249996 0.420412521875 0.2699476390625 0.41776835625000003 0.28158947031250003 0.4167537140625 0.2951697296875 0.415977478125 0.3264037609375 0.41530405468750003 0.3425208375 0.41596599375 0.357772640625 0.4211046109375 0.36775976718750003 0.42819626250000004 0.37561461875 0.43379661875000003 0.3796291296875 0.4470856375 0.38252270781250003 0.4572156328125 0.38320816562500004 0.468869228125 0.381960809375 0.47909039218749994 0.3810112421875 0.4910734 0.3778956859375 0.49947385312500003 0.3749739796875 0.50571828125 0.3697458234375 0.509527278125 0.364913784375 0.5110213671875 0.35196843125 0.5120360078124999 0.33838817187500003 0.5130654078125 0.33031418125 0.5124123218750001 0.3183661390625 0.5112797921875 0.3057831921875 0.511420809375 0.2870955890625 0.50895291875 0.27537791562499997 0.5031818734375 0.26115152343750003 0.4996698265625 0.2520015703125 0.49433706875 0.24087947656250003 0.48853077031250003 0.2313249859375 0.48134795312499995 0.22510516093750002