3 0.41737527500000005 0.3949160703125 0.40891497968749996 0.4053152921875 0.4021099265625 0.4187781984375 0.397882571875 0.43614445156250004 0.3976233640625 0.447975296875 0.3973832765625 0.46274292812500006 0.3971841328125 0.4791048359375 0.3979142140625 0.48560815625 0.39797021718750003 0.49655816875000003 0.4003501265625 0.5146837703125 0.404598125 0.5310065374999999 0.4080942171875 0.5421684953125 0.414128415625 0.5534998718749999 0.4222217265625 0.5595044046875 0.434784003125 0.5641272828125 0.4480831296875 0.564555234375 0.4645098390625 0.5617966671875 0.478252425 0.5575680140625 0.49841396250000003 0.5533434203125001 0.5153223703124999 0.5518018203125 0.5309521671875 0.5487071171875 0.530226146875 0.5357848453125 0.5273645375 0.5164422734375 0.5230551218749999 0.49772809531249995 0.5203777671875 0.4855597609375 0.5148907484375 0.471417815625 0.5102211140625 0.45840914374999997 0.49339713124999995 0.4259681125 0.48369223124999994 0.41421487343749996 0.46983492968749996 0.40082280312499996 0.4584912 0.393221965625 0.44372514687500003 0.39048561875 0.4302363515625 0.391442028125 0.41737527500000005 0.3949160703125
3 0.3969734921875 0.646291115625 0.40084892187500004 0.6546843531250001 0.410572940625 0.6693743796875 0.41753229999999997 0.677266121875 0.4289633359375 0.6794969109375 0.43683144687500003 0.6767329296875 0.4398798453125 0.666078559375 0.4396177609375 0.6492968203125 0.43834727031250004 0.63490581875 0.44127283281249996 0.6194686218750001 0.444995309375 0.6043675625 0.4468892859375 0.5948032640625 0.4478349203125 0.592160765625 0.44324988281250005 0.57806134375 0.4392939171875 0.5643399046875001 0.434784003125 0.5641272828125 0.4222217265625 0.5595044046875 0.414128415625 0.5534998718749999 0.4106610875 0.5631890375 0.40469930625000006 0.5700237578125 0.3956958921875 0.5768145984374999 0.38711276093749997 0.582430996875 0.37821577031250003 0.586788578125 0.36711771249999997 0.5887533921875 0.3658978125 0.5938709984375 0.370845771875 0.5979856140625001 0.3793566578125 0.6070950015625 0.3847440203125 0.612971959375 0.3918453359375 0.6285833125 0.3969734921875 0.646291115625
3 0.7608949609375 0.5592990984374999 0.7613685421875 0.573353965625 0.76268133125 0.5871995921875001 0.7638944640625 0.5927802328125 0.7768333734375 0.5989136921875 0.786414084375 0.6080237562499999 0.799494946875 0.621876828125 0.8157184531249999 0.6418991140625 0.822952078125 0.647315746875 0.832663746875 0.6483707390625 0.8368393296875001 0.6465274078125 0.8355033578125 0.636163940625 0.836414815625 0.62122891875 0.83556460625 0.605663471875 0.8336022734374999 0.590642725 0.830361328125 0.574068871875 0.82783134375 0.561061553125 0.8236229375 0.5484727109375 0.8205457718750001 0.5382759593750001 0.8153507859375001 0.5267353421875 0.8139684562499999 0.5233361984375 0.8077432359375001 0.5155288296875 0.7994001921875 0.5063775953125 0.7890389812499999 0.5041474828125 0.7790775812499999 0.4999457890625 0.769724778125 0.49532494062500004 0.76823331875 0.49863835781250004 0.7613681999999999 0.5075702015625 0.7540828 0.517676490625 0.7567628609375 0.525565525 0.7585818843750001 0.535006309375 0.7593092578125 0.5457889296875 0.7608949609375 0.5592990984374999
3 0.147964703125 0.5992710609375 0.13739470468749998 0.5954885203125 0.1282288625 0.5937626109374999 0.13059371250000001 0.602532478125 0.13434224374999998 0.6125618390625001 0.1384687609375 0.6219621296875 0.147644246875 0.6416023734375 0.1557512625 0.659102290625 0.1629576484375 0.674420034375 0.16872164218750002 0.6818075718750001 0.1766907625 0.685168928125 0.188099971875 0.6887422296875 0.192317853125 0.686353521875 0.19410540625 0.6792224859375 0.18668752500000002 0.6666316140624999 0.179482490625 0.649174221875 0.1718394109375 0.627814834375 0.1655773046875 0.6119942421875 0.157464875 0.603052925 0.147964703125 0.5992710609375
3 0.32397465937500003 0.7110218078125 0.327907446875 0.7282254078125 0.33536762656249997 0.7402709046875 0.3476419328125 0.73587350625 0.3642432515625 0.7223748421875 0.37207718437500004 0.7073183359375 0.379953415625 0.69171645625 0.38715963124999997 0.6741423171875 0.3935252828125 0.6589170671875 0.3965914484375 0.653339134375 0.3969734921875 0.646291115625 0.3918453359375 0.6285833125 0.3847440203125 0.612971959375 0.3793566578125 0.6070950015625 0.370845771875 0.5979856140625001 0.3658978125 0.5938709984375 0.3583489734375 0.5893351984375 0.352140165625 0.5887439171875 0.3400800609375 0.5861351453125 0.3283556390625 0.5834426765625 0.320334746875 0.59560424375 0.320434403125 0.6038692296875 0.31878339218749996 0.627278478125 0.31755536875 0.645233984375 0.3204975171875 0.66990475625 0.320909678125 0.681568209375 0.32090155625 0.6944061078125 0.32397465937500003 0.7110218078125
3 0.696337465625 0.378310959375 0.687258928125 0.3712150015625 0.6760598609375 0.36705447812499997 0.6611437312499999 0.36943641718750003 0.649705928125 0.377903875 0.6433225109375 0.3880526890625 0.6416973859375 0.4037004765625 0.6386053328125 0.41703987031249995 0.6341309515625 0.42698012187499995 0.6283138328125 0.43725515625 0.6371932296875 0.4607130203125 0.6416295421875 0.47779107656250003 0.6487663890625 0.5035553046875 0.648868753125 0.5075409921875 0.6577193828125 0.510147734375 0.6658372265625 0.5105304562499999 0.6738500000000001 0.5112067859375 0.6827429296874999 0.5132681546875 0.6950541203125 0.51688398125 0.7050591749999999 0.51840065 0.7130310015625 0.51748270625 0.7208786390624999 0.5139215874999999 0.728349646875 0.5088498875 0.733218425 0.505496653125 0.73416270625 0.504993803125 0.7336931859375 0.48451998906249993 0.7325072921875 0.46903823750000007 0.7263774984375 0.4430229234375 0.7207239890625 0.426783175 0.7151332546875 0.41079519062500003 0.706880221875 0.391994609375 0.696337465625 0.378310959375
3 0.56287958125 0.6474449109375 0.5730524765625 0.648919734375 0.579202571875 0.6428403046875 0.5861522875 0.6328177109374999 0.5898160515625 0.6110459374999999 0.5900383734375 0.5912018703124999 0.5922284453125 0.5778199515625 0.593620246875 0.566241546875 0.594108715625 0.55676026875 0.59137265 0.537921221875 0.5775263453124999 0.5403038359375001 0.5584141625 0.54373196875 0.5408753296875 0.5470352359375 0.5339119078125 0.5455624421875 0.530226146875 0.5357848453125 0.5309521671875 0.5487071171875 0.5153223703124999 0.5518018203125 0.5143344359375 0.55498969375 0.5206975515625001 0.5769356250000001 0.5245075031249999 0.5893563984375 0.5315883453125 0.6041706140625 0.5421938765625 0.6181060281249999 0.5533643484375 0.6343073125 0.56287958125 0.6474449109375
3 0.704288659375 0.6089787 0.713049278125 0.6212347890625 0.72697070625 0.6327389718750001 0.7387947828125 0.6436964281249999 0.7475839953125 0.6439117578125 0.7565001046875001 0.6424909624999999 0.7594816718749999 0.6380037796875 0.76219168125 0.631712403125 0.764342159375 0.6145965609374999 0.76292294375 0.6031841921875001 0.76268133125 0.5871995921875001 0.7613685421875 0.573353965625 0.7608949609375 0.5592990984374999 0.7593092578125 0.5457889296875 0.7585818843750001 0.535006309375 0.7567628609375 0.525565525 0.7540828 0.517676490625 0.7508146140624999 0.5110037484375 0.7436478203125 0.49941992968750004 0.73857566875 0.4926621390625 0.7336931859375 0.48451998906249993 0.73416270625 0.504993803125 0.733218425 0.505496653125 0.728349646875 0.5088498875 0.7208786390624999 0.5139215874999999 0.7130310015625 0.51748270625 0.7050591749999999 0.51840065 0.6950541203125 0.51688398125 0.6827429296874999 0.5132681546875 0.6738500000000001 0.5112067859375 0.67420345 0.516199528125 0.6756431375 0.52840903125 0.67716606875 0.5416674375 0.6801995796875 0.5545492125 0.6868601421875 0.5705378750000001 0.6945687015625001 0.587869725 0.704288659375 0.6089787
3 0.15825705625 0.743515184375 0.159762221875 0.7516971546875 0.161583953125 0.756858640625 0.164876671875 0.7579095703125 0.172050234375 0.758795140625 0.1789317640625 0.7570793828125 0.1839274375 0.752090025 0.1883568140625 0.746974446875 0.1889667640625 0.74441564375 0.18779863593749999 0.7340103296875 0.18713268125 0.725619121875 0.18733453125 0.7049779171874999 0.1874900203125 0.691301034375 0.188099971875 0.6887422296875 0.1766907625 0.685168928125 0.16872164218750002 0.6818075718750001 0.1658082609375 0.677987921875 0.15646645625 0.6891417578125 0.1545328859375 0.69497213125 0.1554704 0.7051675296875 0.155841615625 0.7152367078124999 0.15646391875000001 0.7263129390625 0.1574655578125 0.73462045 0.15825705625 0.743515184375
3 0.47431473593750006 0.6475986578125 0.4807064453125 0.6575038281250001 0.4870380890625 0.6628779359375 0.4951750515625 0.6661974453124999 0.5028739671875 0.665614959375 0.510510109375 0.6647807109375 0.5142667640624999 0.661972175 0.51813119375 0.6545907265625 0.5210772312499999 0.63995066875 0.52190815 0.6196874453125 0.5221482359375 0.6049198140625001 0.5245075031249999 0.5893563984375 0.5201530796875 0.57546689375 0.5206975515625001 0.5769356250000001 0.5143344359375 0.55498969375 0.5153223703124999 0.5518018203125 0.49841396250000003 0.5533434203125001 0.478252425 0.5575680140625 0.4645098390625 0.5617966671875 0.4480831296875 0.564555234375 0.4392939171875 0.5643399046875001 0.44324988281250005 0.57806134375 0.4478349203125 0.592160765625 0.4544122375 0.607100525 0.4609486078125 0.6204460093749999 0.46800897812500003 0.6344630890625 0.47431473593750006 0.6475986578125
3 0.76989718125 0.3222650859375 0.762834103125 0.31252730624999997 0.755410809375 0.3084950328125 0.7462640859375 0.3097059109375 0.7361048953125 0.3197264734375 0.7275791218750001 0.3341532328125 0.723519609375 0.3514776375 0.7216829890625001 0.369852296875 0.7231813875 0.3887325140625 0.7231309687499999 0.4021157859375 0.720729403125 0.4182245765625 0.7207239890625 0.426783175 0.7263774984375 0.4430229234375 0.7325072921875 0.46903823750000007 0.7336931859375 0.48451998906249993 0.7375494953125 0.48997643750000003 0.744196353125 0.4944697140625 0.74753136875 0.4949752703125 0.7529664453125 0.4917482546875 0.76097921875 0.49242458750000007 0.769724778125 0.49532494062500004 0.7790775812499999 0.4999457890625 0.7890389812499999 0.5041474828125 0.7994001921875 0.5063775953125 0.8074334375 0.5078510640625 0.8122817421875 0.50370069375 0.8167997765624999 0.49107541875000005 0.8211076703125 0.47903736406249997 0.8253077843750001 0.471572221875 0.8255847578125 0.46481781250000004 0.8274773812499999 0.457393165625 0.8289524281249999 0.4468636609375 0.8296305640625 0.43599802343749994 0.8247739703124999 0.42009441093750005 0.8187192984375 0.40796589531249994 0.8118908953125 0.39201908125 0.8017697734375 0.3750213375 0.7892810953125 0.353533025 0.7797890421875 0.3369132640625 0.76989718125 0.3222650859375
3 0.6282316125 0.633557546875 0.6364286406249999 0.641408115625 0.654282684375 0.637224015625 0.6618000515625 0.6251879953125 0.6679787421875 0.6070678046875 0.6693950796875 0.5898675890625 0.6704307265625 0.5775757421875001 0.6739198796875 0.566544065625 0.6769505140625001 0.5508132578125 0.67716606875 0.5416674375 0.6756431375 0.52840903125 0.67420345 0.516199528125 0.6738500000000001 0.5112067859375 0.6658372265625 0.5105304562499999 0.6577193828125 0.510147734375 0.648868753125 0.5075409921875 0.6486108984375 0.5172321875 0.64520905 0.522893815625 0.6341928828125 0.52804718125 0.6207232078125 0.5319403765625 0.6041491296875 0.5355379296875 0.59137265 0.537921221875 0.5916019109375 0.5402707859375 0.594108715625 0.55676026875 0.5979800843749999 0.571572453125 0.6001156734374999 0.5779927578125 0.6099652375 0.5931863093749999 0.6195801249999999 0.614588896875 0.6282316125 0.633557546875
3 0.5331195578125 0.3722083 0.525955640625 0.38923706406249997 0.5217064578125 0.4079458296875 0.518610346875 0.42770417343749995 0.5166085921875 0.44184138125 0.5163070859375 0.45421760000000005 0.516928034375 0.46743348124999995 0.5203777671875 0.4855597609375 0.5230551218749999 0.49772809531249995 0.5273645375 0.5164422734375 0.530226146875 0.5357848453125 0.5339119078125 0.5455624421875 0.5408753296875 0.5470352359375 0.5584141625 0.54373196875 0.5775263453124999 0.5403038359375001 0.6041491296875 0.5355379296875 0.6207232078125 0.5319403765625 0.6341928828125 0.52804718125 0.64520905 0.522893815625 0.6486108984375 0.5172321875 0.6487663890625 0.5035553046875 0.6416295421875 0.47779107656250003 0.6371932296875 0.4607130203125 0.6283138328125 0.43725515625 0.621653271875 0.42126649374999997 0.6005131046875001 0.38080953281249996 0.5885853109375 0.3680060390625 0.5772006359375 0.3588109265625 0.565791428125 0.355237625 0.553603071875 0.3564046265625 0.5399437296875 0.3616821796875 0.5331195578125 0.3722083
3 0.27871615 0.761883296875 0.286533840625 0.7725025875 0.29375240625 0.768563484375 0.29640505781250004 0.753461746875 0.30189190625 0.7347118109374999 0.3075029453125 0.7186050500000001 0.31229524531249997 0.7035046671875 0.3196665953125 0.6901679796875 0.320909678125 0.681568209375 0.3204975171875 0.66990475625 0.31755536875 0.645233984375 0.3179196484375 0.633109528125 0.3108538625 0.6276510484375 0.300159675 0.6212253328124999 0.29652856562499996 0.6245373953125 0.281903115625 0.6316603125 0.27191718125 0.6330804296875 0.263044725 0.6318161984375 0.257196134375 0.6255194093750001 0.25809405625 0.6319808828125 0.25532127656250003 0.6380204953125 0.252058675 0.6556810375000001 0.253705796875 0.6715826171875 0.256189421875 0.6915542593749999 0.2589923203125 0.7042261203125 0.2664020796875 0.7296548890625 0.271909571875 0.744593971875 0.27871615 0.761883296875
3 0.83556460625 0.605663471875 0.8376770171875 0.6155659359375 0.8448246906250001 0.6242129671875001 0.8546769609375 0.635127221875 0.8634171078125 0.6465861734375 0.87027004375 0.6569111750000001 0.873416746875 0.6566614421875 0.8735681765625 0.6494035078125 0.872696140625 0.6351805749999999 0.8706069109374999 0.6217959484375 0.8682843609375 0.6124807078125001 0.8644334640625001 0.5984656562499999 0.8582573109375 0.579414665625 0.8522667640625 0.5653982640625 0.845959653125 0.5544023453125 0.8396102437499999 0.5439517984375 0.837870403125 0.5419788640625 0.8313054375 0.5406741390625001 0.8209687609375 0.532822215625 0.8153507859375001 0.5267353421875 0.8205457718750001 0.5382759593750001 0.8236229375 0.5484727109375 0.82783134375 0.561061553125 0.830361328125 0.574068871875 0.8336022734374999 0.590642725 0.83556460625 0.605663471875
3 0.24501725312499997 0.6117088625 0.23399008906250002 0.6010875437500001 0.227744396875 0.5924830359375 0.224331546875 0.5823699796875 0.2206280203125 0.5675159453124999 0.21939441406250001 0.5611381671875 0.21199294531250001 0.5557633828124999 0.19871970781249998 0.5475739703125 0.18964252343750002 0.5383383640625 0.18530180624999998 0.53594424375 0.17921718749999999 0.5379961375 0.17925271874999998 0.5481490109375 0.182100621875 0.5559961984374999 0.18142248593750002 0.5668618359375001 0.18359631406250002 0.5791557125 0.18415990468750001 0.5835612328125 0.18757410624999998 0.5915346390625 0.19362742500000002 0.6058028046875 0.198882475 0.6218744843749999 0.2070713828125 0.6425629515625 0.21874538437500002 0.6586386921875 0.22463491875 0.66652975625 0.232035034375 0.674044190625 0.24366656562500003 0.657773425 0.2507213515625 0.6474572203125 0.25532127656250003 0.6380204953125 0.25809405625 0.6319808828125 0.257196134375 0.6255194093750001 0.24501725312499997 0.6117088625
3 0.882364996875 0.5381052937499999 0.8874821531249999 0.5400384125000001 0.8942790859375 0.539413403125 0.898391896875 0.5373183078125 0.902358690625 0.5339225484375001 0.9051314703125 0.5278829359375 0.9056377046874999 0.5234780953125 0.9049116843749999 0.5105558234375 0.9017812234375 0.4851297625 0.9000535656249999 0.46389997968749996 0.8987407749999999 0.4500543515625 0.8982658421874999 0.4381391359375 0.8946797375 0.43662652656249995 0.88871795625 0.44346124375 0.8830713859375001 0.44941513125 0.8767739203125 0.456333546875 0.8777332609374999 0.4651864328125 0.88021553125 0.487297725 0.8817303437499999 0.5133940265625 0.8822216890625001 0.5325253296875 0.882364996875 0.5381052937499999
3 0.23903026718749998 0.7578725687500001 0.24336421718749998 0.7709649375 0.24692578906249998 0.778099359375 0.2550272203125 0.7712659937499999 0.2584508953125 0.7642618515625 0.263598 0.7520145609375 0.2667105234375 0.739472303125 0.268266109375 0.734271 0.2664020796875 0.7296548890625 0.2589923203125 0.7042261203125 0.256189421875 0.6915542593749999 0.253705796875 0.6715826171875 0.252058675 0.6556810375000001 0.2469210453125 0.6529507812500001 0.24366656562500003 0.657773425 0.232035034375 0.674044190625 0.23173894218750002 0.6778618125 0.2287123671875 0.6871736703125 0.22872878124999999 0.69438975625 0.2306692875 0.710753015625 0.232525196875 0.7282070265625 0.236539875 0.7485991765625 0.23903026718749998 0.7578725687500001
3 0.1117803265625 0.5978636921875 0.1156735234375 0.6113333671875 0.12055194375 0.6258944671875 0.1228499609375 0.64083151875 0.125527315625 0.6529998515625001 0.13447760312499998 0.6638715828125 0.144159325 0.6791069828125 0.14962993125 0.6860328421874999 0.15539933749999998 0.68486178125 0.1629576484375 0.674420034375 0.1557512625 0.659102290625 0.147644246875 0.6416023734375 0.1384687609375 0.6219621296875 0.1351787484375 0.6166319 0.1240246859375 0.607646703125 0.1117803265625 0.5978636921875
3 0.8274773812499999 0.457393165625 0.8255847578125 0.46481781250000004 0.8253077843750001 0.471572221875 0.8211076703125 0.47903736406249997 0.8167997765624999 0.49107541875000005 0.8122817421875 0.50370069375 0.8074334375 0.5078510640625 0.7994001921875 0.5063775953125 0.8077432359375001 0.5155288296875 0.8139684562499999 0.5233361984375 0.8209687609375 0.532822215625 0.8313054375 0.5406741390625001 0.837870403125 0.5419788640625 0.8434746750000001 0.5365703515625 0.8452826999999999 0.5302364515625 0.8462733421875 0.5227692796875 0.8488195671875 0.5101008031250001 0.84964371875 0.5005358281250001 0.8515185781250001 0.48803474375 0.8522621921875 0.47314156875 0.8517067218750001 0.45589815 0.8508142124999999 0.4408780796875 0.8482432828125 0.4262764859375 0.84252565 0.41192462343749997 0.837101403125 0.398034440625 0.830833884375 0.3907724453125 0.82689026875 0.3906860453125 0.820448140625 0.3941641453125 0.816227553125 0.40083215 0.8187192984375 0.40796589531249994 0.8247739703124999 0.42009441093750005 0.8296305640625 0.43599802343749994 0.8289524281249999 0.4468636609375 0.8274773812499999 0.457393165625
3 0.1944033625 0.7719408609375 0.1983838625 0.7800404875 0.206039125 0.7821430265625 0.2143070453125 0.7774074625 0.22266091562499998 0.7694415 0.2287059421875 0.76365568125 0.23278051562500002 0.7556870109375 0.236539875 0.7485991765625 0.232525196875 0.7282070265625 0.2306692875 0.710753015625 0.22872878124999999 0.69438975625 0.2287123671875 0.6871736703125 0.23173894218750002 0.6778618125 0.22878190781250002 0.676727184375 0.2256502640625 0.6863326546875 0.22002957968749998 0.6845250796875 0.21688017187500003 0.6890541109375 0.2088865171875 0.6913145671875001 0.20527994062500002 0.6890048203125 0.20020643593749998 0.684386678125 0.19410540625 0.6792224859375 0.192317853125 0.686353521875 0.188099971875 0.6887422296875 0.1874900203125 0.691301034375 0.18733453125 0.7049779171874999 0.18713268125 0.725619121875 0.18779863593749999 0.7340103296875 0.18942393125 0.7512544234375 0.1907817265625 0.760275378125 0.1944033625 0.7719408609375
3 0.8706069109374999 0.6217959484375 0.88455151875 0.6298179687500001 0.8964014828125 0.633013965625 0.9055059046875 0.6323484609375 0.912704 0.6276122203125001 0.9139484343750001 0.6168728 0.908693384375 0.6008011203125 0.9069576046875 0.5924092359375 0.9025800015625001 0.5820018921875 0.8962128249999999 0.5664749109375 0.88894366875 0.5509054046874999 0.8819010640625 0.5419647624999999 0.879150109375 0.5466618624999999 0.8773434375000001 0.5508561125 0.8754316953125001 0.5553439734375 0.8696841140625 0.5551725234375 0.86272069375 0.5536997312499999 0.8549617140624999 0.549751153125 0.8469721203124999 0.545592659375 0.84066095 0.5410156890625 0.837870403125 0.5419788640625 0.8396102437499999 0.5439517984375 0.845959653125 0.5544023453125 0.8522667640625 0.5653982640625 0.8582573109375 0.579414665625 0.8644334640625001 0.5984656562499999 0.8682843609375 0.6124807078125001 0.8706069109374999 0.6217959484375
3 0.84964371875 0.5005358281250001 0.8488195671875 0.5101008031250001 0.8462733421875 0.5227692796875 0.8452826999999999 0.5302364515625 0.8434746750000001 0.5365703515625 0.84066095 0.5410156890625 0.8469721203124999 0.545592659375 0.8549617140624999 0.549751153125 0.86272069375 0.5536997312499999 0.8696841140625 0.5551725234375 0.8754316953125001 0.5553439734375 0.8773434375000001 0.5508561125 0.879150109375 0.5466618624999999 0.882364996875 0.5381052937499999 0.8822216890625001 0.5325253296875 0.8817303437499999 0.5133940265625 0.88021553125 0.487297725 0.8777332609374999 0.4651864328125 0.876062959375 0.4527670125 0.8727551828125 0.44236034531249996 0.868735090625 0.43052679375 0.8643329546875 0.4257412625 0.8597384437500001 0.4266193875 0.8558971921875 0.4305186734375 0.8507541484375001 0.4363470171875 0.8508142124999999 0.4408780796875 0.8517067218750001 0.45589815 0.8522621921875 0.47314156875 0.8515185781250001 0.48803474375 0.84964371875 0.5005358281250001
3 0.18757410624999998 0.5915346390625 0.18415990468750001 0.5835612328125 0.1788557875 0.578733175 0.1724586640625 0.577386603125 0.165558015625 0.5761655734375 0.161024921875 0.5794351140625 0.161375665625 0.588707153125 0.16478580625 0.6030995078125 0.1655773046875 0.6119942421875 0.1718394109375 0.627814834375 0.179482490625 0.649174221875 0.18668752500000002 0.6666316140624999 0.19410540625 0.6792224859375 0.20020643593749998 0.684386678125 0.20527994062500002 0.6890048203125 0.2088865171875 0.6913145671875001 0.21688017187500003 0.6890541109375 0.22002957968749998 0.6845250796875 0.2256502640625 0.6863326546875 0.22878190781250002 0.676727184375 0.22463491875 0.66652975625 0.21874538437500002 0.6586386921875 0.2070713828125 0.6425629515625 0.198882475 0.6218744843749999 0.19362742500000002 0.6058028046875 0.18757410624999998 0.5915346390625
3 0.92341984375 0.59980354375 0.928558828125 0.6003941484374999 0.9303040812500001 0.5938084859375 0.9266005546875 0.5789544515625 0.9229175015625 0.5648975546874999 0.9198839890625001 0.5520157796875 0.9151707015625 0.54169213125 0.91033051875 0.5330046046875 0.9051314703125 0.5278829359375 0.902358690625 0.5339225484375001 0.898391896875 0.5373183078125 0.8942790859375 0.539413403125 0.8874821531249999 0.5400384125000001 0.882364996875 0.5381052937499999 0.8819010640625 0.5419647624999999 0.88894366875 0.5509054046874999 0.8962128249999999 0.5664749109375 0.9025800015625001 0.5820018921875 0.9069576046875 0.5924092359375 0.914904896875 0.5971131046875 0.92341984375 0.59980354375
3 0.9060375140625 0.5215065125 0.9081143921875 0.5212561015625 0.9118696921874999 0.5205872140625 0.9163154796875 0.5226877234375 0.918333646875 0.515766603125 0.920084315625 0.500622340625 0.9216480203125 0.4825831390625 0.9208619359375 0.4651298078125 0.9159657484375 0.4454922703125 0.9115062546875 0.431896375 0.9086597046874999 0.4219095390625 0.9057899765625 0.41540486562499995 0.9049671781249999 0.42283019062499994 0.903219215625 0.43369515312500007 0.8994585031250001 0.4429226375 0.8987407749999999 0.4500543515625 0.9000535656249999 0.46389997968749996 0.9017812234375 0.4851297625 0.9049116843749999 0.5105558234375 0.9060375140625 0.5215065125
3 0.3756961015625 0.45798841562500003 0.36405898593749997 0.44992590000000005 0.359048253125 0.4455595203125 0.3482039890625 0.44425209062500004 0.334210315625 0.44747368906249996 0.32250230625 0.451997309375 0.3143572234375 0.4615156984375 0.30803251875000004 0.4783352234375 0.30600623125 0.49809424375000005 0.30536497812499996 0.51697310625 0.3075797515625 0.5308612593750001 0.31163808125000003 0.548568384375 0.3163063640625 0.5637167078124999 0.32397533125 0.5773146312499999 0.3283556390625 0.5834426765625 0.3400800609375 0.5861351453125 0.352140165625 0.5887439171875 0.36527144843750003 0.5892137171875 0.37821577031250003 0.586788578125 0.38711276093749997 0.582430996875 0.3956958921875 0.5768145984374999 0.40469930625000006 0.5700237578125 0.4106610875 0.5631890375 0.414128415625 0.5534998718749999 0.4080942171875 0.5421684953125 0.404598125 0.5310065374999999 0.4003501265625 0.5146837703125 0.39797021718750003 0.49655816875000003 0.3979142140625 0.48560815625 0.3971841328125 0.4791048359375 0.385422828125 0.46839914374999997 0.3756961015625 0.45798841562500003
3 0.26858266406250003 0.4659758125 0.2566112171875 0.45585734375 0.2465256265625 0.44901247343749995 0.23863839687500002 0.44883966875 0.232175796875 0.4515206328125 0.2259629265625 0.45734829687499995 0.222833990625 0.46267446718749994 0.2197037 0.47014028750000003 0.2189191390625 0.4834391875 0.2195182625 0.49799758125000004 0.21969845625 0.51159076875 0.2199823671875 0.52702999375 0.22012161562500002 0.53902890625 0.2191500953125 0.5494328671875001 0.21939441406250001 0.5611381671875 0.2206280203125 0.5675159453124999 0.224331546875 0.5823699796875 0.227744396875 0.5924830359375 0.23399008906250002 0.6010875437500001 0.24501725312499997 0.6117088625 0.257196134375 0.6255194093750001 0.263044725 0.6318161984375 0.27191718125 0.6330804296875 0.281903115625 0.6316603125 0.29652856562499996 0.6245373953125 0.30475824687499997 0.61392825625 0.3115592390625 0.6068843 0.320334746875 0.59560424375 0.3283556390625 0.5834426765625 0.32397533125 0.5773146312499999 0.3163063640625 0.5637167078124999 0.31163808125000003 0.548568384375 0.3075797515625 0.5308612593750001 0.30536497812499996 0.51697310625 0.2959111640625 0.5062269203125 0.287966578125 0.49724375312499997 0.27746882500000003 0.47873543124999995 0.26858266406250003 0.4659758125