1 0.3796875 0.28046875 0.11640625 0.16328125
1 0.23515625 0.29375 0.1296875 0.1296875
1 0.1265625 0.2703125 0.08515625 0.1015625
1 0.5 0.3953125 0.04140625 0.2140625
1 0.58828125 0.26171875 0.084375 0.15234375
1 0.6359375 0.3875 0.03203125 0.17265625
1 0.0625 0.45625 0.1171875 0.09765625
1 0.146875 0.571875 0.04140625 0.07890625
1 0.2109375 0.5734375 0.05859375 0.0828125
1 0.25546875 0.646875 0.06875 0.1984375
1 0.34296875 0.684375 0.0765625 0.190625
1 0.4375 0.6890625 0.0921875 0.16875
1 0.48984375 0.65546875 0.0359375 0.1015625
1 0.57265625 0.6359375 0.0328125 0.0828125
1 0.66328125 0.609375 0.034375 0.12890625
1 0.83125 0.490625 0.08203125 0.10234375
1 0.803125 0.28359375 0.0984375 0.09609375