1 0.64453125 0.32265625 0.096875 0.209375
1 0.5125 0.33203125 0.1140625 0.275
1 0.340625 0.32734375 0.1265625 0.30625
1 0.22734375 0.33203125 0.0859375 0.203125
1 0.15703125 0.371875 0.0625 0.1953125
1 0.0859375 0.346875 0.0671875 0.18125
1 0.73203125 0.37890625 0.0671875 0.23125
1 0.92578125 0.3453125 0.09375 0.109375
1 0.828125 0.32734375 0.071875 0.2453125
1 0.78046875 0.63671875 0.0703125 0.18125
1 0.68046875 0.6546875 0.0796875 0.221875
1 0.58984375 0.65546875 0.075 0.1859375
1 0.49609375 0.69453125 0.0859375 0.1984375
1 0.35859375 0.70546875 0.1484375 0.2203125
1 0.24296875 0.6828125 0.125 0.278125
1 0.14765625 0.65078125 0.08125 0.1484375
1 0.05625 0.625 0.090625 0.20625
1 0.86328125 0.6203125 0.084375 0.128125