1 0.2453125 0.3875 0.1828125 0.2640625
1 0.05859375 0.4484375 0.10625 0.115625
1 0.12578125 0.40078125 0.134375 0.1921875
1 0.49140625 0.378125 0.134375 0.178125
1 0.57734375 0.28671875 0.1046875 0.1484375
1 0.7046875 0.353125 0.1234375 0.1609375
1 0.81015625 0.290625 0.0875 0.125
1 0.91484375 0.29609375 0.13125 0.175
1 0.85234375 0.54921875 0.16875 0.2765625
1 0.740625 0.61015625 0.1578125 0.278125
1 0.6046875 0.6421875 0.2140625 0.3484375
1 0.4578125 0.6765625 0.1890625 0.3375
1 0.3296875 0.65546875 0.1625 0.2546875
1 0.22421875 0.7203125 0.1515625 0.18125
1 0.096875 0.6921875 0.134375 0.16875