2 0.85390625 0.34296875 0.1421875 0.3
2 0.6703125 0.34765625 0.128125 0.3625
2 0.77109375 0.3546875 0.1171875 0.3890625
2 0.54375 0.30703125 0.190625 0.4828125
2 0.3828125 0.32578125 0.1828125 0.421875
2 0.26640625 0.328125 0.084375 0.2796875
2 0.14296875 0.36875 0.0578125 0.1328125
2 0.23125 0.65 0.1203125 0.340625
2 0.29609375 0.69921875 0.1171875 0.4265625
2 0.359375 0.73359375 0.1078125 0.4234375
2 0.45 0.73828125 0.10625 0.3921875
2 0.53515625 0.76015625 0.0984375 0.3828125
2 0.609375 0.746875 0.11875 0.4125
2 0.6796875 0.75625 0.128125 0.4546875
2 0.20078125 0.34453125 0.08125 0.2375
2 0.7484375 0.77734375 0.0921875 0.278125