3 0.7966393015625 0.5625225625 0.7940533859375 0.5773597968749999 0.79597226875 0.580401840625 0.8026484640625 0.58515058125 0.811792646875 0.594692646875 0.8234608031249999 0.5961253171875 0.8314329328125 0.596542884375 0.8353945828124999 0.5891713000000001 0.8417444218749999 0.5747962171875 0.8488720609374999 0.5509747609375 0.8525502312500001 0.53346520625 0.85571026875 0.51084045 0.8589441531249999 0.4938376296875 0.8608142093750001 0.481718934375 0.8594325218750001 0.4680784015625 0.8557364937499999 0.46706329843749994 0.8460491625 0.46194483750000004 0.836195071875 0.46129619374999997 0.8293890421875 0.46382823906250004 0.8184367453125001 0.45967703281250005 0.8067006953125 0.45879731250000005 0.804330365625 0.4843254671875 0.800830859375 0.509714975 0.8001578734375 0.521419365625 0.7982628 0.543076865625 0.7966393015625 0.5625225625
3 0.6263385375 0.5056899031250001 0.6264981359374999 0.5292835453125 0.6258001328125 0.550526740625 0.624244528125 0.5694194875 0.6236763609375 0.5833818953125001 0.6190726953125 0.5990939531249999 0.6216145281250001 0.6095092140625 0.6250080125 0.6161000359375 0.6329491703125 0.619881521875 0.642975971875 0.6222352328125 0.6551563078125 0.622608215625 0.6687743203125 0.6237190109374999 0.6790048015625 0.6244138687499999 0.6887540750000001 0.6228044953125 0.6986022125 0.6172782531250001 0.7081359 0.6049779578125001 0.7130170921875 0.5932289828124999 0.717176471875 0.5780236609375 0.7194848609375 0.55922334375 0.7207009953125 0.5430953484375001 0.721571709375 0.5235572203125 0.7220040890625 0.5107007140625 0.7203389234375 0.48692221093750004 0.7184021796875 0.465355509375 0.717224175 0.450056125 0.7160521234375 0.44093162656249996 0.714152303125 0.42217589218749996 0.7090864953125 0.4198700296875 0.6966655546875 0.4183449296875 0.6826032546875 0.41774087031249996 0.6658013953124999 0.4145552875 0.6625496531249999 0.41303345 0.6585141578125 0.4147831 0.6502513875 0.43229102499999994 0.643734790625 0.4511359265625 0.636465409375 0.46988839687499995 0.63032520625 0.4887795125 0.62739386875 0.5002066125 0.6263385375 0.5056899031250001
3 0.5975289687500001 0.6812030250000001 0.6254189140624999 0.6874339140625 0.6287385484375 0.6884028 0.63609368125 0.6876220359375 0.6450222765625 0.6864731828124999 0.650871840625 0.6855075578125 0.6556053390625001 0.6625147140625 0.6585986203124999 0.6443597765625 0.66193136875 0.6234400890625 0.644481540625 0.62242009375 0.6325048843750001 0.6203882578125001 0.6246995140625 0.6155008703125 0.621546634375 0.6100621640624999 0.6190048015625 0.5996469046875 0.614395184375 0.6091840765625001 0.6075272140625 0.618443959375 0.5967905046875 0.624983671875 0.5842028046875 0.6279283921875 0.5835548375 0.630093978125 0.5785747812500001 0.645759821875 0.5754087890624999 0.662209690625 0.5736435515625 0.676586403125 0.5793942515625 0.6795376484375 0.5829175671875 0.6788476828125 0.5975289687500001 0.6812030250000001
3 0.535461184375 0.67638849375 0.54996776875 0.6764858171875 0.55769929375 0.67575126875 0.5728228734374999 0.6770469234375 0.575303971875 0.6599516750000001 0.577241921875 0.6472800265624999 0.5847149843749999 0.62686870625 0.5447554734375 0.6286977359375 0.5189201999999999 0.6244029906249999 0.5024947328125 0.6212636234375 0.501470375 0.6233829937500001 0.499674165625 0.641123625 0.49586020781249995 0.6597390828125 0.49210819062500005 0.6716267015625 0.49153407031249996 0.6794142234375 0.5085026890625 0.6781299875 0.535461184375 0.67638849375
3 0.1360115171875 0.4196661203125 0.13632596875 0.4264401734375 0.135819740625 0.43367474531249994 0.134801334375 0.4419690015625 0.13473939375 0.4486968375 0.1346774515625 0.455424675 0.1337948328125 0.46261303125 0.1329122140625 0.4698013875 0.13346726874999998 0.4777275546875 0.1344666125 0.4851469875 0.1366630234375 0.4921521140625 0.1386188296875 0.49800512656249996 0.1408831359375 0.5044573031249999 0.1426352625 0.511969165625 0.1454796421875 0.51680870625 0.149928453125 0.5179162374999999 0.154648840625 0.51681196875 0.1596777265625 0.5163068640625 0.1643981140625 0.51520259375 0.1695627875 0.5135915890625 0.17435106875 0.51193436875 0.1788987453125 0.5091250328125 0.1790285796875 0.5018442453125 0.1787820234375 0.49451724375 0.1797325359375 0.4867759359375 0.1806830484375 0.4790346296875 0.18156566875 0.47184627343749996 0.1835774640625 0.4647965625 0.185521365625 0.4582998015625 0.1867803765625 0.4511576609375 0.18834788593750001 0.444614684375 0.189539003125 0.43802549375 0.190865909375 0.43033040156249996 0.1913721359375 0.42309582968750004 0.1923226484375 0.415354521875 0.1928288765625 0.4081199515625 0.1937114953125 0.40093159375000004 0.1945941140625 0.39374323906250003 0.19472395 0.38646245156250003 0.1902751375 0.38535491875 0.1851783578125 0.38641297343750003 0.1805937578125 0.3864113421875 0.175768553125 0.38525759531250003 0.1708075625 0.3852097484375 0.16649453593750002 0.3829963140625 0.1617372265625 0.3812896171875 0.157047809375 0.37902996875 0.15184621250000002 0.3778300078125 0.14804536875000002 0.3745568875 0.1440098703125 0.3763065390625 0.1414858953125 0.384415934375 0.1394741 0.3914656453125 0.13715380625 0.397916190625 0.13589479531249998 0.40505833124999996 0.1365856375 0.4118786 0.1360115171875 0.4196661203125
3 0.3608879390625 0.5174383265625 0.35595075781249996 0.542090021875 0.354117625 0.5570196859375 0.3556041296875 0.5729182374999999 0.3590404875 0.5884949125000001 0.36780827656250004 0.5979907640625 0.3769155359375 0.6047218625 0.40165855625 0.6116889296875 0.4167142421875 0.6135375359374999 0.4372800234375 0.6171852703125 0.454149778125 0.6198179015624999 0.47047042968749997 0.620699253125 0.47915841718749996 0.618398284375 0.48134292656250005 0.6130536390625 0.4852366828125 0.606235003125 0.48901966874999997 0.590983465625 0.49319215937500005 0.553889565625 0.49623547500000004 0.5166570218750001 0.50014234375 0.48794981093749995 0.49864988749999994 0.465876375 0.49263477343749995 0.4370734703125 0.4868971859375 0.4122336515625 0.48140615625 0.3947208328125 0.47297188281249997 0.3762853421875 0.46570966093750005 0.366974353125 0.45534339062500007 0.36738539531250003 0.4368013109375 0.369037721875 0.42889707499999996 0.3680672046875 0.4158650890625 0.3715186578125 0.408583803125 0.37792135781249997 0.3980257578125 0.3923410234375 0.39007743906250003 0.41662299843749995 0.3811047609375 0.443024346875 0.3710398296875 0.472098015625 0.3655535453125 0.49499843125 0.3608879390625 0.5174383265625
3 0.192291678125 0.418718440625 0.191409059375 0.4259067984375 0.19021794218750002 0.43249598906250003 0.1885825375 0.439591915625 0.18701502812499998 0.44613489062499995 0.1857560171875 0.45327703281250004 0.1841206140625 0.4603729578125 0.1825531046875 0.46691593437499995 0.1809177015625 0.474011859375 0.18003508125 0.4812002171875 0.17908456875 0.48894152343749997 0.179022628125 0.49566936093749997 0.1796455765625 0.5030425765625 0.1804043140625 0.50930989375 0.180582978125 0.5171898453125 0.181409609375 0.5229042125000001 0.1829890234375 0.52871100625 0.1848769375 0.5351169687499999 0.18727702968749999 0.5404632453125 0.1895413359375 0.5469154203125 0.1926942140625 0.552354128125 0.196359271875 0.556733146875 0.200160115625 0.560006265625 0.20409674843749998 0.5621734843749999 0.208921953125 0.56332723125 0.21439512500000002 0.5623153921874999 0.21925129999999998 0.560105221875 0.2237310828125 0.5578488359375 0.22889575624999997 0.55623783125 0.2334434328125 0.55342849375 0.2400088578125 0.5497443328125 0.245513 0.545368575 0.25057285625 0.541499553125 0.2552563203125 0.537584315625 0.26171692812499997 0.5316421375 0.26232797343750003 0.52666558125 0.26201352187500004 0.51989153125 0.26251974843750003 0.512656959375 0.26340236875 0.505468603125 0.26466137968750003 0.49832646093750005 0.2662967828125 0.4912305359375 0.2674879 0.48464134375 0.26837051875 0.4774529875 0.2695616375 0.47086379687499996 0.2715734328125 0.46381408593750006 0.2731409421875 0.457271109375 0.2747763453125 0.45017518437500004 0.2764117484375 0.44307925781249996 0.27873204218750003 0.4366287125 0.2807438390625 0.42957900000000004 0.277899459375 0.424739459375 0.2755672609375 0.418840234375 0.27337084843750004 0.41183510625 0.271482934375 0.40542914531249996 0.26997141406249997 0.3990693984375 0.26808350000000003 0.3926634375 0.26746055156250004 0.38529022031250004 0.2646161703125 0.3804506796875 0.262351865625 0.373998503125 0.2585510203125 0.370725384375 0.2538306328125 0.3718296546875 0.2486659609375 0.37344065937500004 0.2435012859375 0.3750516640625 0.23871300624999997 0.376708884375 0.23279554687499998 0.378227459375 0.2279393734375 0.3804376296875 0.223286878125 0.38098894843750003 0.2185664921875 0.38209321875 0.21377820937499997 0.3837504390625 0.20919361093750002 0.3837488078125 0.204164725 0.3842539125 0.19930855 0.3864640828125 0.19472395 0.38646245156250003 0.1941807984375 0.39088605468750004 0.1941188578125 0.3976138921875 0.1943654171875 0.40494089375 0.19355069062500002 0.4115763 0.192291678125 0.418718440625
3 0.7188738171875 0.5641998984375001 0.7158126421875 0.582907784375 0.7225257609375 0.5904674953125 0.7292758015625 0.6008381703125 0.7390739046875 0.6143895359375 0.746058596875 0.61973744375 0.752907503125 0.62619125 0.75903459375 0.6291887109375 0.7687528968749999 0.6309432546875 0.77357215 0.6259221171875 0.7773610890625 0.6168454640625 0.7834393515625 0.604682184375 0.7894497203124999 0.5930718546875 0.79367699375 0.57731358125 0.796941846875 0.55694684375 0.7984974515625 0.5380540953125 0.8004913890625 0.512479728125 0.8037872140625 0.4887490703125 0.8064291203125 0.4610091140625 0.8060836984374999 0.45759898281250005 0.7979388578125 0.4554763484375 0.78712235 0.45021924062499996 0.7815384078125 0.44279817499999996 0.7765404921875 0.4399393625 0.7672664765625 0.4376780828125 0.757239675 0.43532437343749997 0.7502240109375 0.433340384375 0.7433810578125 0.4330614625 0.7325204671875001 0.45305684687500003 0.7196850031250001 0.48291291249999996 0.721313246875 0.5038804484375 0.7218742546875 0.5179815015625 0.7205652078125 0.54420125 0.7188738171875 0.5641998984375001
3 0.6733136296875 0.6832114828125 0.683402371875 0.6788373562500001 0.695163440625 0.670178271875 0.7051163953125 0.6669100453125 0.7167786 0.66216783125 0.729668846875 0.653647390625 0.7350372000000001 0.650377534375 0.734581009375 0.638534496875 0.733983078125 0.621622478125 0.73315049375 0.609733225 0.732188075 0.6051247609375 0.7271163140625 0.5966440109375 0.7223899734375 0.5915733953125 0.7158126421875 0.582907784375 0.7133934843749999 0.5932751984375 0.7096045453125 0.6023518515624999 0.704445825 0.6101377421875 0.6991143921874999 0.6162185671875 0.68868618125 0.6233574453124999 0.6831451171875 0.6249222359375 0.6740438109375 0.6243660234374999 0.66764514375 0.623580365625 0.66193136875 0.6234400890625 0.6611845359374999 0.62952254375 0.6589750125 0.6444059921874999 0.653124240625 0.6796099640625 0.652001015625 0.685646203125 0.659460965625 0.6871234578125 0.6733136296875 0.6832114828125
3 0.49664283749999993 0.51333931875 0.4950312453125 0.5451347890625 0.49255609843750003 0.5684049250000001 0.49038945 0.592274228125 0.491468590625 0.6114904796875 0.492227328125 0.617757796875 0.5027353375 0.6224157390625 0.5162175625 0.6246324343749999 0.5308289640625 0.626987775 0.5453724703125 0.6298960671875 0.5727073578125 0.6282007890625 0.5865969453125001 0.62709978125 0.5979196796874999 0.6251223171875 0.6067065359375 0.6189044796875 0.6149752578125 0.607571440625 0.6203007359375 0.5953157296875 0.6229235765625 0.5832894640624999 0.6247876781249999 0.564995884375 0.6256834109375 0.5359189515625 0.6265850953125 0.5130169046875 0.6255678953125 0.48707281562500004 0.6248961171875 0.464538859375 0.6238169765625 0.44532260468749996 0.6202758015625001 0.4274879125 0.6158770234375 0.40730277187499997 0.6079608828125 0.39398248125 0.5986809140625 0.3855463171875 0.5874880124999999 0.38024299375 0.57852249375 0.3785808796875 0.5674403640625 0.381710459375 0.55837598125 0.383965215625 0.5493485234375 0.38903093593750004 0.534687084375 0.405753203125 0.5215371703125 0.42883521562500004 0.5139962140625001 0.4497994890625 0.505603609375 0.4745882 0.4998397984375 0.49352553125 0.49664283749999993 0.51333931875
3 0.472196328125 0.6719882671875 0.48280915625 0.6789042249999999 0.49146617656249997 0.6799671734375 0.49210819062500005 0.6716267015625 0.49770524531250004 0.6571591906250001 0.49892138125 0.6410311953125001 0.5003411984375 0.6232443484375 0.49273950781250003 0.6166981109375 0.4895187359375 0.6118123546875001 0.4855451796875 0.6068341687500001 0.48370014375 0.6094140609375 0.47744916875000004 0.6198722734375 0.472796675 0.6204235921875 0.45565534531249996 0.6200027625 0.431942640625 0.6170912093750001 0.42041026875 0.6145526375 0.41949072656249997 0.6189300265625 0.4174908359375 0.6383295109375 0.414639296875 0.66155343125 0.42706024062500003 0.6630785312499999 0.4393763640625 0.6623456140624999 0.45754800625 0.6668219578125 0.472196328125 0.6719882671875
3 0.378918965625 0.659973959375 0.40194678125000005 0.6622401328125 0.41494779687500005 0.662152596875 0.41735504843750004 0.6394354109375 0.4199659828125 0.6150593734375 0.4012142703125 0.612195665625 0.3766070375 0.604122696875 0.36431593125 0.595316809375 0.3586640953125 0.588448696875 0.355641053125 0.5757292046875 0.3527037609375 0.5809814171875 0.345113978125 0.5867849515625 0.3410105859375 0.5890875515625 0.3391774546875 0.604017215625 0.3374860625 0.6240158640625 0.33737408593749996 0.6498213078124999 0.3389535015625 0.6556281046875 0.3506216578125 0.6570607749999999 0.378918965625 0.659973959375
3 0.2860370578125 0.6322921781249999 0.3031223984375 0.6456157296875 0.31287762343750003 0.6501812421875 0.32454578125 0.6516139125 0.335837546875 0.6530003671875 0.3377874015625 0.6526784921875 0.33730024062499997 0.644199375 0.3376528203125 0.6195460453125 0.33883798593750003 0.60678196875 0.34076998125 0.5879354375 0.33806734375 0.5881648796875 0.32489361875 0.58654735 0.3067219765625 0.5820710078125 0.29518960625 0.5795324359375 0.28030067812500004 0.5732140109375 0.2738960578125 0.5662534671875 0.271878309375 0.5671282921875 0.268879078125 0.57910834375 0.2654724828125 0.594406096875 0.2637072453125 0.608782809375 0.26292944218750003 0.618229184375 0.2744987359375 0.6235787203125 0.2860370578125 0.6322921781249999
3 0.2618348578125 0.512011578125 0.26168595781250004 0.5350060562500001 0.2635798234375 0.547586903125 0.2693424296875 0.56288791875 0.2833118140625 0.5735837312500001 0.30371083906249996 0.5817012859374999 0.32088909062500004 0.584933084375 0.3376230578125 0.588671615625 0.345113978125 0.5867849515625 0.3498653359375 0.5823167640625 0.353623303125 0.576604028125 0.3552646609375 0.5756829890625 0.354882315625 0.5694618874999999 0.3547036515625 0.561581934375 0.3545190359375 0.547527096875 0.359968396875 0.5218157140625 0.3638502484375 0.5026473078125 0.36688045156250004 0.4873033390625 0.3710398296875 0.472098015625 0.36930676875 0.44887246249999996 0.36487702187500004 0.43205124218749996 0.363557275 0.41168287187499997 0.35926331718750004 0.3937557484375 0.35634509062499997 0.3832942734375 0.3532291359375 0.38066653437500003 0.348533765625 0.37223200156249997 0.338371178125 0.3709841921875 0.327832196875 0.36969016718750003 0.3119558328125 0.3683020828125 0.30812401718750004 0.36839288125 0.3040885203125 0.37014253125 0.2982139390625 0.3806469609375 0.2901238796875 0.39985995 0.280706915625 0.42676803281250003 0.274535740625 0.44902306718749996 0.2664945109375 0.483396796875 0.2618348578125 0.512011578125