3 0.28767098125 0.4675015796875 0.294898978125 0.49267958749999996 0.3015435296875 0.5009364796875 0.3138152609375 0.498992828125 0.3261116703125 0.49479819843749995 0.33902794531249997 0.49211044218750005 0.34971299375 0.4897760765625 0.372620175 0.4851849078125 0.379797134375 0.4811590984375 0.395266903125 0.47774589843750004 0.40716676406249996 0.4758611453125 0.4175789 0.46939687656249995 0.4276064671875 0.45689433125 0.43193209843749997 0.4468999328125 0.436096471875 0.4346840046875 0.43657952031249997 0.42690326093750003 0.430950903125 0.40821314375 0.422469515625 0.3546637765625 0.414744328125 0.30227867812500003 0.4097099359375 0.268085971875 0.4065478359375 0.244511059375 0.3948954890625 0.2383313625 0.3850653578125 0.232826084375 0.3719998078125 0.22494416093749997 0.3644749375 0.2123325578125 0.352252325 0.20495914375000002 0.3372406859375 0.1980274671875 0.3276956859375 0.1931190484375 0.3137502984375 0.1905126328125 0.29824315 0.1900796359375 0.2851785609375 0.20145814999999997 0.27456850625 0.21630002187500003 0.269735390625 0.24114125312499998 0.26916704375 0.2784684140625 0.270334175 0.317125753125 0.2743523953125 0.356936571875 0.27674631562499996 0.3876953703125 0.2815950125 0.4267326359375 0.28767098125 0.4675015796875
3 0.6108824046875 0.7909284375000001 0.6274193875 0.8111009359375 0.6412533578125 0.8166140875 0.6588057953125 0.8167231421875 0.6731345531249999 0.8012922859374999 0.677781975 0.7812956140625 0.6798385234375 0.7581781890625 0.6803452890624999 0.728886028125 0.67312903125 0.69054475625 0.667872284375 0.671795740625 0.6587976328125 0.653009403125 0.6465982593749999 0.61449435 0.638155453125 0.5888667296875 0.628696471875 0.568857225 0.622448709375 0.563105565625 0.617031665625 0.5613954624999999 0.610461871875 0.560830965625 0.6013263624999999 0.5645249578125 0.595599746875 0.5692840828125 0.5888938578125 0.5738773 0.5773658671875 0.5757031546875 0.5715771953125001 0.578867059375 0.56597445625 0.5820015140625 0.5565787328125 0.5876627796875 0.5527982078125 0.5914716546875 0.5455838703125 0.5916512640625 0.5399811328124999 0.5947857187500001 0.5354693265625 0.5999944562499999 0.5317879984375 0.604429640625 0.5304248734375 0.6126707859375 0.532359465625 0.629698909375 0.5401078890625 0.6509423703125 0.5540671781250001 0.6837215125 0.5761709609375 0.72580401875 0.594221065625 0.7627503859375 0.6108824046875 0.7909284375000001
3 0.46346302812499995 0.86499693125 0.4745328890625 0.873515953125 0.486730340625 0.8735101249999999 0.49218428281250004 0.8694362078125 0.49510868906249994 0.849391425 0.49580163125 0.8248849234375 0.496941203125 0.8080119203124999 0.49997726406250004 0.7898755125 0.48485300625 0.761775021875 0.46876145156250004 0.7251604703125001 0.45491358125000003 0.68947459375 0.44718983593750006 0.665980153125 0.441660415625 0.6479163453125001 0.442936321875 0.6307007390625 0.436428346875 0.626916353125 0.4281355359375 0.6263037453125 0.417946234375 0.6269545421875 0.41278988437499997 0.6329073859375 0.41483493281249995 0.627768334375 0.40569918281249995 0.6266472171874999 0.38819658437500004 0.6316664234375 0.381862325 0.6313856343750001 0.37131361093750004 0.6333773953125 0.3680662125 0.6393489 0.3646702578125 0.6491960515625 0.36675340625 0.6623485296875 0.3771674640625 0.694405140625 0.39249083749999997 0.738203578125 0.40280545781250005 0.7648187703125 0.4266449578125 0.8130465640625 0.44900847187500004 0.8435315781250001 0.46346302812499995 0.86499693125
3 0.17879986875 0.4889181984375 0.1876392265625 0.5122359421875 0.196601740625 0.519483684375 0.2055764734375 0.523198384375 0.21603845000000002 0.52186238125 0.22221145468749998 0.5199216421874999 0.233057759375 0.51980880625 0.244771684375 0.517953503125 0.25441539999999996 0.513858009375 0.261034553125 0.50992055 0.2730336109375 0.50866210625 0.28267756718750003 0.509381721875 0.291242809375 0.5044940125 0.2985311859375 0.49756146875 0.294353390625 0.489234890625 0.2888860296875 0.47276630312499995 0.2826119078125 0.4355598515625 0.2757291796875 0.3740530453125 0.269986984375 0.3149336734375 0.26978786875 0.29923572656249997 0.2575772375 0.2835141578125 0.241908353125 0.2712294109375 0.2225207625 0.25953365 0.2070624921875 0.24496847656249998 0.1911206953125 0.2285538265625 0.1846249390625 0.22123639687500002 0.17629498906250002 0.22159270156250002 0.1604535890625 0.2298799109375 0.1562518359375 0.238249640625 0.150686715625 0.2500454046875 0.1488041234375 0.281481534375 0.150504621875 0.3271166125 0.1566555875 0.3803930625 0.1670833046875 0.4378072921875 0.17879986875 0.4889181984375
3 0.823234134375 0.2844476890625 0.840824190625 0.29321805312500004 0.86011234375 0.299472396875 0.8739336156249999 0.298888371875 0.885089734375 0.29712141718749996 0.8902956828124999 0.291481728125 0.8985261953125001 0.2856840046875 0.9086275593750001 0.2616134125 0.9138823875 0.2418415484375 0.9134230578125001 0.2281108734375 0.9121576890625 0.20808766875 0.90652835 0.17495222187499998 0.90088679375 0.14534981875 0.8949229624999999 0.11611946875000001 0.8871625578125 0.1032241625 0.8710096671875001 0.07945972031250001 0.8618487578125 0.070959359375 0.8510772109375001 0.07876459218750001 0.8407024515625 0.089075059375 0.82026346875 0.12248720312500001 0.8114507109375 0.1354393625 0.8008035203125001 0.151250146875 0.796601765625 0.15961987500000002 0.8035326515625 0.19254917656249998 0.8122742515624999 0.244131271875 0.8151883578125 0.2661404140625 0.8161930343750001 0.2785006734375 0.823234134375 0.2844476890625
3 0.41762105624999996 0.3204416203125 0.42570613437500004 0.381115975 0.43039309687499994 0.4083014921875 0.43657952031249997 0.42690326093750003 0.44151351562499996 0.436394109375 0.44766207968750005 0.441519459375 0.4563639015625 0.44110425624999994 0.47179653125 0.43865996718750006 0.4789612703125 0.4381672046875 0.486646675 0.4385550046875 0.4988563484375 0.4350161328125 0.518131321875 0.42554307968750005 0.52939885625 0.4208693890625 0.5414719515625 0.4128580109375 0.550086553125 0.4034683453125 0.5531350765624999 0.3866140046875 0.5517084515625 0.36436926718749996 0.5496737031250001 0.3274543953125 0.5421720718749999 0.28370115625 0.5315466796874999 0.239479640625 0.51659565625 0.20525252656249998 0.5009385109375 0.179804515625 0.48787248125 0.16229236875 0.46843553125000004 0.1550985640625 0.4446854125 0.159181221875 0.43083946093750003 0.16201622499999999 0.41996871562500004 0.1691951515625 0.4158666390625 0.1878214078125 0.414727309375 0.209509521875 0.4122615109375 0.22883964687499997 0.4071181015625 0.245704778125 0.412065996875 0.28536835156249996 0.41762105624999996 0.3204416203125
3 0.8020054375000001 0.63899478125 0.8127036671875001 0.6523878125 0.8239223250000001 0.6618462968750001 0.8352401781250001 0.671931090625 0.84861578125 0.6829740078125 0.8821346953125 0.697246734375 0.8982243296875 0.6953404062499999 0.9092687890625 0.6916650765625 0.9195937078125 0.6762263468749999 0.9253572234374999 0.6656831984375 0.9211657687500001 0.6319990046874999 0.913354565625 0.59471499375 0.8978315968749999 0.5255883890625 0.8836856515625 0.47839336718750003 0.86867305 0.45220125156249996 0.8507482640624999 0.44252087187500005 0.8332202671875001 0.43534572968749996 0.8148495703125 0.432477184375 0.7970745390625 0.442996709375 0.7832662078125 0.45449302031250005 0.772941046875 0.46511664062499997 0.763149015625 0.4779028921875 0.7586125296875 0.4853626078125 0.7533203234375 0.5012882750000001 0.7661261406250001 0.52076769375 0.775746378125 0.5429987281249999 0.788950665625 0.5986891515625 0.793811103125 0.624563153125 0.8020054375000001 0.63899478125
3 0.90536940625 0.549112278125 0.9143326406250001 0.5708053515625 0.9231096984375 0.5877127640625 0.936472840625 0.597473615625 0.9578927796875 0.5979331484375 0.9761889578125 0.5979244078125 0.9849276781249999 0.5917251828125 0.9871215234375 0.58752559375 0.9886444640625 0.5526153171875 0.9885431046875001 0.5086530171875 0.9871150406250001 0.4575176234375 0.98406435625 0.4310359734375 0.9813862656250001 0.41894075781250006 0.9741216078124999 0.4043618828125 0.9640679203125 0.39022474687500003 0.9543369875 0.385345778125 0.9273262890625 0.3796725453125 0.909724253125 0.3792503359375 0.9012828875000001 0.3825133765625 0.8915402125 0.39079767187500003 0.8753518625 0.40170791093749997 0.86453095625 0.4140151 0.8512186125 0.42864295312499995 0.8431989546875001 0.436975359375 0.8684250562500001 0.45063547968749995 0.8843055171875 0.47990023906249996 0.8970629359375 0.5231420531250001 0.9025429968750001 0.5457078171874999 0.90536940625 0.549112278125
3 0.716347934375 0.3376509171875 0.7441275328125 0.35058559218749996 0.76753094375 0.35394107343750003 0.778129015625 0.3474473546875 0.7878223296875 0.34366501718750003 0.796957359375 0.3303408046875 0.8042330359375001 0.3173110859375 0.8118681234375 0.302940403125 0.8148672875 0.290588015625 0.8163789687499999 0.278471225 0.8100792078125 0.2242553109375 0.8029746046874999 0.187822415625 0.79672564375 0.15799520625000002 0.7845269906250001 0.1339254828125 0.7738905796875 0.1173125625 0.7578869625 0.104117803125 0.7403963453125 0.1007888578125 0.7291534875 0.103211571875 0.708713784375 0.12217838437499999 0.70252928125 0.142097496875 0.6986002015625 0.14978201875 0.6912871453125 0.1589655390625 0.6782846140625 0.171939275 0.6774675546875 0.193255334375 0.6885019578125 0.2364490375 0.7011853375 0.2864437875 0.7025379234375 0.31544145625 0.7006047734374999 0.3273039921875 0.716347934375 0.3376509171875
3 0.5085559281250001 0.805530309375 0.533820371875 0.8422970671875 0.553109003125 0.8581816296874999 0.5644016984375 0.8608871812500001 0.576449875 0.850311671875 0.5811471359375 0.8354432640624999 0.5831044859375 0.8116995296875 0.5806609671875 0.780627578125 0.578390925 0.7482441109375 0.576133821875 0.7267729296875001 0.5619392390625 0.6985251921875 0.5532738375 0.6835261546875 0.5389798171875 0.6498369984375 0.532359465625 0.629698909375 0.5301023609375 0.6082277281249999 0.5200987546875 0.604033965625 0.51367775625 0.6044089328125 0.5055586609375 0.6072999203125 0.49647275 0.6113070656249999 0.49383251718750004 0.6126882671875 0.4849819 0.6121640078125 0.46688435781250004 0.6182404765625 0.46324016874999996 0.6217067484375 0.4546250875 0.6214661921875 0.44684072500000005 0.6252671953125 0.444436025 0.6269321015625 0.44201910624999996 0.6321300515625 0.44133814375 0.6482883984375001 0.446768365625 0.6657258984375 0.4556326421875 0.6916077734375 0.4670506546875 0.7215793140625 0.4859439390625 0.7638493046875 0.5085559281250001 0.805530309375
3 0.5695091234375 0.3708592046875 0.5831327187500001 0.3834678921875 0.5946113484375 0.38614399375 0.62288645625 0.39257999374999997 0.6377241406249999 0.391192965625 0.6523509703125 0.387271253125 0.662316959375 0.3828037078125 0.673435459375 0.37237544375 0.6848266328125 0.3612619734375 0.6925235375 0.3436713984375 0.7013734328125001 0.329750328125 0.702426265625 0.31353308125 0.7016564062499999 0.287011196875 0.6917129359375 0.24589177499999998 0.6808522499999999 0.206201665625 0.67088458125 0.1769634421875 0.6599378765624999 0.15237442031249998 0.65040485625 0.13911785000000002 0.641467021875 0.12961912656250002 0.62943010625 0.11740115312499999 0.6187570359375 0.111387365625 0.610451525 0.10467758125 0.601947859375 0.101530290625 0.59170871875 0.097052825 0.5804165046875001 0.10397749375000001 0.565815553125 0.1297237765625 0.5543505828125 0.1524052921875 0.5498021171875 0.1682131625 0.5415601062500001 0.191989259375 0.5369126843750001 0.21198593125 0.5329838437500001 0.2244855625 0.5346210828125 0.24444987187499997 0.5438579484375 0.284718178125 0.5515457546875 0.33325707968749996 0.5589472296875 0.3571235703125 0.5695091234375 0.3708592046875
3 0.1505758015625 0.5116860125 0.156922521875 0.513248871875 0.1685250296875 0.514300303125 0.1738797734375 0.5096000765625 0.1809206375 0.5107319828125 0.1850977109375 0.50461323125 0.1759111625 0.47910340937499996 0.166934509375 0.436867828125 0.15857771874999999 0.396139121875 0.1534934875 0.3568181515625 0.14997101562499998 0.3153237640625 0.1488913421875 0.290455996875 0.13111439062500002 0.2624546421875 0.1204037 0.24777954531250002 0.11331252031250001 0.23188915468750002 0.1009411109375 0.223576278125 0.0988960625 0.22871532968750002 0.096641359375 0.2553952484375 0.1013412625 0.2934930515625 0.111434728125 0.359627484375 0.129127821875 0.44606591875 0.14193507968750002 0.49443599687499995 0.1505758015625 0.5116860125
3 0.76211010625 0.77339651875 0.78502926875 0.76045719375 0.795304346875 0.7398901984374999 0.805220015625 0.7206641687500001 0.8030371921875 0.6972551640625 0.7978288421874999 0.654743753125 0.787363746875 0.5934833265624999 0.7756721 0.544936553125 0.7650105296875 0.5209443890625 0.7531468484375 0.5025997906249999 0.7413210265625 0.497731609375 0.7281196203125 0.49982250625 0.7132447953125001 0.502178446875 0.6968575687499999 0.50220585 0.6811896453124999 0.50918154375 0.6682367140625 0.52246843125 0.6540814312500001 0.5365877734375 0.63967839375 0.5539564546875 0.6345596640625 0.56857060625 0.6358494703125 0.581527725 0.6591199046875 0.65263735 0.6817819734375 0.704261728125 0.7033274703125 0.7368023625 0.7161332859375 0.75628178125 0.7412728921875 0.77541276875 0.76211010625 0.77339651875
3 0.383608603125 0.8493957609375 0.396774071875 0.8723493250000001 0.40546367187500004 0.875467165625 0.4126281703125 0.8701592921874999 0.417275834375 0.8549777296875 0.4163205171875 0.838115515625 0.41626971875 0.8137268109375 0.417582765625 0.7955422921874999 0.4031897890625 0.7660419390625 0.389701328125 0.7290150953125 0.3793742484375 0.7011178375 0.36586087031250003 0.6615268640624999 0.36468271875 0.65047811875 0.36915690625 0.6366080734375 0.355967478125 0.6303508171875001 0.3244818734375 0.6241023 0.3132016375 0.6226788156249999 0.30845429687500003 0.6276038484375001 0.2978068671875 0.638599521875 0.30099364687499996 0.65992345625 0.30710627343749997 0.6900932703125 0.3122389046875 0.70565184375 0.32042125781249997 0.7284316265624999 0.338818553125 0.767570075 0.3500999890625 0.793069109375 0.361963909375 0.81622881875 0.373331603125 0.8314418765625 0.383608603125 0.8493957609375