3 0.12647550937500002 0.5049480171875 0.12475555468749999 0.5242624859375 0.1244697078125 0.5344251343749999 0.1217692625 0.559154065625 0.11987210156250001 0.5768973578125001 0.12101093125 0.582762296875 0.1304096953125 0.596261396875 0.139217771875 0.6045232406250001 0.15686463281250002 0.618497603125 0.1704547421875 0.621897440625 0.1806071546875 0.6230330609375 0.1895309625 0.6203293421875 0.195534509375 0.6185384140625 0.2056963546875 0.614819921875 0.2158014734375 0.6049553296875 0.23006248281250002 0.5811501609375 0.236569221875 0.5633643234375 0.24041558749999997 0.54526859375 0.2410061453125 0.5152350734375 0.2378755671875 0.505112996875 0.23559790625 0.49338311875 0.22652050781250002 0.4911980734375 0.2138896140625 0.48007898437499996 0.20715596875000003 0.473280415625 0.2048854 0.4623188 0.2018587765625 0.45170765 0.19161893125 0.446975253125 0.16822373125 0.4448138859375 0.1556968578125 0.45084111250000003 0.14490184374999998 0.462348159375 0.1330436578125 0.48206353125 0.12647550937500002 0.5049480171875
3 0.8254550265624999 1 0.827354946875 0.9928304484374999 0.8330087 0.959017025 0.8366872937500001 0.9344960046875 0.8390570046875 0.9209425187500001 0.830969528125 0.908488896875 0.814317403125 0.9082719859375 0.7942039671875001 0.9091084453124999 0.78848158125 0.9119814765625 0.7722785234375 0.9545427375 0.7631775734375 0.9733106671874999 0.7552508421875 0.9841494609374999 0.7486542671875 0.9863255078125001 0.741644209375 0.984835475 0.7382443078125001 0.9807901953125 0.728831425 0.983389959375 0.7208196046875 0.9850096015625001 0.7131810625 0.9800633718749999 0.7077540234375 0.9855550328125 0.6908089625 0.9947325062499999 0.6821185562500001 1 0.8254550265624999 1
3 0.467661221875 0.26335513125 0.466484659375 0.27690664374999996 0.467975559375 0.2915363125 0.47171810000000003 0.309200434375 0.47943704687500005 0.33461056562499997 0.4837158890625 0.34574346718750004 0.48905556250000004 0.3542904203125 0.5000372796875 0.3571358265625 0.5064141046875 0.34877902656250004 0.51867868125 0.331961471875 0.52888775625 0.3216078046875 0.53215768125 0.31744673125 0.530709325 0.3074266375 0.5323465984375 0.29090603125 0.5385745796875 0.2840511046875 0.5452774546875 0.275763609375 0.5449041125 0.264694090625 0.542886340625 0.251741528125 0.539630534375 0.2398037390625 0.5364834296875001 0.2337675125 0.529371759375 0.227144178125 0.5145955890625 0.22451457656249998 0.49945323124999996 0.22921910781250002 0.488058096875 0.2403430109375 0.4791390390625 0.2494373671875 0.4709547609375 0.2558764703125 0.467661221875 0.26335513125
3 0.039981259375 0.7411259046875001 0.040014434375000005 0.7682249828125001 0.04255205 0.796367565625 0.055090826562499993 0.8151346296875 0.0668191640625 0.8224836828125 0.07982333750000001 0.8270369000000001 0.08950085625000001 0.8296050906250001 0.10620970781250001 0.835968103125 0.11947376875 0.8392986375 0.1502735140625 0.821053565625 0.16357530625 0.8049676484375 0.1764659609375 0.7795932750000001 0.186722265625 0.7626044328125 0.19970978281250001 0.7359727234375 0.20687096249999998 0.7127031203125 0.2112630640625 0.6832220578125 0.2072936828125 0.6586089203125 0.203638575 0.6445415750000001 0.1963804015625 0.6337977375 0.1924134265625 0.6211976140625 0.1767607234375 0.623493403125 0.159643140625 0.6198549484375 0.1457293234375 0.61076343125 0.13141620625 0.599542359375 0.1185513796875 0.5807059921875 0.101036903125 0.5869509953125001 0.0766873 0.6165349078125 0.050998107812500006 0.6596356796875 0.039610128125 0.6891632343749999 0.0368482734375 0.718990815625 0.039981259375 0.7411259046875001
3 0.3147300296875 0.24695046718749997 0.3076255140625 0.258730784375 0.3013172546875 0.2803925859375 0.2977827546875 0.2970210953125 0.2953090875 0.311063653125 0.291254809375 0.33013753281249997 0.289182784375 0.3406872703125 0.294387796875 0.35227262187499997 0.2996235140625 0.36130864687500003 0.306274475 0.3709010765625 0.32030168125 0.3746494078125 0.353714634375 0.38098479375 0.3671818578125 0.3769465421875 0.3757913921875 0.36369703124999997 0.379628325 0.35045541406249997 0.38377471875 0.3237335609375 0.38944506093750003 0.3034696765625 0.3905436890625 0.29910266406249997 0.381624565625 0.29056163281249997 0.3774922234375 0.2835492328125 0.3780025046875 0.26832258750000004 0.3818465296875 0.2558492328125 0.3851755234375 0.252211884375 0.3758617828125 0.23029654531250002 0.36656463281249996 0.22193074687499997 0.3562208328125 0.2176874234375 0.342309421875 0.22060892031249998 0.33420782656250003 0.2242541609375 0.3239916609375 0.2338395640625 0.3147300296875 0.24695046718749997
3 0.6730065093750001 0.429172321875 0.665039640625 0.44741455312499995 0.6565577421875 0.474492790625 0.6516363640625 0.493637946875 0.6501314109375 0.5127425296875 0.6536069703125 0.5308610734375 0.6599224484375 0.5452383125 0.6724328625 0.560932325 0.683773740625 0.573310725 0.695164190625 0.5734315734375001 0.7167566234375 0.5624304921875 0.732758925 0.53925103125 0.7465214296875 0.52019601875 0.76193779375 0.4981699375 0.7657794109375 0.4736835703125 0.765486409375 0.46544256562499997 0.7633150484375 0.44760123749999997 0.7568459765625 0.428335234375 0.74324636875 0.4121541203125 0.7169687015624999 0.40912448125 0.7045528765625 0.41543089687499996 0.6917684546875 0.41705843125 0.6730065093750001 0.429172321875
3 0.650746165625 0.6381099234375001 0.6495861265625 0.647575584375 0.6446151109375 0.6613429015625 0.6466187 0.6727589390625 0.6502619671875001 0.6796673828124999 0.6527168343749999 0.6929684390624999 0.6578958265625 0.6958583640625 0.662961428125 0.704091475 0.671894734375 0.71416903125 0.6855344796875 0.7229467078125 0.707932603125 0.7169730000000001 0.7393821046875 0.7044889109375 0.7554529734375001 0.6946144515625 0.7671316125 0.6789502781250001 0.7793110984375 0.652913571875 0.7825998249999999 0.6214088828125 0.7773758828124999 0.6018963687500001 0.7718377296875001 0.5894734515625 0.75985184375 0.5777247078125 0.74331545 0.5665422343750001 0.735218540625 0.558942725 0.7294984984374999 0.5561933812500001 0.7188546703124999 0.5605761796875 0.7076910640625 0.567404346875 0.696683390625 0.573498903125 0.6811795296875001 0.5742928187499999 0.6743207203125 0.583313925 0.6657915265625001 0.59939195 0.6593178375 0.6090060859374999 0.657647453125 0.6160630031250001 0.6531371499999999 0.6268612265625 0.650746165625 0.6381099234375001
3 0.5325238046874999 0.29247720781250003 0.531288175 0.3055049953125 0.5321080453125 0.3120688921875 0.5333130359375 0.3192258203125 0.538180159375 0.323582965625 0.5446185234375001 0.34539829375000003 0.5493982796875 0.363794053125 0.5549057265624999 0.3787662953125 0.56547161875 0.383567996875 0.5745442703125 0.37936240468750004 0.5809730734375 0.3707610671875 0.589329809375 0.3595025046875 0.5994562 0.3519427 0.60925179375 0.337922953125 0.6148371109374999 0.32607530625000003 0.6202522484374999 0.29578935624999997 0.6205097312500001 0.28255365781249997 0.6159048375 0.2713514515625 0.6082899125 0.263087634375 0.5966655296875001 0.2552495078125 0.590581640625 0.2542119234375 0.578605253125 0.2552444546875 0.570815525 0.257422475 0.563446371875 0.2640348375 0.5493247078125 0.2735568578125 0.54035366875 0.2828957515625 0.533969753125 0.2904842875 0.5325238046874999 0.29247720781250003
3 0.5987783390625 0.41365022187499995 0.602270421875 0.4276829140625 0.6082456703125 0.440454325 0.617573525 0.4462707984375 0.6337838046875001 0.43974857968750003 0.6503957265625 0.4297335390625 0.6636786546875 0.423355846875 0.6712840828125 0.4188383875 0.6791092 0.40286629218750003 0.684252671875 0.3842795140625 0.6862348593750001 0.3581199859375 0.685507103125 0.3439081140625 0.68044384375 0.3300526265625 0.6738968390625 0.3199711234375 0.66692691875 0.3110776515625 0.657398240625 0.3070075875 0.645421853125 0.30804011875000004 0.6286469078125 0.3180205078125 0.614470921875 0.3334094390625 0.6049777640625 0.350816078125 0.6016275624999999 0.3697840265625 0.59936655625 0.3892390765625 0.5987783390625 0.41365022187499995
3 0.377756796875 0.271081796875 0.377551290625 0.28407295781249997 0.382387709375 0.290979428125 0.3902767078125 0.29955708593749997 0.3966299828125 0.3121532625 0.40903409843749994 0.333958725 0.4184021578125 0.3500071515625 0.4243277703125 0.357400721875 0.43118898593750005 0.3603926296875 0.4403939546875 0.3587710140625 0.44622263906250004 0.3497865328125 0.45429105625000005 0.3190422140625 0.4615916453125 0.29912485 0.46587510625000006 0.2813776125 0.467779359375 0.2644025828125 0.46999313750000005 0.25158270781250003 0.4675571359375 0.22857342812499998 0.46275376562500004 0.21349525625000002 0.45830955624999997 0.20795007812500002 0.4479799375 0.20524327968749997 0.43827880312499995 0.20599267656250003 0.43073244375 0.21103386249999997 0.4199752265625 0.220759846875 0.40571180937499995 0.232552003125 0.3911814109375 0.2447985796875 0.38318143125000004 0.2535771234375 0.3797910265625 0.2623131203125 0.377756796875 0.271081796875
3 0.6817079234375 1 0.706575053125 0.98709353125 0.7238130515625001 0.9685216734375001 0.734017378125 0.95177736875 0.7410651671874999 0.9338509500000001 0.7467780546875 0.9181966421875 0.7423834171875 0.9003939140625 0.7295304296875 0.8887164468750001 0.716417553125 0.8782616640625 0.7069928328125 0.8737025265625 0.6933106062500001 0.8779506640625 0.6748038000000001 0.8824512312499999 0.65631351875 0.8828659468750001 0.645990990625 0.8809274109375 0.6367931125 0.8833172890625001 0.617676753125 0.892288825 0.6125072609375 0.9021801765624999 0.6000961828125 0.9148772296875001 0.587720559375 0.9314155953125001 0.58246838125 0.944100809375 0.581100496875 0.9721800078125 0.583193925 0.9992058343749999 0.583573890625 1 0.6817079234375 1
3 0.6197390875 0.8160516421875 0.619221715625 0.830510025 0.6261467484375001 0.8404162968750001 0.6342838609375 0.8582477578125 0.6411994609375 0.8730081421874999 0.657558646875 0.8826194375 0.675403921875 0.8828343750000001 0.7043395515624999 0.8741608953125001 0.734309928125 0.83657065 0.7505130515625 0.811644778125 0.7584279421875 0.793647084375 0.7617544656249999 0.7603613328125001 0.7544655234375 0.73453143125 0.739197871875 0.7197848609374999 0.7297660593749999 0.7144574593749999 0.71621849375 0.7156671984375 0.690737084375 0.7225190453125 0.685919596875 0.7235397375 0.669064246875 0.7130562234375 0.6512922875 0.732536925 0.640244475 0.74603491875 0.6352521875 0.7574974484375 0.6324973578125 0.770457903125 0.6249203578125 0.795683803125 0.6197390875 0.8160516421875
3 0.2177521171875 0.35208506875 0.20639484375 0.37906329843750003 0.2022366109375 0.39862625 0.2014924609375 0.42377100624999997 0.20211625937500002 0.4384719515625 0.202222621875 0.44999589218749997 0.2069858546875 0.4724775015625 0.22727656093749998 0.49084760625 0.238258278125 0.4936930140625 0.2488548765625 0.49594539062500004 0.25665878593749997 0.49530389531249996 0.26446269375 0.49466240156249996 0.2715767078125 0.4956633609375 0.27600198593749997 0.49328137656250004 0.28003505624999997 0.48953809843749996 0.283342778125 0.48359596250000003 0.2902913609375 0.4725492578125 0.2968973703125 0.46551909843750006 0.3054289046875 0.4438186984375 0.3095564328125 0.4268050703125 0.3121434890625 0.40741932500000005 0.3112550515625 0.38755042500000003 0.3067777296875 0.3725415578125 0.299030484375 0.361693765625 0.2925590703125 0.3480501359375 0.288717325 0.337265728125 0.2753894453125 0.3270208296875 0.265631584375 0.321624125 0.2513208734375 0.3224160671875 0.2415819421875 0.3249465265625 0.22849749375 0.335200184375 0.2177521171875 0.35208506875