3 0.772484765625 0.2629138703125 0.786140090625 0.281598565625 0.7987492109375001 0.29784863125 0.8113930843749999 0.302860365625 0.8206641515624999 0.296215371875 0.8284854234375001 0.28103248281250004 0.8342142875 0.2609803328125 0.840859425 0.2052949875 0.8429613828125 0.17096046250000002 0.8418251828125 0.1379579734375 0.8422634109375 0.1218685625 0.839588115625 0.1154863703125 0.8281399374999999 0.116386884375 0.8123328234375 0.13087750625 0.7913547624999999 0.1608764328125 0.7808234406250001 0.1809154609375 0.779453628125 0.198331846875 0.773002746875 0.2508700546875 0.772484765625 0.2629138703125
3 0.69867701875 0.5150256375 0.7188781671875 0.508569603125 0.7326727390625 0.5042096546875 0.737131334375 0.492937959375 0.7215927015625 0.45672571562500003 0.7072148953124999 0.426709709375 0.6968675859375 0.41707933906249994 0.68184245 0.4158110265625 0.6670714140625 0.4171683609375 0.6618754921875001 0.42661989375 0.6435228953125 0.46184180937499997 0.641077190625 0.4958458546875 0.6456957531249999 0.5364827187500001 0.6519680343750001 0.5542608921875 0.6783962328124999 0.52839041875 0.69867701875 0.5150256375
3 0.606456096875 0.256653428125 0.6046829265625 0.2898752359375 0.6003888984375 0.317022084375 0.6147166421875 0.3239702015625 0.642933553125 0.32109282499999997 0.6721019578125 0.31516128593750004 0.6757386421875 0.31214855468749997 0.6771584015625 0.306845715625 0.6841627109374999 0.2967514078125 0.6915455234375 0.27574924843750004 0.696417490625 0.2532857109375 0.6969602109374999 0.2253899875 0.6925310734375001 0.1957307078125 0.68931765625 0.18121083437500002 0.6889985328125 0.1540741046875 0.686975746875 0.13768251874999998 0.6855757812500001 0.1303038296875 0.679393265625 0.1211848328125 0.669579128125 0.12286252499999999 0.6460750281250001 0.12804819375 0.641835546875 0.1312751828125 0.6310700328125 0.14696137812500001 0.6184862359375 0.1696311109375 0.6091654515625 0.18607124218749999 0.603292046875 0.19947539375 0.60618680625 0.2306759046875 0.606456096875 0.256653428125
3 0.6961086125 0.252671240625 0.6909826609375 0.28346347656250004 0.7087728578125 0.29977315312499997 0.7186219796875 0.3087658109375 0.729372765625 0.313545103125 0.73796635 0.31085273125 0.747735721875 0.31579979062499997 0.7559854421875001 0.3018225984375 0.7639661015625 0.2837765625 0.7723601328125 0.254538684375 0.777431190625 0.214803284375 0.780659103125 0.186948990625 0.7788553171875 0.15155835625 0.7817893140625001 0.12453278906250001 0.7838018546875001 0.1144021140625 0.7579413500000001 0.1184336375 0.7402609421874999 0.1200102890625 0.7322352828125 0.12277239531249999 0.71271185 0.14718449375 0.6950716078125 0.178169796875 0.6914748562499999 0.1886824984375 0.695754503125 0.2148641609375 0.696711175 0.2305483 0.6961086125 0.252671240625
3 0.3609776828125 0.2573575484375 0.35957795 0.2718875421875 0.36042989687500004 0.2774693125 0.36938230625 0.28750495468750004 0.38004839218750003 0.29140903125 0.3924381640625 0.2937951203125 0.4021228359375 0.2978669640625 0.4141639140625 0.30309295625 0.43802188906249995 0.31380568593749997 0.44634652812500003 0.3179988109375 0.45441706875000004 0.31956629375 0.46342920468750004 0.3244203765625 0.46933264843750006 0.32485695625 0.4794805203125 0.318896165625 0.47901697031249996 0.296065778125 0.48309165312499996 0.25505495312500004 0.48351986875 0.23435196249999998 0.47540421562499996 0.20654621093749997 0.46557971875000004 0.170747303125 0.45928752812500007 0.154696315625 0.4518694984375 0.1431194421875 0.4356387703125 0.14227964531249998 0.42276577031249996 0.140699040625 0.408951175 0.13583183125 0.3956696359375 0.1313183453125 0.38787322031250004 0.14160366562499999 0.37828349375000003 0.1649292953125 0.3731075953125 0.1836079828125 0.37071655312499996 0.20464651093750003 0.36572006875 0.22968920625 0.3609776828125 0.2573575484375
3 0.5726919406250001 0.4940794515625 0.57592975 0.45988439375 0.5740962734374999 0.4435160515625 0.5404889515625 0.43708341562499997 0.5077534859374999 0.43450536562500003 0.500759071875 0.4382589078125 0.4961614609375 0.49448393125 0.502170209375 0.5597945875 0.5259484328124999 0.5664617203125 0.561523646875 0.580342775 0.563785109375 0.5540994453125 0.5726919406250001 0.4940794515625
3 0.8320374109375 0.2771445359375 0.8433611843750001 0.28977752031250004 0.8621127703125 0.29669227343750004 0.874721659375 0.2910336578125 0.8839975593749999 0.2702639390625 0.8896962687500001 0.2254167140625 0.896296525 0.16540178125 0.8971780453125 0.1410069171875 0.8926544281250001 0.1277675296875 0.8858292984375 0.12231715937500001 0.8806731937500001 0.1283143203125 0.865498796875 0.1454770765625 0.848615790625 0.17655535625000002 0.8418009046874999 0.19762724843749999 0.837128375 0.23568194999999997 0.8339203703125 0.261809059375 0.8320374109375 0.2771445359375
3 0.2498691765625 0.3218367875 0.2726657546875 0.30676300625 0.2792715390625 0.298349396875 0.2769895890625 0.27154820625 0.280217271875 0.22178522968749997 0.2843071453125 0.20412628124999999 0.29144080781250004 0.1773280953125 0.27795488281249997 0.160393828125 0.2647678234375 0.1394604515625 0.25397215625 0.13035157343749998 0.243101803125 0.12498105781249999 0.23334750781250002 0.1324315328125 0.227414259375 0.1400629046875 0.2205996046875 0.1830434765625 0.22167136250000002 0.24630659062500002 0.22213514375 0.29104565937500004 0.2292444125 0.31296240625 0.23746950625 0.32579146406250004 0.2498691765625 0.3218367875
3 0.591558959375 0.5814362015625 0.6200548265625 0.5762869015625001 0.6321655265625 0.5699905703125 0.6390448546874999 0.5186580562499999 0.6422374359374999 0.44727038593749996 0.634903875 0.41466004375 0.62792430625 0.4089024390625 0.591990615625 0.41515639374999996 0.5634449171875 0.41914648750000005 0.5565501625 0.42521844062499997 0.5513144234375 0.438124346875 0.5746641984374999 0.4435857828125 0.575630884375 0.4638835015625 0.570281103125 0.5277995062499999 0.569320178125 0.581011796875 0.591558959375 0.5814362015625
3 0.4808257078125 0.3282860296875 0.4825544609375 0.3345520015625 0.4925828796875 0.338954325 0.5149213203125 0.341697140625 0.5488474171875 0.3424034796875 0.568007425 0.3412967734375 0.5847612 0.33787671406249997 0.5933746921874999 0.333457153125 0.5989342718749999 0.32260891406250003 0.602242053125 0.3097545578125 0.6069544 0.2682454828125 0.6073078140625 0.240326515625 0.6026493171875 0.19218968125 0.6003873921875 0.174615646875 0.5970492234375 0.140766246875 0.5771270312500001 0.144950359375 0.5413028984375 0.147181959375 0.5095139765625001 0.1447201296875 0.5068039265625 0.14957626875000002 0.5005469546875 0.16610431406249998 0.48907933281249993 0.21254938124999997 0.4836396703125 0.2568518703125 0.479420446875 0.2912147 0.4787929078125 0.307280865625 0.4808257078125 0.3282860296875
3 0.2884034765625 0.32570339062500003 0.29661349531250003 0.326134909375 0.299996196875 0.3314508734375 0.3128542359375 0.33158828281249997 0.3412006125 0.322961365625 0.3522552109375 0.3205711671875 0.36233829375000004 0.3120079734375 0.36595000624999996 0.30293846874999997 0.36929760625 0.286629740625 0.36551637812500004 0.282994475 0.36053450625 0.2766173421875 0.35978716718750003 0.2701836 0.3644498 0.23846966093750002 0.36668145625 0.22029428125 0.356697803125 0.20926720312499997 0.353280115625 0.19328088906250002 0.3475706984375 0.1677884890625 0.3445664984375 0.151564671875 0.3377512640625 0.1397735390625 0.3283804203125 0.13314578125 0.31814278281249997 0.130447396875 0.30875709375 0.1333307859375 0.30016857343750003 0.1438071171875 0.2933786609375 0.1709357828125 0.28150249843749997 0.2144479703125 0.2787579265625 0.25245112187499996 0.27902745156250003 0.3003373296875 0.2831974265625 0.3195870046875 0.2884034765625 0.32570339062500003