3 0.7965353765625001 0.474006903125 0.795940971875 0.455141784375 0.7954175593749999 0.437668153125 0.7927501328125001 0.42265943593750005 0.7897542140625 0.40842651406249997 0.787775984375 0.40772808281249995 0.78408430625 0.40951713281249996 0.780044953125 0.40970194375 0.77709315 0.40835773125 0.7698652187499999 0.40897019375 0.7650875296875 0.409512815625 0.762729 0.41057872343749996 0.7638606640625001 0.42193841093750006 0.7637938796875 0.43145102187499995 0.7657939625 0.44820903437500004 0.767480125 0.4764492296875 0.7680626296875 0.498287509375 0.7769356843749999 0.507475628125 0.7827491156249999 0.50639253125 0.7885226390625 0.50332481875 0.7930267203125 0.49701854218749997 0.7954623953125 0.48624231562500003 0.7965353765625001 0.474006903125
3 0.37111296562499996 0.6388616265625 0.38301189375 0.645234540625 0.3926559078125 0.6506962703125 0.39872991562500004 0.6418949890625 0.40679405312499994 0.6308189796875 0.40612865625000005 0.6105623734375001 0.40667360781250006 0.5891796859375 0.3946088953125 0.5859701203125 0.393225478125 0.58490635625 0.388708365625 0.5777307953124999 0.38573163125 0.56587790625 0.3850896265625 0.558905428125 0.38309067343750003 0.5586024171874999 0.379828025 0.5631894843749999 0.3753565671875 0.56612718125 0.368066465625 0.5679258968750001 0.361732290625 0.5652149093750001 0.343197165625 0.56464003125 0.33869769843749997 0.5626199515625 0.336376 0.571221378125 0.3347434984375 0.5941330890625001 0.3342695375 0.6169072640625 0.33504008750000003 0.632411325 0.35067367968749996 0.6334289 0.37111296562499996 0.6388616265625
3 0.3106152984375 0.53002260625 0.31401952187500004 0.5474489640625 0.31903819375000003 0.5560385765625 0.3232713390625 0.5576481921875 0.3314713046875 0.5604569625 0.3387391453125 0.5618291156249999 0.3437919796875 0.5642746984375 0.3531313015625 0.5645659000000001 0.3610457625 0.564584175 0.3659550734375 0.5670222359375 0.3718498578125 0.5671329171874999 0.37848451562499996 0.564110334375 0.3829678734375 0.5581994765625 0.38490927343750003 0.551362390625 0.3866453921875 0.5264735875000001 0.3906295453125 0.477912321875 0.3941382015625 0.454900684375 0.39754745156250004 0.44477023750000005 0.394579540625 0.4354950890625 0.3890313015625 0.42053364843749996 0.38473331875 0.406430740625 0.382294975 0.4035274203125 0.36707584375 0.394601475 0.34916969375 0.3875172328125 0.345253140625 0.3881049828125 0.341703446875 0.39267700625 0.3339647234375 0.40852812656250004 0.322948375 0.43749037656249995 0.316351678125 0.4645034734375 0.3106276078125 0.5078189937500001 0.3106152984375 0.53002260625
3 0.7568923953125 0.5274399468750001 0.7608001265625 0.524274453125 0.7650793328125001 0.516766878125 0.7676896156249999 0.50540504375 0.76805380625 0.49570976718750004 0.7675822015625 0.47724758749999996 0.7656918875 0.4474106765625 0.7639270406249999 0.431656253125 0.7637171406250001 0.421930890625 0.762729 0.41057872343749996 0.75669069375 0.410460521875 0.750671571875 0.41272235156250003 0.7410970109374999 0.4114275625 0.7340126 0.4120475453125 0.725800734375 0.41221193749999996 0.7314180171875 0.4505707671875 0.732723471875 0.49980575156249996 0.73161940625 0.5126342890625 0.7370302765625001 0.5164864015624999 0.7448100375 0.5190748984375 0.7568923953125 0.5274399468750001
3 0.5650943421875 0.666672215625 0.57873205625 0.6618358734374999 0.5934143359374999 0.6590367984375 0.6042318703125 0.6558369265625 0.6157654765625 0.6554501171875 0.6193006015625 0.6401717046875001 0.6239693374999999 0.6142470796875 0.6252349796875001 0.5873510984375 0.6238473546875001 0.5753832375 0.617522003125 0.5752499921875 0.6098665796875 0.5702889859375 0.6072536296875 0.5679712718750001 0.6060816499999999 0.5738574187500001 0.6047765093749999 0.5795383359375 0.5993579453125 0.5895634796875 0.5937486671875 0.5922432953125 0.5696457109375 0.59355739375 0.553867059375 0.5953077484375 0.55293339375 0.5966465828125 0.55263865625 0.610508796875 0.549806165625 0.63434888125 0.5481901796875001 0.6459610765625 0.552519246875 0.65947085625 0.55610269375 0.6679852546875 0.5650943421875 0.666672215625
3 0.21780506718749998 0.455572071875 0.2184432734375 0.43240999999999996 0.22045299843750002 0.41328485312499996 0.22291247187500002 0.39656230312499996 0.22836981406249998 0.3720667734375 0.20910979062499999 0.3661010921875 0.200705671875 0.361695603125 0.1985823796875 0.363765103125 0.1944359265625 0.390708359375 0.1914610453125 0.430995921875 0.1935079125 0.47432219375000007 0.21101765625 0.475239840625 0.2168000015625 0.474749871875 0.21780506718749998 0.455572071875
3 0.2287993734375 0.5588429484375 0.23524177812499997 0.5512504890625001 0.2370857171875 0.5352886906250001 0.24176789375 0.503615453125 0.234488153125 0.5052164609375 0.22859336875 0.5051057796875 0.221818265625 0.5025699375 0.2186343015625 0.4946712328125 0.21707206874999999 0.48328897812499994 0.21584253593749997 0.48203502656249997 0.2095194453125 0.5148117828125 0.2053963828125 0.5550391703125 0.20474935468750002 0.5756234984375 0.21696754375 0.597873328125 0.22288499687500002 0.5755826859375001 0.2287993734375 0.5588429484375
3 0.6070287546875 0.566769971875 0.6095691734375001 0.5704716515625 0.6172349578125 0.57523495 0.62705665625 0.5745601687499999 0.6307276125 0.5731665359375 0.641450353125 0.5745215015625 0.6487715374999999 0.57212965625 0.6541663015625 0.5680508328125 0.6668496265625 0.5649487453125001 0.6746858125 0.5582223390625 0.677356725 0.5484497015625001 0.6787773796875001 0.5378185296875 0.6796788312500001 0.5206178218749999 0.6784750453124999 0.49141164843749996 0.6754645578125 0.46647233750000006 0.672606415625 0.4441182921875 0.668801171875 0.42885169218749997 0.6652031546875 0.40963090781249994 0.6532063578125 0.41336373281250005 0.6417333796875 0.415339740625 0.62649045 0.412360115625 0.6221744140625 0.41233217499999997 0.6159123625 0.42746767343750003 0.610345659375 0.4458116515625 0.6080178078125 0.465514884375 0.610202859375 0.48148958124999996 0.610286065625 0.534823809375 0.6070287546875 0.566769971875
3 0.6784162671875 0.5419629031250001 0.6974395125 0.549700446875 0.7122207921875 0.5532506328125 0.7195435156250001 0.5480833359374999 0.725722675 0.5345295109375 0.7306500421875 0.52289260625 0.7326509406249999 0.5011897171874999 0.73242955 0.4752070640625 0.7315408171875 0.4509737078125 0.7290909812499999 0.431813096875 0.7260774171875 0.41242468906249996 0.7062505890625 0.41178211249999996 0.6952822484375 0.40962126874999993 0.6843123703125 0.41023587499999997 0.6761607265625 0.43121991406250004 0.673903865625 0.45231463281249995 0.6771081421875 0.4790483703125 0.6788284671875 0.5011445328125 0.6797306375 0.519629278125 0.6784162671875 0.5419629031250001
3 0.307144915625 0.6319406640625 0.32075000781249996 0.6304729015625 0.32833023125 0.6231383234375001 0.3337265328125 0.61628405 0.334845575 0.5949314484375 0.33589362500000003 0.572187359375 0.338133971875 0.5623921562499999 0.3311738984375 0.5606396296875 0.31916099375 0.5564415171875 0.314029884375 0.5472512546875 0.31049249843750004 0.5296196656250001 0.2940361421875 0.5333170265625 0.278134690625 0.53466444375 0.27461721250000004 0.5550983375 0.273157778125 0.5801998937499999 0.2731143859375 0.602996634375 0.27327206875 0.63294099375 0.28499064375 0.63177086875 0.307144915625 0.6319406640625
3 0.49904137187500003 0.6665808140625 0.5007118328125 0.667659621875 0.50707863125 0.6670020296875 0.5172169203125 0.6685246171875 0.52727385625 0.6688534265625 0.53195983125 0.6673147359375 0.544005359375 0.66814426875 0.5470611859375001 0.6482809359374999 0.5525454015625 0.6122881812500001 0.5528416796875 0.595650515625 0.53334334375 0.5942321453125 0.509373546875 0.5957514734375 0.5025259140625 0.594599596875 0.50058030625 0.590532584375 0.499692703125 0.5827542296875 0.49823675312500004 0.5830744296875 0.49687980468750004 0.5897438937499999 0.48893272187500003 0.5930941984375 0.47921310000000006 0.5945673375 0.478089440625 0.62424629375 0.48294345937500005 0.6524542546875 0.485754409375 0.66747049375 0.48901397968750004 0.6684343296875 0.4934958015625 0.6652989218750001 0.49904137187500003 0.6665808140625
3 0.7687337703125 0.526672759375 0.7667735953125 0.5118993625 0.76424774375 0.5189040703125001 0.7612410546875 0.524099309375 0.757210525 0.5268618625 0.7456504484375001 0.5195154468750001 0.738147371875 0.517139703125 0.7367816015625 0.5212314250000001 0.7397168890625 0.5338751515625 0.7397310484374999 0.563811990625 0.7391116203125 0.608584546875 0.7482494578125001 0.620958578125 0.75122926875 0.6272605640625 0.763887665625 0.6136497984375 0.76652369375 0.5743357390625 0.766691425 0.5491664875 0.7687337703125 0.526672759375
3 0.45649654218749997 0.66554065 0.46842809374999994 0.6685449828125 0.47369892656249996 0.6476082187500001 0.47829513281249997 0.6230675609375 0.47910066249999994 0.5939666875 0.474405865625 0.5929276359375 0.45963494687499995 0.5891797390625 0.4475153515625 0.5925096234375 0.4256911078125 0.588788584375 0.4220201546875 0.5901822171875 0.4115844578125 0.5888422953125 0.4068067703125 0.5893849171875 0.40589341875 0.609558784375 0.40681323750000004 0.6331990125 0.4082879609375 0.6544892953125 0.41586356875 0.6554810718749999 0.43855776874999997 0.6618249859375 0.45649654218749997 0.66554065
3 0.22859336875 0.5051057796875 0.23594410156249998 0.5048962593749999 0.24656630468750002 0.5026774125 0.253795775 0.4992894984375 0.2522439046875 0.48770953749999996 0.253756684375 0.45884398125 0.2572135328125 0.43682089062499996 0.2623734671875 0.41250802656249996 0.267528784375 0.3965215171875 0.268752571875 0.3896468234375 0.2660686296875 0.385937621875 0.2591085578125 0.38418509375 0.2504277546875 0.3795668546875 0.246543825 0.3767860265625 0.23810708125 0.37574911875 0.22846152812499998 0.373062840625 0.22285030312499998 0.397748559375 0.21840182812500003 0.4332008375 0.2168383703125 0.47950993750000004 0.2187674625 0.49487646406249997 0.221941065625 0.5029728765625 0.22859336875 0.5051057796875
3 0.6838174015625 0.6558445296875 0.687478403125 0.63541815625 0.6904663156249999 0.6086124328125 0.6924495703125 0.581754059375 0.691855165625 0.562888940625 0.6886919234375 0.5545948171874999 0.6857727437500001 0.5498820265625 0.6820634203125 0.5465155921875 0.6782608437500001 0.5449285421875001 0.676895071875 0.5490202625 0.6745733734375 0.5576216890625 0.667577603125 0.56478864375 0.6538688953125 0.5682334984375 0.6493352671875 0.5723574515625 0.6404249734375 0.5748642671875 0.6311789015625 0.5727936828125 0.623560309375 0.5753681937499999 0.62498938125 0.5865452171875 0.6240315062499999 0.613060825 0.6191762640625 0.6425442171875 0.6288260234374999 0.6561345921874999 0.640155478125 0.6541510625 0.6571133953125 0.651867753125 0.6708604703125001 0.6531829625000001 0.6799941031250001 0.654652896875 0.6838174015625 0.6558445296875
3 0.49996332656250003 0.519922434375 0.499194628125 0.5565588234375001 0.49955071875 0.57997125625 0.5005906671875 0.5903348765625 0.502812959375 0.5946146390625 0.509670953125 0.595568809375 0.5336303874999999 0.5942471890625 0.5459526 0.5952894734374999 0.55676859375 0.59486505625 0.5702301624999999 0.5933897703125 0.584091215625 0.592530178125 0.593164215625 0.59241091875 0.59950146875 0.5895710015625 0.604468740625 0.5799187109374999 0.6073572453125 0.5659941796875 0.6101958890625 0.531052290625 0.6100888828125 0.48366438437500003 0.60665090625 0.4531516046875 0.60316840625 0.42898056718750005 0.5995807515625 0.4095620734375 0.5889393640625 0.40940088750000003 0.56625973125 0.4137633625 0.5539271593749999 0.41291878593750003 0.5451412015625 0.41305309062499995 0.5373034796875 0.42255494843749997 0.5286637140625 0.436376321875 0.517250959375 0.45917197656250003 0.5071552453125 0.47331355156250005 0.5018283968749999 0.4843347640625 0.49996332656250003 0.519922434375
3 0.25425434999999996 0.504269840625 0.2581720328125 0.5201370890625 0.260935790625 0.5278155171875001 0.2650653203125 0.5314022265625 0.2712870578125 0.5335125640625 0.2801854515625 0.533978909375 0.28739266093750004 0.533761865625 0.2987013921875 0.53217375625 0.3106671046875 0.529034059375 0.31028259999999996 0.519894303125 0.3115866109375 0.4977583859375 0.31398545625 0.479446640625 0.317267696875 0.4580091546875 0.3214287203125 0.441772284375 0.32849281406249997 0.42231726875 0.3347963125 0.4063909328125 0.3322605078125 0.3943629 0.327918003125 0.38660173124999997 0.3184558796875 0.3859075890625 0.2892068359375 0.3865554890625 0.269789853125 0.3863308953125 0.26642933593749996 0.4010237015625 0.26186000625 0.4140671375 0.2568731421875 0.4405698453125 0.2539800203125 0.46282073281249997 0.25270555625 0.48713897343749996 0.25425434999999996 0.504269840625
3 0.72722798125 0.648603471875 0.734571428125 0.6430407578125 0.73590036875 0.6314135171874999 0.73852870625 0.6059767171875 0.7397559796875 0.57432066875 0.7404847703125 0.5356996640625 0.7382256484374999 0.523884384375 0.7327468640625 0.51308988125 0.7304044421875 0.5220867265625 0.7238035375 0.538195728125 0.7194103546874999 0.5478781046875 0.7116467015625 0.5532205453125 0.69631205625 0.5492448546875 0.68568256875 0.54611050625 0.6853732609375001 0.549266334375 0.6887629171875 0.5559863046875 0.6918344421875 0.563284359375 0.69208999375 0.5831229812500001 0.691034659375 0.6005138750000001 0.6902709859375 0.6095934578125 0.70111765625 0.6278063625 0.7074798375 0.6354751265624999 0.7130192546874999 0.6478588234375 0.71608195625 0.6525791375 0.71954721875 0.6523642374999999 0.72722798125 0.648603471875
3 0.3892513703125 0.578354009375 0.3926721109375 0.5844808515625 0.3955928296875 0.5864181921875 0.403403675 0.5884135578125 0.41402433906249997 0.5889701640625 0.4201647234375 0.5898867250000001 0.42539370156249995 0.58897125 0.432251696875 0.58992541875 0.4413853296875 0.5913953546874999 0.44637753281250003 0.5922517421875 0.4593168171875 0.589757825 0.46913697968749996 0.5918584953125 0.47910066249999994 0.5939666875 0.4893736515625 0.5929190531249999 0.497012965625 0.5899491234375 0.4982678390625 0.5824813015625 0.49930132031249996 0.549030828125 0.49848747187500003 0.48217714999999994 0.4941806671875 0.4654965 0.48908371875 0.45016220625000003 0.48361683437499997 0.4363945421875 0.4797359796875 0.4280628109375 0.4737940046875 0.42061432343750005 0.470053596875 0.4178410171875 0.4618106453125 0.41859853593749996 0.43409161875 0.414766815625 0.4139393765625 0.40934913125000005 0.40868967500000003 0.410660025 0.40124528125000003 0.43187938125 0.395082228125 0.4533641421875 0.38966018125 0.48817064062500004 0.3853962640625 0.5420700546874999 0.3850658265625 0.5648517515625 0.3892513703125 0.578354009375
3 0.25787873906250003 0.605370203125 0.2587253046875 0.594708946875 0.26365113125 0.5858474921875 0.272438628125 0.5829377375 0.2743198046875 0.5552810046875 0.2784320984375 0.5344817765625 0.270425921875 0.533467434375 0.26451195312500003 0.530976721875 0.261058590625 0.5282184578125 0.2573227984375 0.517118796875 0.254100465625 0.5044600265625 0.2538061359375 0.499091790625 0.24699687187500002 0.5026999765625 0.2417160859375 0.5046039984374999 0.23628213593749997 0.542383659375 0.23157462343750002 0.58277866875 0.2294789296875 0.6090363937500001 0.235811565625 0.6145228328125001 0.24383538749999997 0.6206926609375001 0.25787873906250003 0.605370203125