3 0.6490550609375 0.7568592875 0.653017109375 0.6792928093749999 0.5597406312500001 0.6825500953125 0.5495389890625 0.6769503359375 0.532674740625 0.6715832390625 0.5462001453124999 0.7723630781249999 0.574512446875 0.8190224640625001 0.5955389390625 0.8480682500000001 0.618858059375 0.847253928125 0.6415539734375 0.8285933406250001 0.6490550609375 0.7568592875
0 0.9986265734374999 0.83399211875 0.9980033687500001 0.816145853125 0.9940488593750001 0.7984159203125001 0.990509821875 0.7925834968750001 0.9842626859375001 0.804713671875 0.9778078171875 0.8108950890625 0.9713529453125 0.81707650625 0.9686448484374999 0.8350391046875 0.969683525 0.864782878125 0.9705144656250001 0.8885778984374999 0.9773848046875001 0.8942939890625 0.9871709781250001 0.8879962390625 0.9932103781249999 0.8699173124999999 0.9959184750000001 0.851954715625 0.9986265734374999 0.83399211875
1 0.273063484375 0.40071663125 0.2895122609375 0.3941862203125 0.30325294375 0.4056184015625 0.3194939859375 0.393139234375 0.33240372812499996 0.3807763984375 0.34843703593750003 0.362348475 0.3580154734375 0.3501019703125 0.3675939125 0.3378554640625 0.3807113890625 0.33144138437500004 0.39362112968749996 0.31907854687500004 0.40278409687499994 0.29493453281250004 0.4090312328125 0.282804359375 0.42589548125 0.28817145625 0.41507063281249995 0.26472543125 0.4040380484375 0.2353306515625 0.37655668750000004 0.21246628437499998 0.34615949218750003 0.2016157609375 0.320132275 0.220392678125 0.289104334375 0.2869922984375 0.2566147046875 0.4072470453125 0.2432819515625 0.5030087828124999 0.24348968750000002 0.5089575375 0.25056776406250003 0.520622384375 0.2601462015625 0.5083758796875 0.2651469265625 0.4605531765625 0.273063484375 0.40071663125
0 0.25639942968749996 0.4965947 0.255983959375 0.4846971921875 0.258899790625 0.47268334999999995 0.26223109375 0.47256701718749994 0.2620233578125 0.46661826250000005 0.261400153125 0.44877199843750004 0.2518217140625 0.46101850312500003 0.2491136171875 0.47898110000000005 0.24640552031250001 0.49694369531250004 0.24661325625 0.5028924499999999 0.2499445578125 0.5027761187500001 0.25639942968749996 0.4965947
0 0.2414123359375 0.4494699890625 0.2370423578125 0.4198425453125 0.23329558593750002 0.40806136718749997 0.2180932171875 0.450284309375 0.2187164234375 0.4681305734375 0.22267092968750002 0.48586050781249995 0.23661934687500003 0.5032414453125 0.24348968750000002 0.5089575375 0.2414123359375 0.4494699890625
3 0.3198868328125 0.6909259750000001 0.396506796875 0.6882503468750001 0.43919052656249996 0.668891771875 0.4754193875 0.6557146125 0.4712646859375 0.5367395140625 0.47189543125 0.45928936875000004 0.4583700265625 0.35850953125 0.432765821875 0.2938875484375 0.4040380484375 0.2353306515625 0.3798879890625 0.212349953125 0.34949079375 0.20149942968749998 0.31992453906249996 0.21444392343750002 0.289104334375 0.2869922984375 0.2564069703125 0.40129829062500005 0.2432819515625 0.5030087828124999 0.2505602234375 0.6159187953124999 0.27887252500000004 0.66257818125 0.3198868328125 0.6909259750000001
3 0.11085324218749999 0.626753478125 0.1343800953125 0.6318879125 0.191219978125 0.6358590296875 0.23431917812499997 0.6283979625 0.2505602234375 0.6159187953124999 0.245359303125 0.56249633125 0.2430742171875 0.49706002656250003 0.2414123359375 0.4494699890625 0.232880115625 0.3961638578125 0.1731319421875 0.3089101703125 0.155852221875 0.291645565625 0.1387802390625 0.2803297125 0.112753021875 0.29910663125000003 0.0958812328125 0.38903594531249996 0.08608751875000001 0.49063010625 0.096073884375 0.585577521875 0.11085324218749999 0.626753478125
3 1 0.58678481875 0.9890933828125 0.27446016093750003 0.95557261875 0.2696747234375 0.92433694375 0.3303255890625 0.8897699625 0.3910927859375 0.8743598609375001 0.42736697343749996 0.8762294765625 0.4809057671875 0.874144584375 0.5167146296875 0.888508471875 0.5459930765625 0.90183368125 0.54552775 0.9197366062500001 0.580638621875 0.9551269843749999 0.6389628546874999 0.9830238171874999 0.67372473125 0.9996803312500001 0.673143071875 1 0.6718259703125 1 0.58678481875
3 0.5072631875 0.8035028328125 0.5130948515625 0.77947515 0.5208036734375 0.71368985 0.52518119375 0.6480208828125 0.5064473281249999 0.5891149921875 0.5025003625 0.4760886484375 0.4725186375 0.477135634375 0.47064147968750003 0.5188932484375 0.4754193875 0.6557146125 0.403169403125 0.688017684375 0.40420807812500004 0.7177614578125 0.4089935265625 0.7592864109375 0.426273246875 0.7765510171875001 0.4539623421875 0.8053641390624999 0.4712420625 0.822628746875 0.5072631875 0.8035028328125
3 0.3688101578125 0.7547336359375 0.377765390625 0.7246408671875 0.3798502828125 0.6888320046875 0.3198868328125 0.6909259750000001 0.27887252500000004 0.66257818125 0.2505602234375 0.6159187953124999 0.2374427453125 0.622332875 0.2468059078125 0.6994340265625001 0.27344878906250003 0.793799784375 0.29905299531249996 0.8584217671875001 0.31237820625 0.857956440625 0.34111352031250003 0.8212169250000001 0.3688101578125 0.7547336359375
3 0.042542682812499996 0.8673793046875 0.06399218437500001 0.8130261875 0.088357521875 0.74665923125 0.0946046578125 0.7345290578125 0.09252730625 0.6750415078125 0.097735765625 0.6331675609375 0.08774185625 0.6335165546875 0.0733779703125 0.6042381078125 0.0577601328125 0.6345635406250001 0.035271953125 0.6591728812500001 0.005290228125 0.660219865625 0.0081985203125 0.7435024359375 0.0173464046875 0.909951240625 0.042542682812499996 0.8673793046875
3 0.19224357187500002 0.856195625 0.2193170046875 0.771866071875 0.2409742421875 0.723461709375 0.243682340625 0.7054991140625 0.2374427453125 0.622332875 0.22099396875 0.6288632890625 0.19455128125 0.635742696875 0.1412504375 0.637604003125 0.11085324218749999 0.626753478125 0.100236128125 0.609256209375 0.0927350421875 0.6809902640625001 0.0962589953125 0.87741550625 0.10520668749999999 0.942619146875 0.132480315625 0.9595347593750001 0.164962403125 0.934576421875 0.19224357187500002 0.856195625
3 0.7787681328125 0.7463735984375 0.7875156296875 0.7103320734375 0.784399603125 0.62110075 0.7642040515625 0.6158499843749999 0.7502556359375 0.598469046875 0.732560446875 0.56930693125 0.7296446140625 0.5813207703125001 0.7277674562499999 0.6230783875 0.7056947484375 0.6595852390625 0.67966753125 0.67836215625 0.65988745 0.6850089015624999 0.6748745421875 0.7321336140625 0.710680390625 0.80235535625 0.7321223531250001 0.8432986515625001 0.7487788671875 0.8427169937500001 0.7608576671875 0.8065591375000001 0.7787681328125 0.7463735984375
3 0.5462076859375 0.6770666671875001 0.5630719359375 0.6824337640625 0.6430232015625 0.6796418046875 0.6761284937500001 0.6725297328125001 0.7056947484375 0.6595852390625 0.7279751921875001 0.6290271421875 0.7296446140625 0.5813207703125001 0.7311063015625 0.5276656453124999 0.7254899125 0.4623456734375 0.7196657875 0.3910769453125 0.7082177328125 0.34978465625 0.6828212640625 0.291111428125 0.6642951328125 0.2381542921875 0.6366060375 0.20934117031250002 0.6134946515624999 0.216104246875 0.5770580578125 0.22333265156249998 0.5422833421875 0.2781510921875 0.50583920625 0.38067590625 0.5064548703125 0.49381858125000005 0.5097786328125 0.5889986609375 0.5218498921875 0.6481372140625 0.5462076859375 0.6770666671875001
3 1 0.7237231390625001 0.9963490281249999 0.6732594046875 0.9830238171874999 0.67372473125 0.9551269843749999 0.6389628546874999 0.9301459859375001 0.5921871375000001 0.9055804546875 0.5573089296875 0.8928784484375001 0.5756205203125 0.8970406921875 0.5992992078125 0.9005721890625 0.7004280421875 0.9049421671875001 0.730055484375 0.9267996000000001 0.7828962890625 0.9488647671875 0.8416858484375 0.9709299359375001 0.9004754078125 0.984670615625 0.911907590625 0.996749415625 0.875749734375 1 0.8496163328125 1 0.7237231390625001
3 0.73276818125 0.575255684375 0.7639963171875 0.6099012296875 0.821043934375 0.6198211015624999 0.8541492265624999 0.6127090296875 0.87539099375 0.552407159375 0.8760217421875 0.4749570125 0.8658276390624999 0.37406084375000004 0.84293153125 0.29147626249999997 0.8187814718749999 0.268495565625 0.785676178125 0.2756076375 0.7608953734375 0.330077084375 0.743400378125 0.402160134375 0.72840574375 0.45033183125000004 0.729236684375 0.4741268515625 0.727982734375 0.5337307328125 0.73276818125 0.575255684375
3 0.9009801171875 0.8076219625000001 0.8997412484374999 0.6766330218750001 0.8970406921875 0.5992992078125 0.88871620625 0.5519418328125 0.87435231875 0.522663384375 0.8755987296875001 0.5583559140625 0.85727279375 0.6066439421875 0.821043934375 0.6198211015624999 0.78773090625 0.6209844171875 0.7875156296875 0.7103320734375 0.8389317765625 0.8455247937499999 0.8651591875 0.9279930406249999 0.885770209375 0.9451413140625 0.9043038796875 0.902802040625 0.9009801171875 0.8076219625000001
3 0 0.5087275296875 0.0046670234375 0.6423736015625 0.005290228125 0.660219865625 0.035271953125 0.6591728812500001 0.0577601328125 0.6345635406250001 0.07004666875 0.6043544390625 0.086495446875 0.597824025 0.0892035453125 0.5798614296875 0.09586615000000001 0.579628765625 0.0858797828125 0.48468134999999996 0.07463946406250001 0.449337815625 0.0463271609375 0.40267843125 0.0211384265625 0.34995395625 0 0.3068667109375 0 0.5087275296875