0 0.8087213046875 0.4767856265625 0.817410784375 0.478317815625 0.8238847453125 0.475477284375 0.8267812375 0.4759880140625 0.8303587046875001 0.47263675312500003 0.82950513125 0.4605400484375 0.8301861046875001 0.4566780578125 0.8259276640625 0.4638913109375 0.8223501984375 0.46724257187499996 0.817238184375 0.4623591203125 0.80991065 0.4531029484375 0.8047986359375001 0.448219496875 0.803436690625 0.45594347968750004 0.8013937703125 0.46752945312499994 0.8029283171875001 0.47576416562499996 0.8087213046875 0.4767856265625
3 0.5418987125 0.39788108125 0.545821378125 0.42644721093750004 0.54548560625 0.462226590625 0.536287753125 0.4805150875 0.5357793796875 0.500335771875 0.5460034078125 0.510102675 0.5691753546875 0.5141885140625 0.61262275625 0.5218494625 0.63732925 0.534170015625 0.6654406109375001 0.5271806109375 0.68060405 0.5258722687499999 0.7150167703125 0.5000836390625001 0.72625754375 0.47020916875 0.7301707828125 0.431078528125 0.72982558125 0.3991611390625 0.713463365625 0.3564553875 0.6921617390625 0.3248248796875 0.6775066703125 0.306312534375 0.6614896578125 0.2955241734375 0.641214203125 0.2919490640625 0.6173612828125 0.291725215625 0.5836295359375 0.3136518546875 0.5543288296875 0.34432393437500003 0.539337990625 0.361590971875 0.5381486453125001 0.3852736484375 0.5418987125 0.39788108125
3 0.7462160812499999 0.6449572 0.7617152921875 0.607869478125 0.768525025 0.5692495656250001 0.7680072250000001 0.5213734828125001 0.7448352765624999 0.5172876421875 0.7272837171875 0.4982645671875 0.7255765703125 0.4740711609375 0.7156977437500001 0.49622164843750005 0.7078618375 0.5067861625 0.687078009375 0.5230317375 0.6741300890625 0.5287128 0.66186314375 0.530531871875 0.6495961968749999 0.53235094375 0.6460187296875 0.5357022046875 0.639208996875 0.5743221171874999 0.6555712125000001 0.6170278671875 0.6732953734375 0.6520096375 0.693743428125 0.671543440625 0.723389334375 0.6727887484374999 0.7462160812499999 0.6449572
3 0.0961933578125 0.41884283125 0.10658998593749999 0.444568428125 0.116133040625 0.4581973203125 0.13487394531250002 0.45353771875 0.14918381249999998 0.4401326734375 0.16553659999999998 0.41514165625 0.188363346875 0.3873101046875 0.2069316515625 0.3666918078125 0.21255203749999999 0.3517545734375 0.210844890625 0.32756116562500004 0.191758784375 0.3003033796875 0.1733536484375 0.26918359999999997 0.15613786093749998 0.21438114531250002 0.1385863 0.195358071875 0.1218883140625 0.1884317015625 0.095992471875 0.199793828125 0.08951851250000001 0.2026343578125 0.0810016328125 0.21706086249999998 0.0741919 0.25568077499999997 0.0760716484375 0.2958328765625 0.0808478890625 0.3364957078125 0.0900551703125 0.3859039828125 0.0961933578125 0.41884283125
3 0.4797386890625 0.5979700453125 0.5059703015625 0.5508285390625 0.517211075 0.5209540703125 0.520443340625 0.48568541875 0.5200981390625 0.4537680296875 0.49624521875000005 0.45354418125 0.4921593796875 0.47671612812499997 0.4851770453125 0.4993773453125 0.47222912656249993 0.505058409375 0.4013513390625 0.5005248734375 0.3941964046875 0.50722739375 0.39113674062500003 0.5584547390625 0.39949044843750003 0.5957663109375 0.4122751953125 0.6418233234375 0.43186967656249997 0.649260425 0.46134298281249997 0.6345470375 0.4797386890625 0.5979700453125
3 0.339517659375 0.5971376859374999 0.3563788203125 0.55232598125 0.370516084375 0.522962240625 0.3739209515625 0.503652284375 0.37170543125 0.49927956562500003 0.3541538703125 0.480256490625 0.3452917890625 0.4627656046875 0.3386452296875 0.44964744218749997 0.338472628125 0.43368874843749994 0.3262056828125 0.4355078203125 0.325524709375 0.43936981093750005 0.3112148421875 0.4527748546875 0.293154909375 0.45357246562500003 0.2866809484375 0.45641299843749994 0.27629375 0.4983841703125 0.270164990625 0.5331420921875 0.2728983109375 0.5853908984375 0.2790365 0.618329746875 0.30442396562499996 0.6267883078125001 0.339517659375 0.5971376859374999
3 0.7426197578125 0.512914921875 0.7831706640625 0.5200651406250001 0.8085581328125 0.5285237015625001 0.8293419578125001 0.5122781234375 0.8448411703125001 0.47519040312499994 0.8567629171875 0.44145394062500004 0.8741324484374999 0.3768215515625 0.874640821875 0.3570008640625 0.8628822484375 0.33899925 0.8504427015625 0.324859628125 0.83749478125 0.330540690625 0.8129608875000001 0.3341788328125 0.7872376484375 0.361499653125 0.75146298125 0.395012265625 0.7299981812499999 0.4151198328125 0.7255765703125 0.4740711609375 0.7272837171875 0.4982645671875 0.7426197578125 0.512914921875
3 1 0.33043677968749996 0.9770348359375 0.335235040625 0.9412601703125001 0.368747653125 0.916217903125 0.3922064828125 0.9019080359375 0.40561152656250005 0.881805184375 0.4179951125 0.86187493125 0.4463373921875 0.8720989578125 0.45610429375 0.885392078125 0.482340621875 0.90175429375 0.525046371875 0.918116509375 0.5677521234375 0.9377109890625 0.575189225 0.9499779359374999 0.5733701531250001 0.9741666296875 0.5378146203124999 0.99409688125 0.5094723421875 1 0.5022749531249999 1 0.33043677968749996
3 0.07815228125 0.55503398125 0.12022830625 0.5027221453124999 0.1396501875 0.49420054999999996 0.1529338796875 0.4527401078125 0.1713295859375 0.416163115625 0.16553659999999998 0.41514165625 0.1485028390625 0.443994665625 0.13487394531250002 0.45353771875 0.116133040625 0.4581973203125 0.1059090125 0.4484304203125 0.0961933578125 0.41884283125 0.087158678125 0.385393253125 0.08426218437500001 0.384882521875 0.0513840109375 0.4189058640625 0.0316263578125 0.46320683906250004 0.0162997453125 0.51625325625 0.0146020265625 0.55975661875 0.045101507812500004 0.5730986312499999 0.07815228125 0.55503398125
3 0.556073690625 0.6393044203125 0.574133625 0.6385068109375001 0.5978139453125 0.6227719640625 0.612804784375 0.6055049265625 0.6291575703125 0.580513909375 0.6369934765624999 0.5699493953125 0.6431222359375 0.535191475 0.6344327562500001 0.533659284375 0.6097262625 0.5213387328125 0.5460034078125 0.510102675 0.5357793796875 0.500335771875 0.5356067796875 0.4843770765625 0.54548560625 0.462226590625 0.541054565625 0.4534811484375 0.52946859375 0.45143822812499995 0.528106646875 0.4591622109375 0.520443340625 0.48568541875 0.518573021875 0.5132300875 0.5124442625000001 0.5479880078125 0.5216515421875 0.59739628125 0.540056678125 0.6285160609375 0.556073690625 0.6393044203125
3 0.2423799734375 0.43665534531250005 0.27577595 0.4505080875 0.29383588125000004 0.449710475 0.3112148421875 0.4527748546875 0.325524709375 0.43936981093750005 0.3311450953125 0.424432575 0.335911909375 0.3973986359375 0.33710125468749996 0.3737159609375 0.3440835875 0.3510547421875 0.34254904062499997 0.34282003125 0.3294285203125 0.3325423984375 0.308126890625 0.300911890625 0.30505779843749997 0.2844424671875 0.2961957171875 0.26695158124999996 0.2837561703125 0.2528119578125 0.2735321421875 0.24304505625 0.2554722109375 0.24384266718749997 0.2312835171875 0.27939820000000004 0.2164652765625 0.31262393125 0.21101749062500003 0.3435198609375 0.2171556796875 0.376458709375 0.22772490781250002 0.41814300156249995 0.2423799734375 0.43665534531250005
3 0.3386452296875 0.44964744218749997 0.34750730937499996 0.4671383265625 0.371024459375 0.5031415546875 0.4187303 0.503589253125 0.4693326328125 0.5045476796874999 0.4851770453125 0.4993773453125 0.493521325 0.46899214687499996 0.49811553750000004 0.42599951249999995 0.50577884375 0.3994763046875 0.5258816984375 0.38709271875 0.5306485109375 0.36005878125 0.5216138296875 0.3266092015625 0.5032086953125 0.295489425 0.48633810781250003 0.27260435781250003 0.46810557187499996 0.2574432765625 0.44425265312500006 0.257219428125 0.42193427968749997 0.26523029062500003 0.384625065625 0.2905081921875 0.360263771875 0.3101050296875 0.3461265078125 0.3394687703125 0.3384632015625 0.365991978125 0.336084509375 0.41335733125 0.3386452296875 0.44964744218749997
3 0.15977189687499999 0.61721050625 0.192822671875 0.5991458578125 0.22280435 0.564611784375 0.24852759062500002 0.5372909640625 0.2686304421875 0.5249073796875 0.2727162828125 0.5017354328125 0.2803795890625 0.47521222500000004 0.27287945625 0.44999735625000004 0.24459549374999998 0.441028065625 0.23948348125000002 0.43614461562500006 0.22772490781250002 0.41814300156249995 0.2171556796875 0.376458709375 0.212043665625 0.371575259375 0.20335418437500002 0.37004306875 0.1847858796875 0.390661365625 0.1755880265625 0.4089498625 0.15225290625000001 0.4566020984375 0.13334882812499999 0.512999775 0.1222806546875 0.558832940625 0.12262585625 0.5907503296875001 0.13370345781249998 0.6126139359375 0.15977189687499999 0.61721050625
0 0.6446284984374999 0.340335878125 0.6459904453124999 0.3326118953125 0.643774925 0.3282391734375 0.6379819375 0.3272177140625 0.6373009640625 0.3310797046875 0.63593901875 0.3388036875 0.6388355109375 0.3393144171875 0.64105103125 0.3436871390625 0.6446284984374999 0.340335878125
3 0.8300512171875001 0.7115064421875 0.8518612171875001 0.7233162640625 0.8770760843750001 0.7158161296875 0.8927478984375 0.6946871031249999 0.9026267234375001 0.672536615625 0.9034708703125001 0.6169365499999999 0.9039698140624999 0.52941909375 0.871417984375 0.4599662859375 0.8504615578125 0.4602531671875 0.8484186375 0.47183914062500004 0.832919425 0.5089268625 0.8056616390625001 0.528012971875 0.7824896906250001 0.52392713125 0.78180871875 0.5277891218749999 0.7732918375 0.5422156265625 0.768016653125 0.5890702515624999 0.7704047734375 0.6094016671875 0.793749321875 0.6294462000000001 0.8102841359375 0.688110646875 0.8300512171875001 0.7115064421875