3 0.199405884375 0.6195838 0.2249637234375 0.6096731453124999 0.2390528125 0.6016683171875 0.24632305625 0.5975465546875001 0.2529981203125 0.594571290625 0.2538207125 0.584155065625 0.25984828125 0.5696001625 0.2634594375 0.56769058125 0.274189228125 0.5678390546875 0.27948223125 0.56836719375 0.2799135765625 0.5656437875 0.2781158265625 0.5613265625 0.273110384375 0.5589828203125 0.2605549671875 0.5573044281249999 0.2533605296875 0.5583362828125 0.249038290625 0.55951285625 0.24064127812499997 0.5550809859375 0.232340121875 0.5500439140625 0.22496180312499997 0.547014153125 0.217439703125 0.5448921953125 0.2125702171875 0.54691266875 0.208959059375 0.5488222484375 0.20300290156249998 0.547258503125 0.190255775 0.5467905140625 0.1851266015625 0.5478392828125 0.1799015734375 0.5494932515625 0.174293128125 0.553568025 0.17034648125000001 0.5575958109375 0.16743857499999998 0.5655104140625 0.16792224218750001 0.5755131484375 0.1715020875 0.59469163125 0.178529259375 0.6103836265625 0.18808091875 0.6205818234375 0.199405884375 0.6195838
3 0.1134193890625 0.60627506875 0.12022258125 0.6129360359375 0.12853939375 0.607429075 0.1378548515625 0.60083951875 0.149906553125 0.59003046875 0.16378388593749998 0.5807513359375001 0.1684895421875 0.57715395625 0.167486503125 0.5652078140625 0.1704902625 0.5566880078125 0.178287703125 0.5492376390625 0.1877391140625 0.547012296875 0.1924648203125 0.5458996265625 0.18687203125000001 0.5394303687499999 0.178379165625 0.5356036984375 0.17297025625 0.533196053125 0.165476034375 0.5282867875 0.157953934375 0.5261648296875 0.152469221875 0.52684709375 0.14842671875 0.5314800796875 0.14379686875 0.53198755 0.1385997171875 0.5308542109375 0.1327594640625 0.5311699703125 0.13148108593750002 0.5287961546875 0.12609222656250002 0.52887321875 0.1166207671875 0.528613853125 0.10619858906249999 0.5291344828125 0.10006294375 0.5365378640625 0.097934096875 0.54736758125 0.0975751234375 0.5653018328125 0.09999249375 0.5839860078125 0.1057892140625 0.5970015875 0.1134193890625 0.60627506875
3 0.2741275640625 0.6413446781250001 0.287913434375 0.6456994875000001 0.3000174578125 0.6476165765624999 0.31034378125 0.647701146875 0.3214569875 0.6454288171875 0.3329536140625 0.6407356828124999 0.3523034359375 0.6230175609375 0.36636025625 0.6047713015625 0.375048265625 0.5890868125 0.3782716109375 0.576569296875 0.381159465625 0.566169984375 0.3715721015625 0.5640311125 0.3657039703125 0.5671341828124999 0.36270803906250004 0.5703819718750001 0.35577328750000003 0.5723855296875 0.3509996546875 0.5738008 0.348079528125 0.5739586812499999 0.3407970640625 0.5703237203125 0.334868784375 0.5659726671875001 0.330526496875 0.5646645328125001 0.3188738671875 0.5625087468750001 0.306941503125 0.556896546875 0.30131300781250003 0.5584866125 0.295896271875 0.561350984375 0.29204547812500004 0.56477356875 0.285562121875 0.5665384296875 0.2822585765625 0.5691171140625 0.27423715625 0.5675364546874999 0.26642749062500004 0.5672301 0.2639108328125 0.5674518843749999 0.260798996875 0.568820165625 0.2539165671875 0.5835498640625 0.252251334375 0.6018976078125 0.253514059375 0.61481545625 0.2602614953125 0.6270510390624999 0.26511532656250003 0.6355746 0.2741275640625 0.6413446781250001
3 0.20575808750000002 0.7701022015625 0.2042244171875 0.779785421875 0.20454425 0.78821125 0.2137124921875 0.80083025 0.2214664 0.8067112218749999 0.232871565625 0.8156520281249999 0.240741378125 0.8234125062500001 0.2491105125 0.8306316859375 0.2589976609375 0.838711678125 0.265309359375 0.8406419265625 0.2734065859375 0.8391326796874999 0.2774212109375 0.8372870000000001 0.2788111 0.8285115828125 0.289228884375 0.8149622125 0.297689478125 0.8085474515625 0.31839005 0.80841399375 0.3319641625 0.8114944953125001 0.3452507109375 0.8163906031250001 0.350419984375 0.8203112499999999 0.35685541249999997 0.8188489890625 0.36130138437500003 0.8142799078125 0.36269127343749996 0.8055044890625 0.3606416640625 0.7949435421875 0.35887179062499996 0.7878390078125 0.3566025953125 0.7812757734375 0.355543803125 0.774904246875 0.3521121328125 0.7678467015625 0.34083070000000004 0.7555133859375001 0.33099147812499996 0.74713079375 0.3242562625 0.7426519328125 0.3151481703125 0.7374870546875 0.309383721875 0.73471290625 0.2967882046875 0.7280651 0.27893978124999996 0.7258585703125 0.270794628125 0.7276704203125 0.25585850312499997 0.730578025 0.2449370046875 0.731639953125 0.23320074218750003 0.73784609375 0.2188720171875 0.7473639234375 0.2108349390625 0.7563272953125 0.20575808750000002 0.7701022015625
0 0.38413479375000004 0.67272673125 0.3792931828125 0.6719598953125 0.37611337031250003 0.6711460703125 0.3771320640625 0.6725481828125 0.380667415625 0.6737285109375 0.3840389390625 0.6733319328125 0.38413479375000004 0.67272673125
3 0.41054996718750003 0.61301103125 0.41945412812500005 0.6116295875 0.43091504843750006 0.6149957765625 0.4410897625 0.6212601656250001 0.4533219125 0.632813484375 0.4603926171875 0.635174140625 0.47407480625 0.6454061656250001 0.48251974531249997 0.6495354375 0.4870459125 0.6549051828125 0.500408265625 0.65671138125 0.50642800625 0.6474284953125 0.5104582875 0.6350387828125 0.513805365625 0.619128759375 0.5118716609375 0.61044731875 0.509287025 0.6084869953125 0.49872889374999996 0.6046434109375001 0.4896129734375 0.6047505484375 0.47755687656249995 0.6025308593750001 0.4675939234375 0.5975407749999999 0.46036721406250003 0.5883311984375 0.45154668437499995 0.581350715625 0.4411602125 0.573812021875 0.42768195625 0.5701263171875001 0.4151666359375 0.5734173421875 0.402767221875 0.578587871875 0.3977661734375 0.5892728703125 0.39359211250000004 0.60257038125 0.38887862812499996 0.6114397765625 0.394547221875 0.6148191265625 0.399053340625 0.617704165625 0.41054996718750003 0.61301103125
3 0.40381379375000004 0.577202675 0.41300551875 0.574005628125 0.42768195625 0.5701263171875001 0.44040120624999995 0.5733816140625 0.45048006406249996 0.5802512046875 0.4595123515625 0.5885059921875 0.46683491562499996 0.59711036875 0.47710548125 0.60276955625 0.48759563593750005 0.604431034375 0.49761434531250004 0.6038465015625001 0.50857594375 0.6077539875 0.5155507953125 0.6107198453125 0.5169128078125 0.6047317359375 0.5168047312499999 0.5975802140625001 0.518502234375 0.5894739 0.5207949125 0.5802210875 0.5217534578125 0.574169075 0.5116589421875 0.5778435187500001 0.5066535015625 0.5754997765625001 0.5014084249999999 0.5746690390625 0.49277177656250004 0.5717501687500001 0.491185784375 0.5687072484375 0.48525750468749995 0.5643561953125 0.48025206249999997 0.5620124546875 0.476429146875 0.562647728125 0.469166734375 0.561497475 0.46390160625 0.5581820296875 0.4558122078125 0.5544192625 0.45121023437499996 0.5521394234375 0.446156865625 0.550098284375 0.43233529062500003 0.5538027999999999 0.42235667968749996 0.5593567484374999 0.4144912625 0.5646250109375 0.40707723749999997 0.5696545734375 0.4046764828125 0.5717558640625 0.40381379375000004 0.577202675
0 0.39728099375000003 0.6602298828125 0.399346259375 0.660246796875 0.3961463953125 0.656948265625 0.3933020734375 0.6540162375 0.3887959546875 0.6511311984375 0.3923034296875 0.6550988328125 0.39626229999999996 0.658827771875 0.39728099375000003 0.6602298828125
0 0.40431599374999994 0.6706498625 0.41046385937499996 0.6710032078125 0.4129325921875 0.6710840234375001 0.412317365625 0.669745815625 0.4129125421875 0.6685993171875 0.4105396640625 0.667913296875 0.4065729671875 0.669456375 0.40168342968750004 0.668992140625 0.397457046875 0.6695635125 0.3965063296875 0.670343509375 0.4001854640625 0.670616034375 0.40431599374999994 0.6706498625
3 0.25920558125 0.7146680015625 0.2562976765625 0.7225826046875 0.2557425984375 0.7286985203125 0.26424329375 0.7272531734375 0.2797467171875 0.7259863765625 0.29669235 0.7286703015625 0.31094966562500004 0.7352711203125 0.3250152703125 0.743082340625 0.3405710140625 0.75454168125 0.348488753125 0.761999559375 0.35704176875 0.773280353125 0.36180757343750003 0.777137096875 0.371135253125 0.7783042640625 0.38236436406249996 0.7779114390624999 0.3927664921875 0.774906103125 0.4035119375 0.7645105437499999 0.40979136406250005 0.7561993625000001 0.41237160624999997 0.7451309453125 0.4127706796875 0.732166109375 0.4123750390625 0.726830190625 0.4105293625 0.722815565625 0.40843965468750004 0.707285203125 0.405048084375 0.7051970734374999 0.38125133125 0.6961547828125 0.3615572296875 0.6899336296875 0.3509311234375 0.6839079375 0.3397098390625 0.6790287453125 0.3264912671875 0.6763147453125 0.30550313125 0.6782638078125001 0.297214196875 0.6809834593749999 0.2874272953125 0.68532700625 0.27625833125 0.693173953125 0.2694595328125 0.699541725 0.2637752828125 0.70670640625 0.25920558125 0.7146680015625
0 0.30061950312499996 0.609868565625 0.30178980625 0.605090859375 0.30141421562500004 0.602239646875 0.3011545296875 0.60126794375 0.3000399828125 0.6004710328125 0.2978989125 0.603544028125 0.297275859375 0.607477834375 0.2976993765625 0.610026446875 0.2987180703125 0.61142855625 0.299928471875 0.6116202656249999 0.30061950312499996 0.609868565625
3 0.34053146875 0.6372830234375 0.3369882890625 0.6413747125 0.3323305609375 0.6446694890625 0.32541585781250004 0.6491577562499999 0.32111367031250004 0.6528190375 0.315457296875 0.6571964109375 0.31051200625 0.6623067921875 0.30789166562500003 0.6684057953125 0.30603033125 0.6749352015625 0.3059545265625 0.6780251093749999 0.3131010359375 0.6772958578125 0.326039871875 0.67655344375 0.33975776562500004 0.6787261453125 0.35218945156250003 0.6837970453125 0.3616051578125 0.689631028125 0.375391028125 0.6939858359375 0.393019865625 0.7001900765625 0.40474047031250004 0.70452796875 0.40803618750000004 0.7072212999999999 0.409662278125 0.7152336359375 0.4106252171875 0.7222103640624999 0.4131340484375 0.727260596875 0.43053107500000004 0.729705825 0.447169096875 0.7317206453125 0.455218396875 0.7305139953124999 0.46650326406250003 0.72454655625 0.474520290625 0.713098475 0.4821817796875 0.7012838921875 0.486559771875 0.6945327015625 0.488428934375 0.682731278125 0.4877413375 0.6661822234375 0.48659451875000004 0.6551438828125 0.48373014531249997 0.6497271453125 0.47604421406249997 0.64602828125 0.4622661734375 0.6364014578125 0.454032990625 0.6335464921875 0.4411376890625 0.6209575640625 0.43051158125000005 0.6149318734375 0.42021313749999994 0.61205999375 0.41064582187500004 0.6124058296875 0.403375578125 0.616527590625 0.39810262343749997 0.6184841609375 0.39425965937499996 0.616634728125 0.39172295 0.6143718046875 0.387025121875 0.61269716875 0.377669565625 0.6143173078124999 0.368477840625 0.6175143546874999 0.3612075984375 0.6216361171875 0.3545325328125 0.6246113796875 0.345668471875 0.6309622390625 0.34053146875 0.6372830234375