3 0.712608171875 0.6375084421875 0.7224308749999999 0.6461735703125 0.7324361546875 0.6496508375000001 0.7402441671875 0.65033395 0.7454953062499999 0.6492322140625 0.7477866359374999 0.6447492265625 0.74922875625 0.6344677265625001 0.750898634375 0.6184819312500001 0.750866396875 0.5971433859374999 0.7500301312500001 0.5694898953124999 0.7498605 0.55282278125 0.7500034421875 0.53878493125 0.7494234750000001 0.5330099734375 0.7466010578125 0.524957290625 0.7438671578125 0.518993884375 0.741760253125 0.515166871875 0.738478621875 0.5247670531249999 0.7357373234375 0.5312922062500001 0.7333556296875 0.536808053125 0.7295825484375 0.5427225531250001 0.72221895625 0.5493636921875 0.7157986359375 0.55452620625 0.70991865 0.5566136921875 0.700717396875 0.559451371875 0.6939411703125 0.5593789109375 0.686671640625 0.5587429109375 0.671505584375 0.55533451875 0.6673314125 0.5565304765625 0.670464553125 0.5703345625 0.676288265625 0.58749634375 0.6842677593750001 0.60172443125 0.69283091875 0.6154831984375 0.7036383765625 0.6283975500000001 0.712608171875 0.6375084421875
1 0.32159583125 0.2723353671875 0.31140242812499996 0.28341238281250003 0.3111165421875 0.31148807968750003 0.32129885156250004 0.31914390312499996 0.3357097609375 0.3094766390625 0.3389047265625 0.2946650421875 0.33007602343750003 0.27463843906249996 0.32159583125 0.2723353671875
1 0.3630450796875 0.3753549609375 0.35869572656250004 0.3692502234375 0.35454824375 0.4011511453125 0.35377090624999996 0.42554116249999996 0.35761401406250004 0.45293733593749996 0.3639246765625 0.40561416093749997 0.3693261546875 0.37798601875000004 0.3630450796875 0.3753549609375
3 0.6021323640625 0.6226392265625 0.6059884140625 0.628180421875 0.6096655875 0.6326652015625001 0.61397160625 0.63616423125 0.6198949265625 0.6366824546875 0.6260893375000001 0.6341020937499999 0.6326866875 0.6331181359375 0.6405887609375001 0.6265241078125 0.6426108484374999 0.6220175671875 0.6440059375 0.615374634375 0.64576433125 0.60147811875 0.6471160874999999 0.5922294796875 0.64766011875 0.5829101718749999 0.649013725 0.5705393921875 0.650499175 0.5628636 0.6517153875 0.5551642515624999 0.6522123875 0.5494835140625 0.6527093875000001 0.5438027765625 0.6515476046875001 0.535374996875 0.6495310640625 0.5305151218749999 0.6472904640625 0.5251152593749999 0.6479681921875 0.5173688000000001 0.6474352546875 0.5079552703125 0.6453209546875 0.5166168125 0.6440614109375 0.5217104515625001 0.6423519 0.5288462593750001 0.6410019921875 0.534972759375 0.6373174234375 0.5429765375 0.6341731859374999 0.5479052890625 0.6289183484375 0.5552513015625 0.6230853921875 0.5537002171875 0.6141100484375001 0.55395574375 0.6062568546875 0.5537890625 0.599122871875 0.55160376875 0.596025665625 0.55289395 0.5906841609375 0.5550285453125 0.5906786140625 0.5643949640625 0.5912945171875 0.5852641890625 0.5927670265625 0.5994433734375 0.5950491109375 0.610571084375 0.598769615625 0.617661571875 0.6021323640625 0.6226392265625
3 0.7536798124999999 0.4688547953125 0.7416717390625001 0.5130775921875 0.7517092562500001 0.5378934046875 0.7697825453125 0.5576880359375 0.7942328203125 0.56971444375 0.8125901421874999 0.5645555171875001 0.8337468890625 0.530500028125 0.85659385625 0.44611521249999997 0.8684415421875 0.369614603125 0.8702728546875 0.308369565625 0.8670189609375001 0.27113765624999997 0.847100615625 0.26002812343750004 0.8268512015624999 0.27751071875 0.8025483687499999 0.319617096875 0.7840821906250001 0.35703028125 0.7575802421875 0.39946464531250003 0.7555396625 0.43519258125000004 0.7536798124999999 0.4688547953125
3 0.060725357812500005 0.2833370890625 0.0539509796875 0.2801424890625 0.0478017515625 0.28220641875 0.044971937499999996 0.28664229531249996 0.0441134828125 0.2964544765625 0.04405905625 0.31258160468749996 0.04377871875 0.331290884375 0.044259078125000004 0.353709403125 0.045953796875 0.3715507125 0.04813996875 0.3930777015625 0.050371323437500004 0.41408826249999997 0.05305079687499999 0.43617879375 0.057705326562500006 0.457401353125 0.062941675 0.481276734375 0.06715363125 0.492052903125 0.06943941406250001 0.49693633437500007 0.0728943765625 0.49775898749999997 0.0765300640625 0.49651591875 0.081287903125 0.494850640625 0.0892784921875 0.4903458921875 0.0957439921875 0.4846669484375 0.101177709375 0.47837735 0.107599878125 0.4700926984375 0.10939790625000001 0.4650461703125 0.10644549218749999 0.4491763609375 0.103272715625 0.4265222875 0.10215426406250001 0.420700215625 0.10175687343749999 0.40973739531250003 0.1015420609375 0.39358671093750003 0.1013290953125 0.3743138875 0.1011613125 0.3545246359375 0.10143425156250001 0.3483039109375 0.10125722343750002 0.3441253546875 0.0990599546875 0.341331203125 0.093590303125 0.3325265328125 0.0869099875 0.32205479375 0.07910752343750001 0.3120052625 0.072696446875 0.3015570796875 0.06610464687499999 0.29317461875 0.060725357812500005 0.2833370890625
3 0.8494413812499999 0.4751513125 0.8431906937500001 0.496980940625 0.8384687921875 0.513740484375 0.83604006875 0.5228949015625 0.837834396875 0.5240926531250001 0.840479784375 0.5279667796874999 0.844290653125 0.53402440625 0.8495362468750001 0.5422890890625001 0.8531700843750001 0.5441681593750001 0.8617821265625001 0.5511662171875 0.8668977203124999 0.5516137750000001 0.8698141984375001 0.5523893171875 0.87466055 0.5528133171875 0.8799568734375001 0.5511951500000001 0.8845810140625 0.547957025 0.8882655828124999 0.539953246875 0.8921308796874999 0.5298837468750001 0.8978845671875 0.5137348562499999 0.9028738625000001 0.5001210078125 0.9080005515625 0.4818357265625 0.9122291499999999 0.4645126421875 0.9149308140624999 0.44913749999999997 0.9180842968749999 0.428598053125 0.9202022953125001 0.41369223125000004 0.9214673859375001 0.3992321734375 0.922465084375 0.3816264203125 0.922743571875 0.36603927812500003 0.9228413328125 0.352517859375 0.92221988125 0.34101505312499997 0.9212369765625 0.333643690625 0.9198492843749999 0.3277980625 0.9172924109375 0.326013215625 0.9139711453125001 0.326763409375 0.9089874 0.3310108390625 0.90498840625 0.33950749375 0.897351875 0.35236935625 0.8899845859375001 0.3652547734375 0.8830654171875001 0.3792201625 0.876955821875 0.39013408125 0.86909708125 0.3993338171875 0.8634844875000001 0.40456699843750005 0.8621345796875 0.4106934984375 0.859837703125 0.42454290468749994 0.857674521875 0.43996515468749997 0.8547939796874999 0.45428387968750006 0.8494413812499999 0.4751513125
3 0.08429104531250001 0.5008376015625 0.0837488640625 0.50703476875 0.0815893828125 0.5162127437499999 0.08005874843750001 0.5244049656249999 0.07843775 0.5336300515625 0.0767245390625 0.5470101359374999 0.07618050781249999 0.5563294437499999 0.0757701734375 0.5672215984375 0.0750002328125 0.579123059375 0.0742717765625 0.5967523671875 0.073366290625 0.61020311875 0.072061565625 0.6158131890625 0.0717452921875 0.619428203125 0.0725041359375 0.6262595796875 0.07285819375 0.6346166921874999 0.0731218890625 0.644006665625 0.0732989171875 0.648185221875 0.073521128125 0.6518473484375 0.075451003125 0.6514958078124999 0.0791337234375 0.6466141671875001 0.08263756562499999 0.6406761125 0.086634709375 0.6353015984375 0.09049815624999999 0.6283542359375 0.09382311875 0.6213597625 0.0964740546875 0.615867471875 0.0986316875 0.6098116359375 0.10128262187499999 0.6043193453125 0.1029902859375 0.600305678125 0.10523643281249999 0.596339121875 0.109369121875 0.5894153156249999 0.11386141718750001 0.581482203125 0.1189373765625 0.5730797734374999 0.123070065625 0.5661559671874999 0.1261709703125 0.5586215078125 0.12891226875 0.5520963546875 0.131293959375 0.5465805078125 0.13466410625 0.539069603125 0.13893234062499998 0.53059650625 0.14162845625 0.5245877828125 0.142441728125 0.51529203125 0.1421328546875 0.5064184875 0.14200100625 0.5017235015625 0.142631703125 0.4976156125 0.1436653375 0.495104125 0.1441604890625 0.49254552812499997 0.144881546875 0.4874047765625 0.14465933749999998 0.4837426515625 0.1441660359375 0.48317910937499997 0.1410688296875 0.4844692890625 0.136265809375 0.486650996875 0.13150797187500002 0.488316275 0.1282318890625 0.48855003750000003 0.1242836265625 0.48716384375 0.12118826875 0.48533188281250006 0.11885545625 0.484087021875 0.11742073281250001 0.481879965625 0.114865709375 0.47697297812499995 0.11325210781249999 0.4737095046875 0.11123556718750001 0.4688496296875 0.11042969062500001 0.46565682343750003 0.10966714687500001 0.46506972500000004 0.1078691203125 0.47011625312499994 0.10450082499999999 0.47450501718749993 0.0992911671875 0.4813346015625 0.0930497265625 0.48755353125 0.08864964374999999 0.4913316421875 0.084923590625 0.49360757343749995 0.08429104531250001 0.5008376015625
3 0.18128916718750002 0.4650912375 0.1877739625 0.5026058140624999 0.20274264843749998 0.536179184375 0.21836052343749998 0.5344232703125 0.2465497953125 0.5223187734375 0.25921525624999997 0.50469305 0.2573001734375 0.48006747499999997 0.2578608484375 0.4426489125 0.2614642984375 0.4200672984375 0.264670359375 0.38652286406249997 0.2593851328125 0.3694081921875 0.24948870781250002 0.333676671875 0.238424953125 0.2988837890625 0.22063200156249999 0.26037987500000004 0.197979753125 0.24330693750000001 0.18083309375 0.2501329359375 0.17153408125 0.266492034375 0.16788175 0.2958343578125 0.170363853125 0.34808986875 0.17664943125000002 0.4188915609375 0.18128916718750002 0.4650912375
3 0.115435871875 0.27199174843749996 0.1119827609375 0.2680469546875 0.11000770468750001 0.2689149265625 0.10843188749999999 0.27762358125 0.10735122187499999 0.2837736375 0.1060427984375 0.29562798749999997 0.104150709375 0.30795165625 0.10324152499999999 0.3276466859375 0.10192940312500001 0.345745315625 0.1014231578125 0.3670367484375 0.1018131515625 0.3904881265625 0.1027849609375 0.41659232656249995 0.1026457171875 0.42438589687499995 0.1031823515625 0.4275551484375 0.104705590625 0.4318514828125 0.10550776875000001 0.44128856718750004 0.10653400625000001 0.45126563906249995 0.108906453125 0.4613604890625 0.11240105 0.4710331296875 0.1152686484375 0.47856938125 0.11863139687499999 0.4835470359375 0.12248929687500001 0.48596609218750003 0.1282318890625 0.48855003750000003 0.1328993640625 0.487917621875 0.1402159234375 0.48491505312500005 0.14793727031249998 0.4803867484375 0.15610858593750002 0.47381627656249997 0.16522317343749998 0.46576717968750003 0.1736203984375 0.456614553125 0.17900893281250002 0.45084138749999997 0.179549265625 0.447766359375 0.17669461250000001 0.41837513125000003 0.1733955375 0.381659653125 0.171657484375 0.361212634375 0.1708986390625 0.35438125781249996 0.16901764375 0.347972090625 0.1628269328125 0.34430817187499996 0.15713137187499998 0.33808565625 0.1543956203125 0.335244390625 0.150673265625 0.3312760421875 0.1458776421875 0.32096919218750003 0.138525146875 0.30887749531250003 0.13072268125 0.2988279640625 0.1257463296875 0.2905868359375 0.119111196875 0.27959866718750004 0.115435871875 0.27199174843749996
3 0.41313385937499997 0.59049249375 0.41519558125 0.5948359390625 0.41644957656250003 0.5991087171875 0.418780540625 0.6034757187500001 0.422593259375 0.60641120625 0.42479052656249994 0.609205359375 0.4273473984375 0.6109902078125 0.429768725 0.6143243484375 0.4328640828125 0.6161563078125 0.43600461875 0.6174718359375 0.4403124890625 0.617848725 0.4440837234375 0.6150563640625 0.44695686874999996 0.6132261984375 0.449920378125 0.6103631703125 0.45252428125 0.6085094484375 0.45584739531249996 0.604637115625 0.458005028125 0.5985812796875 0.45921939062500006 0.5940040718749999 0.46110778124999996 0.5879246828125 0.4632654140625 0.5818688484375001 0.4651989875 0.575273028125 0.4674018015625 0.5687007625 0.46974016093750004 0.56057920625 0.47113709843749996 0.5508141359375001 0.47208406875 0.54309123125 0.47213294843750003 0.536330521875 0.47209146718749995 0.530602675 0.47258846718749997 0.5249219359375 0.47223070937499995 0.522809103125 0.46711511562499997 0.522361546875 0.4574657421875 0.5241192546875 0.4431940765625 0.5259929453125001 0.42959644218750004 0.5263644578125 0.41680653124999995 0.5268066359375 0.4086840953125 0.5266163984375 0.40679940156249994 0.526451509375 0.406033159375 0.532108690625 0.406658309375 0.5373672203125001 0.4070142171875 0.5426021921874999 0.40786342500000006 0.5484007078124999 0.407950090625 0.5536121265625 0.40866745312499997 0.5547156531249999 0.4088426328125 0.56201635 0.40915335625000004 0.5677677531249999 0.41009108124999993 0.575655546875 0.4108499265625 0.582486921875 0.4123279828125 0.5872996875000001 0.41313385937499997 0.59049249375
3 0.22814254531249997 0.611775465625 0.2295754203125 0.6171046609374999 0.2318160203125 0.6225045234375 0.234685465625 0.6269186359375001 0.2386770640625 0.6309105390624999 0.24320899062499998 0.631827415625 0.24751686093749997 0.63220430625 0.250883309375 0.63093768125 0.2564036890625 0.6298595015624999 0.26062304531249997 0.6281471125 0.26466352031249996 0.6253783078125 0.268658815625 0.6231259328125 0.273013715625 0.6198642515625 0.2771897359375 0.6155461546875001 0.28046767031250003 0.6121902515625 0.2840148453125 0.6088579046875 0.28796680625 0.603999821875 0.2910658609375 0.5995875015625 0.29394085468750003 0.594635196875 0.29686103125 0.589166459375 0.299557146875 0.5831577375 0.3012666609375 0.5760219296875 0.3038761109375 0.5648017890625 0.3067077734375 0.557243775 0.31007791875 0.5497328718750001 0.31174225 0.5431134953125001 0.3111604328125 0.5404606765625 0.3045197515625 0.5388389234375001 0.299494521875 0.53735850625 0.2947385328125 0.5359016453125001 0.2899373625 0.5349612140625 0.286706459375 0.5346785453125 0.283206315625 0.5343723234375 0.2770607859375 0.5301919734375 0.2740106109375 0.5278435828125 0.27172298125 0.5260822921874999 0.26943535 0.524321 0.2666544171875 0.5219961640624999 0.26521969375 0.519789109375 0.2638753328125 0.5165491921875 0.261634734375 0.5111493296875 0.2604692515625 0.508965828125 0.2599326171875 0.5057965765625 0.2589008328125 0.5051859234375 0.25768831875 0.5066409953125001 0.2533315703125 0.5130248140625 0.25113060468750004 0.5164749390625001 0.24892963906249999 0.5199250640625 0.24798636875 0.5214036890625 0.241432353125 0.5249933546875 0.2370341203125 0.525649328125 0.2342946703125 0.5290523406250001 0.2323177640625 0.5330424515625001 0.23249479375 0.5372210078124999 0.23249109531249998 0.5434652875 0.2322633375 0.5491695796875 0.23113748906249998 0.5558360671875 0.23001349062499998 0.559380415625 0.22897800781250002 0.565014040625 0.2278973421875 0.5711640984375 0.227311828125 0.57475555625 0.226769646875 0.5809527234375 0.225913040625 0.587642765625 0.226223765625 0.5933941703125 0.2264441265625 0.600178434375 0.2273837 0.6049440890625 0.22814254531249997 0.611775465625
3 0.9196149312499999 0.4204058296875 0.915380784375 0.447095334375 0.9112840312499999 0.46911340625 0.9072813406250001 0.4838543390625 0.903952678125 0.49709309062499996 0.901075834375 0.5051675359375001 0.895996175 0.5198142453125 0.8931645140625 0.527372259375 0.893612634375 0.5284522328125 0.8942396312499999 0.530588621875 0.895898415625 0.533335665625 0.8977812593750001 0.5366226921874999 0.9001574046874999 0.5404732625 0.9027142781249999 0.5422581125 0.9092194140625001 0.5454291546875 0.9172044546875 0.5502908234375 0.9232633187499999 0.5492597546875 0.9288307328125001 0.54454300625 0.93359411875 0.533511309375 0.9394833515625001 0.515813128125 0.9460936453125001 0.49297419375 0.951762515625 0.46849174531250004 0.9551400578125 0.448492284375 0.9574387828124999 0.431520740625 0.95915384375 0.41501851562500003 0.9615881140625 0.3964976796875 0.9630339328125 0.37997190000000003 0.9645719640625 0.35929111874999997 0.965435965625 0.3401125171875 0.965981846875 0.3276710703125 0.9662151515625 0.3126003609375 0.9655918515625 0.3042196921875 0.9636638281250001 0.30144909375 0.9607473499999999 0.3006735515625 0.9556299046875001 0.3033481359375 0.9506913406249999 0.307079134375 0.9444498984375 0.313298065625 0.939554665625 0.3196347734375 0.93416428125 0.32853007968750003 0.929043140625 0.3374489421875 0.924953784375 0.34697845625 0.922976878125 0.35096856875000004 0.922975028125 0.3540907078125 0.922743571875 0.36603927812500003 0.9225987812499999 0.38319926875 0.9196149312499999 0.4204058296875
3 0.32566990625000003 0.591686909375 0.32638541718749997 0.5959125765625 0.326965384375 0.6016875359375 0.328040503125 0.604903896875 0.3304166484375 0.60875446875 0.3329283390625 0.611055746875 0.334184184375 0.6122063859375 0.3359785125 0.6134041359375 0.33907387031249997 0.615236096875 0.341945165625 0.61652806875 0.346253034375 0.616904959375 0.35338886875000003 0.6159681140625 0.3560379515625 0.6135979593750001 0.359270703125 0.6107584875 0.361650546875 0.6083647796875 0.364389996875 0.6049617656249999 0.36672465781249997 0.6030844875 0.3694641078125 0.5996814734375 0.3718458 0.5941656265625 0.3737793734375 0.5875698046875 0.375712946875 0.5809739859375 0.377422459375 0.5738381796875001 0.3797608171875 0.5657166218749999 0.38106554375 0.560106553125 0.383358721875 0.5525014265625 0.384977871875 0.54639848125 0.3863729609375 0.53975555 0.38781323125 0.5325961875 0.3885342921875 0.5274554375 0.3886698375 0.52590614375 0.38678514375 0.5257412546875 0.3835090609375 0.5259750203125 0.3795607984375 0.5245888234375 0.3755221703125 0.5242354890625001 0.3697777296875 0.524773684375 0.365469859375 0.52439679375 0.361566778125 0.5224941671875001 0.36022241875 0.51925425 0.3596406015625 0.5166014296875 0.3595087546875 0.5119064437499999 0.35928654375 0.5082443171875 0.35866324375 0.49986365 0.35835251874999996 0.4941122453125 0.357092975 0.4992058859375 0.3555641890625 0.50427596875 0.3546209171875 0.50575459375 0.35291140625 0.5128904000000001 0.3507989546875 0.518429803125 0.34882205 0.5224199140625 0.3464855375 0.5274193328125001 0.342264334375 0.5322538609375 0.33916712968749996 0.533544040625 0.33687765000000003 0.5349048875 0.3340496859375 0.5362186234374999 0.329606271875 0.537391025 0.3279456390625 0.5377661234375 0.3273619734375 0.5382354421875 0.3255657953125 0.54015983125 0.32556024843750003 0.5495262484375 0.32550951875 0.5594090984375 0.32532324375 0.5708412390625 0.3250484546875 0.5801841015625 0.32531399843750003 0.5864519359375 0.32566990625000003 0.591686909375
3 0.358836575 0.510286484375 0.361700475 0.524067015625 0.3841830890625 0.5244728375000001 0.40657534218749997 0.5259115234375 0.4434181375 0.52653293125 0.46321018281250004 0.523581059375 0.47595676249999996 0.520533171875 0.4843880734375 0.529596953125 0.49524811093750004 0.5295063171875001 0.502310221875 0.5015030765625 0.5085904953125 0.42971921875 0.50983259375 0.37830991875 0.5051532234375 0.32326025468749997 0.487000665625 0.285765646875 0.471804221875 0.25789657187500004 0.4564611375 0.2503096234375 0.43886635625 0.2560556484375 0.41489644062500003 0.2664477578125 0.3875812171875 0.318177871875 0.3714423046875 0.3662023375 0.361262646875 0.42983929062500004 0.35827325 0.47641226875 0.358836575 0.510286484375
3 0.504417928125 0.5797450078125 0.5057134078125001 0.589745634375 0.5075040375000001 0.5971876640625 0.5087561843749999 0.6045825828125 0.510996784375 0.6099824453125 0.5150317125 0.61658005625 0.5198310359375 0.6206426281249999 0.5268746546874999 0.6238607828125 0.5330672171875 0.6244025625 0.5414588953125 0.62461635625 0.5466215203125 0.6214253421875 0.5518763578125 0.6140793265625 0.55502244375 0.6060284375 0.5587088609374999 0.59490251875 0.5613634953125 0.5831659484375 0.5630315234375 0.57030229375 0.5642947656249999 0.5589643765625001 0.566139825 0.550279278125 0.5666801578125 0.5472042484374999 0.5571229984375 0.5448069546875 0.54218285 0.5388164093750001 0.5241003156249999 0.5346324765625 0.5116718609375 0.530943209375 0.5079928390624999 0.5295805687499999 0.50714178125 0.52690419375 0.507412871875 0.523805609375 0.5060685125 0.5205656921874999 0.5042741828125 0.5193679421875 0.502927975 0.5192501640625 0.5001000109375 0.5205639 0.5009492203125 0.5263624140625 0.501930275 0.5368559171875 0.5021036062500001 0.5472787515624999 0.5020980578125 0.55664516875 0.5031657796875 0.5723500890625 0.504417928125 0.5797450078125
3 0.784727190625 0.6318492171875 0.78970169375 0.643212484375 0.7987166703125 0.6518069468750001 0.8063439562499999 0.65455578125 0.810653675 0.65181053125 0.8149219078125001 0.6433374328125 0.8191016281250001 0.6327750578125 0.8221610484375 0.61951275 0.8254463781249999 0.6036682890625 0.8294509171875 0.58580521875 0.8312526437500001 0.5745144109375 0.8330995515625 0.562707171875 0.83526273125 0.5472849203125 0.8363019140624999 0.5354070156249999 0.8358556421875001 0.531204903125 0.8347786749999999 0.53111068125 0.8335209796875 0.53308218125 0.8311863203125001 0.5349594578125 0.8251670875 0.544840515625 0.8166776499999999 0.558148140625 0.8147459265625001 0.561621821875 0.8123660828125001 0.56401553125 0.8075630640625 0.5661972375000001 0.80244561875 0.5688718203125 0.7969252375 0.56995 0.792033703125 0.57004243125 0.787501775 0.5691255546875 0.7787090078125 0.5641932187500001 0.772249053125 0.5605057453125 0.766866065625 0.55691249375 0.76287446875 0.5529205890625 0.7577625734375 0.5462287546875 0.755341246875 0.5428946140625001 0.7535469171875 0.5416968640625 0.752200709375 0.5415790859375 0.7514814984375 0.543597696875 0.751165225 0.5472127109375 0.7533173093750001 0.5505232953125 0.7588321453125 0.558811534375 0.76371813125 0.5680855234375 0.76976775 0.5826651515625 0.7735712234375 0.6012113343750001 0.7793949328124999 0.6183731171875 0.784727190625 0.6318492171875
3 0.27311437031249997 0.5256836390624999 0.2819504703125 0.5332216828125 0.289398878125 0.5349141015625001 0.296041409375 0.5334137140624999 0.3033090875 0.5371718546875 0.31017383125000003 0.5393335921875 0.3188799328125 0.539054509375 0.3260157640625 0.5381176640625001 0.33499295625 0.5347399984375001 0.3402892796875 0.5331218328125 0.3459018734375 0.5278886515625001 0.3511585609375 0.5174204984374999 0.3570026109375 0.5002387453125 0.3583091859375 0.49150653593750004 0.3584069453125 0.47798511875000005 0.3586421 0.4597922671875 0.3604493734375 0.439135040625 0.362930675 0.41697563593750003 0.366174521875 0.3954033265625 0.36941651875 0.3769531578125 0.3655586171875 0.3745341015625 0.3614803578125 0.3653307796875 0.35798760937499996 0.3525359984375 0.353197534375 0.3328627296875 0.3502054859375 0.308142934375 0.34778970625 0.2954423765625 0.340036121875 0.2786321359375 0.3323729 0.260789034375 0.32645512656250003 0.25090439375 0.31855859999999997 0.2481320015625 0.3074274734375 0.251321221875 0.296964828125 0.26237468124999996 0.288518721875 0.278288015625 0.282812065625 0.29079833593750004 0.27773240781249997 0.3054450453125 0.275256653125 0.318238034375 0.26994738749999997 0.34171117500000003 0.2689026578125 0.36295549843749997 0.266379871875 0.37938705625 0.2637648734375 0.399973615625 0.2605643609375 0.4241516328125 0.26047029843749997 0.4314287734375 0.25830711875 0.44685102499999996 0.25708720937499996 0.46079465312499995 0.2575260828125 0.47748532343749994 0.2598459515625 0.500585159375 0.26185879375 0.511689315625 0.2649956328125 0.5192491218749999 0.27311437031249997 0.5256836390624999
3 0.5059855453125001 0.5091099953125 0.5081717171875 0.5306369859375 0.521991565625 0.5339276 0.5541180046874999 0.5419421343749999 0.5920322203125 0.552024184375 0.6300856796875001 0.5543126640625 0.64028278125 0.536991371875 0.6517090375000001 0.4901157546875 0.6588570125000001 0.392909015625 0.655309034375 0.3218264484375 0.6481557578125 0.2764476328125 0.6349288234375 0.257077003125 0.6243435765625 0.2478247765625 0.6045985593750001 0.2471380796875 0.5841702703125 0.26356425781250004 0.56463636875 0.2852725234375 0.5373718765625 0.3271197890625 0.5200637828125 0.37920503125 0.5116028859374999 0.42009548125 0.5066780671875 0.4763864203125 0.5059855453125001 0.5091099953125
3 0.140532996875 0.5557149546875 0.140348571875 0.56402495625 0.1402074796875 0.574940665625 0.1397556609375 0.580104971875 0.14020193125 0.5843070828125 0.1413674140625 0.586490584375 0.142623259375 0.5876412234374999 0.14275510625 0.5923362109375 0.1445024046875 0.59717253125 0.14530643125 0.603487478125 0.14530458125 0.6066096171875001 0.1458845484375 0.6123845765625 0.1464645171875 0.6181595343749999 0.1483925421875 0.620930134375 0.15045611406249998 0.6221514390625 0.1544495578125 0.6230212046875 0.1571419765625 0.623256759375 0.16095654375 0.6230701078124999 0.1646825953125 0.6207941781249999 0.16804904375000002 0.619527553125 0.1709673703125 0.61718095625 0.17339239687500002 0.6142708171875 0.17604148125000002 0.6119006640625 0.179004990625 0.6090376375 0.182192559375 0.6067145953125 0.1858752796875 0.60183295625 0.1891532125 0.598477053125 0.1917137828125 0.5940176234375001 0.1939147484375 0.5905674984375 0.196206078125 0.5860845109375 0.1998002828125 0.57911359375 0.203842609375 0.5732226500000001 0.2094570515625 0.564867328125 0.21179356249999998 0.5598679109375 0.2138608328125 0.5548449390625 0.2154348 0.549258425 0.2164251015625 0.544141228125 0.21763946406249998 0.5395640203125 0.21817979687500003 0.5364889921875 0.21678840625 0.5368876453125 0.21373638125 0.5376613953125 0.21050548125000001 0.537378728125 0.2059735515625 0.5364618515624999 0.20278783125 0.5356627546875 0.20076944375 0.533925015625 0.1977662984375 0.52793805625 0.1957045765625 0.5235946109375 0.1936880359375 0.5187347359375 0.1916714984375 0.513874859375 0.1896549578125 0.5090149828125 0.18804135625 0.505751509375 0.18526781875 0.4909381171875 0.18419825 0.47835533750000003 0.1821854078125 0.4672511828125 0.1804399578125 0.459292721875 0.180217746875 0.455630596875 0.1794118703125 0.452437790625 0.178334903125 0.4523435671875 0.1752377 0.45363374843750004 0.172631946875 0.458609609375 0.16948955937500002 0.4604162203125 0.1667952921875 0.46330280312500005 0.1637866015625 0.4666822625 0.15934133749999999 0.470976803125 0.15619894843749998 0.47278341562500004 0.15332580468749998 0.47461358125 0.1506315375 0.477500165625 0.1483420578125 0.4788610109375 0.146141090625 0.4823111375 0.14461045625 0.49050336093749997 0.14249430937500002 0.5022870421875 0.1421724890625 0.515268475 0.14153624375 0.5287427828125 0.14085481718749998 0.542733521875 0.140532996875 0.5557149546875
3 1 0.3457874546875 0.9958114109375 0.3495350109375 0.9895247859375 0.3562703734375 0.9836411015625 0.36460213750000003 0.9770833874999999 0.37443608125 0.9700323703124999 0.3837064859375 0.9623073249999999 0.39447906875 0.9607766906249999 0.40267129218750003 0.9578454187500001 0.42687286562500004 0.9541949375 0.45309304843750003 0.9495578515625 0.4781861515625 0.9447437375 0.4991006953125 0.9386737765625 0.5188646 0.9343133281249999 0.5314926984375 0.935388446875 0.534709059375 0.9392444984375 0.54025025625 0.9443582421875 0.5438199515625 0.9512681671875001 0.545465259375 0.9562048828125 0.5448563984375 0.9604260874999999 0.540021871875 0.965952015625 0.529577271875 0.9709394609374999 0.5190855640625001 0.9779489937499999 0.5040873125 0.9820346515624999 0.5008020765625 0.984954828125 0.49533334062499995 0.9881460953125 0.48676602031250005 0.9926872703124999 0.47207219843750003 0.9952082062500001 0.4587627796875 0.9988531421875001 0.44190901406250005 1 0.4336316578125 1 0.3457874546875
3 0.64833519375 0.5038709359375 0.6478289484374999 0.5251623703125 0.65204090625 0.5359385390625 0.657461678125 0.55150391875 0.6824541359375 0.5573331593749999 0.7001337328125 0.559920690625 0.7144072453125 0.554924859375 0.7320075734375 0.5398124156249999 0.74445821875 0.5060360078125 0.753499084375 0.47092051875 0.7572206359375 0.40047395156250004 0.7552262859375001 0.3581484015625 0.75345969375 0.310118559375 0.7458020203125 0.2829090390625 0.7357985890625 0.276309634375 0.7219280140625 0.28290186875 0.7083663140625001 0.298367646875 0.68671071875 0.3412260109375 0.6681108421874999 0.377066346875 0.6597551015625001 0.391946821875 0.6519330984375 0.490655740625 0.64833519375 0.5038709359375
3 0.85238430625 0.6585837890625 0.8566395968749999 0.6719656671875 0.8608497046875 0.6858639765625 0.8640317265625 0.6929073531250001 0.8682473828124999 0.69743924375 0.8729130078124999 0.6999289671875 0.8764131515625 0.7002351906250001 0.8780737843749999 0.69986009375 0.8794707234375 0.690095021875 0.8812309656249999 0.673076365625 0.8835296890625 0.656104821875 0.8864139296875001 0.6355418187499999 0.889162625 0.616528109375 0.890519928125 0.5979130500000001 0.8907080531249999 0.5833587703124999 0.8913442968749999 0.5698844609375 0.89135354375 0.554273765625 0.8912253937499999 0.5433344984375 0.8907339421874999 0.5396488171875 0.8859272234375 0.548074803125 0.880224265625 0.5543408453125 0.8717422218750001 0.5551599140625 0.8612436421874999 0.55111910625 0.852271996875 0.545130353125 0.84442435 0.535597253125 0.8401653609374999 0.5284596546875 0.8369363078125 0.525054846875 0.8348275546874999 0.524349971875 0.83410834375 0.5263685828125 0.8341516765625 0.5289742921875 0.8347786749999999 0.53111068125 0.8356297328125001 0.53378705625 0.8363452468749999 0.538012725 0.8342253984375001 0.556040684375 0.83165743125 0.5729886734375 0.8292250093750001 0.5883873703125 0.8278299203125 0.5950303031249999 0.8276040124999999 0.5976124546875 0.8289050375 0.5982466625 0.8338362078125 0.607004221875 0.8393943734375 0.61789816875 0.842574546875 0.628063684375 0.8454402953125 0.6387220765625 0.8485301046875 0.649920453125 0.85238430625 0.6585837890625