3 0.6399088046875 0.6949871234375 0.642414259375 0.710649703125 0.6406264484374999 0.731084465625 0.6383916859375 0.7566279203125 0.633204515625 0.771617484375 0.6413440921875 0.767181809375 0.6610226015625 0.7637556625 0.6734554421875 0.7545478078125 0.68973459375 0.7456764609375 0.7064606984374999 0.7316964234375 0.7193404890624999 0.7173798765625 0.7245276578125 0.7023903140625001 0.7306087328124999 0.6771833671875 0.731949590625 0.6618572953124999 0.7328434953125 0.6516399140625 0.7269386828125 0.630532134375 0.7196930125 0.624750425 0.7043077656250001 0.623404390625 0.6850762078125 0.621721846875 0.6581520265624999 0.6193662875 0.6418728765624999 0.628237634375 0.625146771875 0.642217671875 0.616113290625 0.656870728125 0.6143254812500001 0.677305490625 0.6095852640625 0.6871863625 0.6134315765625 0.6875228703125 0.6211242 0.6881958890625001 0.6365094453125 0.6895419234375 0.6399088046875 0.6949871234375
3 0.271084646875 0.214861109375 0.2787772703125 0.2155341265625 0.2912101109375 0.2063262703125 0.3006905421875 0.186564525 0.306324665625 0.1664662703125 0.307665521875 0.151140196875 0.3056070203125 0.13036892656250001 0.29585589687499997 0.1089246375 0.2852108671875 0.0976977296875 0.2702725734375 0.09124300468749999 0.2596275421875 0.080016096875 0.2571220890625 0.0643535171875 0.2541696828125 0.053799625 0.2473709640625 0.042909228125 0.2410191984375 0.026910137499999997 0.22992721718750003 0.020791921875 0.225633953125 0.025564103124999998 0.2179413296875 0.024891085937499998 0.20640239375 0.023881559375 0.1910171484375 0.022535525 0.1794782140625 0.0215259984375 0.1679392796875 0.0205164734375 0.160693609375 0.014734765624999998 0.1534479390625 0.008953056249999999 0.1496016265625 0.0086165484375 0.1453083625 0.013388731249999999 0.1358279296875 0.033150476562499996 0.1272414015625 0.042694839062500003 0.1182079203125 0.057347895312499994 0.11302075 0.072337459375 0.1116798921875 0.08766353125000001 0.10559881874999999 0.1128704765625 0.10291710312499999 0.14352262031250002 0.10452865156249999 0.1694025828125 0.1099865125 0.19561905468750002 0.113832825 0.1959555640625 0.1240309015625 0.2122911625 0.146214865625 0.22452759375000003 0.1688457828125 0.23165533749999997 0.19192365312499998 0.23367438906250002 0.1996162765625 0.23434740625 0.212049115625 0.2251395515625 0.22403500156249997 0.2210403875 0.240314153125 0.2121690390625 0.2556994 0.21351507343749998 0.271084646875 0.214861109375
3 0.844820884375 0.43493372812500003 0.8568067718749999 0.43083456406250004 0.8687926593749999 0.4267354 0.877826140625 0.41208234375 0.8868596203125 0.3974292890625 0.8886474312500001 0.3769945265625 0.8879297859375 0.3408971828125 0.882024975 0.3197894015625 0.8727208015624999 0.293236421875 0.862969678125 0.27179213281250003 0.8523246468749999 0.2605652265625 0.823341965625 0.23743839375000003 0.8041104062500001 0.23575585000000002 0.7882782078125 0.23951850624999999 0.7724460093750001 0.24328116249999998 0.7557199046874999 0.25726119999999997 0.7462394734375 0.2770229453125 0.7329127265625 0.29644818281249996 0.7263847015625 0.32676381875 0.7284432015625 0.347535090625 0.7339010625 0.3737515609375 0.7470515468750001 0.40064105000000005 0.757696575 0.41186795624999994 0.7687885578125 0.41798617499999996 0.7927603328124999 0.40978784375000005 0.8042992671875 0.4107973703125 0.8303295421874999 0.4233703125 0.844820884375 0.43493372812500003
3 0.4818575078125 0.77381971875 0.4933964421875 0.7748292453125 0.5083347359375 0.7812839703125001 0.5203206218750001 0.77718480625 0.52890715 0.7676404406249999 0.53364736875 0.7577595671874999 0.5345412734375 0.7475421875 0.5435747546874999 0.73288913125 0.555560640625 0.7287899671875 0.5675465281250001 0.7246908015625 0.57613305625 0.7151464375 0.581320225 0.7001568734375 0.5831080359375 0.6797221109375 0.5835549875 0.6746134203125 0.572909959375 0.6633865125 0.5652173359375 0.6627134953125 0.553231446875 0.666812659375 0.5416925140625 0.665803134375 0.5263072671875 0.6644571 0.5109220203125 0.6631110640625 0.49553677343749997 0.6617650296875001 0.4835508875 0.6658641953125 0.47111804687500003 0.67507205 0.462084565625 0.6897251062499999 0.46074370781249996 0.705051178125 0.463696115625 0.7156050671874999 0.470494834375 0.7264954671875 0.4734472390625 0.7370493578125 0.4750587890625 0.7629293203125 0.4818575078125 0.77381971875
3 0.435254815625 0.77489030625 0.4515339671875 0.7660189578125001 0.46396680625000003 0.756811103125 0.4730002875 0.7421580484375 0.4670954734375 0.72105026875 0.456897396875 0.7047146703125 0.4390066984375 0.687706053125 0.42540926093750003 0.66592525625 0.4152111828125 0.6495896578125 0.4045661546875 0.6383627515625 0.38488764375 0.6417888984375 0.372454803125 0.650996753125 0.36252741718750003 0.675867190625 0.3632450625 0.7119645343750001 0.3682559703125 0.7432896953125 0.3823003578125 0.7599618015625 0.4006380125 0.771861728125 0.4160232578125 0.7732077625 0.435254815625 0.77489030625
3 0.82801295 0.5827492515625 0.84518600625 0.5636605234375 0.8546664406250001 0.543898778125 0.86164141875 0.5084744515625 0.8566305109375 0.477149290625 0.8468793859374999 0.455705 0.8366813078125 0.439369403125 0.8226369203124999 0.4226972953125 0.8153912484375001 0.41691558593750006 0.79660664375 0.41012435312499995 0.7769281343750001 0.41355050000000004 0.7572496234375 0.4169766484375 0.74052351875 0.4309566859375 0.7233504640625 0.4500454140625 0.713423078125 0.47491585000000003 0.7102944109375 0.5106766859375 0.7119059578125 0.536556646875 0.71736381875 0.56277311875 0.7275618953125 0.5791087171875 0.7343606140625 0.589999115625 0.7488519546875 0.6015625328125 0.771929825 0.603581584375 0.7959016 0.5953832546875 0.8078874859375 0.591284090625 0.82801295 0.5827492515625
3 0.3791590921875 0.5743663921875 0.3603744875 0.5675751578125 0.34203683281249997 0.5556752328125001 0.32369918124999997 0.543775309375 0.308313934375 0.5424292734375 0.28818847187499996 0.5509641109375 0.27915499062500004 0.5656171671875 0.27352086875000003 0.5857154203125 0.27128610625 0.611258875 0.26905134375 0.636802328125 0.26681658124999996 0.6623457828125 0.272274440625 0.688562253125 0.2863188296875 0.7052343609375 0.2974108140625 0.711352578125 0.323888040625 0.718816828125 0.3363208796875 0.7096089734375 0.348753721875 0.7004011171875 0.3577872015625 0.6857480625 0.35868110625 0.6755306812499999 0.363868275 0.6605411171875 0.37290175625 0.6458880625 0.377195021875 0.64111588125 0.38193523749999997 0.6312350078125 0.38667545468750003 0.6213541359375 0.387569359375 0.611136753125 0.3855108578125 0.59036548125 0.3791590921875 0.5743663921875
3 0.7310556859374999 0.672074678125 0.729267875 0.6925094406250001 0.723633753125 0.71260769375 0.7222928953125 0.7279337671875 0.7281977078125 0.749041546875 0.7431360031249999 0.755496271875 0.7628145140625 0.752070125 0.783386928125 0.7384265953125 0.8206854484375 0.7108030296875001 0.84215176875 0.68694211875 0.8439395796875001 0.66650735625 0.8466212953125 0.6358552109375 0.844115840625 0.6201926296875 0.8300714515625 0.603520525 0.811286846875 0.5967292890625 0.795454646875 0.600491946875 0.771929825 0.603581584375 0.7488519546875 0.6015625328125 0.7296203984375 0.5998799890625001 0.7176345109375 0.6039791546875 0.7047547171875 0.6182957 0.708154078125 0.6237409 0.7273856359375 0.6254234421875 0.730338040625 0.6359773328125 0.7328434953125 0.6516399140625 0.7310556859374999 0.672074678125
3 0.5993053546875 0.8046862499999999 0.61558450625 0.7958149031249999 0.628911253125 0.776389665625 0.634098421875 0.7614001015625 0.63973254375 0.7413018484375 0.6410734015624999 0.725975775 0.6428612109375 0.7055410125 0.63606249375 0.6946506140625 0.624970509375 0.688532396875 0.6095852640625 0.6871863625 0.6014456874999999 0.6916220375 0.5933061125 0.696057709375 0.5808732734375 0.7052655640625 0.5713928390625 0.7250273093749999 0.5598539062500001 0.724017784375 0.5474210640625 0.733225640625 0.5388345359375 0.7427700046875 0.5374936796875 0.7580960765625 0.539999134375 0.7737586578125 0.5429515390625 0.7843125484375 0.5497502578125 0.7952029453125 0.5603952875 0.8064298546875 0.5830262046875 0.8135575968750001 0.5993053546875 0.8046862499999999
3 0.24005606249999997 0.39231925156249997 0.2554413078125 0.3936652859375 0.2703796015625 0.40012001093749994 0.28102463125 0.41134691874999996 0.28916420781249996 0.40691124375000004 0.2977507359375 0.39736688125 0.30723116875 0.3776051359375 0.312865290625 0.35750688125 0.3142061484375 0.342180809375 0.31170069375 0.326518228125 0.30964219375 0.30574695625000003 0.307583690625 0.284975684375 0.3089245484375 0.26964961249999997 0.3059721421875 0.2590957203125 0.3030197359375 0.24854183124999998 0.29237470625 0.2373149234375 0.2855759875 0.22642452500000002 0.27063769375 0.21996979843750003 0.2556994 0.21351507343749998 0.244160465625 0.21250554843749997 0.2283282671875 0.216268203125 0.212049115625 0.2251395515625 0.1991693234375 0.2394560984375 0.189688890625 0.25921784375 0.1845017203125 0.27420740781249997 0.1788676 0.2943056609375 0.1741273828125 0.3041865328125 0.1684932609375 0.3242847875 0.167152403125 0.33961086093750004 0.164917640625 0.365154315625 0.16312983125 0.385589078125 0.16518833125000001 0.4063603484375 0.1796796734375 0.417923765625 0.19506491875 0.4192698 0.19891123125000001 0.41960630937500004 0.20794471093750003 0.4049532546875 0.2165312390625 0.3954088890625 0.22851712812499997 0.391309725 0.24005606249999997 0.39231925156249997
3 0.8903408109375001 0.269039003125 0.906173009375 0.265276346875 0.9335441421875 0.26252321562500003 0.959303728125 0.233890125 0.9687841609375001 0.21412837968749998 0.97441828125 0.19403012343749998 0.96851346875 0.1729223421875 0.9621617046875001 0.156923253125 0.9635025625000001 0.1415971828125 0.9618910125 0.11571721875 0.9598325125 0.09494594687499999 0.953480746875 0.07894685781250001 0.9380955 0.0776008234375 0.9265565640625001 0.076591296875 0.9116182703125 0.070136571875 0.8923867124999999 0.068454028125 0.8804008265625001 0.07255319375 0.8650155796875 0.0712071578125 0.85347664375 0.0701976328125 0.83335118125 0.078732471875 0.816625078125 0.092712509375 0.8032983328125001 0.11213774531250001 0.7976642109375 0.132236 0.7804911546875 0.151324728125 0.7778094390625 0.1819768734375 0.7751277234375 0.2126290171875 0.7810325375 0.2337367984375 0.7964177828125 0.2350828328125 0.8122499828124999 0.2313201765625 0.834433946875 0.24355661093749997 0.8638635828125001 0.2615747515625 0.8903408109375001 0.269039003125
3 0.3044676234375 0.542092765625 0.3096547921875 0.5271032015625 0.308490196875 0.49611454843749997 0.30643169375 0.4753432765625 0.300079928125 0.4593441859375 0.2937281625 0.443345096875 0.287376396875 0.4273460078125 0.28102463125 0.41134691874999996 0.2703796015625 0.40012001093749994 0.25159499687500003 0.3933287765625 0.2323634390625 0.3916462328125 0.21608428750000003 0.4005175796875 0.2032044953125 0.41483412656249996 0.1984642796875 0.42471500000000006 0.18469058124999999 0.44924892656250004 0.1786095078125 0.47445587343750006 0.17297538437499999 0.4945541265625 0.1702936703125 0.5252062703125 0.168505859375 0.545641034375 0.1710113140625 0.5613036140625 0.1773630796875 0.5773027046875 0.19614768437500002 0.5840939390625 0.223071865625 0.5864495 0.2465966875 0.5833598609374999 0.2705684625 0.57516153125 0.2744147734375 0.575498040625 0.27915499062500004 0.5656171671875 0.28389520625000003 0.5557362953125 0.2920347828125 0.5513006203125 0.3044676234375 0.542092765625