3 0.130130090625 0 0.12309269375000001 0.009013324999999999 0.1110621140625 0.02807210625 0.1026537265625 0.047967134375 0.0966709859375 0.0738812328125 0.0834438578125 0.0981228296875 0.0774611171875 0.124036928125 0.072674925 0.14476820625 0.07513311875 0.16717198125 0.0763622171875 0.17837387031250002 0.0776238625 0.2059604671875 0.0981604765625 0.2161607828125 0.1198936375 0.22117827812500002 0.131956765625 0.21850420625 0.14401989531249998 0.21583013437499998 0.1609017640625 0.20880949218749997 0.17053924843749999 0.20011635156250002 0.1898467640625 0.1991147796875 0.20915427968750003 0.1981132046875 0.2308548921875 0.18674599218750002 0.24531111718749998 0.17370628125 0.2537195046875 0.1538112546875 0.25488350312499997 0.1322437265625 0.2512287609375 0.1150227703125 0.252392759375 0.09345524375 0.25478585625 0.083089603125 0.25957204843750004 0.0623583265625 0.2595395 0.04597361875 0.25708130625000003 0.023569840624999998 0.25827785468750003 0.018387021875 0.25704875625 0.0071851328125 0.2523197453125 0 0.130130090625 0
3 0.8003204578125 0.7112701140625 0.8148092312499999 0.7146151125 0.8256432625000001 0.7007391515625 0.83767384375 0.6816803734375 0.8412634890625 0.6661319140625 0.8496393250000001 0.6298521781249999 0.855622065625 0.6039380796875 0.8592117109374999 0.588389621875 0.8555569671875001 0.5711686640625 0.8482800312500001 0.5531114578125 0.8422321921875 0.5462561406249999 0.8337587078125 0.533381753125 0.825285225 0.5205073671875 0.8144186421875 0.5179986203125 0.796307675 0.5138173734375 0.7794258046875 0.5208380140625 0.7601508375 0.538224296875 0.748120259375 0.557283075 0.7373187765625 0.58754374375 0.7337291312499999 0.6030922015625 0.7373838734375 0.620313159375 0.7337942296875 0.6358616171875 0.733826778125 0.652246325 0.7507411984375 0.661610390625 0.765229971875 0.6649553874999999 0.778554746875 0.6898679109375 0.785831684375 0.7079251171875 0.8003204578125 0.7112701140625
3 0.0791459 0.364624725 0.0804075484375 0.3922113203125 0.08286574218750001 0.4146150984375 0.086520484375 0.43183605468749997 0.09017522812499999 0.44905701249999996 0.10346745312500001 0.457584828125 0.12277496875 0.4565832546875 0.1372311953125 0.44354354531249995 0.14686867812499999 0.434850403125 0.1565061609375 0.4261572625 0.17701022500000002 0.4199728703125 0.197514290625 0.413788478125 0.2180183546875 0.40760408437500006 0.236096771875 0.3954006234375 0.2469308046875 0.38152466406249996 0.2541426421875 0.36681245625000003 0.25892883437499997 0.3460811765625 0.26248593124999997 0.3141480109375 0.2551764453125 0.2797060953125 0.2539147984375 0.2521195015625 0.2490309578125 0.22369665468750002 0.240557475 0.21082226875 0.2272652484375 0.20229445156249998 0.2200208609375 0.20062195312500003 0.20553208750000002 0.19727695625 0.1862245703125 0.19827852968749998 0.17416144218750002 0.2009526015625 0.157279571875 0.20797324375 0.139201153125 0.2201767046875 0.12354837968750002 0.23839923437500002 0.11032125156249999 0.2626408328125 0.098290671875 0.28169961250000003 0.0898822859375 0.3015946421875 0.0778842546875 0.337038128125 0.0791459 0.364624725
3 0.5063121140625 0.9436414828125 0.506279565625 0.927256775 0.5062470171875 0.9108720671875 0.500199178125 0.90401675 0.49534788750000003 0.8919786125 0.49169314374999995 0.8747576546875001 0.48684185468749996 0.8627195171875 0.47717182031250005 0.85502795 0.4614865 0.856865771875 0.4530455625 0.86037609375 0.45065246718749996 0.8707417312500001 0.4386218875 0.8898005124999999 0.43141005000000004 0.904512721875 0.4230016640625 0.92440775 0.4230342125 0.9407924578125 0.42306676093749995 0.957177165625 0.42791805156249996 0.9692153015624999 0.43396589218750004 0.976070621875 0.4484546640625 0.97941561875 0.4701878265625 0.9844331140625 0.47982531093749997 0.9757399734375 0.4991002765625 0.9583536921875 0.5063121140625 0.9436414828125
3 0.1716133671875 0.7408117078124999 0.183676496875 0.7381376359375 0.1969361734375 0.7302807453125 0.1993292703125 0.71991510625 0.20534455937499999 0.710385715625 0.2174076875 0.70771164375 0.2294708171875 0.7050375734375 0.237911753125 0.7015272515625 0.2439270421875 0.6919978625 0.2559576234375 0.6729390828125 0.26074381562500004 0.6522078046875001 0.2631369125 0.641842165625 0.2631043609375 0.6254574578125001 0.2630718125 0.6090727499999999 0.2606461671875 0.60305368125 0.2594170703125 0.59185179375 0.2581879734375 0.5806499046875 0.2497144890625 0.5677755171875 0.2364222640625 0.5592477015624999 0.2231625859375 0.56710459375 0.2110994578125 0.5697786640625 0.199036328125 0.5724527359375 0.1905953921875 0.5759630578125 0.178532265625 0.578637128125 0.1652725875 0.5864940203125 0.162879490625 0.5968596578125 0.1544711046875 0.6167546875000001 0.1496849125 0.637485965625 0.1448987203125 0.65821724375 0.141309075 0.6737657015625 0.13771943125 0.6893141609375 0.1377519796875 0.70569886875 0.1402101734375 0.72810264375 0.15712459375 0.7374667109375 0.1716133671875 0.7408117078124999
3 0.6991919796875 0.8353175046875 0.70523981875 0.8421728234374999 0.7197285921875001 0.8455178203125 0.7329882703124999 0.8376609296874999 0.742625753125 0.8289677890625 0.753459784375 0.815091828125 0.7642938171875 0.80121586875 0.7715056546875 0.786503659375 0.776291846875 0.7657723828125 0.7834711359375001 0.734675465625 0.7810129421875 0.7122716890625 0.7785872953124999 0.70625261875 0.7773581984375 0.69505073125 0.7700812625 0.676993525 0.765229971875 0.6649553874999999 0.7543633921875 0.6624466390625 0.7446933578125 0.654755071875 0.7374489718749999 0.6530825734375 0.7229601984375 0.6497375765625 0.7120936171875 0.6472288296875 0.702456134375 0.65592196875 0.6879999078125 0.6689616796875 0.6807880703125 0.6836738890625 0.6771984265625 0.699222346875 0.6699865875000001 0.71393455625 0.6652003953125 0.734665834375 0.6628398484375 0.76141618125 0.66526549375 0.76743525 0.6664945906249999 0.7786371390625 0.6652980421875 0.7838199578125 0.6785902687500001 0.792347775 0.6918824953125 0.8008755921875 0.6967337859375 0.8129137296875 0.6991919796875 0.8353175046875
3 0.12177371562499999 0.560074321875 0.1254284578125 0.577295278125 0.13752413593749999 0.5910059140625 0.14357197500000002 0.5978612328125 0.1520129109375 0.5943509109375 0.1652725875 0.5864940203125 0.178532265625 0.578637128125 0.1905953921875 0.5759630578125 0.206280715625 0.5741252343750001 0.21954039218750002 0.56626834375 0.23399661875 0.5532286328125 0.24120845625 0.5385164234375 0.24961684218750002 0.5186213937499999 0.2555995828125 0.49270729687500003 0.2591892265625 0.4771588390625 0.2543379375 0.4651207015625 0.24948664531250003 0.4530825640625 0.24343880625 0.4462272453125 0.23739096875 0.43937192812500003 0.23134312812500002 0.432516609375 0.2228696453125 0.4196422234375 0.2120030625 0.417133475 0.199939934375 0.419807546875 0.1854511609375 0.41646254843749997 0.1697658390625 0.418300371875 0.1601283546875 0.4269935125 0.15049087187500002 0.435686653125 0.14447558124999998 0.44521604375 0.1360671953125 0.465111071875 0.13247755156250002 0.4806595296875 0.127691359375 0.5013908078125 0.12170861718749999 0.52730490625 0.12177371562499999 0.560074321875
3 0.5666928578125 0.963040540625 0.579952534375 0.95518365 0.5956053078125 0.93696111875 0.5991949515624999 0.921412659375 0.599162403125 0.9050279515625 0.5979333062500001 0.893826065625 0.5882632734375 0.886134496875 0.578593240625 0.8784429296875 0.57374195 0.8664047921875 0.565268465625 0.85353040625 0.555598434375 0.8458388375 0.5459284 0.8381472703125 0.533865271875 0.8408213421875 0.519409046875 0.853861053125 0.51342630625 0.8797751500000001 0.51226230625 0.901342678125 0.5074761140625 0.92207395625 0.5087052109375 0.9332758437500001 0.51116340625 0.9556796203125 0.5208334375 0.9633711890625 0.5353222125 0.9667161859375 0.5498109859375 0.9700611828125 0.5666928578125 0.963040540625
3 0.311975309375 0.9260706171875001 0.3179905984375 0.9165412296875 0.3203836953125 0.9061755890625 0.3263989859375 0.8966462015625 0.3324142765625 0.8871168109375 0.338429565625 0.8775874203124999 0.34082266250000004 0.8672217828125 0.34441230625 0.8516733234375 0.343183209375 0.8404714343749999 0.34195411249999996 0.8292695468750001 0.344347209375 0.8189039078125001 0.3419215625 0.8128848375000001 0.340692465625 0.8016829515625 0.329825884375 0.799174203125 0.31776275625 0.801848275 0.3093218203125 0.8053585953125 0.29606214375 0.8132154859374999 0.2851955625 0.8107067390625 0.2743289828125 0.808197990625 0.2646914984375 0.81689113125 0.2611018546875 0.8324395906250001 0.25993785625 0.8540071171875001 0.26239605 0.8764108937499999 0.26485424375 0.89881466875 0.266083340625 0.9100165578125001 0.27575337499999997 0.9177081250000001 0.291471246875 0.9322550109375 0.30233782656249997 0.9347637593749999 0.311975309375 0.9260706171875001
3 0.8531313218750001 0.565149596875 0.8700457421875001 0.5745136609375 0.8917789031250001 0.5795311578125 0.907464225 0.5776933359374999 0.917101709375 0.56900019375 0.9291322890625 0.549941415625 0.9411628671875001 0.5308826359375 0.954389996875 0.5066410375 0.96399493125 0.4815631890625 0.9663554781249999 0.4548128421875 0.9651263812499999 0.443610953125 0.9638972828125001 0.43240906562500003 0.963864734375 0.41602435781249997 0.9626356375 0.40482246875000005 0.9626030875 0.3884377609375 0.9589483453125001 0.3712168046875 0.9552936031250001 0.353995846875 0.9504423125000001 0.3419577109375 0.943197925 0.3402852125 0.9323313437499999 0.3377764640625 0.9214647640625 0.3352677171875 0.912991278125 0.3223933296875 0.8996990531250001 0.3138655140625 0.885210278125 0.310520515625 0.87676934375 0.3140308375 0.8610840218750001 0.3158686578125 0.8514465375 0.3245618 0.84061250625 0.338437759375 0.8322041203125 0.3583327875 0.828614475 0.373881246875 0.8274179265624999 0.37906406718749996 0.816583896875 0.392940025 0.8057498656250001 0.4068159859375 0.7973414765625 0.426711015625 0.7937518328125 0.4422594734375 0.7913587359375 0.4526251109375 0.7913912875 0.46900982031250005 0.797439125 0.47586513906250005 0.8047160609375 0.4939223453125 0.81079645 0.5171623703125 0.8144186421875 0.5179986203125 0.8240886765625 0.5256901859374999 0.8337587078125 0.533381753125 0.8422321921875 0.5462561406249999 0.8531313218750001 0.565149596875
3 0.40375924531249996 0.9581787390625 0.40977453593749996 0.9486493484375 0.41578982656249996 0.939119959375 0.41937947031249995 0.9235715015625001 0.4217725671875 0.9132058609374999 0.419346921875 0.90718679375 0.4144956296875 0.8951486546874999 0.41326653281250003 0.8839467671874999 0.41084088750000003 0.8779276984375001 0.40961179062499997 0.8667258109375 0.4095792421875 0.850341103125 0.402334853125 0.8486686046875 0.392664821875 0.8409770359375001 0.38784607968749996 0.8453236078125 0.37940514375 0.8488339281249999 0.37096420937499996 0.8523442484375 0.363752371875 0.8670564578125 0.35049269375000003 0.8749133484374999 0.338429565625 0.8775874203124999 0.327595534375 0.8914633796875 0.32400589062499996 0.9070118390624999 0.326464084375 0.9294156156250001 0.336166665625 0.9534918906250001 0.3458366984375 0.9611834578125 0.3567032796875 0.96369220625 0.37119205312500003 0.9670372031250001 0.38930302031249997 0.97121845 0.40375924531249996 0.9581787390625
3 0.18869053125 0.8320993124999999 0.191148728125 0.8545030890625 0.1935743734375 0.8605221578125001 0.2068665984375 0.869049975 0.2129144375 0.8759052921875 0.220158825 0.877577790625 0.233418503125 0.8697209000000001 0.2478747265625 0.8566811890625001 0.253890015625 0.8471518 0.2562831125 0.836786159375 0.2598727578125 0.8212377015625 0.2670845953125 0.8065254921875 0.2743289828125 0.808197990625 0.2863921109375 0.8055239203125 0.291210853125 0.8011773484375 0.30081578593749997 0.7760995015625001 0.3019797859375 0.754531975 0.30437288281249997 0.744166334375 0.300718140625 0.726945378125 0.27536278593749997 0.7210916328125 0.2644962046875 0.7185828843750001 0.258448365625 0.7117275671875001 0.24758178593750002 0.7092188203124999 0.2330930109375 0.705873821875 0.22465207656250002 0.70938414375 0.21378549531250002 0.7068753953125 0.2041480109375 0.7155685359375 0.19936181875 0.7362998140625 0.1945756265625 0.757031090625 0.1934116265625 0.77859861875 0.1898219828125 0.7941470765624999 0.1874614359375 0.8208974234375 0.18869053125 0.8320993124999999
3 0.6003915 0.916229840625 0.5956053078125 0.93696111875 0.594408759375 0.9421439390625 0.6088975343749999 0.9454889359375 0.6197641140625 0.947997684375 0.6354494374999999 0.9461598609375 0.6559535015625 0.9399754687499999 0.661968790625 0.930446078125 0.672802821875 0.9165701187499999 0.67519591875 0.9062044796875 0.68240775625 0.8914922703125001 0.6859974015625 0.8759438109375 0.6943732375 0.839664075 0.6979628828125 0.8241156171874999 0.6979303328124999 0.8077309093749999 0.6858346546874999 0.7940202734375 0.6725424296875 0.78549245625 0.6580536546875 0.782147459375 0.65080926875 0.7804749609375 0.62910865625 0.7918421734375001 0.617045528125 0.7945162453125 0.6049823984375 0.7971903171875 0.5929192703124999 0.7998643875 0.589329625 0.815412846875 0.5845434328125 0.836144125 0.5809537890625001 0.8516925828125 0.5821828859375 0.862894471875 0.5834119828125 0.874096359375 0.582215434375 0.8792791796874999 0.5882632734375 0.886134496875 0.5943111125 0.8929898156249999 0.6003589515625001 0.8998451328125 0.6003915 0.916229840625
3 1 0.1132001703125 0.9813572687500001 0.10889615781249999 0.9632463015624999 0.1047149109375 0.9427422375000001 0.110899303125 0.9343013015625001 0.114409625 0.9198450781249999 0.12744933593750002 0.9138297890624999 0.136978725 0.907847046875 0.162892821875 0.9078795968750001 0.1792775296875 0.906715596875 0.2008450578125 0.9007003078125001 0.210374446875 0.892291921875 0.23026947656250002 0.8887022765625 0.245817934375 0.8790973421875 0.27089578125 0.8791298921875 0.2872804890625 0.882784634375 0.30450144687499997 0.8900290203125 0.3061739453125 0.9033212468749999 0.31470176250000004 0.916613471875 0.32322957812499997 0.9250869578125 0.336103965625 0.9395757296875 0.3394489625 0.9492457640625 0.3471405296875 0.9734045703125 0.35817709375 0.9927120859375 0.357175521875 1 0.35497735625 1 0.1132001703125