3 0.3405827875 0.52440365625 0.342865640625 0.532569096875 0.34670504687500003 0.5405983578125 0.350181303125 0.5444768078125 0.3602469265625 0.55196134375 0.3604285015625 0.5540367515625 0.368574421875 0.55750665625 0.3736072328125 0.5612489265625 0.3784584703125 0.5629157890625 0.3848662609375 0.564446471875 0.39264903281249997 0.5637655671874999 0.3985121 0.5590700328125 0.40437516875 0.554374496875 0.4055685734375 0.5500875062499999 0.4083185328125 0.5456643328124999 0.40969351249999997 0.543452746875 0.41226189843750005 0.53695416875 0.41501185781250005 0.5325309953125 0.4162052625 0.5282440015625001 0.4156605390625 0.5220177859375 0.415115815625 0.51579156875 0.4145710921875 0.5095653515625 0.4136632203125 0.499188325 0.413300071875 0.4950375125 0.412210625 0.4825850796875 0.41184747499999996 0.4784342671875 0.411121178125 0.4701326453125 0.41075802812499995 0.46598183437499996 0.40985015625 0.45560480625000005 0.40966858124999994 0.4535294 0.409123859375 0.44730318281250003 0.408942284375 0.44522777812500003 0.40857913593750006 0.44107696562500004 0.40684100624999997 0.4391377421875 0.405102878125 0.4371985171875 0.40282002656250004 0.429033075 0.4026384515625 0.4269576703125 0.40108189687499995 0.42709385156249996 0.3960490859375 0.42335158125000005 0.3882663140625 0.4240324859375 0.3835966515625 0.42444102812500006 0.377370434375 0.4249857515625 0.37114421875 0.42553047499999996 0.368031109375 0.42580283750000003 0.3650995765625 0.4281506046875 0.367200853125 0.434240640625 0.3679271515625 0.44254226250000006 0.37002842812500003 0.44863229843749997 0.37249285468750004 0.45887314687499997 0.373037578125 0.46509936406249996 0.37028761875 0.4695225359375 0.367537659375 0.47394570937499997 0.36286799687500004 0.4743542515625 0.35682335468750004 0.4769743796875 0.34748402968750003 0.477791465625 0.3397012578125 0.47847237031249995 0.3334750421875 0.4790170921875 0.333838190625 0.48316790468750004 0.3340197640625 0.48524330937500004 0.3361210421875 0.49133334531250006 0.336847340625 0.49963496875 0.33757363749999997 0.507936590625 0.33829993593749996 0.5162382140624999 0.3405827875 0.52440365625
1 0.30901235 0.3786840265625 0.30937549999999997 0.3828348390625 0.30854524375 0.391272640625 0.3182477171875 0.39460636718750003 0.32255423125 0.3900470140625 0.3275870421875 0.3937892828125 0.3267567859375 0.4022270859375 0.3317895984375 0.40596935468749995 0.33765266562499996 0.40127382031250003 0.34315258437499996 0.3924274734375 0.35093535625 0.3917465703125 0.3540484640625 0.39147420781250003 0.354515571875 0.37888559375 0.3489380375 0.3689171078125 0.3369527109375 0.35741793906249997 0.33018177031249996 0.351736446875 0.3237739796875 0.3502057640625 0.3173661875 0.34867508125 0.3115031203125 0.3533706171875 0.3170806546875 0.363339103125 0.312955715625 0.36997386250000003 0.30517294375000004 0.370654765625 0.30901235 0.3786840265625
1 0.40857913593750006 0.44107696562500004 0.403105559375 0.41436905468749996 0.40567394375 0.4078704765625 0.4042213484375 0.39126723124999996 0.4029503265625 0.3767393921875 0.393896534375 0.3628924578125 0.389875553125 0.352787790625 0.3819112078125 0.351393290625 0.37532184218750003 0.3477872015625 0.3734021390625 0.34377257031249997 0.37130086093750003 0.337682534375 0.367357496875 0.3463927015625 0.3689916671875 0.36507135156250003 0.38453086718749996 0.3992638 0.3968793421875 0.414913778125 0.4045581546875 0.4309723015625 0.40857913593750006 0.44107696562500004
3 0.1923484 0.407712421875 0.1970956796875 0.42611871093750003 0.19956010625 0.4363595578125 0.20586393906249997 0.454629665625 0.2083283640625 0.4648705125 0.210974365625 0.47718676562500006 0.214813771875 0.48521602656249996 0.22020973281249998 0.49310910625000004 0.2287188015625 0.500729825 0.2351265921875 0.5022605078125 0.2430909390625 0.5036550078124999 0.2505105609375 0.49882329218750004 0.25499864843750003 0.49633934531249996 0.26379325 0.4892960421875 0.2692931703125 0.48044969687499994 0.273236534375 0.47173953125 0.2820311359375 0.4646962296875 0.284417946875 0.45612224531249995 0.28542977812500003 0.44975984843749994 0.28415875625 0.43523200937500006 0.27977462656249996 0.42097653125 0.2738339421875 0.406857234375 0.2701761109375 0.4009033796875 0.2602920625 0.395494246875 0.24747647968750003 0.3924328828125 0.2426252421875 0.39076602031249996 0.2353095796875 0.378858309375 0.23165174687499998 0.3729044546875 0.227630765625 0.3627997875 0.22205323125 0.352831303125 0.2183954 0.3468774484375 0.20851135156249997 0.341468315625 0.20521666875000003 0.3396652703125 0.1978112859375 0.3365108109375 0.1896511265625 0.3410270796875 0.18845772031250002 0.34531407187499996 0.186252484375 0.3559634625 0.185422228125 0.364401265625 0.1863301 0.37477829375 0.187419546875 0.387230728125 0.18988397343750002 0.3974715734375 0.1923484 0.407712421875
3 0.21751104687499997 0.5519013671875 0.21997547343749999 0.562142215625 0.225189859375 0.5679598890625 0.2331542046875 0.569354390625 0.23626731250000002 0.5690820296875 0.24075540156250003 0.56659808125 0.24955000312500003 0.5595547796875 0.2540380921875 0.55707083125 0.26630895 0.553905978125 0.2706154640625 0.549346625 0.2780350859375 0.5445149093749999 0.282523175 0.5420309624999999 0.2871928375 0.5416224187500001 0.291680925 0.5391384703125001 0.29269275625 0.532776071875 0.2935230125 0.5243382703125 0.2941716953125 0.5138250609375 0.29619535625000004 0.5011002640625 0.2939125046875 0.49293482343750006 0.291266503125 0.4806185703125 0.291084928125 0.478543165625 0.2843139890625 0.47286167187499994 0.28120087968749996 0.473134034375 0.2749746625 0.4736787578125 0.2691115953125 0.478374290625 0.26809976406249997 0.48473668906249995 0.26379325 0.4892960421875 0.2594867375 0.493855396875 0.2505105609375 0.49882329218750004 0.246022471875 0.5013072421875 0.2399778296875 0.5039273703125 0.2304569296875 0.50266905 0.2238675640625 0.49906296250000004 0.21691505000000003 0.4913060625 0.21325721718750001 0.4853522078125 0.21289406875 0.48120139687499996 0.2120638125 0.4896391984375 0.21351640781249998 0.5062424453125 0.2128677265625 0.5167556546875 0.2137755984375 0.52713268125 0.216603175 0.541524340625 0.21751104687499997 0.5519013671875
3 0.599724840625 0.349067396875 0.598894584375 0.35750519999999997 0.5965077734374999 0.36607918437500003 0.5972340703125 0.37438080625 0.5965853890624999 0.384894015625 0.5973116875 0.3931956375 0.597389303125 0.41201046874999997 0.5967406203125 0.42252367812499997 0.59746691875 0.43082529999999997 0.598374790625 0.44120232968749995 0.6020326234375 0.447156184375 0.607247009375 0.452973859375 0.6169494828125 0.4563075859375 0.6262888078125 0.45549049999999996 0.635264984375 0.45052260312500003 0.645797715625 0.445418525 0.6533989124999999 0.44266221562499997 0.661000109375 0.43990590625000003 0.6687828796875 0.43922500312499996 0.67272624375 0.4305148359375 0.6737380749999999 0.4241524390625 0.6743867578125 0.41363923125 0.673660459375 0.4053376078125 0.6725710125 0.39288517343749996 0.6722078640625 0.3887343640625 0.6714815656249999 0.380432740625 0.67075526875 0.37213111875 0.6684724156249999 0.3639656765625 0.669484246875 0.3576032796875 0.6687579484375 0.34930165625 0.6680316515625 0.34100003437500004 0.6684987578125 0.32841141875 0.6662159062499999 0.320245978125 0.6656711828125 0.3140197609375 0.6616502015625 0.30391509375000003 0.6562542421875001 0.296022015625 0.6529595593749999 0.2942189703125 0.647926746875 0.2904767015625 0.638405846875 0.28921838125 0.633736184375 0.2896269234375 0.6292480968749999 0.292110871875 0.6218284749999999 0.2969425875 0.6182482593749999 0.3098035625 0.6139417453125 0.3143629171875 0.60898655 0.3294354796875 0.6034866296875 0.3382818265625 0.599724840625 0.349067396875
3 0.28182463125 0.3726974796875 0.2811759484375 0.3832106875 0.28070884218750003 0.3957993015625 0.27832203125 0.4043732859375 0.28060488281249996 0.41253872812500003 0.28151275625 0.42291575625 0.2837956078125 0.431081196875 0.2845219046875 0.43938281874999996 0.28680475781250003 0.44754826249999996 0.28789420468750004 0.4600006953125 0.28862050156249996 0.4683023171875 0.2909033546875 0.476467759375 0.29803744375 0.4863000640625 0.2982190171875 0.48837546875 0.30462680937500003 0.489906153125 0.309296471875 0.48949760937500003 0.318454221875 0.48660511875 0.3246804390625 0.48606039531249995 0.32916852812499997 0.483576446875 0.3398828328125 0.4805477765625 0.3443709203125 0.4780638265625 0.35215369218750003 0.47738292343750005 0.3597548890625 0.4746266140625 0.36442455156250003 0.4742180703125 0.3673560859375 0.4718703046875 0.3689126390625 0.4717341234375 0.37028761875 0.4695225359375 0.3728560046875 0.4630239578125 0.37231128125 0.456797740625 0.370210003125 0.4507077046875 0.36930213125 0.44033067656249997 0.3656442984375 0.43437682187500004 0.363179871875 0.424135975 0.36089702031250004 0.41597053281249996 0.35843259375000003 0.4057296859375 0.357343146875 0.3932772515625 0.3550602953125 0.3851118109375 0.35241429375 0.3727955578125 0.3454617796875 0.3650386578125 0.3385092640625 0.357281759375 0.3350330078125 0.35340330937500003 0.3282620671875 0.34772181562500004 0.324785809375 0.34384336718749997 0.31819644375 0.340237278125 0.3119702265625 0.3407820015625 0.3057440109375 0.341326725 0.3026309015625 0.3415990875 0.296767834375 0.346294621875 0.2938363 0.3486423890625 0.28797323124999996 0.3533379234375 0.285404846875 0.35983650312500004 0.2828364625 0.36633508125 0.28182463125 0.3726974796875
3 0.435973359375 0.5390622656249999 0.44274430000000004 0.544743759375 0.44640213281249996 0.5506976140625001 0.4545480515625 0.554167521875 0.45939928906249994 0.555834384375 0.4691017640625 0.5591681109375 0.47514640625000004 0.5565479828125001 0.4811910484375 0.553927853125 0.4854975625 0.5493685 0.48998565000000005 0.5468845499999999 0.492917184375 0.544536784375 0.49566714375 0.5401136109375 0.4968605484375 0.53582661875 0.49732765624999997 0.5232380046875 0.496419784375 0.5128609765625 0.49551191250000004 0.502483946875 0.4946040390625 0.4921069203125 0.49387774218749997 0.48380529687499996 0.49333301875 0.4775790796875 0.4924251453125 0.467202053125 0.49188042187500003 0.4609758359375 0.48996071875 0.4569612046875 0.489234421875 0.4486595828125 0.488871271875 0.444508771875 0.4885081234375 0.440357959375 0.4883265484375 0.4382825546875 0.48695156875 0.440494140625 0.4874962921875 0.44672035781249997 0.48630288750000006 0.45100735 0.4868476109375 0.45723356718749997 0.4839160765625 0.459581334375 0.4813476921875 0.46607991249999997 0.47997271250000006 0.4682915 0.4727346640625 0.4751986203125 0.4711781109375 0.47533480156249996 0.46495189375 0.475879525 0.45561256875 0.4766966109375 0.45094290625 0.477105153125 0.443341709375 0.4798614625 0.432627403125 0.48289013281250004 0.42723144375000005 0.47499705312499996 0.42375518593750006 0.471118603125 0.42183548281250005 0.467103975 0.416621096875 0.4612863 0.41470139375 0.45727166874999997 0.412781690625 0.45325703749999996 0.41086198749999997 0.44924240937500004 0.411769859375 0.4596194359375 0.41075802812499995 0.46598183437499996 0.41184747499999996 0.4784342671875 0.4125737734375 0.486735890625 0.41384479531249996 0.5012637296875 0.41438951875 0.507489946875 0.416127646875 0.5094291703125 0.41822892500000003 0.51551920625 0.42188675625 0.5214730624999999 0.4253630140625 0.5253515125 0.42902084531250007 0.5313053671875 0.43249710312499995 0.5351838171875001 0.435973359375 0.5390622656249999
3 0.693507584375 0.30949309999999997 0.6895642203125 0.318203265625 0.6854392796875 0.324838025 0.6826893203125 0.329261196875 0.6797577875 0.331608965625 0.676644678125 0.33188132656249997 0.67371314375 0.33422909375 0.6723381640625 0.3364406796875 0.6695882046875 0.340863853125 0.668213225 0.34307543906250004 0.6672013953125 0.3494378359375 0.6693026718749999 0.355527871875 0.6698473953125 0.3617540890625 0.672493396875 0.3740703421875 0.6714815656249999 0.380432740625 0.6739459921875001 0.3906735875 0.6758656953125 0.39468821875 0.6779669734375 0.4007782546875 0.6861128937500001 0.4042481609375 0.6911457046875 0.4079904296875 0.696360090625 0.41380810468749996 0.69827979375 0.41782273593749997 0.7021192 0.4258519953125 0.7073335859375 0.43166967031250003 0.7139229515625 0.4352757578125 0.7217057234375 0.434594853125 0.72967006875 0.4359893546875 0.7376344140625 0.43738385625 0.7423040765625 0.4369753125 0.7448724624999999 0.430476734375 0.7445093125 0.426325925 0.7467145484375 0.415676534375 0.7475448046875 0.40723873125 0.7497500421875001 0.396589340625 0.7484790203125 0.3820615015625 0.747934296875 0.3758352859375 0.74684485 0.3633828515625 0.7461185515625 0.355081228125 0.7453922546875 0.34677960625000004 0.74448438125 0.3364025765625 0.7433949359375001 0.32395014375 0.7440436171875 0.3134369359375 0.74331731875 0.3051353125 0.742591021875 0.296833690625 0.7420462984375 0.29060747343750004 0.741138425 0.2802304453125 0.7390371484375 0.274140409375 0.7324477828125 0.270534321875 0.7291531 0.2687312765625 0.726039990625 0.2690036390625 0.7196322 0.26747295625 0.7155072609375 0.27410771562499997 0.7113823218750001 0.280742475 0.70725738125 0.28737723437499996 0.7017574625 0.29622358125 0.69625754375 0.305069928125 0.693507584375 0.30949309999999997
3 0.480518846875 0.3490401140625 0.47712020624999996 0.3639764953125 0.4768346734375 0.3786405140625 0.4777425453125 0.38901754374999997 0.480388546875 0.40133379687500004 0.48321612187499996 0.41572545468750005 0.48760025156250003 0.4299809328125 0.4935409359375 0.4441002296875 0.497743490625 0.4562803015625 0.49984476874999995 0.4623703375 0.5083538375 0.4699910546875 0.514580053125 0.46944633125 0.5225444 0.470840834375 0.5412230499999999 0.4692066640625 0.5474492671875 0.468661940625 0.5567885921875 0.4678448546875 0.5692410265625 0.46675540781249997 0.5783987765624999 0.46386291718750006 0.5891130812500001 0.4608342453125 0.5901249125 0.4544718484375 0.592693296875 0.44797326875000004 0.5948985343750001 0.43732387968750003 0.595547215625 0.42681067187500005 0.5977524515625 0.41616128124999996 0.5970261546875 0.407859659375 0.5974932609375 0.39527104375 0.5962222406250001 0.380743203125 0.5953143671875 0.37036617656250004 0.5944064953125 0.3599891484375 0.59194206875 0.3497483 0.5892960671874999 0.337432046875 0.5870132156250001 0.32926660625 0.5816172546875 0.3213735265625 0.575676571875 0.3072542296875 0.571655590625 0.29714956406250004 0.5615899671875 0.289665025 0.5515243437499999 0.28218048906250004 0.5387087609375001 0.2791191234375 0.5293694359375001 0.279936209375 0.516917003125 0.28102565468749996 0.51398546875 0.2833734234375 0.5126104890625001 0.285585009375 0.505554015625 0.2945675359375 0.49849754218750003 0.3035500640625 0.49180421875 0.3166834015625 0.48529246875 0.3318921453125 0.48428063750000006 0.3382545421875 0.480518846875 0.3490401140625
3 0.49188042187500003 0.4609758359375 0.4924251453125 0.467202053125 0.49315144375 0.475503675 0.4935145921875 0.47965448750000006 0.49405931562500005 0.485880703125 0.4965237421875 0.49612154999999997 0.4956934859375 0.5045593546875 0.49587506093749995 0.506634759375 0.4960566359375 0.5087101640625 0.496419784375 0.5128609765625 0.49696450781249996 0.51908719375 0.49750923125 0.525313409375 0.49979208281250004 0.5334788515625 0.49997365781249997 0.5355542578125 0.503268340625 0.5373573015625001 0.5065630234375 0.5391603453125 0.5114142609375001 0.540827209375 0.516265496875 0.542494071875 0.521116734375 0.544160934375 0.525967971875 0.5458277984375 0.5290810796875001 0.5455554359375 0.535307296875 0.5450107125 0.5366822765625 0.5427991249999999 0.5396138109375 0.5404513578125 0.543920325 0.5358920046875 0.5468518578125 0.5335442375 0.551339946875 0.5310602890625 0.5573845890625 0.528440159375 0.55857799375 0.5241531687500001 0.5582148453125 0.52000235625 0.5594082499999999 0.5157153640625001 0.5588635265625 0.509489146875 0.5598753578125 0.5031267500000001 0.5579556546875 0.4991121203125 0.5587859109375 0.490674315625 0.5596161671875 0.4822365125 0.562184553125 0.475737934375 0.5631963828125001 0.46937553750000005 0.563014809375 0.46730013125000003 0.5599017 0.46757249375 0.5567885921875 0.4678448546875 0.5523005046875 0.470328803125 0.55074395 0.47046498437500006 0.5412230499999999 0.4692066640625 0.5365533874999999 0.46961520625000003 0.5303271703125 0.4701599296875 0.5256575078125 0.47056847187499995 0.5225444 0.470840834375 0.5161366078125 0.46931015 0.514580053125 0.46944633125 0.5114669453125 0.46971869374999997 0.509910390625 0.4698548734375 0.5083538375 0.4699910546875 0.5050591546875001 0.4681880109375 0.503321025 0.4662487875 0.501582896875 0.4643095609375 0.49828821406249996 0.46250651875 0.49792506562499994 0.45835570625 0.497743490625 0.4562803015625 0.49719876718749995 0.45005408437499994 0.4954606390625 0.44811485937500006 0.4935409359375 0.4441002296875 0.49335936093750005 0.44202482343750005 0.49143965781250004 0.43801019375 0.48970152968749997 0.43607096875 0.488144975 0.43620715 0.4883265484375 0.4382825546875 0.48731471875 0.44464495312499996 0.4874962921875 0.44672035781249997 0.48785944218750005 0.45087116875 0.48977914531250005 0.4548858 0.49188042187500003 0.4609758359375
3 0.37213111875 0.32924473125 0.3697443078125 0.337818715625 0.36855090156250003 0.3421057078125 0.36772064531250004 0.3505435109375 0.3688100921875 0.3629959453125 0.3689916671875 0.36507135156250003 0.3764889046875 0.3790544671875 0.3803283109375 0.3870837265625 0.3826111640625 0.3952491703125 0.3862689953125 0.40120302499999994 0.393221509375 0.4089599234375 0.3953227875 0.415049959375 0.39916219375 0.42307922031249995 0.40282002656250004 0.429033075 0.405102878125 0.4371985171875 0.4106804125 0.44716700156250005 0.41433824531249996 0.4531208578125 0.4216539078125 0.4650285671875 0.4274130171875 0.477072459375 0.4293327203125 0.481087090625 0.432808978125 0.484965540625 0.4417851546875 0.47999764375 0.443341709375 0.4798614625 0.45094290625 0.477105153125 0.457169121875 0.4765604296875 0.46339533906249997 0.47601570625 0.46943998125 0.4733955765625 0.4756661984375 0.472850853125 0.4801542859375 0.47036690468750003 0.482904246875 0.46594373125 0.4839160765625 0.459581334375 0.48355292812500006 0.45543052343749996 0.4857581640625 0.4447811328125 0.4846687171875 0.43232869999999995 0.4827490140625 0.42831406875000005 0.48238586562499997 0.4241632578125 0.48165956718749997 0.415861634375 0.48093327031250005 0.4075600125 0.4767307140625 0.395379940625 0.4758228421875 0.38500291249999996 0.4737215640625 0.3789128765625 0.4712571375 0.3686720296875 0.4691558609375 0.36258199375 0.46861113750000005 0.3563557765625 0.46669143437500005 0.352341146875 0.462670453125 0.34223647968750004 0.459012621875 0.3362826234375 0.45169695781249997 0.32437491406249996 0.446482571875 0.3185572390625 0.43623537343749996 0.308997296875 0.4298275828125 0.30746661406250003 0.4185685546875 0.3042690703125 0.4074911 0.3031469296875 0.3995267546875 0.301752428125 0.3917439828125 0.3024333328125 0.3919255578125 0.3045087375 0.3891755984375 0.3089319109375 0.3862440640625 0.311279678125 0.38331253125 0.313627446875 0.380380996875 0.3159752125 0.3776310375 0.32039838593750003 0.37213111875 0.32924473125