3 0.519452375 0.6435077812500001 0.5338894109375001 0.6417351359375 0.54338528125 0.629558153125 0.551549246875 0.6065336703125 0.555438 0.5785286000000001 0.5599927078125 0.5559472796875 0.5609381546875001 0.533809121875 0.5556105328125 0.490419125 0.549723921875 0.5021529484375 0.5402280515625 0.5143299296875 0.5221817578125 0.5165457359375 0.50052620625 0.519204703125 0.48542321718750003 0.5155535984374999 0.477538746875 0.5110161734374999 0.47526139531249995 0.5223068328125 0.47137263906250004 0.550311903125 0.47536835625 0.5828544 0.47803216718749997 0.604549396875 0.503683434375 0.6344329265625 0.519452375 0.6435077812500001
3 0.7150183 0.625000821875 0.7229027703125 0.6295382484375 0.7281234296875 0.612380678125 0.73134623125 0.5789518578124999 0.7316257265624999 0.5513899515625 0.7325711734375 0.5292517906249999 0.733516621875 0.50711363125 0.72952090625 0.4745711359375 0.7239137890625 0.4587430484375 0.7130860125 0.4600725328125 0.6950397203125 0.4622883390625 0.6884871546875 0.468598409375 0.686875753125 0.4853128203125 0.685264353125 0.5020272296875 0.6899260218750001 0.539993475 0.69686504375 0.5666690625 0.7015267125 0.6046353078125 0.7150183 0.625000821875
3 0.6870482875 0.39720334375 0.707478896875 0.44424444375 0.716695271875 0.459629371875 0.7331301640625 0.47412797500000003 0.7452898453125 0.4836459890625 0.771220609375 0.485967609375 0.7849916921875 0.47877121562499997 0.798096821875 0.466151071875 0.800374175 0.45486041093749996 0.7977103640625 0.4331654125 0.784498271875 0.38523799062499997 0.778225203125 0.363986153125 0.7634017109375 0.3327731421875 0.7535193828125 0.311964465625 0.74430300625 0.29657954062499997 0.731477371875 0.281637775 0.723592903125 0.27710035 0.717706290625 0.2888341703125 0.714762984375 0.29470108125 0.7095423249999999 0.31185865156250003 0.6941598421874999 0.33576945468749997 0.6882732296875 0.347503278125 0.6823866187500001 0.3592370984375 0.680109265625 0.370527759375 0.6778319109375001 0.38181841875 0.6870482875 0.39720334375
3 0.1748544328125 0.6417749421875001 0.20211710312500003 0.6549440625 0.21655413750000002 0.6531714171874999 0.23393447968749997 0.6455318609375 0.25853333749999996 0.63700598125 0.284743596875 0.61176569375 0.2899642546875 0.5946081234375 0.28663449218750003 0.5674893765625 0.2889118453125 0.5561987171875 0.2774181171875 0.5521044500000001 0.2659243875 0.548010184375 0.2573739640625 0.538049009375 0.2458802359375 0.5339547421875 0.23932767031250002 0.540264815625 0.22128137812499998 0.542480621875 0.20390103593750003 0.5501201765625 0.1858547421875 0.5523359828125 0.177970271875 0.54779855625 0.1773043203125 0.54237480625 0.167142496875 0.549128040625 0.1540373671875 0.5617481828125 0.1481507546875 0.57348200625 0.1550897765625 0.6001575906250001 0.1577535875 0.6218525890625 0.1748544328125 0.6417749421875001
3 0.3791433140625 0.5451196859375 0.395857703125 0.5320563796875 0.412572090625 0.518993075 0.429286478125 0.50592976875 0.43811639687500004 0.48832903749999995 0.4305114203125 0.4562297015625 0.41768578749999996 0.4412879375 0.40419419999999995 0.4209224234375 0.3877593078125 0.4064238203125 0.3690470609375 0.40321587656249996 0.361162590625 0.39867845 0.34017299218749997 0.40676116718750005 0.3362842375 0.4347662375 0.3314500359375 0.48490946562500004 0.3347797984375 0.5120282125 0.3446621265625 0.5328368875 0.364706278125 0.54689233125 0.3791433140625 0.5451196859375
3 0.3755340546875 0.545562846875 0.376865959375 0.5564103453125 0.3801957234375 0.5835290921875 0.3835254875 0.610647840625 0.3819140859375 0.62736225 0.384577896875 0.649057246875 0.3931283203125 0.659018425 0.4052880015625 0.6685364390624999 0.41250652031249996 0.667650115625 0.4262776 0.660453721875 0.44299198906250004 0.6473904171875 0.448878603125 0.6356565953125 0.4665384375 0.60045513125 0.47109314375 0.5778738109375 0.46776338125 0.5507550640625001 0.462156265625 0.5349269765625 0.4529398890625 0.51954205 0.4371709484375 0.510467196875 0.4328957375 0.5054866078125 0.426343171875 0.51179668125 0.41323804218750004 0.5244168234375 0.399466959375 0.53161321875 0.3748681015625 0.5401390968750001 0.3755340546875 0.545562846875
3 0.5784910296875 0.43806009062499995 0.6018649453125 0.47923427968750004 0.6176338859375 0.488309134375 0.6376780359375 0.5023645765625 0.6780458359375 0.5029135515625 0.6845984015625 0.4966034796875 0.6848778953125 0.4690415703125 0.6828800375 0.4527703234375 0.6788843203125 0.4202278265625 0.677552415625 0.40938032812499997 0.6676700875 0.3885716515625 0.6564558546875 0.3569154765625 0.650182784375 0.335663640625 0.6330819390625 0.31574128749999997 0.6179789515625 0.312090184375 0.6064852234375 0.30799591875 0.5969893515625 0.3201729 0.5874934796875 0.332349884375 0.5750543046875001 0.3503937765625 0.5662243859375 0.3679945078125 0.5652789390625 0.3901326671875 0.5686087015625 0.417251415625 0.5784910296875 0.43806009062499995
3 0.6773143125 0.6461468453125 0.6868101828125 0.6339698609375 0.69364224375 0.60009788125 0.6903124796875 0.5729791343749999 0.6899260218750001 0.539993475 0.6872622109375001 0.518298478125 0.685264353125 0.5020272296875 0.6773798828125 0.497489803125 0.667218059375 0.5042430359375001 0.6563902828125 0.5055725203125 0.6455625078125 0.506902003125 0.6439511062500001 0.5236164125 0.6443375640625 0.556602071875 0.6476673265625 0.58372081875 0.6552723015625 0.6158201531249999 0.6651546296874999 0.6366288296875 0.6773143125 0.6461468453125
3 0.771434534375 0.60706274375 0.7746573359375 0.5736339234375001 0.773604925 0.5352245171875001 0.7738844203124999 0.5076626078124999 0.771220609375 0.485967609375 0.76400209375 0.4868539328125 0.741014634375 0.47866540156250004 0.7331301640625 0.47412797500000003 0.7308528109375 0.48541863437500005 0.7305733156249999 0.5129805421875 0.7359009375000001 0.5563705390625 0.744171865625 0.593893625 0.750444934375 0.6151454609375 0.762604615625 0.624663475 0.771434534375 0.60706274375
3 0.5228477109375 0.5219694859375 0.5330095328125 0.5152162515625001 0.5461146625 0.502596109375 0.5520012765625 0.4908622875 0.55655598125 0.4682809671875 0.5538921718750001 0.44658596875 0.5469531484375 0.4199103828125 0.5400141281249999 0.3932347953125 0.5307977515625 0.3778498703125 0.5107535984375 0.36379442968750003 0.492041353125 0.3605864859375 0.4681084484375 0.3745361140625 0.4556692703125 0.39258000625 0.45016911718749997 0.4372994859375 0.45416483281250003 0.4698419828125 0.469654278125 0.5064787453124999 0.496916946875 0.5196478640625 0.5228477109375 0.5219694859375
3 0.3684224984375 0.6069967359375 0.3772524171875 0.589396003125 0.378197865625 0.5672578453125 0.3755340546875 0.545562846875 0.3719247953125 0.5460060078125 0.3489373375 0.5378174765625 0.3482713859375 0.5323937265625001 0.34105286874999996 0.5332800484375 0.33516625625 0.5450138703125 0.3286136921875 0.55132394375 0.30695813906249997 0.5539829109375 0.2859685390625 0.5620656265624999 0.28502309062500003 0.5842037859375 0.289684759375 0.6221700328125 0.30678560625 0.6420923859375 0.335659675 0.6385470953125 0.35598332187500004 0.625040628125 0.3684224984375 0.6069967359375
3 0.5698750359375 0.57675595625 0.5797573640625 0.59756463125 0.5903056453125 0.62379705625 0.6067405390625 0.638295659375 0.625452784375 0.641503603125 0.6408352671875 0.6175927984375 0.644724021875 0.5895877281249999 0.6443375640625 0.556602071875 0.6452830125 0.5344639124999999 0.6419532484375 0.5073451640625 0.6376780359375 0.5023645765625 0.6176338859375 0.488309134375 0.605474203125 0.47879111874999997 0.600533040625 0.46838678125 0.59103716875 0.4805637640625 0.5671042625 0.49451339218749996 0.56121765 0.5062472125 0.5596062500000001 0.5229616234375001 0.5629360125 0.55008036875 0.5698750359375 0.57675595625
3 0.1563147203125 0.5504575234375 0.1736950609375 0.5428179671875 0.1917413546875 0.5406021609375 0.198959871875 0.5397158390625 0.220615425 0.5370568718750001 0.2386617171875 0.534841065625 0.24882354062499998 0.5280878312499999 0.2540442015625 0.5109302609374999 0.251380390625 0.4892352640625 0.250048484375 0.47838776406249994 0.2457732734375 0.4734071765625 0.22772698125000002 0.4756229828125 0.207682828125 0.46156754062500005 0.20407356875 0.4620107015625 0.195523146875 0.45204952499999995 0.1846953703125 0.45337900937500003 0.17320164062500001 0.44928474375 0.165317171875 0.44474731562500003 0.1561007953125 0.429362390625 0.1524915375 0.4298055515625 0.146604925 0.441539371875 0.13188839531250002 0.4708739265625 0.1316089 0.49843583437500005 0.13132940312500002 0.52599774375 0.1389343796875 0.558097078125 0.1563147203125 0.5504575234375
3 0.30334888125 0.554426071875 0.3250044328125 0.5517671046875 0.334500303125 0.5395901203125 0.340386915625 0.5278563000000001 0.33344789375 0.5011807140625 0.3314500359375 0.48490946562500004 0.3150151421875 0.4704108609375 0.29924620156250004 0.4613360078125 0.2841432140625 0.457684903125 0.2690402265625 0.4540337984375 0.25821245 0.4553632828125 0.2529917921875 0.4725208546875 0.2461597296875 0.5063928343749999 0.253098753125 0.5330684203125 0.27019959843749997 0.5529907734374999 0.281693328125 0.5570850390625 0.30334888125 0.554426071875