3 0.3490202421875 0.7852317609374999 0.3714413671875 0.7469196218749999 0.37119067499999997 0.6817585921875 0.36999000937500004 0.640420315625 0.345884434375 0.601894409375 0.3291807375 0.592092309375 0.31939513124999996 0.5755142453125 0.305792040625 0.559404909375 0.29338961406249997 0.58463385 0.270251609375 0.6171074812499999 0.24806357656250003 0.6257583578125 0.23566115 0.6509872984375 0.233044328125 0.6927943015625 0.2227925390625 0.7355387609374999 0.2285275671875 0.782246815625 0.2349794734375 0.8347933765625 0.24929944218750003 0.8567412203125 0.2774555953125 0.8651371343750001 0.3242153890625 0.835689640625 0.3490202421875 0.7852317609374999
3 0.6940100671875 0.6599009390624999 0.7042618593750001 0.617156478125 0.7061618015625 0.5695109671874999 0.705678015625 0.5340112 0.7020936234375 0.5048186640625001 0.69684238125 0.4936103796875 0.6906411671875 0.5062248484375 0.6851568328125001 0.5246778265625001 0.6706037703125001 0.532391246875 0.6453151312500001 0.5473493578124999 0.630045190625 0.549224271875 0.6116746421875 0.5574064187500001 0.6054734296875 0.5700208875 0.60834094375 0.593374915625 0.6119253359375 0.6225674484375 0.61789345625 0.6396142421875 0.6252953328124999 0.668338046875 0.6365146953124999 0.6965931249999999 0.6501177874999999 0.712702459375 0.6713558484375 0.7278743390625 0.6859089109375 0.72016091875 0.6940100671875 0.6599009390624999
3 0.894221346875 0.8071874078124999 0.9042400468749999 0.794104209375 0.9078068375000001 0.72847445 0.905889296875 0.6812976671875 0.905638603125 0.6161366375 0.8960860890625 0.5698973109375001 0.887967334375 0.5353349984375 0.878181728125 0.5187569359374999 0.8660123937499999 0.5143246125000001 0.8392899968749999 0.5176057109375 0.8132844796875001 0.526725315625 0.8101838718750001 0.5330325499999999 0.8085170234374999 0.5510167984375001 0.8068501734375 0.569001046875 0.8118683234375 0.60987059375 0.815452715625 0.639063128125 0.8207039578125 0.6502714140625 0.8273889562500001 0.6731567125 0.8545951374999999 0.705375384375 0.8612801375 0.7282606828125 0.8770338640625001 0.7618855390625 0.8851526203125 0.7964478500000001 0.894221346875 0.8071874078124999
3 0.1566770265625 0.6073465734375 0.183399421875 0.604065475 0.1836325140625 0.5744042125 0.1733631234375 0.5223263796875 0.17001182343750001 0.4634725859375 0.162126159375 0.3992490109375 0.161642375 0.36374924218750004 0.1396874328125 0.3427388546875 0.1229837375 0.3329367546875 0.1112981875 0.3640042015625 0.0934114265625 0.40768611874999994 0.09819648125 0.4782169265625 0.113717115625 0.5415030453125 0.118735265625 0.5823725921875 0.128520871875 0.5989506578125 0.1566770265625 0.6073465734375
3 0.7448028390625 0.5055011609375 0.773192084375 0.48423581562500007 0.7638726640625 0.4083352265625 0.75288639375 0.3504188875 0.7395163953125 0.3046482890625 0.7244795484375001 0.276861940625 0.7039583656249999 0.26752856875000003 0.684154059375 0.264033703125 0.657198571875 0.2969760625 0.65934920625 0.3144915828125 0.66603420625 0.33737688125 0.6939748671875 0.470256353125 0.7006598656249999 0.4931416515625 0.726432290625 0.513683309375 0.7448028390625 0.5055011609375
3 0.4224672328125 0.5628585828125 0.4537239921875 0.5649472640625001 0.49571632968749996 0.559791253125 0.5317405453124999 0.53758845 0.5486773375 0.5177292890625 0.55129415625 0.475922284375 0.53720728125 0.4243131796875 0.52096976875 0.3551885546875 0.513567890625 0.3264647484375 0.5061660140625001 0.29774094375 0.4873116796875 0.27042332343750003 0.45915552656249997 0.2620274078125 0.439351221875 0.2585325421875 0.41334570312499996 0.267652146875 0.394025184375 0.29965704843749996 0.3883077578125 0.34777128749999997 0.3856909359375 0.389578290625 0.3890422375 0.44843208749999997 0.3916766578125 0.5014473765624999 0.41029789687499996 0.5584262609375 0.4224672328125 0.5628585828125
3 0.1993862421875 0.6080290703125 0.20988872656250002 0.6304456390625 0.2296930296875 0.6339405046875 0.251164184375 0.619451121875 0.267151003125 0.623414715625 0.2795534296875 0.5981857765624999 0.30650891874999997 0.565243415625 0.3060251328125 0.529743646875 0.2957557421875 0.47766581406249997 0.27736759375000003 0.3910256703125 0.263047625 0.3690778265625 0.2367914125 0.3130364 0.21555335156250002 0.297864521875 0.188114078125 0.2953071125 0.170460409375 0.3093277671875 0.1625923453125 0.3399264859375 0.164043703125 0.4464257921875 0.1721624578125 0.4809881046875 0.17789748593750002 0.527696159375 0.188166878125 0.579773990625 0.1993862421875 0.6080290703125
3 0.32536325312500003 0.5925610375 0.355903134375 0.5888112109375 0.39717859375 0.57781669375 0.40958101874999997 0.552587753125 0.397644778125 0.51849416875 0.3926266296875 0.477624621875 0.3907090859375 0.430447840625 0.3811565734375 0.3842085140625 0.3646859671875 0.34474515 0.3510828765625 0.328635815625 0.3343791796875 0.3188337140625 0.316958603125 0.30319310625 0.3000218125 0.32305226875000004 0.29025380625 0.401296496875 0.2945550765625 0.4363275390625 0.29360510624999997 0.46015029375000005 0.3060251328125 0.529743646875 0.3110432828125 0.5706131953125 0.32536325312500003 0.5925610375
3 0.612158428125 0.5929061875 0.6064234 0.546198134375 0.5890028234375 0.5305575265625 0.5608466703125 0.522161609375 0.547960459375 0.51189078125 0.5317405453124999 0.53758845 0.5140868765625 0.5516091046875 0.5253062390625 0.5798641812499999 0.5303243890625 0.6207337296875 0.52770756875 0.662540734375 0.529858203125 0.680056253125 0.54346129375 0.6961655890625 0.56469935625 0.71133746875 0.591421753125 0.7080563703125 0.6176603640625 0.669275503125 0.6164596984374999 0.627937228125 0.612158428125 0.5929061875
3 0.1832015296875 0.8233713234375 0.210873896875 0.7962674703125 0.216591325 0.74815323125 0.23066060156249998 0.70494004375 0.236378028125 0.6568258046875 0.23279363593750002 0.6276332703125 0.2137062109375 0.6299769109375 0.19556875468749998 0.6084977984375 0.18721690625 0.603596746875 0.168846359375 0.6117788953125001 0.1459414484375 0.614591265625 0.1435577203125 0.6267370062500001 0.141657778125 0.674382515625 0.139757834375 0.7220280265625 0.1378578921875 0.7696735390625 0.1428760421875 0.8105430859375 0.163397225 0.8198764578125 0.1832015296875 0.8233713234375
3 0.8531261812500001 0.504053784375 0.8676792437499999 0.4963403640625 0.8657617 0.44916358125 0.8488073093749999 0.37420045156250004 0.8416385249999999 0.3158153828125 0.8373372531250001 0.2807843421875 0.8268347687500001 0.25836777187500004 0.813231678125 0.242258434375 0.793427375 0.23876356875 0.7817418265625 0.2698310171875 0.7662387921875 0.30136719218749997 0.7590876078125001 0.33780441875 0.76100515 0.3849812 0.7712745421875 0.4370590328125 0.786311390625 0.46484538124999997 0.8166181781249999 0.49075681718749997 0.8531261812500001 0.504053784375
3 0.82428835 0.6794639484375 0.8149689296875 0.603563359375 0.8085170234374999 0.5510167984375001 0.79824763125 0.498938965625 0.7877451468750001 0.4765223953125 0.7696076921875 0.45504328125000004 0.774858934375 0.4662515671875 0.773192084375 0.48423581562500007 0.7593559015625 0.49778774062500003 0.7448028390625 0.5055011609375 0.7187973203125 0.5146207656249999 0.7066279859375 0.5101884437499999 0.7049611375 0.5281726921875001 0.7016274375 0.5641411890625 0.7013943453125 0.5938024515625 0.7064124953124999 0.6346719984375 0.71978249375 0.6804425968750001 0.736253096875 0.719905959375 0.7641761578125 0.7579631375 0.7923323109375 0.766359053125 0.816904071875 0.745562434375 0.82428835 0.6794639484375
3 0.59663779375 0.52962006875 0.6262277046875 0.549693 0.649132615625 0.5468806296875 0.6675031625 0.53869848125 0.6882574390625 0.5183705921875 0.6894405031249999 0.46488657343749995 0.683705475 0.4181785203125 0.6741529625 0.37193919375 0.6653173265625 0.331538375 0.658632328125 0.308653075 0.6495636015625 0.29791351875 0.63524363125 0.2759656765625 0.613288690625 0.2549552921875 0.6004024796875 0.24468446250000003 0.5774975671875 0.24749683125000002 0.5598438984375 0.26151748750000003 0.5352721375 0.2823141046875 0.5228697109375 0.3075430453125 0.525020346875 0.3250585640625 0.53385598125 0.365459384375 0.539591009375 0.41216743906250003 0.549143521875 0.4584067640625 0.5632303984375 0.5100158687499999 0.59663779375 0.52962006875
3 0.9390283984375 0.5409185453124999 0.9552483109375001 0.515220878125 0.9490294953125 0.433013053125 0.9373263484375001 0.3692582078125 0.9256232000000001 0.3055033609375 0.9113032296875 0.28355551874999996 0.9008007453125 0.2611389484375 0.8924488953124999 0.2562378984375 0.8755121062500001 0.276097059375 0.8638265578125001 0.30716450625 0.8528578874999999 0.344070459375 0.8600266718749999 0.40245552812499996 0.8702960640624999 0.45453336093749996 0.88676666875 0.49399672343749995 0.90633788125 0.52715285 0.9390283984375 0.5409185453124999
3 0.520771875 0.574494403125 0.5148037546875 0.5574476109375001 0.47591202499999996 0.5562963875 0.4468059015625 0.5717232265625001 0.4375040796875 0.5906449312500001 0.4387047453125 0.6319832078125 0.43990540781250004 0.6733214828125 0.4463573140625 0.72586804375 0.45232543593749996 0.7429148359375 0.4759472265625 0.7459409734375 0.5095877140625 0.7358839109375 0.529858203125 0.680056253125 0.5303243890625 0.6207337296875 0.520771875 0.574494403125
3 0.4336865953125 0.591113659375 0.41483226249999994 0.5637960390625001 0.3988454421875 0.5598324453125 0.35972061875 0.5883424828125 0.3489850421875 0.5955871734375 0.35638692031249997 0.6243109796875 0.360688190625 0.6593420203125 0.36880694687500004 0.6939043328125 0.3707244890625 0.741081115625 0.3714413671875 0.7469196218749999 0.39196255 0.75625299375 0.415584340625 0.75927913125 0.4408729796875 0.7443210203125 0.4406222859375 0.679159990625 0.4425222296875 0.6315144796875 0.4336865953125 0.591113659375