3 0.5352007890625 0.40279145312500003 0.5523953640625 0.39245990937499997 0.5627084109375 0.38041260781249997 0.5661399265625 0.3666495484375 0.56957144375 0.3528864859375 0.564405671875 0.3442891984375 0.5506426109375 0.3408576828125 0.533448034375 0.35118922656249996 0.5300165171875 0.3649522875 0.5179877140625 0.38388111875 0.514556196875 0.397644178125 0.5214377265625 0.3993599359375 0.5352007890625 0.40279145312500003
3 0.500867128125 0.511180175 0.5232274765625 0.50944591875 0.5318247640625 0.5042801453125 0.5421378109375 0.49223284375 0.5455693265625 0.478469784375 0.5404035546875 0.469872496875 0.5352377828125 0.461275209375 0.5300720109375 0.4526779203125 0.5214747234375 0.45784369218750004 0.5128774359375 0.4630094640625 0.4956828578125 0.4733410078125 0.4922513421875 0.4871040671875 0.4871040671875 0.5077486578125 0.500867128125 0.511180175
3 0.58003246875 0.574774209375 0.5972270453124999 0.564442665625 0.6075400906249999 0.5523953640625 0.6109716078125 0.5386323046875 0.6058058359375 0.5300350171875 0.5954742921875 0.5128404390625 0.5817112328125 0.5094089234375 0.57311394375 0.51457469375 0.562800896875 0.526621996875 0.55936938125 0.5403850578125 0.5525063484375 0.5679111765625 0.5645536515625 0.5782242234375 0.58003246875 0.574774209375
3 0.636800465625 0.58161874375 0.6471135140625 0.56957144375 0.6505450296874999 0.5558083828125 0.6384977265625 0.5454953375 0.626450425 0.535182290625 0.6161373796875 0.5472295921875 0.6075400906249999 0.5523953640625 0.593795528125 0.578205725 0.5903640125 0.591968784375 0.60929284375 0.6039975890625 0.6247716624999999 0.600547575 0.636800465625 0.58161874375
3 0.63846073125 0.48701158125 0.648773778125 0.47496427968750005 0.6676841125 0.4577512046875 0.6797129171875 0.43882237343749997 0.6779786609375 0.41646202499999996 0.6728128890625 0.4078647375 0.6538840578125 0.39583593281249996 0.6401209984375 0.39240441718749997 0.6160448921875 0.40102020156249996 0.598850315625 0.41135174531249996 0.58338999375 0.4440436375 0.588555765625 0.45264092656250005 0.5988873109374999 0.46983550156250004 0.6178161421875 0.48186430625 0.63846073125 0.48701158125
3 0.5868215109375 0.4302805765625 0.598850315625 0.41135174531249996 0.6177606499999999 0.394138671875 0.6143106375 0.3786598546875 0.602263334375 0.3683468078125 0.5799029859375 0.37008106406249996 0.56442416875 0.37353107812499997 0.5437980765625 0.39762568125 0.54553233125 0.419986028125 0.5644611625 0.43201483281249997 0.57134269375 0.433730590625 0.5868215109375 0.4302805765625
3 0.7382706640625 0.5557528890625 0.74515219375 0.5574686484375 0.7606310109375001 0.554018634375 0.772659815625 0.535089803125 0.77609133125 0.52132674375 0.78123860625 0.500682153125 0.784670121875 0.4869190921875 0.7709070625 0.4834875765625 0.7623097750000001 0.48865335 0.74683095625 0.4921033625 0.727920621875 0.5093164359375 0.7227733468750001 0.529961025 0.7210575890625 0.5368425546875 0.7262233609375001 0.54543984375 0.7382706640625 0.5557528890625
3 0.6677211078124999 0.5162349609375 0.700413 0.53169528125 0.714176059375 0.535126796875 0.7262048625 0.516197965625 0.7416651828124999 0.48350607500000004 0.7468124578124999 0.462861484375 0.7295993843749999 0.44395115 0.7175520828125 0.433638103125 0.7020732656249999 0.4370881171875 0.677997159375 0.44570390312499997 0.6676841125 0.4577512046875 0.657371065625 0.4697985078125 0.6470580203125 0.48184580937500004 0.6453422625 0.48872733906250004 0.6677211078124999 0.5162349609375
3 0.8328593296875001 0.5281712781250001 0.836290846875 0.51440821875 0.8242435453124999 0.5040951734375 0.808764725 0.5075451859375 0.7932859078125001 0.5109952 0.7846886203125 0.516160971875 0.77609133125 0.52132674375 0.764062528125 0.540255575 0.7606310109375001 0.554018634375 0.7657967828125 0.562615921875 0.769246796875 0.578094740625 0.7761283265625 0.5798105 0.8002044343750001 0.5711947125 0.8191147671874999 0.5539816390625 0.8328593296875001 0.5281712781250001
3 0.5318432609375 0.533522025 0.5456063203125 0.536953540625 0.5610851390625 0.533503528125 0.571398184375 0.5214562265625 0.5817112328125 0.5094089234375 0.5696639296875 0.4990958765625 0.557616628125 0.48878283125 0.5507350984375 0.487067071875 0.5352562796875 0.4905170859375 0.533540521875 0.497398615625 0.53010900625 0.5111616765625 0.5266774890625 0.5249247375 0.5318432609375 0.533522025
3 0.6781081437500001 0.6211551703125 0.6901554453125 0.63146821875 0.7056342625 0.628018203125 0.7159473109375 0.6159709015625 0.7193788265625 0.6022078421875 0.70044999375 0.5901790375 0.6935684640625001 0.5884632796875 0.69185270625 0.595344809375 0.6901369484375001 0.6022263390625 0.6867054312499999 0.6159893984375 0.6798239015624999 0.614273640625 0.6781081437500001 0.6211551703125
3 0.688421190625 0.60910786875 0.69185270625 0.595344809375 0.6884026921874999 0.5798659921875 0.667758103125 0.5747187171875 0.6557108015625001 0.564405671875 0.6453977546874999 0.5764529734375 0.6419662390624999 0.5902160328125 0.63336895 0.595381803125 0.6437004953125001 0.6125763796875 0.6712266140625001 0.6194394125 0.688421190625 0.60910786875