3 0.40512925 0.4136316703125 0.4632068375 0.42011072968749996 0.48502169687499996 0.420491509375 0.5069319234375 0.4154086421875 0.5183161953125001 0.3882807890625 0.522428846875 0.3610260078125 0.5120936281249999 0.328053728125 0.5017584078125 0.2950814453125 0.4948682609375 0.273099925 0.4772614234375 0.240000715625 0.4630042890625 0.2233559171875 0.4448252390625 0.22303860000000003 0.426455453125 0.23364858281249998 0.41516655 0.2553127859375 0.40359154375 0.2933679359375 0.3958430828125 0.320559253125 0.380536896875 0.3640145890625 0.390872115625 0.3969868703125 0.40512925 0.4136316703125
3 0.6780057203125 0.40746411875 0.710728009375 0.4080352890625 0.7327336046874999 0.397488771875 0.73703699375 0.35930669375 0.7342594984375 0.31007039375 0.7276554578125001 0.2716979265625 0.713779796875 0.233198534375 0.69961803125 0.2110900859375 0.677898540625 0.2052456578125 0.6738812578125 0.22703678906250002 0.6586704390625 0.265028475 0.6468093265625 0.319474571875 0.6463324859374999 0.34679281562500003 0.6530318937499999 0.37970163281249997 0.6527457890624999 0.3960925796875 0.6780057203125 0.40746411875
3 0.1872667671875 0.393432925 0.20946309843750002 0.3719591109375 0.22429244218750002 0.35582201874999997 0.217402296875 0.333840496875 0.2067809734375 0.31725916249999997 0.19998619374999999 0.2898139921875 0.20055840468750002 0.2570321 0.2010352453125 0.22971385781250003 0.197876278125 0.2023321515625 0.1908907640625 0.1858142796875 0.1765382609375 0.174633128125 0.1616135484375 0.19623386874999998 0.1464980984375 0.2287619078125 0.14602125625 0.25608015 0.1451629421875 0.30525298749999996 0.1475589640625 0.3763438828125 0.15808491875 0.3983888671875 0.1872667671875 0.393432925
0 0.5186023 0.37188984375 0.5153479640625 0.3499717859375 0.5154433328125 0.3445081359375 0.511807521875 0.3444446734375 0.50807634375 0.349844859375 0.504154428125 0.36617234062500004 0.5038683234375 0.3825632859375 0.5108538390625 0.39908115781250003 0.5183161953125001 0.3882807890625 0.5186023 0.37188984375
0 0.24889660937500002 0.613121209375 0.256645071875 0.5859298921875 0.2499456609375 0.5530210734375001 0.250327134375 0.5311664796875 0.2507086078125 0.509311884375 0.217700215625 0.5251316625 0.2064113109375 0.5467958671875001 0.1803884328125 0.5791335140625 0.172830709375 0.595397534375 0.175894309375 0.6282428890625 0.1754174671875 0.6555611328125 0.19666011562500002 0.688723803125 0.22239688906250002 0.6727771 0.2411481484375 0.6403125265625 0.24889660937500002 0.613121209375
3 0.684621575 0.6535186953125 0.691320984375 0.6864275140625 0.7092139296875 0.7031357765624999 0.7239479046875 0.6924623328124999 0.7426037953125 0.66546140625 0.7541788031250001 0.62740625625 0.7623087390625 0.5783603453125 0.7665167578125 0.5456419171875 0.7597219796875 0.518196746875 0.73092160625 0.5012980953125 0.7020258640625 0.4898630921875 0.691118434375 0.48967270156250003 0.683369975 0.5168640171875001 0.6829885015625 0.5387186125000001 0.6788758484375 0.5659733921875 0.6746678296875 0.5986918203125 0.67409561875 0.6314737109374999 0.684621575 0.6535186953125
3 0.2917633796875 0.6575919578125 0.3133875015625 0.668900034375 0.3428554546875 0.6475531453125 0.3436184 0.6038439578125 0.34466745312499997 0.5437438234374999 0.33815877968749997 0.49990770781249994 0.327918928125 0.46147177812500006 0.3136617953125 0.44482697812499994 0.2880203890625 0.4553100328125 0.27673148593749997 0.4769742375 0.26190214218749996 0.4931113296875 0.25424905 0.514838996875 0.250327134375 0.5311664796875 0.2602808796875 0.58599335625 0.274156540625 0.6244927484375 0.2917633796875 0.6575919578125
3 0.329254084375 0.384980696875 0.3582451953125 0.39095205312500003 0.3765196125 0.3858057203125 0.3841727046875 0.3640780515625 0.39173043125 0.3478140328125 0.3958430828125 0.320559253125 0.3855078625 0.28758697031249997 0.378903821875 0.2492145046875 0.375744853125 0.2218327984375 0.3687593390625 0.2053149265625 0.358042646875 0.1941972375 0.33967286093750004 0.20480722031249998 0.317476528125 0.226281034375 0.30197960625000003 0.280663665625 0.29404040781249996 0.31878228124999997 0.2931820921875 0.36795511875 0.3112657734375 0.3737360828125 0.329254084375 0.384980696875
3 0.3859129625 0.6810965984374999 0.40399664218750003 0.6868775640625 0.41538091406250005 0.659749709375 0.43078246875000004 0.610830725 0.4351812234375 0.567185 0.43938924375 0.5344665703125 0.43613490781250003 0.5125485125 0.41097034375 0.495713325 0.37853416093750003 0.47875120937500004 0.3604504796875 0.47297024375 0.3493523140625 0.48370715156250005 0.35576561875 0.533006915625 0.3589245875 0.5603886218749999 0.358066271875 0.609561459375 0.361034503125 0.6478704625 0.3679246484375 0.6698519828125 0.3859129625 0.6810965984374999
3 0.7438317703124999 0.3867518640625 0.7875568562499999 0.382049775 0.8133889984374999 0.3606394234375 0.8212328296875 0.327984459375 0.8221865125000001 0.273347971875 0.815296365625 0.2513664515625 0.8012299671875001 0.2237943546875 0.7907993796875 0.1962857234375 0.7877357796875 0.1634403671875 0.766111659375 0.152132290625 0.7510915781249999 0.1791966796875 0.7432477484375 0.21185164531249998 0.73521318125 0.25543390781249997 0.7308144249999999 0.2990796328125 0.737513834375 0.3319884515625 0.733210446875 0.370170528125 0.7438317703124999 0.3867518640625
3 0.24889660937500002 0.613121209375 0.256645071875 0.5859298921875 0.2499456609375 0.5530210734375001 0.250327134375 0.5311664796875 0.2507086078125 0.509311884375 0.217700215625 0.5251316625 0.2064113109375 0.5467958671875001 0.1803884328125 0.5791335140625 0.172830709375 0.595397534375 0.175894309375 0.6282428890625 0.1754174671875 0.6555611328125 0.19666011562500002 0.688723803125 0.22239688906250002 0.6727771 0.2411481484375 0.6403125265625 0.24889660937500002 0.613121209375
3 0.8170248093750001 0.3607028859375 0.8386489312500001 0.3720109640625 0.86400423125 0.37791885625 0.8897410046875001 0.36197215312500003 0.8941397609375 0.3183264265625 0.884186015625 0.2634995515625 0.8741369015625 0.214136325 0.87116866875 0.175827321875 0.849830653125 0.1481282984375 0.842272928125 0.1643923171875 0.8305071828124999 0.21337476406250003 0.8224726171875 0.25695702656249997 0.8179784921875 0.3060664015625 0.82085135625 0.349839053125 0.8170248093750001 0.3607028859375
3 0.6403242796875 0.691002678125 0.6587894328125 0.674929046875 0.6704598109375 0.6314102484374999 0.6750493015625 0.5768372265624999 0.679352690625 0.5386551484375001 0.6834653421875 0.5114003703125001 0.683846815625 0.489545775 0.6693989453125 0.4838282734375 0.6474887171875 0.4889111421875 0.6291189328125 0.499521121875 0.6000324531250001 0.499013415625 0.5994602437500001 0.5317953078125 0.5985065609375 0.58643179375 0.6088417796875001 0.6194040765625 0.6119053796875 0.6522494296875 0.6223359671875001 0.6797580625 0.6403242796875 0.691002678125
3 0.5394634765624999 0.4269071078125 0.553911346875 0.4326246109375 0.5795527515625001 0.4221415546875 0.619642028125 0.41737600468749997 0.63810718125 0.4013023734375 0.649205346875 0.39056546718749996 0.6462371171875 0.3522564640625 0.6322660875 0.31922071875 0.6218355 0.29171208593750003 0.6113095421875 0.26966710156249996 0.6009743234375 0.23669482031250003 0.59025763125 0.22557713281249997 0.5758097609374999 0.2198596296875 0.561075784375 0.230533075 0.5495961453125 0.2631245765625 0.538211875 0.2902524296875 0.5267322359375 0.32284393125 0.5188884046875 0.355498896875 0.5183161953125001 0.3882807890625 0.52157053125 0.410198846875 0.5394634765624999 0.4269071078125
3 0.5826281640625 0.662669021875 0.59783898125 0.6246773343750001 0.5984111921874999 0.5918954421875 0.59926950625 0.5427226046875 0.5959198015625 0.526268196875 0.5854892140625 0.4987595625 0.5711367109375 0.4875784140625 0.5490357484375 0.5035885796875 0.53076133125 0.5087349109375 0.5270301515625 0.5141350953125 0.519567796875 0.5249354671875001 0.522536028125 0.5632444703124999 0.5290447 0.6070805859374999 0.5429203609375 0.6455799796874999 0.56081330625 0.6622882421875 0.5826281640625 0.662669021875
0 0.229358778125 0.27393075312500004 0.2367257671875 0.26859403125000003 0.24399738593750003 0.2687209578125 0.2512690046875 0.268847884375 0.258540625 0.2689748109375 0.25863599375 0.2635111609375 0.25873136093750004 0.2580475125 0.24782393281249998 0.257857121875 0.23682113437500002 0.26313038125 0.2186420859375 0.262813065625 0.21491090625 0.26821324999999996 0.222087159375 0.2738038265625 0.229358778125 0.27393075312500004
3 0.23874031406250001 0.3615395203125 0.26763605468749996 0.37297452343750004 0.28600584218749997 0.36236454375 0.29729474375 0.34070033906249997 0.297962321875 0.3024547984375 0.29872526875 0.258745609375 0.2961385109375 0.1985820109375 0.2931702796875 0.1602730078125 0.2937424890625 0.12749111562499998 0.2869477125 0.1000459453125 0.265323590625 0.0887378703125 0.2504942453125 0.10487496249999999 0.235378796875 0.13740300156250002 0.22026334687500002 0.1699310390625 0.2048617921875 0.2188500234375 0.1968272265625 0.2624322859375 0.1996047203125 0.3116685859375 0.2101306765625 0.3337135703125 0.23874031406250001 0.3615395203125
3 0.4916375515625 0.6665460875 0.5069437375 0.623090753125 0.51880485 0.5686446562499999 0.5231082375 0.5304625796875 0.5125822828125 0.5084175953125001 0.483495803125 0.5079098890625 0.45431395625000004 0.5128658296874999 0.443311159375 0.5181390890625 0.44264358125000003 0.556384628125 0.44513496874999997 0.6220118765625 0.455470190625 0.6549841578125 0.46236033593750003 0.676965678125 0.47680820625000003 0.6826831796875 0.4916375515625 0.6665460875