3 0.5125083140625 0.4234794 0.5114128046874999 0.48030117499999997 0.513462090625 0.5011777796875 0.5480788953125 0.5042063578125 0.622057328125 0.500329975 0.6494307640625 0.49755051093749997 0.6853953374999999 0.4851740171875 0.7084732078125 0.48719306875 0.7166150874999999 0.4827310609375 0.734246615625 0.458401975 0.7394406953125 0.4433334109375 0.74143471875 0.3762415875 0.737785403125 0.3293533515625 0.7341360875 0.2824651171875 0.7295882578125 0.24584692968750002 0.72209263125 0.1986221859375 0.7094029234375 0.16646600625000002 0.7001102703125001 0.139781359375 0.6462619093749999 0.1350702375 0.6338244609375 0.1443307609375 0.617540703125 0.1532547734375 0.6008076875 0.1673138109375 0.580677615625 0.175901315625 0.5711879671875 0.195768396875 0.554454953125 0.209827434375 0.538423453125 0.2601681515625 0.527136778125 0.3005753265625 0.519247159375 0.3464540375 0.5125083140625 0.4234794
3 1 0.0880446125 0.999168796875 0.0883306546875 0.9733953890624999 0.11712174687500002 0.9342860203125 0.16544341093749998 0.9205008046875 0.19010900625 0.9157559796875001 0.20004254531250001 0.9148574671875 0.21031259375000003 0.918057525 0.262335853125 0.9174112734375001 0.3140226046875 0.9111216843750001 0.38591294375 0.909773915625 0.4013180171875 0.928556215625 0.40813558437499997 0.9473385171875 0.4149531515625 0.9699671296875 0.4221072265625 1 0.4159836125 1 0.0880446125
3 0.13936082656249998 0.30286963125 0.13711454375 0.3285447515625 0.13441900625 0.359354896875 0.1346712671875 0.4007716 0.1521057984375 0.4229942390625 0.154604340625 0.43873582187500004 0.177682209375 0.4407548734375 0.2276842609375 0.4451294859375 0.258904009375 0.44268652968750005 0.263199578125 0.4378880140625 0.2828803921875 0.43443553437500004 0.28422816093750003 0.41903046093749996 0.2878222125 0.37795026875 0.30045665625 0.32213801875 0.3027029390625 0.296462896875 0.3053984765625 0.26565275312500003 0.3004013921875 0.234169590625 0.2825176046875 0.21708197343750002 0.2664308390625 0.1794542609375 0.26143375468749996 0.1479710984375 0.23630659999999998 0.125075440625 0.2132287296875 0.12305638906250001 0.2059853640625 0.117248346875 0.17771341406250002 0.130297859375 0.16437745312500002 0.14982843125 0.1535400359375 0.1851005828125 0.1474474421875 0.21043919375 0.145650415625 0.23097929218750002 0.14295487812500002 0.2617894375 0.13936082656249998 0.30286963125
3 0.44094195625 0.6655859484375 0.4635705671875 0.672740025 0.47306021718749997 0.6528729453125 0.49293802812500004 0.6028687374999999 0.511215809375 0.5268529015625 0.50846500625 0.46969461875 0.5107112890625001 0.44401949687500003 0.5000708656249999 0.432739921875 0.47699299531249995 0.4307208703125 0.4645555484375 0.43998139218750004 0.45641366874999995 0.4444433984375 0.44647476406250003 0.46944550312500005 0.4292924921875 0.48863956562500005 0.404417596875 0.507160609375 0.3928786625 0.506151084375 0.3736471046875 0.504468540625 0.36595448125 0.5037955234375 0.3680037671875 0.5246721296875 0.37844719375 0.5825034296875 0.3859428203125 0.629728175 0.38799210624999997 0.6506047796875001 0.421710396875 0.66390340625 0.44094195625 0.6655859484375
3 0.68050878125 0.6296277124999999 0.699291084375 0.6364452796875 0.7402527421875 0.655551946875 0.7531394453125 0.6411564000000001 0.760130553125 0.6055477390624999 0.764173859375 0.559332521875 0.7673186546874999 0.5233873515624999 0.7747590171875001 0.48264366562500005 0.7722604750000001 0.466902084375 0.74533629375 0.464546525 0.7290525359375 0.4734705375 0.71616583125 0.48786608593749997 0.704177640625 0.491991584375 0.6926387046875 0.49098205781250004 0.669111578125 0.4940980296875 0.6609697 0.4985600375 0.6523785640625 0.50815706875 0.6514800515625 0.518427115625 0.6501322828125 0.5338321890625 0.6517323109375 0.55984381875 0.6537815984375001 0.580720425 0.6703176171874999 0.6132131125 0.68050878125 0.6296277124999999
3 0.8382075578125001 0.6434245671875 0.8556420890625 0.66564720625 0.8710273359375 0.6669932421875 0.8909051453125001 0.6169890328125 0.90513961875 0.5871884140625 0.9107829562499999 0.566984825 0.9148262640624999 0.520769609375 0.913675490625 0.48962295312500004 0.9202173406249999 0.4591493171875 0.9254114203125001 0.44408075468749997 0.927208446875 0.42354065625 0.91611876875 0.41739610625 0.9093246593750001 0.40645304062500004 0.8921423859375001 0.4256471015625 0.88355125 0.435244134375 0.8745108578125 0.4499761890625 0.843740365625 0.44728412031250003 0.8082250484375001 0.45452559062500003 0.8116221031249999 0.45999712343750004 0.803480225 0.4644591296875 0.7953383453125 0.46892113750000003 0.7919412890624999 0.4634496046875 0.7842486656250001 0.46277658749999995 0.7799530984375 0.467575103125 0.7786053296875 0.48298017499999996 0.7768083031249999 0.5035202734374999 0.7784083328125 0.5295319015625 0.795842865625 0.5517545421875 0.812828140625 0.57911220625 0.829364159375 0.6116048953125001 0.8382075578125001 0.6434245671875
3 0.08831853125 0.4432852234375 0.11908902343750001 0.44597729218750004 0.1478102296875 0.42779275468750005 0.13037569843750002 0.40557011562499995 0.1321727234375 0.38503001875 0.13621603124999998 0.3388148 0.13936082656249998 0.30286963125 0.142505621875 0.2669244609375 0.143853390625 0.2515193890625 0.1370592796875 0.24057632343750002 0.13026516875 0.2296332578125 0.123471059375 0.21869019218750002 0.11712620468749999 0.20261210156249998 0.106935040625 0.186197503125 0.10014092968749999 0.1752544375 0.09244830625 0.17458142031249999 0.081358628125 0.16843687031250001 0.06597338281250001 0.167090834375 0.058280759375000005 0.16641781718749998 0.0505881359375 0.1657448 0.0381506875 0.175005321875 0.031159581250000002 0.21061398437499998 0.0201251671875 0.29243786250000003 0.0253745125 0.365337728125 0.028125315625 0.4224960109375 0.049406159375 0.4450551609375 0.08831853125 0.4432852234375
3 0.7427824875 0.360836515625 0.7407884640625 0.42792833906250005 0.75008111875 0.45461298437500003 0.7770052984375 0.45696854531250003 0.8279058625 0.45107310937499995 0.8754093703124999 0.4397061421875 0.9007335218750001 0.416050071875 0.9111216843750001 0.38591294375 0.9138172234375 0.35510279843750003 0.9135649609375 0.31368609687500004 0.9144082093750001 0.21544761875 0.903964784375 0.15761631874999998 0.894222875 0.13606669375 0.8745420609375 0.13951917656249999 0.853962734375 0.15324170625 0.826589296875 0.15602116875 0.8170996484374999 0.1758882484375 0.7913262390625 0.2046793421875 0.7775410234375 0.22934493749999998 0.750869103125 0.268406078125 0.741828709375 0.283138134375 0.7366346296875 0.2982066984375 0.7427824875 0.360836515625
3 0.5502387093750001 0.701019821875 0.573316578125 0.7030388734375 0.600690015625 0.7002594109375 0.61832154375 0.6759303234375 0.6303097359375001 0.6718048249999999 0.635953071875 0.6516012375 0.6386486109375 0.6207910921875001 0.64563971875 0.58518243125 0.6453874578125001 0.543765728125 0.6480829953125 0.5129555828125001 0.6485322515624999 0.507820559375 0.6331470046875001 0.506474525 0.6134661921875 0.5099270046875 0.594234634375 0.5082444625 0.5788493875 0.506898428125 0.5711567640624999 0.5062254109375 0.563464140625 0.5055523921875 0.5442325828125 0.50386985 0.5288473375 0.502523815625 0.513012834375 0.5063128046875 0.51711140625 0.548066015625 0.5200592046875 0.5586725734375 0.521209978125 0.5898192265625 0.5219114953124999 0.6261009046875 0.530305634375 0.6630556000000001 0.5502387093750001 0.701019821875
3 0.29391480625 0.3526116546875 0.28647444375000003 0.393355340625 0.2828803921875 0.43443553437500004 0.290123759375 0.44024357500000005 0.2976193859375 0.48746831874999996 0.36210816874999996 0.5034590156250001 0.4010205421875 0.501689078125 0.4292924921875 0.48863956562500005 0.44647476406250003 0.46944550312500005 0.45776143906250005 0.42903832656249996 0.47019888749999994 0.41977780468750003 0.48648264531249996 0.41085379062499994 0.4984708359375 0.4067282921875 0.502766403125 0.40192977812499997 0.5147545953125 0.3978042796875 0.5198934109375 0.2947672859375 0.496311021875 0.209914828125 0.48272280156249997 0.1880286984375 0.44695522343749994 0.153853465625 0.4286221796875 0.1419008734375 0.38970980625 0.1436708109375 0.349000409375 0.165980846875 0.33701221875 0.1701063453125 0.32527628750000004 0.21564854375000003 0.31443886875 0.250920696875 0.3121925875 0.2765958171875 0.31084481875000003 0.292000890625 0.3047522234375 0.31733950312500003 0.29391480625 0.3526116546875
3 0.1346400625 0.7112286125 0.150025309375 0.712574646875 0.179645028125 0.6841200625 0.1947780140625 0.6440493953125 0.21715436718749997 0.60978676875 0.23388738281250002 0.59572773125 0.24767260000000002 0.5710621359375 0.25036813750000003 0.5402519906250001 0.2535129328125 0.5043068203125001 0.24896510468750002 0.46768863437499997 0.24601730625 0.457082078125 0.21569607031250002 0.449254984375 0.1887718890625 0.4468994234375 0.158450653125 0.4390723296875 0.14736097343750001 0.432927778125 0.126781646875 0.446650309375 0.1104978875 0.4555743234375 0.10555606718749999 0.5120595890625 0.1092053828125 0.5589478234375 0.10336505 0.6257031390625001 0.10791287812499999 0.6623213265625 0.11675627343749999 0.6941409968750001 0.1346400625 0.7112286125
3 0.30022845781249996 0.679146759375 0.3165122171875 0.6702227453125 0.34523342343749996 0.6520382078125 0.3594678953125 0.6222375890625 0.36985605781249997 0.5921004609375 0.364409715625 0.5657523234374999 0.35941263125 0.5342691609375 0.36120965625 0.5137290625 0.33133767812500003 0.5007669453125 0.3087090640625 0.4936128703125 0.3010164421875 0.49293985156250003 0.29332381875 0.49226683437499996 0.29422233124999997 0.48199678749999997 0.2883267328125 0.4607836734375 0.2844804203125 0.4604471640625 0.280634109375 0.46011065625 0.2690951765625 0.4591011296875 0.256657728125 0.46836165156250004 0.2616548125 0.49984481406250003 0.2571622484375 0.55119505625 0.2617100765625 0.58781324375 0.269654959375 0.6299029625 0.2789476125 0.656587609375 0.30022845781249996 0.679146759375