3 0.2917926359375 0.5668622937500001 0.29891260000000003 0.57823401875 0.3095925453125 0.5952916046875 0.313252828125 0.60672371875 0.324033075 0.6295275546875 0.344891459375 0.6349114734375 0.358830484375 0.6404161687500001 0.37266920468750003 0.6401746125 0.3866082296875 0.6456793078125 0.40736631250000005 0.6453169734374999 0.42466471562499997 0.6450150296875 0.45580184062500007 0.644471528125 0.4762590203125 0.6268704421875 0.4899974421875 0.620882634375 0.4966159015625 0.6035231046875 0.5027328515625 0.5574323171875 0.50203074375 0.517208559375 0.5011280328125001 0.4654922984375 0.500526225 0.4310147921875 0.49230295 0.3564343046875 0.484581178125 0.310585075 0.47370062968750004 0.2820349859375 0.45590072187499997 0.25360567343749996 0.4206018078125 0.21398580625000002 0.3821441171875 0.1916650796875 0.36138603125 0.19202741406249998 0.34082855156249997 0.20388225000000001 0.330850715625 0.22704842187500002 0.31415411875 0.261827871875 0.30111780625 0.3080394375 0.284922715625 0.37155014531249997 0.285524521875 0.40602764999999996 0.282466046875 0.42907304531249996 0.279407571875 0.4521184390625 0.2796081734375 0.463610940625 0.283469059375 0.48653555624999995 0.2917926359375 0.5668622937500001
3 0.4916022625 0.712822653125 0.5014797984375 0.6839102296874999 0.5005770875 0.6321939703125 0.5001758828125 0.6092089656249999 0.4727993421875 0.6269308296875 0.4488824796875 0.6445923062500001 0.3622901640625 0.6403557796875 0.35923168906249997 0.6634011734375 0.3741737234375 0.7263683796875 0.4103753484375 0.8177045078124999 0.424514975 0.8347017046874999 0.445273059375 0.8343393718750001 0.46552963593749996 0.8052457828125 0.4916022625 0.712822653125
3 0.0481104765625 0.484895753125 0.06570978281249999 0.5018325625 0.11740439062500001 0.489434225 0.12412314843750001 0.4778209453125 0.1306413046875 0.45471516406249995 0.1288358828125 0.3512826421875 0.11815593906249999 0.33422505625 0.10737569218750001 0.31142121875 0.0931357640625 0.28867777031249997 0.082154915625 0.25438143125 0.07463374687499999 0.2200247015625 0.0603938203125 0.1972812515625 0.0427945125 0.1803444453125 0.032415471875000004 0.1805256109375 0.018376146875 0.1692746640625 0.0047380265625 0.18100872343750002 0.0056407375000000004 0.23272498281249998 0.009802525 0.2728883515625 0.0177248984375 0.330230084375 0.025546971875 0.3818255671875 0.0298090609375 0.4277351875 0.0481104765625 0.484895753125
3 0 0.5043634359375 0.0031854890625 0.6868599890625 0.034322615625000004 0.6863164875 0.058239475 0.6686550125 0.08175513125 0.6280085296875 0.101610503125 0.5759299375 0.1111871375 0.5297787625 0.10366596875 0.4954220328125 0.062250103125 0.5018929515624999 0.048311078125000004 0.49638825468750003 0.0373302296875 0.462091915625 0.03336904375 0.4334210484375 0.0262490796875 0.422049325 0.0159703375 0.42797674218750004 0.002833725 0.4684420578125 0 0.4960224390625 0 0.5043634359375
3 0.8600335250000001 0.80410769375 0.87642921875 0.7520894874999999 0.8858052484375 0.694445809375 0.884601634375 0.6254907968750001 0.883799225 0.5795207875 0.8857543874999999 0.49326663281250005 0.8745729375 0.447477790625 0.8614363218750001 0.487943103125 0.844840028125 0.52846880625 0.8381212687499999 0.5400820859375 0.793145421875 0.5408671421875 0.76882735625 0.5355436140625 0.7690279578125 0.547036115625 0.7730894453125 0.581453234375 0.774393359375 0.6561545 0.792393871875 0.6960763109375 0.8211746296875001 0.7588019625 0.8495541828125001 0.798542609375 0.8600335250000001 0.80410769375
3 0.7281644578125 0.78341746875 0.741702278125 0.7659371593750001 0.7442592484375 0.7141605109375 0.76391401875 0.6505894156250001 0.7703318734375 0.62173738125 0.77298914375 0.5757069828125 0.7654679765625 0.541350253125 0.7271105859375 0.5247757796875 0.71733335 0.559434453125 0.7006367546875001 0.5942139046875 0.6698005328125001 0.6119961578125 0.6490424499999999 0.6123584921874999 0.652903334375 0.6352831078125 0.6641850875 0.6868182 0.672107459375 0.744159934375 0.6934673515625 0.7782751078125 0.7146266406249999 0.800897778125 0.7281644578125 0.78341746875
3 0.2989634609375 0.779413196875 0.3025234421875 0.7850990578125 0.3130027859375 0.7906641421875 0.32674120625 0.7846763359375 0.3333596640625 0.7673168046875001 0.33265755625 0.727093046875 0.332356653125 0.7098542937500001 0.34569386875 0.6808814828124999 0.355872309375 0.6692078140625 0.3591313875 0.6576549218750001 0.358930784375 0.64616241875 0.3554711046875 0.6462228078125001 0.3380724 0.6407785015624999 0.324033075 0.6295275546875 0.32393277343750004 0.6237813046875 0.313353128125 0.6124699687499999 0.306233165625 0.6010982453125 0.295653521875 0.589786909375 0.2920935390625 0.5841010468750001 0.2919932390625 0.578354796875 0.281513896875 0.5727897109375 0.2711348546875 0.572970878125 0.2642154921875 0.57309165625 0.25729613281249997 0.573212434375 0.250477071875 0.5790794640625 0.2505773734375 0.5848257140625 0.2546388609375 0.61924283125 0.2587003484375 0.65365995 0.27324117812500004 0.6936421515625 0.28422202812499997 0.7279384921875 0.288283515625 0.762355609375 0.2989634609375 0.779413196875
3 0.5797485375 0.60782001875 0.607626584375 0.618829409375 0.6318443484375 0.6184066875 0.66970023125 0.60624990625 0.67661959375 0.606129128125 0.703996134375 0.5884072640625 0.71733335 0.559434453125 0.7271105859375 0.5247757796875 0.72274819375 0.4731199078125 0.7217451828125 0.41565739687500003 0.7172824890625 0.358255275 0.7090592140624999 0.28367478749999997 0.6982789671875 0.26087095 0.694718984375 0.2551850875 0.6767184734375 0.215263275 0.662578846875 0.1982660765625 0.648639825 0.19276138125 0.63124111875 0.187317075 0.6001039953125 0.1878605765625 0.5899255546875 0.1995342453125 0.566209296875 0.2286882234375 0.5424930390625 0.25784220156250004 0.5293564234375 0.298307515625 0.523139171875 0.3386520515625 0.5065428765625 0.37917775468750003 0.507244984375 0.4194015125 0.50609223125 0.5516256765625001 0.5205327609375 0.585861628125 0.5345720859374999 0.5971125749999999 0.5486114109375 0.6083635203125 0.5797485375 0.60782001875
3 0.136859978125 0.8109827328125 0.16177985 0.8507837671875 0.1858973140625 0.8446147937499999 0.2026942109375 0.81558159375 0.21858839687499998 0.7348321328125 0.23172501250000002 0.6943668187500001 0.23122350625000002 0.6656355640625 0.2510788796875 0.61355696875 0.2435577109375 0.579200240625 0.167143834375 0.5632900453125 0.15290390625 0.540546596875 0.13856367812499998 0.512056896875 0.1306413046875 0.45471516406249995 0.1141453109375 0.5009871171875 0.1111871375 0.5297787625 0.1082289625 0.5585704046875 0.10657470312499999 0.662063315625 0.11785645625 0.7135984078125001 0.1228206546875 0.7997317859375 0.136859978125 0.8109827328125
3 0.7375899296874999 0.5303408640625 0.7445092890625 0.5302200859374999 0.75142865 0.5300993093749999 0.76180769375 0.5299181421875 0.782666078125 0.5353020578125001 0.8069841421874999 0.5406255859375 0.8139035046875 0.5405048078125 0.8345612859375 0.5343962234374999 0.844840028125 0.52846880625 0.8613360203125 0.4821968515625 0.8711132562499999 0.44753817968750004 0.8701102437499999 0.3900756671875 0.8731687203125 0.36703027499999996 0.8691072328124999 0.33261315625 0.865246346875 0.3096885421875 0.8608839546875 0.25803266874999997 0.8568224671875001 0.223615553125 0.8496022015625 0.20649757656249998 0.8286435171875001 0.1953674078125 0.818264475 0.195548575 0.7976066921875 0.201657159375 0.7874282531250001 0.213330828125 0.7738904343749999 0.2308111390625 0.7537341578125 0.265650978125 0.743856621875 0.2945634015625 0.73051940625 0.3235362109375 0.72064186875 0.352448634375 0.71758339375 0.375494028125 0.7222466875 0.44438865312500003 0.727010284375 0.519029528125 0.730570265625 0.524715390625 0.7375899296874999 0.5303408640625
3 0.94893135 0.543895890625 0.9436662468750001 0.4405237609375 0.9369474875 0.452137040625 0.9267690500000001 0.46381070781249994 0.9166909109375 0.48123062968749997 0.90987185 0.48709765781250003 0.8891137671875 0.4874599921875 0.88921406875 0.49320624375 0.8899161765624999 0.53343 0.8907185859375 0.5794000109375 0.9054600203125001 0.6308747140625 0.926218103125 0.63051238125 0.9429146984375001 0.5957329296875 0.94893135 0.543895890625
3 0.8782332187499999 0.458909903125 0.885453484375 0.476027878125 0.8925734468750001 0.48739960312499997 0.9029524906249999 0.48721843593749997 0.90987185 0.48709765781250003 0.9302287296875 0.46375031875 0.940206565625 0.44058415 0.9565019578125 0.38281969375 0.966078590625 0.3366685171875 0.9756552234375 0.29051734218749997 0.981772175 0.244426553125 0.9844294453125 0.19839615625 0.9733482953125 0.158353565625 0.962969253125 0.1585347328125 0.9526905140625 0.1644621515625 0.9357933140625001 0.1877490984375 0.9156370375 0.22258894062499998 0.895781665625 0.274667534375 0.8724666125 0.326806515625 0.869307834375 0.344105659375 0.8767286999999999 0.3727161375 0.8702105453125 0.39582191875 0.8743723343750001 0.4359852875 0.8782332187499999 0.458909903125
3 0.170703815625 0.56897590625 0.1983812609375 0.5684927953125001 0.2192396453125 0.5738767124999999 0.2469170890625 0.5733936015625 0.2711348546875 0.572970878125 0.29169233437500003 0.5611160421875 0.2760481921875 0.457925078125 0.2788057640625 0.41764093124999996 0.2816636375 0.3831030359375 0.277903053125 0.365924671875 0.2670225046875 0.3373745828125 0.252782578125 0.314631134375 0.2314226875 0.2805159609375 0.203143434375 0.246521565625 0.1721066109375 0.25281131874999996 0.15846849062499999 0.264545375 0.1485909546875 0.29345779843750003 0.1387134203125 0.3223702203125 0.132395865625 0.3569685046875 0.130541003125 0.4489689125 0.1343015875 0.4661472765625 0.13846337656250002 0.5063106453125 0.149444225 0.5406069859375 0.170703815625 0.56897590625
3 0.551620446875 0.7807510546875001 0.5761391140625001 0.797567084375 0.603816559375 0.7970839734374999 0.617153775 0.7681111609375 0.626830709375 0.7277062375 0.636307040625 0.6758088109375 0.639365515625 0.6527634171875001 0.6421230875 0.61247926875 0.6075262828125 0.613083159375 0.5797485375 0.60782001875 0.5486114109375 0.6083635203125 0.5311124046875 0.5971729640625 0.5205327609375 0.585861628125 0.5097525140625 0.5630577890625 0.5062928328125 0.563118178125 0.503334659375 0.5919098234375 0.5038361640625 0.620641078125 0.5077973515624999 0.6493119453125 0.5158200265625 0.7123999296875 0.5337202359375001 0.7465754921875 0.551620446875 0.7807510546875001