3 0.2204876203125 0.5001218546875 0.2395833953125 0.4954544109375 0.2665443578125 0.4759219703125 0.28183843125 0.4711881671875 0.2827110515625 0.4211957828125 0.2756312171875 0.39106763437500003 0.26872590937499996 0.35094100781250004 0.2537808875 0.33567785625 0.2311451984375 0.32528122656249997 0.2159383875 0.325015790625 0.2078986734375 0.34987926406250003 0.19199376875000002 0.3896077375 0.17591433750000002 0.43933468593749997 0.1716763265625 0.46426451875 0.18247059999999998 0.49945826562500006 0.1976774078125 0.4997237015625 0.2204876203125 0.5001218546875
3 0.46034391250000006 0.484305515625 0.47546345937499995 0.48957018906250005 0.5058770765625 0.49010106093749994 0.5514975046874999 0.49089736874999995 0.5666170515625 0.49616204374999995 0.566791575 0.48616356562499996 0.5748312890625 0.4613000921875 0.5752676 0.43630389999999997 0.5719894703125 0.40624210937500005 0.5762274828125 0.3813122765625 0.5506627109375 0.3208569015625 0.52439984375 0.3003954359375 0.5016768921875 0.29499804375 0.48266838125 0.2946662484375 0.47108875 0.3044656484375 0.463049034375 0.3293291234375 0.458898284375 0.3492597171875 0.45474753437500004 0.3691903125 0.45820018906250004 0.389253625 0.4575893546875 0.4242482953125 0.45715304375 0.4492444875 0.45671673437500004 0.47424067968749994 0.46034391250000006 0.484305515625
3 0.2403309265625 0.6704941171875001 0.26357745 0.645896078125 0.2832840578125 0.606233965625 0.2875220703125 0.58130413125 0.29556178437499997 0.5564406578125001 0.30014884531249997 0.5115138703125 0.27768767968749997 0.49111876250000003 0.2588536921875 0.480788490625 0.23189272968750002 0.50032093125 0.23163094218750002 0.5153186468750001 0.2238530125 0.52518440625 0.2193532140625 0.5651119546875 0.21865511875000002 0.6051058625 0.217957021875 0.6450997703125 0.2403309265625 0.6704941171875001
3 0.1823833375 0.504457503125 0.18255786093749998 0.4944590265625 0.1752162421875 0.47932859375000003 0.1717635875 0.45926528125 0.179890565625 0.4294025671875 0.19173198281249998 0.40460545156250005 0.1881048046875 0.394540615625 0.16538185156250002 0.38914322343749996 0.15388948281249998 0.3939433859375 0.14602429374999998 0.4088083828125 0.1457625078125 0.4238060984375 0.14480262500000002 0.478797721875 0.1557714203125 0.503992990625 0.163374825 0.504125709375 0.1823833375 0.504457503125
3 0.6580324296875 0.48775618125 0.6730647140625 0.49802009375 0.6842952984374999 0.5082176484375001 0.703303809375 0.5085494421875 0.7186851421875 0.4988164015625 0.7228358921875 0.47888580625 0.7194705 0.4538232546875 0.7198195484375 0.4338263015625 0.7124779296875 0.41869586875 0.7088507515625 0.4086310328125 0.7052235734375001 0.398566196875 0.7016836578125 0.383502121875 0.70194544375 0.36850440624999997 0.7022072296874999 0.353506690625 0.702381753125 0.3435082140625 0.6987545749999999 0.333443378125 0.6913256953125 0.32331218281249996 0.6799205890625 0.32311310625 0.65693585 0.3327134296875 0.645007171875 0.362509784375 0.6369674578125 0.3873732578125 0.625038778125 0.41716961250000006 0.6319440875 0.45729623750000004 0.6317695624999999 0.4672947140625 0.6392857046875 0.472426671875 0.6430874078125 0.47249302968749995 0.65060355 0.47762498593749997 0.6580324296875 0.48775618125
3 0.7186851421875 0.4988164015625 0.7109072125 0.5086821609375 0.71842335625 0.5138141171874999 0.7411463078125 0.519211509375 0.7527259390625 0.509412109375 0.7570512125 0.4794830375 0.7580983578125 0.41949217499999997 0.7509312625 0.394363265625 0.747391346875 0.379299190625 0.721128478125 0.358837725 0.7059216703125 0.3585722890625 0.70185818125 0.3735036453125 0.7088507515625 0.4086310328125 0.7198195484375 0.4338263015625 0.7228358921875 0.47888580625 0.7186851421875 0.4988164015625
3 0.7597185078125 0.5445394968749999 0.7526386765625 0.5144113484374999 0.744948009375 0.5192778687499999 0.7297412015625 0.5190124328125 0.7260267609375 0.513946834375 0.714534390625 0.518746996875 0.7254159265625 0.5489415046875 0.728257746875 0.6039994859375 0.747004471875 0.619328996875 0.7548696625 0.604464 0.7592821984375 0.5695356890625 0.7597185078125 0.5445394968749999
3 0.7047494359375001 0.6435952406250001 0.7243687828125001 0.6089323656250001 0.72463056875 0.59393465 0.7255031890625 0.5439422656249999 0.7109072125 0.5086821609375 0.703216546875 0.51354868125 0.6842952984374999 0.5082176484375001 0.6692630125 0.4979537359375 0.6653740484374999 0.5028866140625 0.6651995234375 0.5128850921875 0.668477653125 0.54294688125 0.66812860625 0.5629438359375001 0.6677795578125 0.5829407890625 0.6786610937499999 0.613135296875 0.69723329375 0.638463284375 0.7047494359375001 0.6435952406250001
3 0.34646736875 0.4723162703125 0.3462928453125 0.48231474687500003 0.35761068906250004 0.4875130625 0.3689285328125 0.492711378125 0.399254890625 0.49824148749999997 0.40685829375000004 0.49837420625 0.44504984218750004 0.48903931875 0.45697852031249997 0.45924296406250004 0.4574148296875 0.434246771875 0.4545730109375 0.3791887890625 0.44369147656249996 0.34899428125 0.4327226796875 0.3237990125 0.414150478125 0.298471025 0.39911819375 0.2882071125 0.3799351578125 0.2978737953125 0.34856165781250004 0.352334546875 0.3442363828125 0.38226361875000003 0.33610940624999996 0.41212633125 0.3357603578125 0.43212328437499997 0.335498571875 0.447121 0.342927453125 0.45725219531250005 0.34646736875 0.4723162703125
3 0.3689285328125 0.492711378125 0.350007284375 0.48738034375000006 0.335585834375 0.44212176249999996 0.33610940624999996 0.41212633125 0.34026015625 0.3921957359375 0.32548965625 0.3669341078125 0.306219359375 0.381600028125 0.29852869375 0.3864665484375 0.290663503125 0.401331546875 0.28262378906249996 0.426195021875 0.282187478125 0.4511912140625 0.2814021203125 0.49618435937500005 0.30014884531249997 0.5115138703125 0.3266735 0.516977621875 0.3685794859375 0.51270833125 0.3689285328125 0.492711378125
3 0.15196971875 0.5039266328124999 0.15205698125 0.49892739375 0.14480262500000002 0.478797721875 0.1451516734375 0.4588007671875 0.1456752453125 0.42880533749999994 0.14204806718750002 0.4187405015625 0.1231268171875 0.41340946718750005 0.11526162656250001 0.42827446562500004 0.1111981375 0.443205821875 0.11076182812499999 0.4682020140625 0.11023825625000001 0.4981974453125 0.11740535 0.5233263546875 0.144017265625 0.52379086875 0.15196971875 0.5039266328124999
3 0.5641737140624999 0.6361407203125 0.5795550484375 0.6264076796875 0.59908713125 0.59674404375 0.60341240625 0.566814971875 0.6042850265624999 0.5168225875 0.6046340734375 0.49682563281250003 0.5666170515625 0.49616204374999995 0.5552992062500001 0.490963728125 0.5400923984375 0.49069829218749994 0.5248855875 0.49043285625 0.5207348374999999 0.5103634515625 0.5203857890625 0.5303604046875 0.5162350390625 0.550291 0.51960043125 0.5753535515625 0.5341964078125 0.61061365625 0.5641737140624999 0.6361407203125
3 0.42783600625 0.6037563671874999 0.44701904062500003 0.594089684375 0.451344315625 0.5641606125 0.45204241093749997 0.5241667046875 0.44504984218750004 0.48903931875 0.41065999687500004 0.4984405640625 0.3802463796875 0.4979096921875 0.37998459375000004 0.5129074078125 0.3797228078125 0.5279051234375001 0.37115951875 0.5827640296875 0.3898189828125 0.603092778125 0.42783600625 0.6037563671874999
3 0.5708550640625 0.471232209375 0.5666170515625 0.49616204374999995 0.5818238609375 0.4964274796875 0.5970306703125 0.496692915625 0.61603918125 0.49702470937500004 0.6275315499999999 0.49222454843749996 0.6277933359375 0.47722683281249995 0.6319440875 0.45729623750000004 0.6288404812499999 0.41723597031250004 0.6142445046875 0.38197586562499997 0.59532325625 0.3766448328125 0.57640200625 0.37131379999999997 0.5762274828125 0.3813122765625 0.5719894703125 0.40624210937500005 0.5753548625 0.43130466093750003 0.5748312890625 0.4613000921875 0.5708550640625 0.471232209375
3 0.44701904062500003 0.594089684375 0.47717087343750003 0.609618271875 0.496266646875 0.604950828125 0.511822503125 0.5852193109375 0.516060515625 0.5602894765624999 0.5165840875 0.530294046875 0.5171076593749999 0.500298615625 0.5210838859375 0.490366496875 0.502075375 0.49003470312499997 0.47166175624999995 0.48950383124999997 0.46034391250000006 0.484305515625 0.45671673437500004 0.47424067968749994 0.44911332968749995 0.4741079609375 0.44885154375 0.4891056765625 0.44867701875000005 0.49910415468749997 0.45204241093749997 0.5241667046875 0.451257053125 0.5691598515625 0.44701904062500003 0.594089684375
3 0.6063414875 0.6168737156249999 0.6210247234375 0.64713458125 0.62845360625 0.6572657765625001 0.643485890625 0.6675296890625 0.6588672234375 0.6577966484375 0.6592162703125 0.6377996953125 0.6677795578125 0.5829407890625 0.6651995234375 0.5128850921875 0.6617468703125 0.492821778125 0.6580324296875 0.48775618125 0.6505162875 0.482624225 0.6353094796875001 0.4823587890625 0.623729846875 0.49215818906250003 0.61603918125 0.49702470937500004 0.6084357765624999 0.4968919921875 0.6046340734375 0.49682563281250003 0.6041977640625 0.521821825 0.60341240625 0.566814971875 0.6066032734375 0.6018760000000001 0.6063414875 0.6168737156249999
3 0.1733837390625 0.5843126015625 0.17382005 0.5593164093749999 0.17434362187500002 0.529320978125 0.1746054078125 0.5143232624999999 0.15205698125 0.49892739375 0.14384274218749998 0.5337893453125 0.13960472968749998 0.5587191781249999 0.13536671718749999 0.5836490125 0.138906634375 0.5987130859375001 0.15747883437500002 0.6240410734374999 0.173121953125 0.5993103171875 0.1733837390625 0.5843126015625
3 0.37133404375 0.5727655515625 0.3758338421875 0.532838003125 0.376182890625 0.51284105 0.3685794859375 0.51270833125 0.32658623750000004 0.5219768593749999 0.30014884531249997 0.5115138703125 0.2999743203125 0.521512346875 0.2996252734375 0.5415093015625 0.2988399140625 0.586502446875 0.313174103125 0.6367602671875 0.339436971875 0.657221734375 0.3629452796875 0.6176259796875 0.37133404375 0.5727655515625
3 0.21476615468750002 0.6100387421875 0.219265953125 0.5701111937500001 0.22411479843749998 0.510186690625 0.20519355 0.5048556578125 0.1861850390625 0.5045238624999999 0.1745181453125 0.5193225015625 0.1734710015625 0.5793133625 0.17294742968750001 0.60930879375 0.195234071875 0.639702378125 0.2105281421875 0.6349685765624999 0.21476615468750002 0.6100387421875
3 0.13960472968749998 0.5587191781249999 0.1439300046875 0.52879010625 0.12103252812500001 0.533391190625 0.1134291234375 0.5332584734375 0.10556393281250001 0.5481234703125 0.1050403609375 0.5781189015625 0.1122074546875 0.6032478125 0.1313904921875 0.5935811296875 0.1391684203125 0.5837153703125 0.13960472968749998 0.5587191781249999
3 0.7526386765625 0.5144113484374999 0.756440378125 0.51447770625 0.767845484375 0.514676784375 0.7831395578125 0.50994298125 0.7872903078125 0.4900123859375 0.787988403125 0.45001847812499995 0.7847102734375 0.41995668906250005 0.7774559171875 0.39982701718749997 0.7622491078125 0.39956158125 0.7544711796875 0.4094273390625 0.7580110953125 0.4244914140625 0.757574784375 0.44948760625000006 0.7570512125 0.4794830375 0.7527259390625 0.509412109375 0.7526386765625 0.5144113484374999