3 0.384048209375 0.48604932968750003 0.40076167500000004 0.48517341406250003 0.4132967734375 0.4845164765625 0.421391825 0.479085371875 0.420868465625 0.4690990765625 0.42426179218750004 0.4539006546875 0.4148583421875 0.43436602031250005 0.389264784375 0.4256935984375 0.38508641718750003 0.425912578125 0.3814314109375 0.43611785156250005 0.377776403125 0.44632312656249995 0.3738597171875 0.451535253125 0.36654970468750003 0.47194580156250004 0.366811384375 0.4769389484375 0.37125143125000004 0.48171311718750004 0.3756914765625 0.4864872875 0.384048209375 0.48604932968750003
3 0.3446196640625 0.533177446875 0.34827467031250003 0.5229721734375 0.351667996875 0.5077737515625 0.3547996453125 0.48758218124999997 0.3378245015625 0.48346494843750004 0.325027721875 0.47912873749999996 0.3083142578125 0.48000465312499996 0.30439757031250003 0.48521677968750004 0.3051826109375 0.5001962234375 0.3057059703125 0.51018251875 0.3145860609375 0.51973085625 0.3234661546875 0.52927919375 0.33626293125 0.5336154046875 0.3446196640625 0.533177446875
3 0.566073075 0.5215715656250001 0.5686813625 0.4913937 0.5637179578125 0.4766332359375 0.555099546875 0.472078046875 0.5509211781250001 0.47229702500000004 0.53838608125 0.4729539625 0.5300293484374999 0.4733919203125 0.5216726140625 0.473829878125 0.5133158828125 0.4742678359375 0.5096608765624999 0.484473109375 0.50992255625 0.48946625781249997 0.510969275 0.5094388484375 0.5080993078125 0.534623565625 0.5172410796875 0.54916505 0.5383945906250001 0.553063303125 0.5590247421875 0.5469752609375 0.5665964359375 0.5315578609375 0.566073075 0.5215715656250001
3 0.6182984 0.4787796578125 0.6222150859375 0.47356753124999995 0.6253467328125 0.4533759625 0.6240383328125 0.4284102234375 0.6229916140625 0.4084376328125 0.6107181953125 0.41408771718750004 0.6028848234375 0.4245119703125 0.59478976875 0.42994307656249997 0.5744212984375 0.441024265625 0.5749446578125 0.45101056093749997 0.5754680171875 0.46099685625 0.5801697421875 0.4707641734375 0.5887881562499999 0.47531936249999995 0.5971448875 0.4748814046875 0.6013232546875 0.4746624265625 0.6182984 0.4787796578125
3 0.5974065671875 0.479874553125 0.5806931015625 0.48075046875 0.568158003125 0.4814074046875 0.5684196828125 0.486400553125 0.5689430421874999 0.49638684843750003 0.5699897609375 0.5163594390624999 0.5702514421875 0.5213525859375 0.5590247421875 0.5469752609375 0.5718215203125 0.551311471875 0.58435661875 0.5506545359375 0.6008084046875 0.5447854734375001 0.608641778125 0.53436121875 0.6060249796875 0.4844297421875 0.5974065671875 0.479874553125
3 0.45012554062500004 0.547675565625 0.45822059218750005 0.542244459375 0.45273382812499996 0.5174977000000001 0.4511637484375 0.4875388140625 0.4216535046875 0.48407851874999996 0.4093800859375 0.489728603125 0.4015467140625 0.5001528562499999 0.40180839375 0.5051460046875 0.4067717984375 0.51990646875 0.40755683749999994 0.5348859109374999 0.41643693125 0.5444342484375 0.4208769765625 0.5492084171875 0.42531702187500003 0.5539825859375 0.4422921671875 0.5580998187499999 0.45012554062500004 0.547675565625
3 0.6686919640625 0.40103571718750003 0.6519784984375 0.40191163281250003 0.6397050796875 0.4075617171875 0.6271699796875 0.40821865468749996 0.6253467328125 0.4533759625 0.622476765625 0.47856067968750005 0.630833496875 0.478122721875 0.643106915625 0.4724726375 0.6624286703125 0.44141885625 0.665821996875 0.42622043437499996 0.6697386828125 0.4210083078125 0.6686919640625 0.40103571718750003
3 0.661390459375 0.5015556078125 0.6561653749999999 0.4818019953125 0.6559036953125 0.47680884843750004 0.647285284375 0.4722536578125 0.622476765625 0.47856067968750005 0.6182984 0.4787796578125 0.6057633 0.47943659531250005 0.6060249796875 0.4844297421875 0.6073333796875 0.50939548125 0.60811841875 0.5243749234374999 0.6130818234375 0.5391353890625 0.6250935625 0.52849215625 0.6452003546875 0.51241781875 0.661390459375 0.5015556078125
3 0.48876904374999997 0.48556800468750005 0.4926857328125 0.48035587812499997 0.4950323390625 0.44518486562500004 0.49059229374999996 0.440410696875 0.48171220156250005 0.430862359375 0.46891542187499996 0.42652614843750003 0.45611864375 0.42218993749999995 0.44776191093750006 0.42262789375 0.43966685781250003 0.428059 0.4318334859375 0.43848325312499997 0.4281784796875 0.44868852812500004 0.42034510625 0.45911278125 0.42113014531250004 0.47409222343749996 0.4216535046875 0.48407851874999996 0.43001023906249997 0.4836405609375 0.4469853828125 0.48775779375 0.4720555796875 0.48644392031250006 0.48876904374999997 0.48556800468750005
3 0.510969275 0.5094388484375 0.50992255625 0.48946625781249997 0.49242405156249996 0.4753627296875 0.48876904374999997 0.48556800468750005 0.4511637484375 0.4875388140625 0.4535188671875 0.53247714375 0.458482271875 0.5472376078125001 0.47571909687499997 0.5563479874999999 0.49661092812499996 0.5552530921875001 0.5049676609375 0.554815134375 0.5086226671875 0.5446098609375001 0.510969275 0.5094388484375
3 0.319279278125 0.44938883125 0.3101375046875 0.4348473453125 0.3012574140625 0.4252990078125 0.28872231406250004 0.42595594531250003 0.28036558125 0.426393903125 0.289769034375 0.44592853593750004 0.2905540734375 0.460907978125 0.2994341640625 0.470456315625 0.3247660421875 0.474135590625 0.3198026375 0.4593751265625 0.319279278125 0.44938883125
3 0.35871633125 0.4823700546875 0.362894696875 0.4821510765625 0.366811384375 0.4769389484375 0.366288025 0.466952653125 0.36550298593749997 0.4519732109375 0.3649796265625 0.441986915625 0.3519211671875 0.43265755625 0.33912438906250003 0.4283213453125 0.33076765625000004 0.428759303125 0.3224109234375 0.4291972609375 0.3237193234375 0.454163 0.3242426828125 0.4641492953125 0.3331227734375 0.47369763281250005 0.3378245015625 0.48346494843750004 0.3461812328125 0.483026990625 0.35871633125 0.4823700546875
3 0.4067717984375 0.51990646875 0.405986759375 0.504927025 0.401285034375 0.49515970937500003 0.4010233546875 0.4901665609375 0.39658330625 0.4853923921875 0.388226575 0.48583034999999997 0.375429796875 0.4814941390625 0.37125143125000004 0.48171311718750004 0.366811384375 0.4769389484375 0.35871633125 0.4823700546875 0.3547996453125 0.48758218124999997 0.35610804375 0.5125479203125 0.356893084375 0.5275273625 0.3618564890625 0.5422878265625 0.378569953125 0.5414119109375 0.3997234640625 0.5453101640625 0.403378471875 0.535104890625 0.4067717984375 0.51990646875