3 0.7340666421875001 0.8036042953125 0.7397791703125 0.8273560124999999 0.7478056234375 0.8572501609375 0.75474739375 0.8756774515625001 0.7866358671875 0.8830394859374999 0.791408271875 0.878533065625 0.7938667546875 0.8678842109374999 0.7987837171875001 0.8465865046875001 0.8123053656250001 0.7880178124999999 0.82091005 0.7507468265624999 0.83059941875 0.7249426984375 0.8332024578125001 0.6975025609375 0.8430363828124999 0.6549071484375 0.8456394234375001 0.6274670109375 0.845928540625 0.59388444375 0.8413006921875 0.5815995828125 0.8271280375 0.57832756875 0.8152693046874999 0.5811979828125 0.799867409375 0.58325039375 0.7867794359375 0.5914452359375 0.7736914640625 0.5996400765625001 0.7570603265625 0.607016915625 0.7287877890625001 0.7294787265625 0.7311017125 0.7356211578125 0.7297279125 0.7577368671875 0.731897278125 0.78067058125 0.7340666421875001 0.8036042953125
3 1 0.406762940625 0.9966206812499999 0.40995391875 0.9787603031250001 0.42265518281250003 0.9632138484375 0.441498878125 0.9524397984374999 0.45583615 0.9392072671875 0.48082227499999997 0.9319763812499999 0.49597755 0.9306025828125 0.5180932609375 0.9207686562499999 0.560688675 0.918310175 0.5713375265625 0.9087653640625 0.5803503734375 0.9203349812500001 0.6110625234375 0.9226489046875 0.6172049546875 0.9320491546874999 0.62498339375 0.9425340890625 0.6442286875 0.9460772515625001 0.6450466921875 0.9602499078125 0.64831870625 0.9768810437500001 0.6409418703124999 1 0.5408026687499999 1 0.406762940625
3 0.3109107953125 0.4703658640625 0.32508345156249996 0.4736378796875 0.34388395156249996 0.48919475625000003 0.36159977187500003 0.49328477656249997 0.38640191874999996 0.499010803125 0.42306279843750005 0.5018664140625 0.437235453125 0.5051384296875 0.45618051406250004 0.503904021875 0.4657253234375 0.4948911765625 0.47049772812499996 0.49038475468750004 0.4812717765625 0.4760474828125 0.48973190468750005 0.4555677796875 0.504193675 0.4252572265625 0.5338400125 0.28067970625 0.53044140625 0.2630704171875 0.5295012828125001 0.234812278125 0.514388503125 0.203282121875 0.5062174921875 0.19017925625 0.49573255937500005 0.17093396249999998 0.486332309375 0.1631555234375 0.47570281718749996 0.1607015125 0.4237846 0.1431070296875 0.40961194375 0.1398350140625 0.4012963765625 0.14352343125 0.3869791625 0.1570427015625 0.372661946875 0.17056196875000001 0.3643463796875 0.1742503890625 0.348799925 0.1930940828125 0.33556739375 0.2180802078125 0.2900854859375 0.4150839921875 0.2887116875 0.43719970156250004 0.2910256109375 0.44334213125 0.29565345625 0.45562699218749997 0.3038244671875 0.46872985624999997 0.3109107953125 0.4703658640625
3 0.7887314671875 0.5021643921875001 0.8016748828125 0.510760834375 0.8086166515625001 0.529188125 0.8155584234375001 0.5476154156249999 0.8260433562499999 0.5668607109375 0.842529934375 0.57627515625 0.8482424625 0.6000268734375 0.86827220625 0.610259325 0.878901696875 0.6127133359375 0.9015344796875 0.5955056484375 0.9147670109374999 0.5705195234375 0.9196839734375001 0.5492218171875 0.9295178999999999 0.5066264046875 0.9368933437500001 0.47467984375 0.947811953125 0.44355128906249996 0.9610444828125001 0.4185651640625 0.9744215734375 0.3767877546875 0.9807123343749999 0.3333743390625 0.9833153749999999 0.3059342015625 0.96220095 0.2842348953125 0.9540299390625 0.2711320296875 0.9398572843749999 0.2678600140625 0.9255400703125 0.281379284375 0.8849023515625 0.32807951874999997 0.8693558984375 0.3469232125 0.8157747640625 0.38502700624999997 0.8110023609375 0.38953342968750004 0.7974807125 0.448102121875 0.775788053125 0.49356795 0.78287438125 0.49520395781250004 0.7887314671875 0.5021643921875001
3 0.7058649 0.5054660140625 0.6783151562499999 0.5439714078125 0.6687703453125 0.5529842515625 0.6935724921875 0.558710278125 0.7112883125 0.5628002984375 0.7420921046875 0.5586954765625001 0.7636402046875 0.5300209312499999 0.785477421875 0.4677638203125 0.7951667890625 0.44195969062499996 0.8134608421875 0.3788845765625 0.8088329953125 0.366599715625 0.8018912265625 0.3481724234375 0.7984926203125 0.3305631359375 0.78554920625 0.32196669375 0.77137655 0.318694678125 0.7572038953125 0.3154226640625 0.7322571890625 0.3264879203125 0.7227123796875 0.33550076562500003 0.7202538984375 0.34614962031249996 0.715192378125 0.384238609375 0.7112155375 0.43379445624999996 0.706298575 0.4550921625 0.7058649 0.5054660140625
3 0 0.5989447640625001 0.016322734375000002 0.5986425234375 0.0458972859375 0.5998621265625 0.060214500000000004 0.586342859375 0.0840765234375 0.5638107453125001 0.1043953828125 0.5404606281250001 0.1176279125 0.515474503125 0.1368620890625 0.48065752812499996 0.15132386250000002 0.4503469765625 0.1539269015625 0.4229068390625 0.1351264015625 0.4073499625 0.12218298593750002 0.398753521875 0.104467165625 0.394663503125 0.0890652703125 0.3967159125 0.0807497015625 0.40040433281250004 0.07120489218750001 0.409417178125 0.054429196874999995 0.43358529843750004 0.0388827421875 0.45242899375 0.019648565625 0.48724596875000004 0.00518679375 0.5175565203125 0 0.527350403125 0 0.5989447640625001
3 0.1232686578125 0.6850233453125 0.1565309328125 0.6702696703125001 0.1887085234375 0.6440491390624999 0.20302573750000003 0.6305298687499999 0.20439953593750002 0.608414159375 0.2080872578125 0.5924408796875 0.2106902984375 0.5650007421875001 0.21806574374999999 0.533054184375 0.232672071875 0.4859523484375 0.24698928593749997 0.4724330796875 0.2506770078125 0.4564598 0.24959232656250002 0.44499294375 0.2437352390625 0.43803250781249997 0.230791825 0.42943606562500003 0.20244651406249997 0.4228920359375 0.1859599359375 0.413477590625 0.180102846875 0.40651715624999996 0.165785634375 0.4200364234375 0.16101323125 0.424542846875 0.15732550781250002 0.4405161265625 0.150094621875 0.4556714015625 0.13086044531250002 0.49048837812499996 0.10193690156249999 0.5511094812499999 0.095790696875 0.5777316140625001 0.089499934375 0.62114503125 0.0868968953125 0.6485851671875 0.097381828125 0.6678304625 0.1055528375 0.6809333265624999 0.1232686578125 0.6850233453125
3 0.8251042203125 0.8134055390625001 0.8297320671874999 0.8256903984375 0.837903078125 0.8387932640625 0.8460740875000001 0.851896128125 0.8565590203125 0.8711414234375001 0.8644409140624999 0.9178268562499999 0.8846152140625 0.9112680203125001 0.9013909109375 0.8870998999999999 0.9123095187500001 0.85597134375 0.9267712921875001 0.8256607921875 0.9353759765625 0.78838980625 0.945354459375 0.7290031109374999 0.949186740625 0.696238546875 0.9482466171875 0.66798040625 0.9354477593749999 0.6425926796875 0.9214196640625 0.62252938125 0.9155625765625001 0.6155689468750001 0.9097054890624999 0.6086085125 0.9013899203125 0.6122969312500001 0.8943035937499999 0.6106609234375 0.8812156203124999 0.6188557671875 0.8668984046875 0.632375034375 0.8573535968750001 0.6413878796875 0.8478087890625 0.650400725 0.8442656234375001 0.649582721875 0.829370178125 0.7302671234375 0.809846884375 0.798666665625 0.8192471343750001 0.806445103125 0.8251042203125 0.8134055390625001
3 0.17778892500000001 0.400374725 0.18950309999999998 0.4142955953125 0.2047604359375 0.429034465625 0.2685373859375 0.44375853593750003 0.2887116875 0.43719970156250004 0.2913147265625 0.40975956562500004 0.336796634375 0.21275578125 0.3287701828125 0.1828616328125 0.3218284125 0.1644343421875 0.3078003171875 0.14437104218750002 0.2996293046875 0.131268178125 0.2712839953125 0.12472414843749999 0.241564884375 0.1402958265625 0.2260184296875 0.159139521875 0.2127858984375 0.184125646875 0.20309653125 0.20992977499999999 0.1723655125 0.343040440625 0.1651346265625 0.3581957171875 0.16390538593749998 0.36352014375 0.17084715625 0.381947434375 0.17778892500000001 0.400374725
3 0.5080987312499999 0.52149850625 0.524585309375 0.5309129515625 0.5493874562500001 0.5366389796875 0.5777327671875 0.5431830093750001 0.5989917499999999 0.5480910328124999 0.620250734375 0.55299905625 0.6415097171874999 0.5579070781250001 0.6569116140625 0.5558546671875 0.6770859140625001 0.549295834375 0.7058649 0.5054660140625 0.7036955359375 0.4825323 0.705069334375 0.46041658906249994 0.7089016140625 0.427652025 0.7139631375 0.3895630359375 0.7177954171875001 0.356798471875 0.719313775 0.3178914796875 0.723001496875 0.30191819999999997 0.7232906125 0.26833563125 0.7234351703125 0.2515443484375 0.722350490625 0.240077490625 0.7164934015625 0.2331170578125 0.70600846875 0.2138717609375 0.6966082171875 0.20609332500000002 0.6801216390625 0.196678878125 0.665948984375 0.19340686406250002 0.643460759375 0.1938232671875 0.6185140546875 0.20488852343750003 0.57447773125 0.2339794703125 0.5518449484375 0.2511871578125 0.532610771875 0.2860041328125 0.504193675 0.4252572265625 0.49204582812500003 0.4617102109375 0.490672028125 0.48382592031250005 0.495299875 0.49611078124999997 0.49869847968750003 0.5137200671875 0.5080987312499999 0.52149850625
3 0.2212480046875 0.7132518796875 0.237734584375 0.7226663265625 0.27916786875 0.7210155140625 0.30657305468749996 0.69930140625 0.322119509375 0.6804577109375 0.3364367234375 0.6669384421875 0.34489685 0.6464587390625 0.35364609375 0.5923964703125 0.35870761562500003 0.5543074796874999 0.35422432812500004 0.525231334375 0.3520549625 0.5022976203125 0.34388395156249996 0.48919475625000003 0.32508345156249996 0.4736378796875 0.3215402859375 0.47281987656249996 0.30028130468750003 0.46791185312500005 0.27193599218750003 0.461367821875 0.26362042343750003 0.46505624218749997 0.25053245 0.473251084375 0.23144283125 0.49127677500000005 0.2070025765625 0.5809740234375 0.2056287765625 0.6030897328125 0.20302573750000003 0.6305298687499999 0.20165193750000002 0.65264558125 0.20953383125 0.6993310125 0.2212480046875 0.7132518796875
3 0.0563812296875 0.3443044546875 0.057321353124999995 0.37256259531249997 0.0619491984375 0.38484745625 0.092608434375 0.3975339171875 0.1198690625 0.392611090625 0.15558981875 0.3672085625 0.1591329828125 0.368026565625 0.173594753125 0.3377160140625 0.1821994390625 0.300445028125 0.1957210875 0.24187633593750002 0.20309653125 0.20992977499999999 0.1975285609375 0.169386775 0.189502109375 0.1394926265625 0.1825603390625 0.121065334375 0.1722199640625 0.0850287578125 0.1605057921875 0.0711078875 0.1511055390625 0.06332945 0.1346189609375 0.053915004687500004 0.1227602296875 0.056785418750000004 0.1036706109375 0.07481110937499999 0.0950659265625 0.112082096875 0.085232 0.154677509375 0.080170478125 0.1927664984375 0.0715657921875 0.230037484375 0.060502626562499995 0.2779573234375 0.059128828125 0.300073034375 0.0563812296875 0.3443044546875
3 0.5085333953125 0.745927625 0.5428803515625 0.7426408046875 0.5619699703125 0.7246151140625 0.5822888296875 0.7012649953125 0.6039814875 0.6557991671875001 0.619817059375 0.60337290625 0.6224200984375 0.5759327703125 0.6273370609375 0.5546350640625 0.4997831625 0.5251869250000001 0.493636959375 0.551809059375 0.4813445515625 0.6050533234375 0.47505379062499997 0.648466740625 0.47107694999999994 0.6980225875 0.4791034015625 0.7279167359375001 0.5085333953125 0.745927625
3 0.35032026250000003 0.703793025 0.3678915234375 0.7246743265625 0.3939229109375 0.7250759265625 0.423642021875 0.709504246875 0.4427316390625 0.69147855625 0.45473493125 0.6718168578125 0.46442429843750005 0.646012728125 0.476572146875 0.609559746875 0.493636959375 0.551809059375 0.5010124031250001 0.5198624984375 0.4999277203125 0.5083956421875 0.4857550640625 0.5051236265625 0.46681000624999996 0.5063580328125 0.45263735 0.5030860171875 0.42306279843750005 0.5018664140625 0.39348824531250004 0.5006468109375 0.379315590625 0.49737479531249995 0.3683969828125 0.52850335 0.35364609375 0.5923964703125 0.35227229375 0.6145121796875 0.3484400140625 0.6472767421875 0.347066215625 0.6693924531250001 0.35032026250000003 0.703793025
3 0.5915445218750001 0.7258347171875 0.6054280609375 0.7626893 0.614683753125 0.787259021875 0.632255015625 0.8081403249999999 0.6381121015625 0.815100759375 0.6747729812500001 0.8179563703125 0.6938625984375 0.7999306796875 0.713096775 0.76511370625 0.721556903125 0.744634003125 0.7324755109375001 0.713505446875 0.73985095625 0.6815588875 0.745997159375 0.6549367546875 0.750914121875 0.6336390484375001 0.7582895671875 0.6016924890625 0.7536617203125 0.589407628125 0.7396336234375 0.569344328125 0.7350057765625 0.55705946875 0.7302333734374999 0.5615658921875 0.7006588218750001 0.5603462859375 0.672313509375 0.55380225625 0.66168401875 0.55134824375 0.646282121875 0.55340065625 0.6271925031250001 0.5714263468749999 0.6125861734375 0.6185281828125 0.607669209375 0.6398258890624999 0.6039814875 0.6557991671875001 0.5893751578125 0.702901003125 0.5915445218750001 0.7258347171875