3 0.37812504375 0.5197247218750001 0.39823515625 0.526298375 0.411127221875 0.5177137875 0.4298506984375 0.5021746953124999 0.4392124375 0.49440514843749994 0.4521045 0.48582056093750003 0.4626954796875 0.483375440625 0.4685268921875 0.476420934375 0.4695987375 0.464957040625 0.4632951375 0.42154658906250003 0.45361860781249996 0.3957394953125 0.44640055937499995 0.38058125625 0.4427128359375 0.36460797500000003 0.4354947875 0.3494497359375 0.4258182578125 0.3236426421875 0.4113821609375 0.2933261640625 0.4041641125 0.27816792343749996 0.3994045453125 0.27365853906250004 0.3840539984375 0.271594271875 0.37223377812499997 0.2687149640625 0.3568832328125 0.2666506984375 0.35473954375 0.289578484375 0.3490655265625 0.31332131093750004 0.34263445937500003 0.38210467187499997 0.3515539359375 0.45295229531250003 0.35892938124999996 0.48489885624999995 0.365075584375 0.5115209890625 0.37812504375 0.5197247218750001
3 0.32271166875 0.5213014703125001 0.3403632984375 0.5172262703125 0.3461947109375 0.5102717625000001 0.3555564484375 0.5025022156250001 0.35662829375 0.4910383234375 0.3441784921875 0.4210057375 0.34263445937500003 0.38210467187499997 0.3281983625 0.351788190625 0.3079308515625 0.32842621875 0.290121825 0.3157130984375 0.28183193125 0.31201875156250003 0.27477127968750004 0.3136488328125 0.265409540625 0.3214183796875 0.259735525 0.34516120625 0.2566773859375 0.39634120625 0.26175174375 0.43442723125000005 0.2740441515625 0.4876714984375 0.28494992343750003 0.518803015625 0.2909387296875 0.5286368296874999 0.31104884374999997 0.5352104828125 0.32271166875 0.5213014703125001
3 0.1665903296875 0.4732216328125 0.1715072921875 0.49451933906249995 0.177653496875 0.521141471875 0.1836423046875 0.5309752859375 0.1966917640625 0.5391790171874999 0.20375241718749998 0.5375489375 0.214343396875 0.5351038171875 0.2272354625 0.52651923125 0.227078065625 0.5097309109375 0.21740153593749997 0.48392381718750005 0.20296543749999998 0.4536073390625 0.19328890781250002 0.42780024531249994 0.1873001 0.417966434375 0.14692247812499998 0.38803080625 0.1435495484375 0.4056341671875 0.14600802968749999 0.4162830203125 0.1532260765625 0.431441259375 0.155684559375 0.44209011406250004 0.1653610890625 0.46789720625 0.1665903296875 0.4732216328125
3 0.282206575 0.6035596562500001 0.276060371875 0.5769375234375 0.2746737359375 0.5548247765625 0.2709860140625 0.538851496875 0.26852753281249997 0.52820264375 0.25317698593750004 0.5261383765625001 0.2425860078125 0.528583496875 0.229536546875 0.5203797640625 0.228464703125 0.53184365625 0.2446022265625 0.617849521875 0.25074843125 0.64447165625 0.27117333593750004 0.6846219484375 0.2791484375 0.6547396562500001 0.2800628859375 0.6264874421875 0.282206575 0.6035596562500001
3 0.478046025 0.4854397078125 0.5216391828125 0.480983653125 0.5768951625 0.4626185859375 0.58609950625 0.43806071874999997 0.5810251453124999 0.3999746921875 0.5629013265625 0.35368493437500004 0.553224796875 0.3278778421875 0.5435482671874999 0.3020707484375 0.5303414109375 0.2770786953125 0.524352603125 0.2672448828125 0.513604228125 0.25290168125 0.5005547671875 0.24469795 0.49579520156249995 0.24018856249999998 0.47814356875 0.2442637625 0.4710829171875 0.24589384375 0.4606493328125 0.26512728281250003 0.45850564374999997 0.28805506875 0.4566767453125 0.3445594953125 0.45806338125 0.3666722421875 0.4619085015625 0.3994338421875 0.4632951375 0.42154658906250003 0.469441340625 0.448168721875 0.478046025 0.4854397078125
3 0.23738417812499998 0.6026912828125 0.23353906093750001 0.569929684375 0.230923184375 0.5424925109375 0.2272354625 0.52651923125 0.20498165781250002 0.5428733640625001 0.2062108984375 0.5481977921875 0.205453846875 0.5932383234375 0.20331015625 0.6161661109375001 0.2106856015625 0.6481126703125 0.2179036484375 0.663270909375 0.22036212968750002 0.6739197625 0.23785636718749997 0.6530562421874999 0.24000005624999998 0.63012845625 0.23738417812499998 0.6026912828125
3 0.8233584953124999 0.2094303703125 0.80800795 0.20736610312499998 0.7928148 0.2220901578125 0.79927579375 0.2822889296875 0.8187862499999999 0.3506914359375 0.843498534375 0.34498615625 0.8440981921875 0.283157303125 0.83549350625 0.2458863171875 0.8233584953124999 0.2094303703125
3 0.781684015625 0.5443283937500001 0.78489955 0.509936715625 0.7799825874999999 0.48863900937500004 0.771535296875 0.46815634375000004 0.7583284421875 0.44316428906249994 0.7486519125 0.417357196875 0.736674296875 0.39768957031249996 0.7283844015625001 0.39399522343750004 0.7260833171875001 0.400134690625 0.72378223125 0.40627415781250004 0.7133486484375 0.425507596875 0.70275766875 0.42795271718750005 0.7039869109375 0.43327714375 0.731787259375 0.5053739953124999 0.739005309375 0.5205322359375 0.7472952015625001 0.5242265828125 0.773394121875 0.5406340484375 0.7781536890625 0.545143434375 0.781684015625 0.5443283937500001
3 0.131759253125 0.5317369921874999 0.14112099218750002 0.523967446875 0.14449392187500001 0.5063640859375 0.142035440625 0.49571523281249996 0.13481739375 0.4805569921875 0.1288285859375 0.4707231796875 0.12268238125 0.444101046875 0.11423509375 0.42361838125 0.10701704375000001 0.4084601421875 0.1045585625 0.3978112875 0.088136171875 0.407210915625 0.09182389375 0.42318419374999994 0.09674085624999999 0.4444819 0.10042857812499999 0.46045518124999996 0.116093915625 0.49609608749999995 0.12454120625000001 0.516578753125 0.131759253125 0.5317369921874999
3 0.6958843390625 0.57535325 0.710163040625 0.5888814078125 0.7397922875 0.604473834375 0.7489966296875 0.5799159671874999 0.7440796671875 0.5586182609375 0.7391627046875 0.5373205546875 0.7282569328124999 0.5061890359375 0.7208814890624999 0.47424247656249996 0.7052161515625001 0.43860157187500004 0.70275766875 0.42795271718750005 0.681418315625 0.4160546375 0.6718991812499999 0.4070358640625 0.6692833046875 0.379598690625 0.667139615625 0.402526478125 0.65317570625 0.4225749578125 0.642742121875 0.4418083984375 0.630921903125 0.438929090625 0.63215114375 0.44425351874999996 0.6433717062500001 0.5089616765625 0.6470594281250001 0.52493495625 0.6565785625 0.5339537296875 0.6648684546875 0.5376480765625 0.6803763968750001 0.5565006625 0.6958843390625 0.57535325
3 0.48223586249999995 0.680760078125 0.492826840625 0.6783149578125001 0.50080194375 0.648432665625 0.49941530624999997 0.6263199187499999 0.49802867031250003 0.6042071734375 0.49664203437500004 0.5820944265625 0.4952553953125 0.559981678125 0.4915676734375 0.5440084 0.49263951875 0.53254450625 0.48419222968750003 0.512061840625 0.48050450624999996 0.49608855937499996 0.4792752671875 0.490764134375 0.478046025 0.4854397078125 0.4695987375 0.464957040625 0.470827978125 0.47028146875 0.4685268921875 0.476420934375 0.4626954796875 0.483375440625 0.4462730890625 0.49277506718749997 0.41695863437499997 0.51075928125 0.4088261359375 0.5238532546875 0.4125138578125 0.5398265343750001 0.41850266718749995 0.5496603484375 0.4294084359375 0.5807918671875 0.4353972453125 0.5906256796875 0.4521344265625 0.61480269375 0.458123234375 0.62463650625 0.473788571875 0.6602774109375 0.48223586249999995 0.680760078125
3 0.7672179921875 0.3850297828125 0.7705909234375 0.3674264234375 0.7762649390624999 0.343683596875 0.7702761312499999 0.3338497828125 0.7629006859375 0.301903225 0.7518375203125001 0.253983384375 0.732484459375 0.2023691984375 0.7143905671875 0.285061571875 0.724539284375 0.361233625 0.726997765625 0.3718824765625 0.7283844015625001 0.39399522343750004 0.7319147296875 0.3931801828125 0.7672179921875 0.3850297828125
3 0.422819971875 0.63278690625 0.42373442031249997 0.60453469375 0.423577025 0.5877463734374999 0.417430821875 0.561124240625 0.4125138578125 0.5398265343750001 0.4088261359375 0.5238532546875 0.39823515625 0.526298375 0.37812504375 0.5197247218750001 0.36384634375 0.5061965625 0.36015862187500003 0.49022328281250005 0.3555564484375 0.5025022156250001 0.32624199374999996 0.5204864296875 0.35404234375 0.59258328125 0.38061345156250004 0.6593557062500001 0.39612139218750003 0.6782082921875 0.4208336765625 0.6725030125 0.42650769374999997 0.6487601859375001 0.422819971875 0.63278690625
3 0.33714776562500004 0.5516179484375 0.32624199374999996 0.5204864296875 0.309819603125 0.52988605625 0.2874084046875 0.5294518703125 0.278961115625 0.5089692046875001 0.273129703125 0.5159237109375 0.26975677343750004 0.5335270703125 0.2709860140625 0.538851496875 0.27344449531250004 0.54950035 0.27237265 0.56096424375 0.2795906984375 0.5761224828125 0.2820491796875 0.5867713359375 0.2845076625 0.5974201890625 0.282206575 0.6035596562500001 0.282363971875 0.6203479749999999 0.2995733421875 0.6948899484375 0.32444302187499996 0.7059729875 0.3416224671875 0.651532828125 0.3495975671875 0.621650534375 0.34452320937500003 0.5835645078125 0.33714776562500004 0.5516179484375
3 0.5311882437500001 0.6189845578125001 0.538406290625 0.6341427984375 0.5526849921875 0.6476709578125 0.5643478156249999 0.6337619453125 0.5677207453124999 0.616158584375 0.571093678125 0.5985552234375 0.569707040625 0.5764424781249999 0.5695496453125 0.5596541578124999 0.5681630078125 0.5375414125 0.566776371875 0.515428665625 0.565389734375 0.49331592031250004 0.5617020125 0.47734263906249996 0.560472771875 0.4720182140625 0.5345312468750001 0.47239906718749997 0.51810885625 0.48179869374999995 0.478046025 0.4854397078125 0.4792752671875 0.490764134375 0.49141027812500004 0.5272200796875001 0.49263951875 0.53254450625 0.5010868078125 0.5530271734375 0.5095340968750001 0.5735098390625 0.5179813859375 0.59399250625 0.5311882437500001 0.6189845578125001
3 0.80838259375 0.49890700781249997 0.8129847640625 0.4866280734375 0.8068385609375 0.46000594218749996 0.8031508390625 0.4440326609375 0.7994631171875 0.4280593828125 0.7887147421875 0.41371618281250006 0.7779663671875 0.399372984375 0.7684472328124999 0.390354209375 0.7672179921875 0.3850297828125 0.736674296875 0.39768957031249996 0.7379035375 0.40301399687500006 0.7486519125 0.417357196875 0.765546490625 0.4583225296875 0.77752410625 0.4779901546875 0.789501721875 0.49765778125000004 0.8025511828124999 0.505861515625 0.80838259375 0.49890700781249997
3 0.70275766875 0.42795271718750005 0.7121194078124999 0.4201831703125 0.7273125578124999 0.4054591171875 0.7294562484375 0.38253133125 0.72331004375 0.3559091984375 0.7143905671875 0.285061571875 0.6876620625000001 0.2015008265625 0.67445520625 0.1765087734375 0.64898586875 0.2272545875 0.6402537140625 0.30217741249999996 0.6642089453125 0.341512665625 0.6705125453125 0.3849231171875 0.6742002671875 0.40089639843749997 0.681418315625 0.4160546375 0.70275766875 0.42795271718750005
3 0.7684472328124999 0.390354209375 0.7779663671875 0.399372984375 0.786098865625 0.38627900937500004 0.798833534375 0.360906103125 0.8011346187499999 0.3547666359375 0.8091097203125001 0.3248843421875 0.8054219968749999 0.3089110640625 0.79927579375 0.2822889296875 0.7905137140625 0.228229625 0.7716328406249999 0.2269803984375 0.76350034375 0.24007437187499997 0.7493790390624999 0.2433345328125 0.7593703609375 0.3027182640625 0.7738064578125 0.33303474375 0.7774941796875 0.34900802343750004 0.7705909234375 0.3674264234375 0.7684472328124999 0.390354209375
3 0.21863077656250002 0.48924824375 0.225848825 0.5044064859375 0.22830730625 0.5150553375 0.2461163328125 0.5277684578125 0.26852753281249997 0.52820264375 0.273129703125 0.5159237109375 0.2742015484375 0.5044598171875 0.2655968640625 0.46718883125 0.26175174375 0.43442723125000005 0.25913586718750004 0.4069900578125 0.25544814531250004 0.391016778125 0.244699771875 0.3766735796875 0.2351806359375 0.36765480625 0.2256615015625 0.3586360328125 0.2149131265625 0.3442928328125 0.20539399375 0.3352740609375 0.195874859375 0.3262552859375 0.18528387968749999 0.32870040624999997 0.17945246875 0.3356549140625 0.1750076921875 0.3647221671875 0.181153896875 0.3913443 0.186070859375 0.41264200625 0.18852934062499999 0.42329085937500005 0.19451815 0.4331246734375 0.204194678125 0.45893176562500004 0.21863077656250002 0.48924824375
3 0.15171197187500002 0.5215223265625 0.1695209984375 0.5342354453125 0.1730513265625 0.53342040625 0.1728939296875 0.5166320859375 0.16674772499999999 0.49000995312500006 0.16060152187500001 0.4633878203125 0.1521542328125 0.442905153125 0.1447787890625 0.41095859375000005 0.140019221875 0.40644920781250005 0.1269697625 0.3982454734375 0.11745062656250001 0.3892267015625 0.1045585625 0.3978112875 0.115464334375 0.4289428078125 0.12637010312500002 0.46007432656249997 0.133588153125 0.4752325671875 0.13481739375 0.4805569921875 0.14449392187500001 0.5063640859375 0.15171197187500002 0.5215223265625
3 0.62912293125 0.6244156484375 0.64094315 0.62729495625 0.65506445625 0.6240347953125001 0.6584373859375 0.6064314359375 0.6559789046875 0.5957825828125001 0.6470594281250001 0.52493495625 0.6396839828124999 0.49298839843750003 0.640755828125 0.481524503125 0.635838865625 0.46022679687499995 0.63215114375 0.44425351874999996 0.630921903125 0.438929090625 0.5942320015625 0.4249667453125 0.585942109375 0.4212724 0.582411784375 0.42208744062500003 0.58609950625 0.43806071874999997 0.5733648375 0.4634336265625 0.560472771875 0.4720182140625 0.56063016875 0.4888065328125 0.5680056125 0.520753090625 0.584900190625 0.561718425 0.592118240625 0.5768766640625 0.6148442296875001 0.6108874906249999 0.62912293125 0.6244156484375
3 0.58471286875 0.4159479734375 0.5942320015625 0.4249667453125 0.622632009375 0.43523474687499997 0.642742121875 0.4418083984375 0.6496453796874999 0.4233899984375 0.6659103749999999 0.3972020515625 0.6692833046875 0.379598690625 0.6606786203125 0.3423277046875 0.6462425234375 0.3120112265625 0.6354941468749999 0.2976680265625 0.622287290625 0.27267597499999996 0.610309675 0.253008346875 0.5972602140625 0.24480461406249998 0.580680428125 0.2374159203125 0.5607277109375 0.2476305875 0.5681031562500001 0.2795771484375 0.564887621875 0.31396882656249997 0.5639731718750001 0.34222104062500003 0.5688901359375 0.36351874687499997 0.5738070984375 0.384816453125 0.5810251453124999 0.3999746921875 0.58471286875 0.4159479734375