3 0.083366278125 0.5266308468750001 0.0869888046875 0.5269477765625 0.09833264375 0.5224548796875 0.10700647968749999 0.5067576796875 0.11882657968749999 0.4968210953125 0.1265478921875 0.49201126874999995 0.1484706109375 0.4500464234375 0.1453243453125 0.44428580625 0.1385555546875 0.43820825937499996 0.09479653906249999 0.39598236249999996 0.0786900921875 0.45491212656249996 0.0767850484375 0.47668687500000007 0.075356265625 0.4930179359375 0.07850253125 0.4987785515625 0.0770737484375 0.5151096140625 0.083366278125 0.5266308468750001
3 0.663547865625 0.65418511875 0.6725104015625 0.67691065625 0.6814729374999999 0.69963619375 0.6909117328125001 0.71691804375 0.71941568125 0.724897171875 0.7321883031249999 0.7040732140625 0.741814659375 0.6774886390625 0.7470535296875 0.617608084375 0.7489585734374999 0.5958333359375 0.7513398765625 0.5686149015625 0.756578746875 0.5087343468750001 0.7471399515625 0.4914524953125 0.742564903125 0.5020229390625001 0.7297922812500001 0.522846896875 0.7179721812500001 0.5327834796875 0.681270659375 0.5350578671874999 0.6745018671875 0.5289803203125001 0.6691618593750001 0.5065717125 0.6648755109375 0.5555648953125 0.649432884375 0.56518455 0.64657531875 0.5978466703125 0.6519153265625001 0.6202552781249999 0.6545853312500001 0.63145958125 0.663547865625 0.65418511875
3 1 0.308585321875 0.9934570140625001 0.30455898124999997 0.9702930750000001 0.3189884640625 0.9620955 0.3292419765625 0.9534216656250001 0.344939178125 0.9532341046875 0.388805603125 0.9503765390625001 0.42146772343750005 0.94532523125 0.4374818546875 0.9489477562499999 0.43779878437499997 0.963914121875 0.43362281874999997 0.9762104828125 0.418242546875 0.989935628125 0.386531215625 1 0.35462420156249996 1 0.308585321875
3 0.33998823749999996 0.4722874 0.33808319375 0.494062146875 0.3398006765625 0.5161538250000001 0.3419944203125 0.5328018140624999 0.351433215625 0.5500836640625 0.3767908984375 0.552302175 0.416162425 0.5612320921875 0.43789758437500004 0.563133671875 0.47774537187500005 0.5666199015625 0.48546668437499996 0.5618100734375 0.493664259375 0.5515565609374999 0.496521825 0.5188944390625 0.496709384375 0.47502801406249995 0.49956695 0.44236589375 0.49784946718749995 0.42027421406250004 0.49203319843750004 0.40330929375 0.49079197656250007 0.3757739296875 0.4791594359375 0.34184408906249997 0.459805584375 0.312724075 0.42091031875 0.29835047187499997 0.3873550609375 0.306385475 0.374106178125 0.3326531203125 0.36133355625 0.353477078125 0.3599047734375 0.3698081375 0.35485346406249996 0.38582226875000003 0.3529484203125 0.40759701562500006 0.3491383328125 0.4511465125 0.33998823749999996 0.4722874
3 0.0988953265625 0.39085560468749997 0.1051878578125 0.40237683906250005 0.13493302812500002 0.4378913296875 0.1385555546875 0.43820825937499996 0.156191925 0.44523659687499995 0.1684882859375 0.4298563265625 0.172774634375 0.38086314374999997 0.1715334125 0.3533277796875 0.17029218906250002 0.32579241406250004 0.1731497546875 0.29313029375 0.1741022765625 0.2822429203125 0.16466348125000002 0.2649610703125 0.154748425 0.2531229046875 0.14483336875 0.2412847421875 0.13806457656249999 0.23520719531249998 0.12767325937500001 0.22881271875000003 0.1199519453125 0.23362254531249999 0.11175437031249999 0.243876059375 0.1052742796875 0.27622125 0.10098793125000001 0.3252144328125 0.100035409375 0.33610180624999997 0.09546036249999999 0.34667225 0.0940315796875 0.3630033109375 0.096225321875 0.3796513015625 0.0988953265625 0.39085560468749997
3 0.8564795578125001 0.45165028124999995 0.854574515625 0.47342503125 0.8681120984374999 0.4855801234375 0.8744046296875 0.49710135781250003 0.8920409984375001 0.50412969375 0.910629890625 0.5002706578125 0.926548778125 0.485207315625 0.9352226124999999 0.469510115625 0.9443727093750001 0.44836922812499996 0.9496115796875 0.38848867343750004 0.9529454046874999 0.3503828640625 0.951227921875 0.32829118749999997 0.9485579171875 0.317086884375 0.9458879124999999 0.3058825796875 0.9354965953125 0.2994881015625 0.9200539687499999 0.30910775625000003 0.9063288249999999 0.34081908906249997 0.8986075124999999 0.3456289140625 0.8863111515625001 0.36100918593750003 0.881736103125 0.37157962968749997 0.8771610546874999 0.38215007343749996 0.86896348125 0.3924035875 0.86295965 0.4193050921875 0.8564795578125001 0.45165028124999995
3 0.6705906421875001 0.490240653125 0.6727843859375 0.5068886421875 0.6718318640625001 0.5177760171875 0.6745018671875 0.5289803203125001 0.681270659375 0.5350578671874999 0.6957607640625 0.5363255875 0.6993832890625 0.5366425171875 0.7179721812500001 0.5327834796875 0.7297922812500001 0.522846896875 0.742564903125 0.5020229390625001 0.7512387390625 0.4863257390625 0.75666516875 0.3825787578125 0.7264437390625 0.352507953125 0.6991810109375 0.372064190625 0.6914596984375 0.37687401875000004 0.6827858640625 0.39257121875 0.6777345546875 0.40858534999999996 0.6767820328124999 0.4194727234375 0.67535325 0.4358037828125 0.674400728125 0.4466911578125 0.6724956843750001 0.4684659046875 0.6715431625 0.47935327968749997 0.6705906421875001 0.490240653125
3 0.7859487953125 0.6319816859375 0.7958638515625001 0.6438198515625 0.80263264375 0.6498973984374999 0.8089251734375 0.66141863125 0.8234152796875 0.6626863515625 0.8383816453125 0.6585103828125 0.8475317421874999 0.6373694953125 0.85401183125 0.60502430625 0.8563931359374999 0.5778058703125 0.8614444453125 0.561791740625 0.86192070625 0.556348053125 0.8499994671875 0.48399547343749993 0.8449481593750001 0.5000096046875 0.8157803890625 0.5413405890625 0.7800313859375 0.532727603125 0.756578746875 0.5087343468750001 0.75372118125 0.5413964671875 0.7554386656250001 0.56348814375 0.7535336218750001 0.5852628921874999 0.7629724171875 0.60254474375 0.7728874734375 0.61438290625 0.7859487953125 0.6319816859375
3 0.0658016140625 0.1850021703125 0.0527402921875 0.167403390625 0.03967896875 0.1498046109375 0.03195765625 0.1546144359375 0.0195748734375 0.29615029531250003 0.0647626703125 0.32204513281249997 0.07143032187500001 0.245833515625 0.0738116265625 0.21861508281250003 0.0716178828125 0.201967090625 0.0658016140625 0.1850021703125
3 0.166020559375 0.5832303484375 0.173741871875 0.5784205203125 0.18918449843750001 0.5688008671875 0.19375954687500002 0.5582304234375 0.2019571203125 0.5479769109375 0.21444104375 0.48873021406249995 0.20357346562499998 0.4877794234375 0.19365840781250002 0.47594126093750005 0.172587071875 0.42472956875 0.168964546875 0.42441263906250004 0.156191925 0.44523659687499995 0.1484706109375 0.4500464234375 0.12244910625000001 0.4971380265625 0.1200678015625 0.5243564593750001 0.12226154375 0.5410044515625 0.12712529374999998 0.5688567453125 0.1406628765625 0.5810118390625 0.166020559375 0.5832303484375
3 1 0.41356043593749997 0.989935628125 0.386531215625 0.97668674375 0.41279886093749996 0.9680129093750001 0.42849606093750003 0.9489477562499999 0.43779878437499997 0.9448489703125 0.442925540625 0.934270090625 0.480397490625 0.9328413078125 0.49672855 0.9350350515624999 0.513376540625 0.94132758125 0.524897775 0.9693552703125 0.5383205875 0.9879441625000001 0.53446155 0.9951892140625 0.5350954109375 1 0.48010787187500004 1 0.41356043593749997
3 0.3313291203125 0.6964293515625 0.3412441765625 0.7082675140625 0.35163549375 0.714661990625 0.3692718640625 0.721690328125 0.3774694375 0.7114368140625 0.3829970078125 0.6899789968750001 0.3967221515625 0.658267665625 0.4058722484375 0.6371267781250001 0.41092355625000004 0.621112646875 0.4154986046875 0.610542203125 0.42007365312499995 0.599971759375 0.4229312171875 0.5673096390625 0.35867826875 0.550717525 0.3451406859375 0.53856243125 0.33932441562500004 0.521597509375 0.33998823749999996 0.4722874 0.31777681874999997 0.4758295046875 0.3081504625 0.5024140796875 0.3048166375 0.5405198875 0.3065341203125 0.5626115671874999 0.31282665 0.5741328 0.325989109375 0.67402074375 0.3313291203125 0.6964293515625
3 0.4614513609375 0.669416090625 0.47594146562499995 0.6706838109375 0.48823782656250003 0.6553035406250001 0.5205518625 0.6197331734375 0.52655569375 0.5928316687499999 0.5279844765624999 0.5765006078125 0.5289369984375 0.5656132328125001 0.5108243671875 0.5640285828125 0.505484359375 0.5416199765624999 0.49823930625 0.540986115625 0.493664259375 0.5515565609374999 0.481367896875 0.5669368312499999 0.42655374375 0.56762656875 0.4215024359375 0.5836406984375 0.42321991875 0.6057323765625 0.42903618750000005 0.622697296875 0.43122993125000003 0.6393452875000001 0.44743751718749997 0.6627046859375 0.4614513609375 0.669416090625
3 0.278881553125 0.46145590312499996 0.2856503453125 0.46753345 0.31777681874999997 0.4758295046875 0.3363657109375 0.4719704703125 0.34408702343750003 0.46716064218750003 0.3491383328125 0.4511465125 0.3510433765625 0.4293717640625 0.35342468125000004 0.4021533296875 0.354377203125 0.39126595625 0.35265972031250004 0.369174278125 0.350465978125 0.35252628750000004 0.3477959734375 0.3413219828125 0.29708060625 0.3368849640625 0.28383172343749996 0.363152609375 0.28145041875 0.39037104375 0.28002163750000003 0.40670210312500005 0.2822153796875 0.42335009531249995 0.2803103359375 0.44512484218750004 0.278881553125 0.46145590312499996
3 0.03016846875 0.46712309999999996 0.0432297921875 0.48472187968749997 0.05867241875 0.475102225 0.067346253125 0.45940502499999997 0.07506756718749999 0.454595196875 0.07964261406249999 0.44402475468749997 0.0952728 0.390538675 0.061905104687500004 0.3547072546875 0.06428640937499999 0.32748882031250004 0.0606638828125 0.32717189062499996 0.039217426562500005 0.3636930484375 0.0341661171875 0.379707178125 0.028638546874999997 0.40116499687499996 0.027209764062500003 0.4174960578125 0.0253047203125 0.43927080468749996 0.03016846875 0.46712309999999996
3 0.760677534375 0.5036075890625 0.766493803125 0.520572509375 0.7800313859375 0.532727603125 0.79814401875 0.534312253125 0.8085353359375 0.5407067296875 0.8167329109375 0.5304532156249999 0.8280767499999999 0.5259603187499999 0.840849371875 0.5051363609374999 0.8449481593750001 0.5000096046875 0.8555270359374999 0.46253765625 0.8703922640625 0.3760725265625 0.8737260906250001 0.33796671875 0.8710560859375001 0.3267624140625 0.851225971875 0.3030860875 0.83625960625 0.3072620546875 0.8244395046875 0.3171986375 0.81214314375 0.332578909375 0.80032304375 0.3425154921875 0.7880266828125 0.3578957625 0.775730321875 0.373276034375 0.766580225 0.394416921875 0.7601001359375 0.42676211249999996 0.758671353125 0.4430931734375 0.75362004375 0.45910730468749994 0.7558137875 0.4757552953125 0.7543850046875 0.4920863546875 0.760677534375 0.5036075890625
3 0.0952728 0.390538675 0.0949841015625 0.3521159375 0.10098793125000001 0.3252144328125 0.10479801875000001 0.2816649375 0.104033059375 0.2486858859375 0.10183931406249999 0.23203789531250002 0.077434153125 0.2189320125 0.0647626703125 0.32204513281249997 0.062381365625 0.3492635671875 0.068673896875 0.3607848 0.08173521875 0.37838358125 0.0880277484375 0.389904815625 0.0952728 0.390538675
3 0.1762095984375 0.42504649843750003 0.19003588124999998 0.47562433125 0.20357346562499998 0.4877794234375 0.2149173046875 0.483286528125 0.2407512484375 0.48006135 0.259340140625 0.4762023125 0.2706839796875 0.471709415625 0.2757352890625 0.4556952859375 0.28173911875 0.42879378125 0.28116171875 0.35194830625 0.255991596875 0.3058633703125 0.2349202609375 0.2546516796875 0.2141376265625 0.241862725 0.19650125624999998 0.2348343875 0.1928787296875 0.2345174578125 0.1941199515625 0.262052821875 0.1922149078125 0.2838275703125 0.179918546875 0.2992078421875 0.17267349375000002 0.29857398125 0.173914715625 0.3261093453125 0.1715334125 0.3533277796875 0.1732508953125 0.37541945625 0.1759208984375 0.3866237609375 0.1740158546875 0.408398509375 0.1762095984375 0.42504649843750003
3 0.558307046875 0.688860575 0.5708921078125 0.7119030421875 0.5849059515625 0.71861445 0.5967260515625 0.7086778640625 0.6135974609375 0.6827271500000001 0.6232238171875 0.6561425765625 0.632850175 0.6295580015625 0.641524009375 0.6138608015625 0.643429053125 0.5920860546875 0.6412353093750001 0.5754380625 0.6417115703125 0.569994375 0.6091088359375 0.56714200625 0.5982412578125 0.566191215625 0.5796523640625 0.570050253125 0.5579172078125 0.5681486734375001 0.532559525 0.5659301640625001 0.5284607375 0.5710569203125 0.52655569375 0.5928316687499999 0.53456570625 0.6264445796875 0.5367594515625 0.6430925703125 0.54305198125 0.654613803125 0.5524907765625 0.6718956546875 0.558307046875 0.688860575
3 0.5119644515624999 0.5092747859375 0.508630625 0.54738059375 0.5149231546874999 0.5589018265625 0.532559525 0.5659301640625001 0.5583934687500001 0.5627049859375 0.5941424703125 0.5713179734375 0.605486309375 0.566825075 0.6385653062500001 0.564233759375 0.6653517718749999 0.5501212078125 0.67344820625 0.4575785328125 0.6673432375 0.4021908734375 0.663908271875 0.35800751875 0.6341631015625 0.3224930265625 0.605659153125 0.3145139015625 0.579825209375 0.3177390765625 0.568005109375 0.3276756609375 0.5443649078125 0.3475488296875 0.5434123859375 0.3584362015625 0.5337860296875 0.3850207765625 0.5287347203125 0.40103490624999993 0.5227308890625 0.4279364109375 0.5198733234375 0.46059853281249996 0.51386949375 0.4875000390625 0.5119644515624999 0.5092747859375
3 0.8952884031250001 0.5921794734375 0.9129247734374999 0.5992078109375 0.9165473000000001 0.5995247406249999 0.9206460859375 0.5943979828125 0.925221134375 0.583827540625 0.9266499171874999 0.5674964796874999 0.9276024390625001 0.55660910625 0.9280787 0.5511654187499999 0.9318887859375 0.5076159234375 0.93331756875 0.49128486406249994 0.9306475640625 0.48008056093749996 0.9224499906249999 0.4903340734375 0.9142524171874999 0.5005875875 0.87392836875 0.50254504375 0.8681120984374999 0.4855801234375 0.8540982546875 0.4788687171875 0.85362199375 0.48431240468750003 0.8517169499999999 0.5060871515625001 0.8570569593749999 0.5284957593749999 0.8623969671875 0.550904365625 0.8645907109375001 0.56755235625 0.87812829375 0.57970745 0.8952884031250001 0.5921794734375
3 0.2103569734375 0.702301721875 0.22846960312500003 0.703886371875 0.2361909171875 0.6990765453125001 0.2521098046875 0.6840132046875 0.26440616562499997 0.6686329343749999 0.27622626562499997 0.65869635 0.292145153125 0.643633009375 0.304917775 0.6228090515625 0.309969084375 0.606794921875 0.3145441328125 0.5962244765625 0.3123503890625 0.5795764875 0.309680384375 0.5683721828125 0.307962903125 0.5462805046875 0.30214663124999996 0.529315584375 0.281075296875 0.47810389375 0.27430650624999997 0.4720263453125 0.259340140625 0.4762023125 0.21853983124999998 0.4836034578125 0.21444104375 0.48873021406249995 0.19957581562499999 0.5751953453125 0.192143203125 0.618427909375 0.1897618984375 0.64564634375 0.1910031203125 0.6731817078125 0.19996565625 0.6959072453124999 0.2103569734375 0.702301721875