3 0.569553028125 0.5262178609375 0.599635721875 0.5217421953125 0.6232272859375 0.5071517015625 0.634098384375 0.45733384062500004 0.6314636546875 0.41728175937499995 0.628567140625 0.3922273921875 0.6288289265625 0.3772296765625 0.6257578859375 0.3621737859375 0.6097045921875 0.32688824375 0.6066335515625 0.311832353125 0.6002296874999999 0.29671828906250003 0.590405734375 0.28654528749999997 0.5804945203125 0.281371525 0.5569902156250001 0.2909627796875 0.5398897781249999 0.3156680984375 0.5156873765625 0.36525325937500003 0.5047290171875 0.42007035937500004 0.5004363109375001 0.47500380781249996 0.5000872625 0.49500076093749995 0.506491128125 0.5101148265625 0.5129822546875 0.520229653125 0.5428904234374999 0.5257524640625 0.569553028125 0.5262178609375
3 0.7912647625 0.43007262031250004 0.7874956265625 0.45501063906250006 0.7839010140625 0.4699501796875 0.7868847921875 0.49000530781249996 0.78995583125 0.5050611984375 0.7931141328125 0.51511785 0.7996052609375 0.5252326765625 0.8162693890625 0.5255235500000001 0.8230223015625 0.5206406609374999 0.8333698265624999 0.5008182296875 0.8408208359374999 0.45594143281250005 0.8480100609375001 0.42606235156250005 0.8485336328124999 0.39606692187500003 0.8455498546875001 0.3760117921875 0.8425660765625 0.3559566640625 0.8394077765624999 0.3459000125 0.8330039109375 0.33078594687499996 0.8261637343749999 0.340668075 0.8193235609375 0.35055020312499996 0.8089760359374999 0.3703726328125 0.795121159375 0.4001353640625 0.791701071875 0.405076428125 0.7912647625 0.43007262031250004
3 0.9581846984375 0.6080128765625 0.9621283578125001 0.57307638125 0.9626519312499999 0.5430809515624999 0.956335328125 0.5229676484375 0.9497569390624999 0.517852059375 0.9432658109375 0.5077372328124999 0.936774684375 0.4976224078125 0.92019781875 0.4923322953125 0.9136194281250001 0.4872167078125 0.9098502937499999 0.512154725 0.8862587281250001 0.5267452171875 0.8924008062500001 0.5568569984375 0.8987174093749999 0.5769703015625 0.9017884484375 0.5920261906250001 0.9316093546875001 0.602548240625 0.9446788734375 0.6177786546874999 0.9581846984375 0.6080128765625
3 0.8845134874999999 0.6267299875 0.9011776140625001 0.6270208609375 0.9015266625 0.60702390625 0.9017011859374999 0.5970254296874999 0.898630146875 0.5819695390625 0.8956463703124999 0.5619144109375 0.8862587281250001 0.5267452171875 0.8695073375 0.5314535828125 0.8595088593750001 0.531279059375 0.8563505593749999 0.5212224078125 0.8296879531249999 0.520757009375 0.8292516437499999 0.5457532015625 0.8353937234375 0.5758649828125 0.841710325 0.5959782859375 0.8546925796875 0.6162079375 0.8713567078125 0.6164988109375 0.8845134874999999 0.6267299875
3 0.2309306109375 0.6353247015625 0.2409290875 0.6354992265625 0.2580295265625 0.6107939078125 0.2616241375 0.5958543671875 0.27188439999999997 0.581031175 0.27547901406249997 0.566091634375 0.279073625 0.5511520937500001 0.28319180781250003 0.506217121875 0.296959421875 0.481453628125 0.2972212078125 0.4664559125 0.28362811875 0.4812209296875 0.2631948546875 0.5058680734375 0.2498635515625 0.505635375 0.2402141234375 0.48546389687499997 0.23653225 0.5054026765625 0.2192572875 0.5401064718749999 0.21531362812500002 0.5750429671874999 0.2182101421875 0.600097334375 0.22128118125000001 0.615153225 0.2309306109375 0.6353247015625
3 0.4910655359375 0.6298638515625 0.49912737968750004 0.5499923843750001 0.4964926515625 0.5099403015624999 0.4933343484375 0.49988365 0.4864941734375 0.509765778125 0.47298834687499997 0.51953155625 0.41957587500000004 0.5236 0.4194886125 0.5285992390625001 0.4219488171875 0.5786497984375 0.428090896875 0.608761578125 0.4374785390625 0.643930771875 0.4537063578125 0.6692178375 0.4804562234375 0.664683996875 0.4910655359375 0.6298638515625
3 0.9433530734375 0.5027379953125 0.9600172015625 0.50302886875 0.970277465625 0.4882056765625 0.9807995140625 0.45838477031249997 0.9846559109375 0.42844751406250003 0.9887740968750001 0.38351254218749997 0.99271775625 0.3485760484375 0.9894721921875 0.34351863437499996 0.9792119296875 0.3583418265625 0.9555331015625 0.3779315578125 0.9386071875 0.39263839843750004 0.9215067484375 0.41734371875000004 0.9179994 0.4272840203125 0.9176503515625001 0.44728097499999997 0.913706690625 0.48221746874999993 0.9168649921875 0.49227412031249995 0.9301090328124999 0.4975060578125 0.9334418578125 0.49756423281249995 0.9433530734375 0.5027379953125
3 0.23995233749999997 0.5004616125 0.2402141234375 0.48546389687499997 0.240563171875 0.46546694375 0.23766665625 0.44041257656250005 0.238190228125 0.41041714531249995 0.23853927656249999 0.3904201921875 0.23555549843749998 0.3703650625 0.235817284375 0.355367346875 0.2326589828125 0.34531069531249997 0.22616785625000002 0.33519587031250003 0.21967672968750002 0.32508104375 0.212923815625 0.3299639328125 0.19880715468750002 0.3747243796875 0.2007437875 0.4547703703125 0.20302946875 0.51481940625 0.212853421875 0.5249924078125 0.2296920734375 0.5152848046875 0.23995233749999997 0.5004616125
3 0.1573297921875 0.45901333749999995 0.1575043171875 0.4490148609375 0.15434601406249998 0.43895820937499996 0.1514494984375 0.4139038421875 0.1483784609375 0.39884795156249997 0.148552984375 0.388849475 0.14223638125 0.368736171875 0.13583251406250002 0.35362210625 0.12592129999999999 0.34844834375 0.0993459578125 0.3429837078125 0.101282590625 0.42302969843750005 0.11067023281249999 0.45819889218750004 0.123565225 0.4834277828125 0.13023087656250001 0.4835441328125 0.14689500625000002 0.48383500625 0.1573297921875 0.45901333749999995
3 0.24143579218750003 0.41547455937500005 0.24117400625 0.4304722734375 0.2406504328125 0.4604677046875 0.240388646875 0.4754654203125 0.2434596859375 0.49052131093750007 0.24995081406250003 0.5006361375 0.25977476718750003 0.5108091375 0.2869609453125 0.48127910468749996 0.2973084703125 0.461456675 0.29809382812499996 0.416463528125 0.301950225 0.386526271875 0.29598267031250003 0.346416015625 0.29299889375 0.3263608859375 0.286595028125 0.311246821875 0.266859859375 0.2959000578125 0.266947121875 0.2909008203125 0.26361429687500004 0.29084264531250004 0.24686290624999999 0.295551009375 0.2430937703125 0.320489028125 0.2391501109375 0.355425521875 0.238888325 0.3704232375 0.23862653906250003 0.385420953125 0.241697578125 0.40047684375000003 0.24143579218750003 0.41547455937500005
3 0.8405590500000001 0.47093914843749995 0.8403845265625 0.48093762656249994 0.8333698265624999 0.5008182296875 0.833195303125 0.5108167078125 0.8431937796875 0.51099123125 0.8566123453125 0.5062246921875 0.86345251875 0.4963425640625 0.8705544812499999 0.47146272031249997 0.8709907921875001 0.44646652812500004 0.8713398390625 0.42646957499999993 0.872299721875 0.3714779515625 0.8587066343749999 0.38624296875 0.8518664578124999 0.3961250953125 0.848359109375 0.40606539843749995 0.8480973234375 0.42106311406249997 0.847748275 0.44106006718749996 0.8405590500000001 0.47093914843749995
3 0.7152206062500001 0.3937399328125 0.7149588203125 0.40873764843749993 0.7104043265625 0.47866881250000004 0.72329931875 0.5038977046875 0.7363688359375 0.51912811875 0.74628005 0.52430188125 0.7631187015625 0.5145942765625 0.7702206640625 0.489714434375 0.7805681890625 0.46989200468750003 0.7877574125 0.4400129234375 0.7881937234375 0.41501673125 0.7886300328125 0.3900205375 0.78897908125 0.370023584375 0.7893281296875 0.3500266296875 0.7862570890625 0.334970740625 0.7831860500000001 0.31991485000000003 0.7802022734375 0.299859721875 0.7635381437500001 0.2995688484375 0.7532778812500001 0.3143920390625 0.73959753125 0.3341562953125 0.72916274375 0.35897796249999997 0.7221480437500001 0.3788585671875 0.7153078671875 0.3887406953125 0.7152206062500001 0.3937399328125
3 0.7436621890625 0.674279034375 0.7477803734374999 0.6293440640625 0.7446220718750001 0.6192874125000001 0.7419000796875 0.5842345671875 0.7420746031250001 0.574236090625 0.7327742234375 0.534067659375 0.726283096875 0.5239528328125 0.7199664921875 0.5038395296875 0.7101425406249999 0.493666528125 0.7069842390625001 0.4836098765625 0.7001440624999999 0.4934920046875 0.6868127609375 0.49325930625 0.683392671875 0.49820036874999996 0.6700613703125 0.49796767031250005 0.6666412828125 0.5029087343749999 0.668490653125 0.5879539625 0.6846312109375 0.6182402671875 0.6975262015625 0.643469159375 0.7071756312499999 0.6636406359375 0.7336637125000001 0.6741045109375 0.7436621890625 0.674279034375
3 0.1625119890625 0.544116740625 0.16952668906249999 0.5242361375 0.1732958234375 0.49929811874999996 0.1634718703125 0.48912511875 0.15356065624999998 0.48395135624999996 0.140229353125 0.48371865625000005 0.1268980515625 0.48348595781250003 0.1268107890625 0.48848519687499997 0.1094485640625 0.5281882312499999 0.10567942968749999 0.5531262484374999 0.11190876875 0.578238790625 0.12173272187499999 0.588411790625 0.14207872500000002 0.5687638859375 0.1625119890625 0.544116740625
3 0.6644597328125 0.627889696875 0.6648960421875 0.6028935046874999 0.665157828125 0.5878957890625001 0.6667285453125 0.4979094953125 0.653484503125 0.492677559375 0.6369076390624999 0.487387446875 0.6337493359375 0.4773307953125 0.6304165109375 0.4772726203125 0.6233145484375 0.5021524640624999 0.5862171578125001 0.526508734375 0.5849954890625 0.5964980734374999 0.616665765625 0.6920653515625 0.6464866734375 0.7025874 0.6566596734375 0.692763446875 0.656921459375 0.67776573125 0.6644597328125 0.627889696875
3 0.3602999765625 0.672588184375 0.37345675625 0.682819359375 0.37678958125 0.682877534375 0.38704984375 0.66805434375 0.3973101078125 0.6532311515625 0.4110777203125 0.6284676578124999 0.41809242031249993 0.6085870546875001 0.42177429218749996 0.5886482749999999 0.41957587500000004 0.5236 0.3962460953125 0.5231927765625 0.383002053125 0.5179608390625 0.37326536250000003 0.5027885999999999 0.367210546875 0.46767758125 0.363615934375 0.482617121875 0.353181146875 0.507438790625 0.34941201093749996 0.5323768078125 0.34564287656250003 0.5573148265625 0.350825071875 0.6424182296875001 0.35056328593749997 0.6574159453124999 0.3602999765625 0.672588184375
3 0.21522636562500003 0.58004220625 0.2192572875 0.5401064718749999 0.2296048125 0.5202840421875 0.212853421875 0.5249924078125 0.20627503281249998 0.5198768203124999 0.199085809375 0.5497559015625 0.1954039359375 0.56969468125 0.19180932343749998 0.584634221875 0.1912857515625 0.6146296515625 0.1910239640625 0.6296273671875 0.21522636562500003 0.58004220625
3 0.6339238593750001 0.46733231875000003 0.6369949 0.4823882078125 0.646818853125 0.492561209375 0.6567300687500001 0.49773497187500004 0.676727021875 0.4980840203125 0.6901455859375 0.4933174796875 0.6968112375 0.49343382968749994 0.7070715015625 0.4786106390625 0.710753375 0.458671859375 0.7114514703125 0.4186779515625 0.708904003125 0.3736266296875 0.7093403140625 0.3486304375 0.7030237109375 0.328517134375 0.699952671875 0.31346124375 0.6935488046875 0.2983471796875 0.6903032421875 0.2932897671875 0.6702190265625 0.29793995624999997 0.6494367140625 0.3425840546875 0.6387401406250001 0.3824034390625 0.635145528125 0.3973429796875 0.6314636546875 0.41728175937499995 0.6310273453125 0.4422779515625 0.6339238593750001 0.46733231875000003
3 0.34677728281250003 0.49232472656250004 0.3637031953125 0.477617884375 0.37457429375 0.4278000234375 0.3784306921875 0.3978627671875 0.378605215625 0.387864290625 0.372375875 0.3627517484375 0.36605927031249996 0.3426384453125 0.36298823125 0.3275825546875 0.3465858890625 0.312293965625 0.3365874125 0.3121194421875 0.3197487609375 0.3218270453125 0.301950225 0.386526271875 0.2973957328125 0.45645743593750004 0.303712334375 0.47657073906249997 0.3168691140625 0.48680191562499997 0.3334459796875 0.4920920265625 0.34677728281250003 0.49232472656250004
3 0.1884764984375 0.584576046875 0.191983846875 0.57463574375 0.20276768281250002 0.5298171218750001 0.2063622953125 0.51487758125 0.20311673125000002 0.5098201687499999 0.19636381875 0.5147030578125 0.1832070390625 0.50447188125 0.17645412656249998 0.5093547703125 0.1694394265625 0.5292353750000001 0.1624247265625 0.5491159796875 0.1589173765625 0.55905628125 0.1551482421875 0.5839943 0.175057934375 0.5893425859375 0.1884764984375 0.584576046875
3 0.7678645890625 0.6246938734375 0.78075958125 0.6499227640624999 0.7974237093750001 0.6502136375 0.8110167984375 0.6354486203125 0.81162763125 0.6004539515625 0.8027635609375 0.535289328125 0.8029380859374999 0.52529085 0.7931141328125 0.51511785 0.7868847921875 0.49000530781249996 0.7839882765625 0.464950940625 0.776973578125 0.4848315453125 0.7631187015625 0.5145942765625 0.7362815734375 0.52412735625 0.7360197875 0.539125071875 0.7390035640625 0.5591802 0.74865299375 0.579351678125 0.758476946875 0.5895246796875 0.7648808125000001 0.6046387453125 0.7678645890625 0.6246938734375
3 0.8443450546875001 0.6360303671875001 0.8445195796875 0.626031890625 0.8449558890625 0.6010356984375 0.8450431515625001 0.5960364593749999 0.8386392859375 0.5809223953125 0.8323226828125 0.5608090921875 0.8293389046874999 0.5407539640625 0.829600690625 0.5257562484375 0.8263551281250001 0.520698834375 0.8162693890625 0.5255235500000001 0.8062709124999999 0.5253490249999999 0.8028508234375 0.5302900890625 0.8057473406250001 0.5553444562500001 0.80855659375 0.5853980609375 0.81162763125 0.6004539515625 0.8213643234375001 0.615626190625 0.8311010140624999 0.63079843125 0.8443450546875001 0.6360303671875001
3 0.3962460953125 0.5231927765625 0.4329071765625 0.5238326984375 0.4495713046875 0.5241235718749999 0.47298834687499997 0.51953155625 0.479741259375 0.5146486671875 0.49000152343750003 0.4998254765625 0.4969289609375 0.48494410937500004 0.5008726203125 0.45000761562499997 0.498325153125 0.40495629375000003 0.4919212875 0.38984222968750004 0.4889375109375 0.3697871015625 0.47937534375 0.344616384375 0.47621704062500003 0.3345597328125 0.4698131765625 0.31944566874999997 0.46016374843749996 0.299274190625 0.45042705781250003 0.28410195 0.44042858125000006 0.2839274265625 0.43709575312500004 0.2838692515625 0.41017136406250004 0.2984015703125 0.40333118749999997 0.308283696875 0.382199828125 0.37292475 0.3783434296875 0.40286200625 0.367210546875 0.46767758125 0.373352625 0.4977893625 0.38308931562500004 0.5129616015625 0.3962460953125 0.5231927765625
3 0.280748471875 0.6461958 0.28373225 0.666250928125 0.29355620312499997 0.6764239296875 0.310482115625 0.6617170875 0.317496815625 0.6418364828125 0.327844340625 0.622014053125 0.33836639062499996 0.5921931453125 0.3420482640625 0.5722543671875 0.34573013750000003 0.5523155875 0.353181146875 0.507438790625 0.36028310937499997 0.48255894843749997 0.3501973703125 0.4873836625 0.3334459796875 0.4920920265625 0.3167818515625 0.49180115312500006 0.300379509375 0.47651256406250003 0.286524634375 0.506275296875 0.2825809734375 0.5412117921874999 0.28205740156250003 0.5712072218750001 0.278375528125 0.5911460015625 0.27793921875 0.61614219375 0.280748471875 0.6461958
3 0.9102866031250001 0.4871585328125 0.9144047859375 0.4422235609375 0.914753834375 0.4222266078125 0.9117700578125 0.402171478125 0.9088735421875 0.3771171109375 0.8714271015625 0.4214703359375 0.874498140625 0.43652622656249995 0.87064174375 0.4664634828125 0.8670471328125 0.4814030234375 0.8565250828125001 0.5112239296875 0.859596121875 0.5262798203125 0.8661745125 0.5313954078124999 0.8829259015625001 0.52668704375 0.8963444671874999 0.5219205031249999 0.9098502937499999 0.512154725 0.9102866031250001 0.4871585328125
3 0.5502710390625001 0.6759041421875 0.560269515625 0.676078665625 0.567371478125 0.6511988234375 0.5711406125 0.6262608046875 0.5849954890625 0.5964980734374999 0.58630441875 0.5215094953125 0.569553028125 0.5262178609375 0.5428904234374999 0.5257524640625 0.5163150812499999 0.5202878281250001 0.5031583015625001 0.5100566515625 0.5000872625 0.49500076093749995 0.4964926515625 0.5099403015624999 0.49895285625 0.5599908609375001 0.4950964578125 0.5899281171874999 0.5013257984374999 0.615040659375 0.5140462671875 0.650268028125 0.530274084375 0.67555509375 0.5502710390625001 0.6759041421875
3 0.1539097046875 0.4639544015625 0.1569807453125 0.4790102921875 0.1667174359375 0.49418253125 0.17996147499999998 0.49941446875000006 0.193118253125 0.50964564375 0.1997839046875 0.50976199375 0.2032912546875 0.499821690625 0.20091831249999997 0.44477189375000004 0.1983708453125 0.399720571875 0.195474328125 0.3746662046875 0.18231755 0.36443502968749997 0.165653421875 0.36414415624999996 0.15574220625 0.35897039375 0.1457437296875 0.35879586875 0.1390780796875 0.3586795203125 0.151798546875 0.39390688749999997 0.1516240234375 0.403905365625 0.1513622375 0.41890308125000003 0.15118771250000002 0.42890155781250006 0.157591578125 0.44401562187500004 0.1575043171875 0.4490148609375 0.1539097046875 0.4639544015625