0 0.30780068437499997 0.391001865625 0.3105132484375 0.3645365328125 0.3179443234375 0.34113435625 0.32747788125 0.317436696875 0.33332003125 0.29798413125 0.33757325625 0.282481175 0.35280416875 0.2840669109375 0.3696240109375 0.2817030359375 0.38644385 0.2793391609375 0.3833142625 0.2723263953125 0.365467315625 0.26738201875 0.35392780625000003 0.2615511890625 0.33290300781250004 0.26450603125 0.317110275 0.27417815624999997 0.304960684375 0.294517175 0.30173456718749997 0.31732838281250003 0.2990220046875 0.343793715625 0.29733655 0.3775673 0.3004178734375 0.399492053125 0.3013967171875 0.4217122921875 0.30499159374999996 0.447291171875 0.306066965625 0.43968743750000006 0.3102236609375 0.45400845468749995 0.3076558921875 0.4357378265625 0.307190603125 0.4171717140625 0.30780068437499997 0.391001865625
0 0.6175235890625 0.3064838390625 0.6196260687499999 0.3061883546875 0.6160311921875 0.280609475 0.6118744953124999 0.2662884546875 0.6224351593749999 0.24989904687500003 0.616175984375 0.23587351406249998 0.6072525109375 0.233401325 0.593562259375 0.24277796562499998 0.5835634140625 0.2479095140625 0.5830015953125 0.259167375 0.58921250625 0.288104896875 0.60014193125 0.32010557500000003 0.6100442484374999 0.34479800156249996 0.62004309375 0.3396664546875 0.6206049124999999 0.32840859375 0.6175235890625 0.3064838390625
3 0.483781565625 0.5600370171875 0.4889171046875 0.5965782749999999 0.4941009078125 0.6182075453125 0.5029761171875 0.6355917203125 0.5140020703125 0.637768425 0.5445121625 0.6260279093750001 0.5781518421875 0.6213001593749999 0.6107161484375 0.6241761484375 0.6296384703125 0.6215167890625 0.666504265625 0.5939778328124999 0.6660872390625 0.5604997328125 0.651611203125 0.4880081875 0.6464273984375 0.4663789171875 0.6261574765625 0.3984279515625 0.6042986265625 0.33442659375 0.5934174671875 0.287513928125 0.581460934375 0.24820499843750002 0.5704832453125 0.23111630625 0.552636296875 0.226171928125 0.541048525 0.2352530859375 0.5242286859374999 0.2376169609375 0.5067987625 0.2661506828125 0.5040861984375 0.292616015625 0.49029941875 0.33181663125 0.48123115 0.37408040468750003 0.47375180937500005 0.4123945671875 0.4767366046875 0.464143296875 0.48079677031249995 0.5082882890625 0.483781565625 0.5600370171875
3 0.3076868015625 0.588511825 0.3134324234375 0.5988832328125 0.3344089578125 0.6108403765625 0.3995858375 0.6016803640624999 0.4290205578125 0.597543584375 0.4552774234375 0.6013060234375 0.47681577812500003 0.6020053062499999 0.49106784843750007 0.5813708046875 0.485515284375 0.511351446875 0.472579909375 0.449822278125 0.4522617203125 0.39678329687499997 0.4361002296875 0.35806533749999997 0.42045228906250004 0.3230015 0.402140053125 0.2994910109375 0.3833142625 0.2723263953125 0.36285128125 0.2640233765625 0.3386968921875 0.2599654515625 0.3108028359375 0.275064609375 0.30019390625 0.30636600625 0.2973848140625 0.3626553125 0.3008348984375 0.43297015468750005 0.3017172125 0.485014365625 0.3010106015625 0.541008190625 0.3076868015625 0.588511825
3 0.9067891703125 0 0.903254253125 0.0054859421875000005 0.896850284375 0.0361963703125 0.8982944171874999 0.07698272187500001 0.900813921875 0.1101653359375 0.8981013609374999 0.1366306703125 0.8860000343750001 0.1420577 0.8644616796875001 0.14135841875 0.8560517609374999 0.14254035625 0.854462834375 0.146489965625 0.8617491171875 0.1678237515625 0.8695489546875 0.19281166249999998 0.8794512718749999 0.217504090625 0.9019202046875 0.255335596875 0.9228967390625 0.2672927421875 0.950742534375 0.267105571875 0.9602278249999999 0.25831989843750003 0.9660699765625 0.2388673328125 0.933202528125 0.0050032890625 0.930969709375 0 0.9067891703125 0
0 0.7312332109375 0.3985657234375 0.7426761890625 0.4342205265625 0.7562699109375 0.4546678609375 0.77827355625 0.47393325624999993 0.79663405625 0.48253175937500004 0.8229391890625 0.4713822109375 0.8257482812499999 0.41509290468750004 0.8233253046875 0.352086315625 0.8177727406249999 0.2820669578125 0.8074051343749999 0.23880841562500002 0.7907300875 0.1964363296875 0.77241785 0.172925840625 0.7587758625000001 0.1673904953125 0.7419560234375 0.16975436875 0.7203694046875 0.183967071875 0.7145272546875 0.2034196375 0.7039183265625 0.234721034375 0.7022328718749999 0.26849461875 0.7058277484375 0.2940734984375 0.7161953546875 0.3373320390625 0.7250223 0.3696282015625 0.7312332109375 0.3985657234375
3 0.8218329078125001 0.32621195 0.8253795203125 0.36670281718750003 0.83004976875 0.3846779609375 0.8552312640625 0.3960441375 0.8720511046875 0.3936802625 0.88887094375 0.3913163890625 0.8942478046875 0.353297709375 0.8943925984375 0.3085617484375 0.8929484671875001 0.26777539687499996 0.8899154078124999 0.2309386546875 0.8773970562500001 0.20288758593749998 0.8606737453125 0.1754274859375 0.8454910968749999 0.15892976406249998 0.8318008453125 0.1683064046875 0.8222672875000001 0.192004065625 0.810679515625 0.20108522187500003 0.802734884375 0.220833271875 0.8084322421874999 0.24611666875 0.8156702609375 0.2823624421875 0.8218329078125001 0.32621195
3 0.73086445 0.3501756359375 0.7261942 0.33220049218750003 0.72362643125 0.3139298625 0.7205451078125 0.2920051078125 0.7195662640625 0.2697848703125 0.716484940625 0.247860115625 0.721299984375 0.22109930000000003 0.723450728125 0.2058918265625 0.7303199874999999 0.1937475125 0.740367096875 0.173703978125 0.74354495 0.165804759375 0.7351350296875 0.16698669531250002 0.7256497375000001 0.17577236875 0.718780478125 0.1879166828125 0.71186295625 0.21497298437499998 0.7039183265625 0.234721034375 0.7027946890625001 0.2572367578125 0.7037735328125 0.279456996875 0.704238821875 0.298023109375 0.708909071875 0.31599825312499996 0.7161953546875 0.3373320390625 0.7255841171874999 0.35837033906250004 0.73343221875 0.36844626406250003 0.7418421390625001 0.3672643265625 0.74660891875 0.35541549687499996 0.7471707359375 0.344157634375 0.7413768484375 0.3486982140625 0.73086445 0.3501756359375
3 0.2721029890625 0.8692590765625001 0.3036401890625 0.8648268124999999 0.3221454828125 0.8286893546874999 0.33280267812500003 0.7824759703125 0.33817953749999996 0.7444572921875 0.34299458125000004 0.717696475 0.33944796875 0.6772056078124999 0.3353878015625 0.633060615625 0.32810151875 0.6117268296875 0.3202534171875 0.6016509046875 0.30665969375 0.5812035718749999 0.3019894453125 0.563228428125 0.2956337390625 0.57902686875 0.2877373734375 0.58386293125 0.27512249375 0.5856358359375 0.2583026546875 0.5879997109375 0.232559340625 0.587891396875 0.225738346875 0.5851237234375 0.225176528125 0.5963815859375 0.22456644531249997 0.6225514343749999 0.2260588421875 0.6484257984374999 0.230119009375 0.692570790625 0.2357681015625 0.732766175 0.244033228125 0.7763201984375 0.2533737265625 0.8122704859375001 0.261638853125 0.8558245124999999 0.2721029890625 0.8692590765625001
3 0.4185217109375 0.9194809875000001 0.432115434375 0.9399283203125 0.4583240375 0.9586027453125 0.4762675140625 0.93372315 0.47641230781250005 0.8889871875 0.4775842078125 0.851559478125 0.47249693437499996 0.8001062328125 0.4669443703125 0.7300868765625 0.45821395468750004 0.6679667390625 0.45522915937499997 0.6162180109375 0.44686750468750003 0.6024879609375 0.41850815781249995 0.5990210046875 0.386457403125 0.59979914375 0.3580497921875 0.6112441765625001 0.3349225125 0.614494503125 0.3328200328125 0.6147899875 0.3327717671875 0.6297019734375 0.34416648125 0.6802687656249999 0.3524316078125 0.7238227890625 0.36490169375 0.7667858453124999 0.382138559375 0.797900071875 0.39671112656249996 0.8405676421875 0.4076405515625 0.872568321875 0.4185217109375 0.9194809875000001
3 0.18356130937499998 0.4680833875 0.198599165625 0.5293170703125 0.20793966406250003 0.5652673609375001 0.21840379843750002 0.5787019250000001 0.24568777343749998 0.5897726171875 0.2730200140625 0.5859313203125 0.2877373734375 0.58386293125 0.297222665625 0.5750772578125 0.30577737968749996 0.529159359375 0.3012519234375 0.466448253125 0.2982671296875 0.4146995265625 0.2858453078125 0.3568244828125 0.2723481125 0.306553175 0.26295935 0.285514875 0.24259289687500002 0.24738788125000002 0.23427950625 0.21874584375 0.21914512031250002 0.18733613437500002 0.20816743125 0.17024744218750001 0.20129817343749998 0.18239175624999998 0.19797552812500002 0.2350269390625 0.1894208140625 0.2809448375 0.18665998749999999 0.3223221578125 0.1875423015625 0.37436636874999996 0.185295028125 0.419397815625 0.186273871875 0.44161805468750004 0.18356130937499998 0.4680833875
0 0.2414209953125 0.284815590625 0.2424963671875 0.27721185625 0.24408529375 0.2732622453125 0.24567422031250002 0.26931263437499997 0.2388532265625 0.2665449625 0.23464826562500002 0.26713593125 0.2314704140625 0.27503515156249997 0.2282925625 0.2829343703125 0.22562826406249997 0.2944877171875 0.2282442984375 0.297846359375 0.2340381828125 0.2933057796875 0.23772958906250002 0.2890606859375 0.2414209953125 0.284815590625
3 0.743058503125 0.8030705953125 0.768191734375 0.8293487578125 0.7928114109375 0.851972796875 0.8080905890625001 0.8386465453125 0.822904478125 0.80675418125 0.823194065625 0.7172822578125 0.8222634859375001 0.68015003125 0.81507373125 0.628992271875 0.8052196796875 0.58938785625 0.787565790625 0.52479553125 0.7756092578125 0.4854866015625 0.76309090625 0.4574355328125 0.7484218109375 0.4445919359375 0.7389847828125 0.438465621875 0.74206610625 0.4603903765625 0.7414560234375001 0.486560225 0.733463128125 0.5212202609375 0.727620978125 0.5406728281250001 0.7128553531249999 0.5576532046875 0.6892145203125 0.5572494046875 0.6730047640625 0.53344343125 0.674031871875 0.5407516828125 0.6791191453125001 0.5922049281249999 0.68261749375 0.64760778125 0.685650553125 0.6844445218749999 0.693867415625 0.742910534375 0.7111042796875 0.7740247609375001 0.743058503125 0.8030705953125
3 0.973483696875 0.3831511421875 0.95891113125 0.340483571875 0.9369557515625001 0.30630618906249996 0.9171028531250001 0.27183332031249996 0.897201690625 0.252272440625 0.894072103125 0.245259675 0.8934137546875001 0.286341509375 0.8933172265625 0.316165484375 0.8900428453125 0.353888678125 0.8873302828125 0.3803540109375 0.8809745781249999 0.3961524515625 0.865743665625 0.394566715625 0.8599497796875 0.39910729375 0.88087805 0.425976425 0.891807475 0.45797710468749997 0.89750483125 0.4832605 0.9110502890625 0.5186198203125 0.9199737625 0.521092009375 0.955105840625 0.5422386234375 0.9756653500000001 0.5207176687499999 0.9742212171875 0.47993131718750004 0.9743660125 0.43519535625000005 0.9754413843749999 0.4275916203125 0.973483696875 0.3831511421875
3 0.9048220234375 0.6573682828125 0.9200529375000001 0.65895401875 0.9243061609375 0.6434510625 0.9265051703125 0.613331603125 0.9234721109375 0.5764948624999999 0.9152069859375 0.5329408390625 0.906380040625 0.500644675 0.892321028125 0.4616312296875 0.874570609375 0.426862878125 0.862052259375 0.398811809375 0.8447671281250001 0.382609571875 0.829536215625 0.381023834375 0.8258448093749999 0.3852689296875 0.8257482812499999 0.41509290468750004 0.8229874531249999 0.456470225 0.8071464562499999 0.4810543375 0.7835056234375 0.48065053906250005 0.7704254546875 0.46385733125 0.7709390078125 0.46751145625 0.782895540625 0.5068203875 0.7943385187499999 0.542475190625 0.8052196796875 0.58938785625 0.85240481875 0.6200194296875 0.8770244937499999 0.642643465625 0.9048220234375 0.6573682828125
3 0.1620847734375 0.7729320984375 0.1752132078125 0.7748133187499999 0.18213073125 0.7477570171875 0.194328584375 0.7125060125 0.21124495468750001 0.6803181640625 0.220826775 0.641708515625 0.22358760156250002 0.600331196875 0.21840379843750002 0.5787019250000001 0.20588544843749998 0.5506508578125 0.1934153625 0.5076878015624999 0.1877180046875 0.48240440468749995 0.1778156875 0.45771197812500003 0.15837981406249999 0.4567172109375 0.1462784875 0.4621442421875 0.13464245156250002 0.4861373875 0.12562244843749998 0.5134891734375 0.11963550468749999 0.5776777015625 0.1158475703125 0.61174676875 0.12205848125 0.640684290625 0.12406443125 0.6702127796874999 0.1271457546875 0.692137534375 0.1354591453125 0.720779571875 0.1474639421875 0.7451765140625 0.15685270625 0.7662148171875 0.1620847734375 0.7729320984375
0 0.64448706875 0.25425245625000004 0.65658839375 0.248825425 0.664484759375 0.24398936093749998 0.6707439359375 0.2580148953125 0.6743870765625 0.2686817890625 0.678543771875 0.2830028078125 0.683214021875 0.3009779515625 0.6774201359375 0.3055185296875 0.6700373234375 0.31400871874999997 0.6678865796875 0.329216190625 0.6699407953125001 0.34383269375 0.674097490625 0.35815371093750004 0.680918484375 0.360921384375 0.679377821875 0.3499590078125 0.676248234375 0.342946240625 0.6736804656250001 0.3246756125 0.6831657578125 0.31588993906249996 0.68583005625 0.3043365921875 0.689007909375 0.296437371875 0.68695369375 0.28182087031249997 0.6785920359375 0.2680908203125 0.6739217875 0.250115675 0.6676626125 0.2360901421875 0.658225584375 0.229963828125 0.654020625 0.230554796875 0.6435082249999999 0.23203221875 0.6408439265625 0.2435855625 0.637666075 0.251484784375 0.63238574375 0.25967948750000003 0.6313103703125 0.2672832234375 0.6392067359375 0.262447159375 0.64448706875 0.25425245625000004
3 0.0762209453125 0.6806630453125 0.09724574531249999 0.677708203125 0.106217484375 0.665268403125 0.11360029687499999 0.6567782140625 0.1189288921875 0.6336715234375 0.1222032734375 0.5959483296875 0.1265530265625 0.5506213984375 0.13085451718750002 0.5202064546875 0.135669559375 0.4934456390625 0.133101790625 0.47517501093750003 0.12104872656250001 0.46569005468749997 0.107406740625 0.46015470937499997 0.090073346875 0.45886445781249996 0.07638309531250001 0.4682410984375 0.06423350312500001 0.48858011718750005 0.0557270546875 0.519586028125 0.05408986406250001 0.538447625 0.052452675000000004 0.5573092234375 0.054458625000000004 0.5868377140625001 0.058053503125 0.61241659375 0.0642644140625 0.641354115625 0.070475325 0.6702916359375 0.0762209453125 0.6806630453125
3 0.6934194796875001 0.5566584375 0.7233677546874999 0.5561757828125 0.7360791625 0.524578903125 0.74304495 0.4826106140625 0.735903459375 0.41654086718750005 0.7219409765625 0.347703446875 0.701109234375 0.2910103421875 0.6880773296875 0.259305146875 0.6729429437500001 0.22789543750000002 0.6487885578125 0.2238375125 0.63509830625 0.2332141546875 0.6198191265624999 0.24654040625 0.6035611046875 0.2376464203125 0.5877683734375 0.24731854531250003 0.5887472171875 0.2695387828125 0.5991148234375 0.3127973234375 0.6167687125 0.3773896484375 0.6318548328125 0.42371134687499995 0.6484816140625 0.4809954203125 0.6646431078124999 0.5197133828125 0.6934194796875001 0.5566584375