0 0.776280371875 0.7266971453125 0.7586293656249999 0.780268271875 0.7588922359375 0.79643715 0.760157678125 0.799973328125 0.7717769375 0.796429 0.781621315625 0.782780140625 0.7917122609375 0.75953075625 0.800291196875 0.74234571875 0.7944734171875 0.73123318125 0.7914330921875 0.717592471875 0.795213121875 0.7024316015625 0.7954596890625 0.692831075 0.7957062578125 0.6832305484375001 0.7974648390625 0.667565675 0.7833146921874999 0.664037646875 0.7711859953125 0.6610136234375 0.7631001984375 0.65899760625 0.7734703140625 0.6776865046875 0.772977178125 0.6968875578125 0.776280371875 0.7266971453125
0 0.743855675 0.58978605625 0.7491640171875 0.5943302421875 0.7660916203125 0.5953301 0.780997771875 0.5958259531250001 0.7928799 0.6084505046875 0.7981882421875001 0.612994690625 0.7885741312500001 0.5912736171875 0.7820003453125 0.5831932531249999 0.7663381890625 0.5857295734375 0.7514320359375 0.5852337203125 0.7453676875 0.5837217078125 0.743855675 0.58978605625
0 0.509779175 0.38327352187499997 0.5118006234375 0.383777525 0.513312634375 0.37771317656250003 0.514824646875 0.371648828125 0.5135592046874999 0.36811265 0.5107817484375 0.3706408203125 0.5052268375 0.3756971609375 0.50649228125 0.3792333390625 0.509779175 0.38327352187499997
0 0.4724068109375 0.41260355468750004 0.478471159375 0.41411556718750003 0.48731296406249996 0.413099409375 0.4933773125 0.41461142031250003 0.497666778125 0.406018903125 0.503221690625 0.4009625625 0.50751115625 0.39237004375 0.499425359375 0.39035402812500003 0.4918489984375 0.3949063640625 0.48427263906249995 0.3994587 0.477452284375 0.4009788625 0.47467482812500006 0.4035070328125 0.4724068109375 0.41260355468750004
1 0.49590819843749995 0.4216837765625 0.500953671875 0.410059084375 0.5087766 0.395906221875 0.5219078703125 0.3862975453125 0.5277093500000001 0.371640678125 0.535022840625 0.3509194625 0.535269409375 0.3413189359375 0.5327385234375 0.33424658125 0.5274301796875001 0.32970239375 0.5178323703125 0.33375072656250004 0.4983901828125 0.35144791875000003 0.4880363671875 0.358528425 0.46962935625 0.415131725 0.477715153125 0.4171477421875 0.49590819843749995 0.4216837765625
3 0.4891041453125 0.44897334375 0.4964339375 0.454021534375 0.5022517171875001 0.465134071875 0.5123589640625 0.4676540921875 0.5169113015625 0.475230453125 0.5275279859374999 0.484318825 0.5416781312500001 0.4878468515625 0.552031946875 0.48076634531250007 0.5682035421875 0.4847983765625 0.593972946875 0.48478207656250005 0.6083696609375 0.478709578125 0.616192590625 0.46455671406250004 0.6250017921875 0.412001746875 0.6282560828125 0.36450311874999997 0.6209099890625 0.3336855234375 0.606496975 0.31398861718750004 0.5918373921875 0.3038922375 0.5728883406249999 0.3023883765625 0.5481378109375 0.31554138125 0.5158109203125 0.3332467234375 0.4880363671875 0.358528425 0.46811734375 0.42119607343750004 0.46711476875 0.433828775 0.47495399843749997 0.44544531718749997 0.4891041453125 0.44897334375
0 0.776922271875 0.5432791359375 0.794343009375 0.525077940625 0.8196029765624999 0.5184932875 0.8312222359374999 0.5149489593750001 0.8582407828124999 0.49269943125 0.872128059375 0.4800585796875 0.88323788125 0.4699459 0.8847498921874999 0.4638815515625 0.89608998125 0.41839893906250003 0.9001002796875 0.3678681375 0.8872155765624999 0.3678762875 0.8738377375 0.387085490625 0.8533929765625 0.4174153828125 0.8344602265625 0.4416809265625 0.8145085999999999 0.45280976562499997 0.79176321875 0.44069736875 0.7707764187499999 0.4129201 0.7621811828125 0.40433573125000005 0.7493453828125001 0.481652096875 0.725350859375 0.49177292812499995 0.725613728125 0.5079418062500001 0.7473565359375 0.532686903125 0.76403756875 0.5432872859375 0.776922271875 0.5432791359375
0 0.1205258484375 0.48912382499999996 0.122037859375 0.48305947656250003 0.11950697187499999 0.4759871203125 0.11672951718749999 0.478515290625 0.11395206093750002 0.4810434609375 0.11521750625 0.4845796390625 0.118504396875 0.48861982031249995 0.1205258484375 0.48912382499999996
3 0.7532069171875 0.5953382515625 0.780997771875 0.5958259531250001 0.808558359375 0.6316835890625 0.8358560765625 0.6513723437500001 0.8573197140625 0.63417915625 0.8832867828125 0.5472541140625 0.88323788125 0.4699459 0.8849964609375001 0.45428102499999995 0.89608998125 0.41839893906250003 0.8988348359374999 0.36433195937499996 0.8844381218749999 0.3704044578125 0.8556609937499999 0.408318859375 0.83572566875 0.4452171046875 0.8104657015625 0.4518017578125 0.792519225 0.43766519531250003 0.780127659375 0.41847229218750004 0.7596502953125001 0.397263375 0.7581382828125001 0.4033277234375 0.747833371875 0.4877164453125 0.7240854156250001 0.48823675 0.71754423125 0.5316951953125 0.709737603125 0.5716174640625 0.717839703125 0.599402884375 0.7532069171875 0.5953382515625
3 0.58383104375 0.8268648484375 0.5896651234375 0.863746790625 0.6111776640625 0.9238618187500001 0.6235692296875001 0.9430547203125 0.6733168578125001 0.907148184375 0.6982813546875 0.8328558421875 0.710854284375 0.7393705984375 0.7009610046875 0.6757112421875 0.6920865984375 0.625188590625 0.674140121875 0.611052028125 0.66174855625 0.5918591265625001 0.64026861875 0.5832829078125 0.63622571875 0.5822749 0.6155180890625 0.5964359140625 0.6094700421875 0.62069330625 0.6061994484375 0.6424225296875 0.5716534453125 0.746532609375 0.568152584375 0.8036317640625 0.58383104375 0.8268648484375
3 0.5605599234375 0.7824146953125 0.5754334734375 0.7313717390625001 0.6069554546875 0.6393903562500001 0.609716609375 0.6110927796875 0.6114751890625 0.5954279062500001 0.59579673125 0.5721948218749999 0.584424040625 0.5661386234375 0.5674964390625 0.565138765625 0.544257921875 0.5722274234375 0.5185211187500001 0.623782534375 0.500688746875 0.7900318078125 0.511831171875 0.8314579359375 0.53986859375 0.8223451140625 0.5605599234375 0.7824146953125
3 0.7558845125 0.8343352515625 0.758382796875 0.7898687984375 0.7750149265624999 0.7231609671875 0.7739797515625 0.6842548578125001 0.7598133046875 0.654957425 0.7347999046875 0.6519415515625 0.71331996875 0.643365334375 0.7009284015625 0.62417243125 0.696129496875 0.6261965984375 0.704510765625 0.6959203031250001 0.710344846875 0.7328022453124999 0.7078465625 0.7772687 0.7252836 0.784836909375 0.739187178125 0.7979654640625 0.7558845125 0.8343352515625
3 0.757396525 0.8282709046875001 0.7627211671875 0.8585844953124999 0.7814073484375 0.843919478125 0.79503175625 0.8151097484375001 0.8079001578125 0.7893321921875 0.8210151281250001 0.7539541109375001 0.8353792406249999 0.6963428015625001 0.8078186531249999 0.6604851671875 0.7881135968749999 0.6620134796875 0.767899103125 0.6569734406250001 0.7610787484375 0.6584936031249999 0.7727143078125 0.6807186796875 0.774505490625 0.716592615625 0.7563613484375 0.78936479375 0.757396525 0.8282709046875001
0 0.053785415625 0.420952884375 0.049989084375 0.41034435 0.046702190625 0.40630416875 0.0429058609375 0.395695634375 0.0340803578125 0.422481196875 0.027522871875 0.4401702375 0.0277857421875 0.4563391171875 0.0394050015625 0.4527947890625 0.045715917187499996 0.44470627343749997 0.053785415625 0.420952884375
0 0.5729514890625 0.801607596875 0.5840776109375 0.817264321875 0.5976857171875001 0.7626851859375 0.5797392421875001 0.748548625 0.598655690625 0.6985136765625 0.595352496875 0.6687040890625 0.571665084375 0.747026553125 0.5729514890625 0.801607596875
3 0.41347094999999995 0.7006519484375 0.4460281078125 0.647576675 0.46745914375000003 0.5788446781250001 0.4712391734375 0.5636838078124999 0.46136219375 0.52579385625 0.426997553125 0.5172257890624999 0.4007187109375 0.5106737375 0.3999627046875 0.5137059125000001 0.383544540625 0.51927440625 0.37726622656250003 0.57890173125 0.35180859375 0.6723951265625 0.37583571875 0.7138131046875 0.395540775 0.7122847921875 0.41347094999999995 0.7006519484375
3 0.34650025156250003 0.667850940625 0.353041434375 0.62439249375 0.37726622656250003 0.57890173125 0.381292825 0.554140334375 0.385565990625 0.5197784109375 0.3640860515625 0.51120219375 0.3532228 0.5117143484375 0.32137274531250004 0.48444923125 0.296359346875 0.48143335781249996 0.292825884375 0.486993703125 0.28500295625 0.501146565625 0.247465528125 0.6689241515625 0.2699643421875 0.6906370734375 0.307599575 0.6774759171875 0.3409453390625 0.6729072796875 0.34650025156250003 0.667850940625
3 0.015936215625 0.49525337656249996 0.03263355 0.531623165625 0.0730625375 0.54170324375 0.10238170625000001 0.5618960046875 0.129416553125 0.5654158812500001 0.17559811875 0.483530878125 0.203849509375 0.41327871875 0.22378483125 0.376380475 0.191441640625 0.3683164109375 0.169205696875 0.36277236875 0.1590984515625 0.3602523484375 0.15908215 0.33448294375 0.1429105546875 0.3304509125 0.09237431874999999 0.3178508125 0.056776837499999996 0.357285378125 0.03557606875 0.39064744375 0.028016009375 0.4209691859375 0.0219679625 0.44522657812500005 0.015936215625 0.49525337656249996
3 0.1840608921875 0.6821016078125 0.209813996875 0.6563159015625 0.23836085625 0.65377143125 0.2547790203125 0.6482029359375 0.2673682515625 0.580487096875 0.2857589625 0.4981143921875 0.28094375625 0.47436915312499994 0.229914384375 0.48097010625000003 0.21676681250000002 0.464809378125 0.2127239140625 0.4638013703125 0.1819253375 0.50121176875 0.1307309 0.646260275 0.1178787984375 0.697807234375 0.108297290625 0.727624971875 0.1471979671875 0.7179999953125 0.1840608921875 0.6821016078125
3 0.5029241625 0.7293964749999999 0.509711915625 0.676337503125 0.5124730703125 0.648039928125 0.5364349921875 0.5863802859375 0.5462793703125 0.5727314265625 0.5432390453125 0.55909071875 0.540445290625 0.535849484375 0.5250296999999999 0.528785278125 0.49066505937500005 0.5202172109375 0.4878876046875 0.52274538125 0.47879923281250003 0.533362065625 0.470466865625 0.5409465765625 0.472504615625 0.5672199859375 0.4475401203125 0.6415123265625 0.4748541390625 0.6869704875 0.5029241625 0.7293964749999999
3 0.2570979953125 0.3202730265625 0.2692266921875 0.3232970515625 0.28589142343749996 0.3081280296875 0.296754678125 0.307615875 0.30204671875 0.28639065625 0.2906577265625 0.254565053125 0.301751246875 0.2186829671875 0.303000390625 0.196449740625 0.2921208359375 0.171192490625 0.27845040625 0.1649280078125 0.2494401296875 0.1959783390625 0.22672735156249998 0.235404753125 0.2035214359375 0.2940322203125 0.207071196875 0.31424128125 0.21919989375 0.31726530468749997 0.22702282187499997 0.3031124421875 0.24496929843749998 0.31724900312500004 0.2570979953125 0.3202730265625
3 0.3301493453125 0.380355453125 0.3526644578125 0.4278377796875 0.38476108125 0.44550237031249995 0.427967525 0.45305427812500004 0.4529483234375 0.4045313421875 0.4516665796875 0.375225759375 0.45720518749999994 0.3444000140625 0.44833078281249994 0.2938773625 0.43720466093750004 0.2782206375 0.42354765156249996 0.2554915578125 0.4063571796875 0.2383228203125 0.4091346359375 0.2357946515625 0.3694779546875 0.24845180312499998 0.3409473953125 0.2767656796875 0.317215740625 0.30305538906249996 0.299564734375 0.35662651562500003 0.30866940625 0.3717792359375 0.3301493453125 0.380355453125
3 0.761376275 0.330059690625 0.75605163125 0.2997461 0.7214404234375 0.300778559375 0.69315643125 0.3194919078125 0.6792691546875 0.332132759375 0.6797785921874999 0.3387011109375 0.645955990625 0.38824020625 0.6310987421875 0.46505256875 0.66901314375 0.4938296953125 0.747833371875 0.4877164453125 0.760159734375 0.40383172656250005 0.761376275 0.330059690625
0 0.1010021546875 0.37797399062500003 0.10706650312499999 0.37948600312499997 0.1126214140625 0.3744296625 0.1141334265625 0.3683653140625 0.11084653281250001 0.3643251328125 0.104782184375 0.3628131203125 0.0911414765625 0.3658534453125 0.0815436671875 0.36990177812499997 0.07801020625 0.375462121875 0.07927565 0.3789983 0.090138903125 0.3784861453125 0.1010021546875 0.37797399062500003