3 0.3451017953125 0.47801839218750003 0.3557148734375 0.5126233124999999 0.368446384375 0.6003430640625 0.38330678749999997 0.62569303125 0.3902536234375 0.647293665625 0.398743040625 0.6865260640625 0.40781353906250006 0.7034992203125 0.42730690937500004 0.7240021750000001 0.4493095875 0.74428559375 0.46224176406249995 0.7475958546875 0.48231621562500004 0.74583956875 0.5083760093749999 0.725792909375 0.5189943171875 0.7026555250000001 0.52208470625 0.680176746875 0.5272987578125 0.6530704921875 0.5317415171875 0.61714835625 0.5274994234375 0.5686610046875 0.5276948609375001 0.5419938203125 0.5199767328125 0.5115773046875 0.5002931562499999 0.45999922499999996 0.4906468046875 0.40754300312499997 0.48794729062500003 0.3766874171875 0.46517332343750006 0.34758811562499997 0.4528222265625 0.3220186109375 0.4395044046875 0.3143004078125 0.41074510000000003 0.3034914796875 0.397812921875 0.30018121875000003 0.398198565625 0.304589159375 0.39646054999999997 0.3136245765625 0.374262434375 0.320008340625 0.3665390796875 0.34733413125 0.3570777046875 0.383695340625 0.3572679125 0.4147704640625 0.3499302 0.44650419531249996 0.3451017953125 0.47801839218750003
1 0.0439640921875 0.7353319234375 0.0615292375 0.733795171875 0.0740757703125 0.7326974921875 0.084112996875 0.7318193484375 0.0926076421875 0.713309440625 0.103997240625 0.6989879375 0.0978216921875 0.6862031859375 0.0819945625 0.67870451875 0.057287143750000005 0.68530781875 0.0424215125 0.7177001578125 0.028908251562499997 0.7366491374999999 0.0200279609375 0.7507511046875 0.0439640921875 0.7353319234375
1 0.940193090625 0.43039632968749997 0.949263590625 0.44736948749999994 0.949844671875 0.4251102453125 0.9554443671874999 0.4024119328125 0.9581491109375 0.37552521250000004 0.9490786124999999 0.35855205625000003 0.9429030640624999 0.3457673046875 0.9338325656249999 0.3287941484375 0.9166530640625 0.3347388390625 0.9052634671875 0.3490603421875 0.9017874328125 0.3671311796875 0.9112435765625 0.3885122765625 0.9282276390625 0.4092347671875 0.940193090625 0.43039632968749997
1 0.858933784375 0.3975304703125 0.8718659609375001 0.400840734375 0.8857648656249999 0.3862996953125 0.8934882234374999 0.3589739046875 0.895226240625 0.3499384859375 0.890788709375 0.328118315625 0.8759283078125 0.3027683484375 0.8701384031250001 0.2943915390625 0.85662514375 0.31334051875 0.84639248125 0.34088584375000003 0.8407927859375001 0.3635841578125 0.840211703125 0.3858433984375 0.8485109124999999 0.3940006734375 0.858933784375 0.3975304703125
1 0.674967428125 0.5779676296875 0.6680153609375 0.6141093015625 0.6670486343750001 0.6319606 0.6699435859375 0.6361490062499999 0.6792095203125 0.62645498125 0.6894421859375 0.5989096546875 0.7017985109375 0.5667368515625 0.713959396875 0.5612312296875 0.7259248484375 0.5823927921875 0.739823753125 0.5678517546874999 0.7458090937499999 0.5495613828125 0.73693403125 0.5059210421875 0.7324965 0.48410087187500006 0.7297969859375 0.45324528593749996 0.724973809375 0.4270171734375 0.7124272781250001 0.42811485312500003 0.695633421875 0.4384674859375 0.6850151140625 0.461604871875 0.6769061109375001 0.4845227203125 0.675939384375 0.502374021875 0.675162865625 0.5513004453125 0.674967428125 0.5779676296875
1 0.629424725 0.46202672031249997 0.6431281921875 0.4741528640625 0.6485324484375 0.4781217328125 0.6566414515625 0.45520388437500003 0.6535562921875 0.41994035468749996 0.6458381656250001 0.3895238390625 0.6317490515624999 0.372989753125 0.6205548921874999 0.3606440734375 0.6093555015625001 0.4060407 0.5933329359374999 0.42520921562499997 0.5856095781249999 0.45253500625000004 0.5913994812500001 0.460911815625 0.609350271875 0.4637830078125 0.629424725 0.46202672031249997
0 0.48195149062500003 0.5104624015625 0.47886633125 0.4751988734375 0.47153385 0.449190296875 0.46786760781250003 0.43618600937499996 0.458797109375 0.4192128515625 0.46130118593749997 0.4767356234375 0.46264832812499995 0.521034571875 0.45338239218750004 0.5307285953124999 0.46670021406249995 0.5384467984375 0.478861103125 0.5329411796875 0.48195149062500003 0.5104624015625
3 0.0698179875 0.857437059375 0.08815442343749999 0.864716190625 0.1140187765625 0.8713367140624999 0.14992035937499998 0.8770790953125 0.1670998609375 0.8711344015625 0.17771816875 0.8479970171875 0.176756671875 0.8081060109375 0.177337753125 0.7858467703125 0.1835185296875 0.740889215625 0.186223275 0.7140024953124999 0.179471875 0.6657346796875 0.1622976015625 0.613937065625 0.162878684375 0.5916778234375 0.14010471875 0.562578521875 0.1090315421875 0.525321946875 0.1007323328125 0.517164671875 0.063864025 0.5292735921875 0.055755021875 0.5521914406249999 0.0393468125 0.566952015625 0.0103920671875 0.5828102703125 0.0061447453125 0.5920652234375 0.0073016796875 0.6052890484375 0.0288977921875 0.8521337499999999 0.0482009546875 0.8415615828125 0.0698179875 0.857437059375
3 0.506664140625 0.4461167953125 0.52132910625 0.4981339453125 0.5386988140625 0.5232643765625 0.535994071875 0.5501510953125 0.5469927953125 0.5891639578125 0.56301013125 0.6277377484375 0.571694984375 0.6403029640625 0.6033492421875 0.6553002984375 0.61338646875 0.6544221546875 0.6313372609375001 0.6572933437499999 0.648516759375 0.651348653125 0.6624156640625001 0.6368076140625 0.6774715046875001 0.6354903984375 0.6954222953125 0.6383615890625001 0.718006053125 0.636385765625 0.7423278296875 0.625374525 0.7608597031250001 0.6059864734375 0.7736016734375 0.5782216109375 0.776116209375 0.52025976875 0.7656985671875 0.45898766406249997 0.758366084375 0.43297908906250004 0.7518048921875 0.415786396875 0.7502675421875 0.340412325 0.7313552546875 0.2976501296875 0.7135999015625 0.26811175625 0.700477515625 0.23372637031250001 0.6834934515625 0.2130038796875 0.65396285625 0.19337906875 0.6306078078125 0.186539009375 0.6197992921875 0.178601271875 0.5997248390625 0.180357559375 0.5696131609374999 0.1829919890625 0.562085240625 0.18365059687500002 0.5595759328125001 0.1838701328125 0.52694971875 0.24446640625 0.5132410234375 0.29008256875 0.5041652937500001 0.33085171875 0.4993368875 0.3623659125 0.5020364015625 0.3932215015625 0.506664140625 0.4461167953125
3 0.170020959375 0.5866112734375 0.172334828125 0.613058921875 0.17792929531249999 0.6481029140625 0.1827524703125 0.6743310250000001 0.19587485468750002 0.7087164109375 0.201664759375 0.717093221875 0.21285891875 0.7294389015625 0.218067740625 0.7600749546875 0.227909528125 0.7858639921874999 0.2377513171875 0.81165303125 0.24971676875 0.83281459375 0.27886171875 0.8480314640625 0.28889894531250004 0.8471533203125 0.306078446875 0.841208628125 0.31959170625 0.8222596484375 0.3280863546875 0.8037497390624999 0.3396713890625 0.7627610546875 0.3495184078125 0.7308077875000001 0.3543468125 0.6992935921875 0.35917521875 0.6677793953125 0.36535599531249996 0.622821840625 0.3651657890625 0.5917467171874999 0.357257453125 0.530255078125 0.34548744062500003 0.4824263328125 0.3273464421875 0.44848001875000004 0.30708178125 0.41916118124999996 0.28720276562499997 0.3942502859375 0.265585734375 0.3783748078125 0.24551128125 0.3801310953125 0.222541878125 0.37769897812500003 0.20188634374999997 0.40171450625 0.195515359375 0.4155969375 0.183159034375 0.44776974062499997 0.17505003125000002 0.47068758906249997 0.16983598125 0.49779384374999996 0.170026190625 0.5288689671875 0.17234005937500002 0.5553166140625 0.170020959375 0.5866112734375
3 0.9459134234375 0 0.9323161343749999 0.02245085 0.9207310984375001 0.0634395359375 0.91377903125 0.09958120937500001 0.9099173531250001 0.113244103125 0.914354884375 0.1350642734375 0.928829640625 0.1560063 0.9404094468749999 0.172759921875 0.9566222203124999 0.1846665296875 0.9732206390625 0.20098107812500002 0.9556370734374999 0 0.9459134234375 0
3 0.0757006984375 1 0.076754365625 0.99452230625 0.07984475468749999 0.9720435296875 0.06710801250000001 0.942066084375 0.0593898859375 0.91164956875 0.0512861140625 0.8768251109375 0.0371970015625 0.8602910250000001 0.029669082812499997 0.8609496328124999 0.041834414062500005 1 0.0757006984375 1
3 0.7521905375 0.4201943390625 0.7734166953125 0.48940418125 0.7776587890625 0.537891534375 0.7898196765625001 0.5323859125 0.8042944343749999 0.5533279390625 0.8170311734375 0.5833053828125 0.83150593125 0.604247409375 0.8560179140624999 0.6243112921875 0.8739687046875 0.6271824828125 0.9007997874999999 0.61595170625 0.9185603703125 0.5877477718749999 0.9334260015625 0.555355434375 0.9562051984375 0.5267124265625001 0.9650854890625 0.5126104609375 0.9832317171874999 0.48881446874999995 0.9905694296875 0.45708073593750004 0.9907648671875 0.4304135546875 0.9863273359375 0.40859338437500003 0.9757142578125 0.3739884625 0.9625918718750001 0.3396030765625 0.9552593890625 0.3135945015625 0.943875021875 0.27017369687500004 0.9241914437500001 0.2185956203125 0.9155065890625 0.20603040312499998 0.901803121875 0.193904259375 0.8680252015625 0.183534403125 0.8475651046875001 0.18088274843750002 0.8209294593750001 0.1654463421875 0.79081778125 0.1680807734375 0.7458404703125 0.2031075421875 0.738888403125 0.23924921562499998 0.7269177234375 0.275829959375 0.7280746578125 0.2890537828125 0.7502675421875 0.340412325 0.7521905375 0.4201943390625
1 0.4479781328125 0.5267597265624999 0.4136191328125 0.5386491125 0.409757453125 0.55231200625 0.40956201718749996 0.5789791906249999 0.4327216265625 0.61248643125 0.45569103125000004 0.61491855 0.47750349999999997 0.60412684375 0.4971923078125 0.5979626171875 0.5056869546875 0.5794527078125 0.505496746875 0.5483775843750001 0.496040603125 0.5269964859375 0.48542752343749995 0.4923915640625 0.48098999375 0.4705713953125 0.48041414062500004 0.4350883296875 0.4777146265625 0.4042327421875 0.4715390796875 0.391447990625 0.4603449171875 0.3791023109375 0.4539739328125 0.3929847421875 0.4559021578125 0.41502444687500006 0.4568636546875 0.4549154546875 0.45994881249999997 0.49017898281249994 0.45975337656250004 0.516846165625 0.4479781328125 0.5267597265624999