0 0.160667334375 0.353705803125 0.1604532265625 0.364764096875 0.16743796875 0.362946571875 0.176340178125 0.36082535 0.1820925859375 0.35991425781249997 0.184800540625 0.35095035625 0.18605864375 0.34648358749999997 0.18145671875 0.34721246093749997 0.1778662015625 0.343158015625 0.17550801875 0.338197134375 0.174985453125 0.3336567734375 0.1705472328125 0.33293721718749997 0.16490585625 0.33703135156249997 0.1644158765625 0.34386583593750003 0.16493957812499999 0.35089539531249997 0.160667334375 0.353705803125
3 0.060092757812499994 0.092247546875 0.062158385937500005 0.11645852500000001 0.075615528125 0.130685884375 0.09304554375 0.14641775625 0.1109655390625 0.15531514062500001 0.123043321875 0.1484234546875 0.13454586562499998 0.1416228765625 0.1434984796875 0.1298917890625 0.1540434234375 0.1257322578125 0.16853206406250001 0.11916997968750001 0.1770507796875 0.11710949687500001 0.1820866046875 0.10671001875 0.1846846640625 0.0970522703125 0.1854963734375 0.0748749421875 0.18579460781249998 0.068070825 0.18409238125 0.059805425 0.17891067031250002 0.0506686203125 0.17337464375 0.0454998109375 0.17030669375000002 0.0459857265625 0.06646285468749999 0.0642111015625 0.060092757812499994 0.092247546875
3 0.3885762703125 0.566546259375 0.38526276249999997 0.5692048187500001 0.381839359375 0.5711695328124999 0.37951376406250004 0.5775835 0.3788858484375 0.5823060812499999 0.37875131875 0.5876617671875 0.37963161093750003 0.5957017234374999 0.3810041515625 0.601885590625 0.381581665625 0.6067728734375 0.38287121874999996 0.6111917578125 0.3865739015625 0.62091844375 0.3904963734375 0.6320328187500001 0.3951589265625 0.6440968515625001 0.4013027796875 0.6605493984375 0.40590924843750004 0.6697773125 0.42084314687499996 0.6784363984375 0.43185911875 0.685937896875 0.44109441875 0.6933658015625 0.442873953125 0.6909502 0.4463769359375 0.6832828765625 0.44867449062500003 0.67545085 0.450698446875 0.66837340625 0.45447275625000005 0.6549731046875 0.45507263125 0.6488324640625 0.4560268203125 0.6387238265625 0.45599764218749994 0.634816571875 0.45741945156249997 0.6289013734375 0.45807427343749996 0.62310765625 0.457057184375 0.6154449921875 0.45620607187499995 0.6113122921875 0.45431437187499996 0.6080556546875 0.4524215359375 0.602309821875 0.44861123125 0.596867684375 0.4457316203125 0.589855640625 0.44542770625 0.5842137703125 0.44222181875000005 0.5825877828125 0.43635838125 0.5803158328125 0.42860324531250005 0.5747872453125 0.42183715624999996 0.5755032625000001 0.41556445468750003 0.5768523859375 0.40852590156249996 0.5808121859375001 0.40400469375 0.5783276468749999 0.39597595625 0.5735536437500001 0.3885762703125 0.566546259375
0 0.22552365000000002 0.3238741828125 0.22678288906250002 0.3218966125 0.223902140625 0.312395371875 0.2206379 0.30295486875 0.21431252343749999 0.3089354625 0.212864946875 0.31841099375000004 0.210923978125 0.32725342031250004 0.21443150625000001 0.3295428828125 0.22034762031250002 0.3271833625 0.22552365000000002 0.3238741828125
3 0.6478381843750001 0.5094800687500001 0.6439774765624999 0.5136477968750001 0.6399788328125 0.515703621875 0.6372955124999999 0.5186179953125001 0.6363928609375 0.5216059625 0.6390257796875 0.5283014546875 0.6430816421875 0.531570946875 0.6468358640625 0.5341769640625 0.649850003125 0.5358333234375 0.6527834265625 0.54070309375 0.6565937296875 0.5461452312499999 0.6600216765625 0.5541373015625 0.664134759375 0.5627321109375 0.66580894375 0.5695794515625 0.6662216140624999 0.57342596875 0.667292515625 0.5789463593749999 0.6708303578125 0.587632278125 0.6748335453125 0.595533240625 0.6801789609375 0.603221615625 0.6845656421874999 0.611061840625 0.6886775890625 0.617167453125 0.6925428390625 0.6229565109374999 0.6974733125 0.621819975 0.7042651703125 0.6175436234375 0.7099872656249999 0.610236078125 0.7136550890625 0.6036095234375 0.717842071875 0.5940557375 0.719097903125 0.5846105765625 0.7202449750000001 0.5769607671875 0.722817265625 0.570863353125 0.7237445515625 0.5618258546875 0.7246718375000001 0.5527883546875 0.7244194625 0.5400258171875 0.72315454375 0.529557403125 0.7226577453125 0.52145670625 0.7215296265625 0.510611 0.71985430625 0.5012744625 0.718480628125 0.49260140156250004 0.71683335 0.48468292343749997 0.7144168140625 0.47190753125 0.7126876828125 0.4647132671875 0.7113981296875 0.4602943828125 0.7095882828125 0.45631353125 0.7082718234375001 0.4529657859375 0.70495604375 0.4506459515625 0.7022155031249999 0.44823500781250003 0.69832448125 0.446006284375 0.6940499671875 0.4438382984375 0.6893919578125 0.44173105156250003 0.6867893546875 0.44143201249999997 0.685036725 0.442776478125 0.6821358890625 0.44928155625 0.678658675 0.45338854375000004 0.6743045796875 0.45692316875000005 0.6726898875 0.4603795375 0.671074059375 0.461346709375 0.66814404375 0.46394452968750005 0.6665013109375 0.4659828390625 0.6633537796875 0.47217136406250004 0.65993265 0.479114471875 0.6580993046875 0.48367235 0.65580175 0.491504378125 0.6527641125 0.4983867453125 0.651532915625 0.501782375 0.6478381843750001 0.5094800687500001
3 0.101704828125 0.212259434375 0.1023710109375 0.2313576859375 0.1066254359375 0.24953199062500003 0.10975855781249999 0.2717957703125 0.11401184843750001 0.287480878125 0.11448287500000001 0.2991419078125 0.1220026796875 0.3292459109375 0.132368371875 0.35249791406250003 0.1468156984375 0.3754590765625 0.15369281875000002 0.3779261015625 0.167417878125 0.3789528921875 0.1739361375 0.37543112500000003 0.177879834375 0.3730283765625 0.18222825 0.3570477703125 0.184884665625 0.355204534375 0.1917538328125 0.3402471796875 0.1987374375 0.3359404578125 0.21090048125 0.3357921484375 0.22144542500000003 0.331632615625 0.23612808593749998 0.3300183609375 0.2435243625 0.32955815624999996 0.24946397187499997 0.31865990625 0.2485780015625 0.298173965625 0.25100554062499997 0.2750294640625 0.25116129374999996 0.25615665781249997 0.2501116171875 0.23711914531249997 0.245494921875 0.20548845937500002 0.239727746875 0.174039990625 0.2336949234375 0.1607704859375 0.22796487812500002 0.150653653125 0.21489009375 0.13387635625 0.201573159375 0.12673929374999998 0.19537890468750002 0.1198966109375 0.18625463281250002 0.11565175000000001 0.1644807453125 0.125857275 0.1513343328125 0.132206965625 0.1350168921875 0.1532839078125 0.12387320937499999 0.16607327656249998 0.11398763125 0.174395878125 0.1053950140625 0.1946049546875 0.101704828125 0.212259434375
1 0.1352738109375 0.17600323281250002 0.1383663953125 0.1694677859375 0.13959759375 0.16607215625 0.1410463078125 0.159085821875 0.13926336718750001 0.154033834375 0.13091062656250002 0.15962428125 0.12546213281250002 0.166177240625 0.1260688234375 0.1749717828125 0.12240440781249999 0.1890659296875 0.1176376390625 0.188754034375 0.1181950625 0.20964763749999998 0.12148961875 0.22548459531249998 0.1332759859375 0.240332203125 0.1386214015625 0.2480205796875 0.1456398640625 0.2600671 0.1470684890625 0.269087084375 0.14674675937499998 0.284429928125 0.1415191890625 0.2948597765625 0.1371696375 0.3083511875 0.135858859375 0.317449425 0.1380275671875 0.32741906875 0.141512734375 0.3407364578125 0.1464769265625 0.353463965625 0.1528640671875 0.362765475 0.1604532265625 0.364764096875 0.17256132500000002 0.364268865625 0.1779302375 0.3634185125 0.1820925859375 0.35991425781249997 0.18759261875 0.34624062968749997 0.18901442968749999 0.340325434375 0.1941893234375 0.33452705625 0.2021327984375 0.3325576828125 0.2105427578125 0.33229255156250004 0.21963671406250002 0.3301409609375 0.22788183125 0.3288350625 0.23670218906249998 0.3274380546875 0.23804214531249998 0.3222470734375 0.2372111234375 0.3021080546875 0.235037871875 0.2821816234375 0.2330340046875 0.27325274843749997 0.2310020984375 0.2629058125 0.23444559062499998 0.24493477812500003 0.235291021875 0.2366214953125 0.235123909375 0.23060233281250003 0.2320817265625 0.227527915625 0.2242166953125 0.2213054828125 0.21804820937499997 0.2109024671875 0.21823541093749999 0.20091530937500002 0.2186681734375 0.1887555078125 0.21855487031249998 0.180594071875 0.21866135625 0.1738203265625 0.2172361390625 0.17226793125 0.21447323749999997 0.1808849140625 0.212642165625 0.190421184375 0.21141096718750002 0.1938168140625 0.208565078125 0.2006688140625 0.20689543906250002 0.203778259375 0.2004590328125 0.20657581249999998 0.19541752968749998 0.20452930625 0.1905128265625 0.20210550781249997 0.1846224828125 0.2009046953125 0.169500246875 0.19974356875 0.158789325 0.20037313750000002 0.1462427875 0.2005821875 0.1368718203125 0.196020771875 0.134483325 0.1846634390625 0.1352738109375 0.17600323281250002
3 0.22085649531249998 0.48179975312499995 0.22537770468749999 0.4842842921875 0.23233667812499997 0.4860271015625 0.23723683593749997 0.47849411249999996 0.2371750734375 0.463212009375 0.2405423921875 0.4584111734375 0.2433613765625 0.4526303125 0.24615118281249998 0.44294219375 0.25480442812500004 0.43552602343749997 0.2597887109375 0.4322472140625 0.2669898328125 0.4243497890625 0.2695295390625 0.4068775265625 0.27270283906250004 0.39712866875 0.2731333265625 0.37999047343750003 0.27096121093750003 0.36255323906250003 0.2658871234375 0.3491318859375 0.260157078125 0.339015053125 0.256813253125 0.3352771578125 0.24774279375 0.328890021875 0.23007403750000002 0.3302659765625 0.2152276734375 0.3333286609375 0.20572331562500001 0.33661213125 0.1935602703125 0.336760440625 0.18759261875 0.34624062968749997 0.18075149375 0.36261604531249997 0.1732544125 0.382295978125 0.17608589218749998 0.4038962828125 0.180342590625 0.42704898125 0.188160628125 0.45034886875 0.200111834375 0.4662372453125 0.21088338437499998 0.4784005859375 0.22085649531249998 0.48179975312499995
3 0.3013545640625 0.5110138937500001 0.2998778078125 0.5165821687500001 0.2986219765625 0.526027328125 0.2999710203125 0.540749921875 0.3012370765625 0.5537075328125 0.3040113390625 0.569982521875 0.30716909375 0.58619676875 0.3129351359375 0.615156040625 0.3150758 0.6237076234375001 0.32861479375 0.6372107687499999 0.343660859375 0.65154209375 0.3566515171875 0.6640652109375 0.3616649796875 0.6646936578125 0.36566362343750003 0.662637834375 0.370483065625 0.6583182578125 0.3730553546875 0.6522208421875 0.375680321875 0.6414919546875 0.3774575828125 0.6340979609375 0.38022275625 0.630459371875 0.38167260625 0.625962234375 0.3804626328125 0.61584074375 0.3797426390625 0.598884765625 0.378670603125 0.5908751796875 0.3787748171875 0.5791230406250001 0.3802515734375 0.573554765625 0.38334529375000004 0.569508515625 0.38696044375 0.56751343125 0.38731475937500004 0.563545434375 0.38580314531250004 0.5527604671875 0.38338774375 0.542474271875 0.3791659046875 0.535674815625 0.3758758921875 0.529794646875 0.3705585171875 0.52352433125 0.3689965 0.5223492296875001 0.3621193828125 0.5198822062499999 0.35392694062499996 0.5165566312500001 0.34704868437499997 0.5116004125 0.3418423390625 0.5085131374999999 0.33882819999999997 0.506856778125 0.33663485937500004 0.5029366671875 0.3320306625 0.49868714531249997 0.3261660875 0.493926 0.320877890625 0.491562940625 0.31630400625 0.49370987343749995 0.3112928171875 0.4980598203125 0.3043922015625 0.504131525 0.3013545640625 0.5110138937500001
3 0.2447282375 0.44636819218749996 0.2433613765625 0.4526303125 0.2374767125 0.46387548437500004 0.23790188125 0.49510316718749997 0.239171346875 0.51552836875 0.24277095 0.539496390625 0.2465577578125 0.5534772546875 0.2510554703125 0.5645005203125 0.2600452125 0.57410106875 0.2668707921875 0.5836887609375 0.2734754484375 0.5893995671875001 0.2798838140625 0.5851839546875001 0.286234959375 0.575643025 0.288862196875 0.5698925312500001 0.29705009531250004 0.5632613171874999 0.3006910140625 0.5577058984375001 0.299640203125 0.5361791890625 0.2991680390625 0.5220289625000001 0.30097220625 0.5135638296875 0.3030511078125 0.5068333093749999 0.305514640625 0.5025312453125 0.3097319375 0.499373915625 0.314387675 0.4965027671875 0.31775499375 0.491701934375 0.3193136015625 0.48540944374999995 0.3195254375 0.46937275625 0.319303378125 0.463006671875 0.3173825 0.45584277812499996 0.314995140625 0.44697464218749994 0.31255510625 0.442737978125 0.3083893484375 0.43877463906249997 0.303567634375 0.43811582343750005 0.3011253265625 0.4289007640625 0.293343284375 0.42444331562500004 0.2813439453125 0.423143196875 0.2720862828125 0.42674321875 0.262773671875 0.42999631718750003 0.25239470625 0.4376858140625 0.2447282375 0.44636819218749996
3 0.5973386140625 0.6038953546875 0.5994523734375 0.613518075 0.603842465625 0.6288258890625 0.611220925 0.6493503984375 0.6187035984375 0.658122765625 0.6256671140625001 0.6698223624999999 0.6314229296875 0.6763788609375 0.6361650640625001 0.6827402859375 0.6387407609375 0.6841104625 0.6446849171875 0.683169 0.6496961046874999 0.6788190546874999 0.651064103125 0.67504613125 0.655336346875 0.6722357234375 0.6571405125 0.663770590625 0.65916333125 0.6542039515625 0.6609102796874999 0.6404135 0.6631797921875 0.6311634140625 0.6652295171875 0.6205256375 0.66560733125 0.6080189125000001 0.6649165171875 0.5949701921874999 0.6656800953124999 0.5873811234375 0.6655925625 0.5756593515625 0.66482103125 0.5658240453125 0.6625996484375001 0.560485871875 0.6600216765625 0.5541373015625 0.6568696015625 0.5503690390625 0.65451255625 0.54789735625 0.650895134375 0.544914046875 0.6468964921875 0.546969871875 0.6438027703125 0.5510161203124999 0.6410106921875001 0.5557258453125 0.6336178234375 0.5636536421875 0.624991484375 0.569998671875 0.616804721875 0.579119084375 0.6088915593750001 0.5874849125 0.6017173437500001 0.5943112 0.5973363421875 0.5989169609375 0.5973386140625 0.6038953546875
0 0.7005205109375 0.3357702609375 0.7030480796874999 0.3517286953125 0.70965614375 0.3649070921875 0.720728196875 0.375244709375 0.7274988296875 0.3844854796875 0.737391225 0.3910980578125 0.746462821875 0.399974390625 0.7562722281250001 0.4048219890625 0.7614202156250001 0.40009474999999994 0.7670850921875 0.3874618875 0.76792825 0.374170209375 0.76386784375 0.3609439296875 0.757318134375 0.355580046875 0.7505452296875 0.3413608828125 0.7480187984375 0.3278916453125 0.7484796 0.31714990468750004 0.73935419375 0.3104158453125 0.7323649078125001 0.30227658281249997 0.7239269078125 0.301123653125 0.713931434375 0.308752409375 0.7057727140625001 0.31929088125 0.7005205109375 0.3357702609375
0 0.7030147171875 0.39867651406250004 0.6994241999999999 0.3946220671875 0.6950701046875001 0.398156690625 0.6951565015625001 0.4073892625 0.69409014375 0.4118256609375 0.69354521875 0.4183132234375 0.6959314421875 0.42469216249999997 0.6990285703125 0.42811350312499996 0.7045365546875 0.431864253125 0.7059079609375 0.43555892187499995 0.7052520046875 0.43886344218750006 0.7032807234375 0.441309415625 0.7029533125 0.44420627343749997 0.704926865625 0.4467386953125 0.708599234375 0.45006892656249997 0.7112041109375 0.455346359375 0.7144952578125 0.46371572499999997 0.7170698203125 0.462596703125 0.7172032125000001 0.45475182031249994 0.7178030859375 0.4486111796875 0.7195288078125001 0.44833785156249994 0.7216357515625 0.4430253921875 0.7293291265625 0.433271875 0.7418688484375 0.41812764375 0.73340280625 0.41555665468749997 0.7248268703125 0.4122918203125 0.7181414984375001 0.409794428125 0.712278059375 0.40752247812500003 0.70803045 0.40428335468750004 0.7030147171875 0.39867651406250004
3 0.47272243593749996 0.6659520234375 0.47774157656250005 0.6790264546875 0.482185478125 0.692191996875 0.4872034828125 0.70277723125 0.4920555109375 0.7098325 0.49468615781249997 0.7115496 0.50353455625 0.7115706515625 0.5124659453125 0.7133566859375 0.5170409640625 0.7136989484375 0.52079405 0.71381576875 0.5221855453125 0.70150411875 0.524261040625 0.6873060078125001 0.5249977125 0.6807880749999999 0.528580278125 0.66741814375 0.530055896875 0.659360671875 0.531832021875 0.6494774796875 0.533224653125 0.6396550265625 0.5339882328125001 0.6320659578125001 0.5328881546875001 0.6226383109375 0.53113211875 0.6165151843750001 0.5283635375 0.61268618125 0.525732890625 0.610969084375 0.5174866390624999 0.609785784375 0.511432590625 0.6100334000000001 0.5075684734375 0.6067335390624999 0.5015401953125 0.603420821875 0.4989914015625 0.6009795078125 0.49490863437500004 0.598781153125 0.4894847734375 0.5992845828125 0.48584271718750005 0.6023508046875 0.4835148484375 0.6037863781249999 0.48168150625 0.60834425625 0.4761477515625 0.608153840625 0.47272321093749997 0.607629359375 0.4670246140625 0.606398175 0.4622858890625 0.607504340625 0.459082275 0.6108567468749999 0.4584274546875 0.6166504625 0.46087089687500005 0.62835471875 0.4640275171875 0.6420797703125001 0.4667434234375 0.65054024375 0.47272243593749996 0.6659520234375
3 0.53113211875 0.6165151843750001 0.5338772031250001 0.6288829140625001 0.5359091109375 0.63922985 0.5380497765625 0.6477814328125 0.5405212609375 0.66090375 0.544221671875 0.665652040625 0.5484446468749999 0.6749406953125 0.5547791109375 0.688873675 0.562071175 0.700165609375 0.5658534375000001 0.7041896875 0.57557871875 0.7047831046875 0.5845358765625 0.7030088046875 0.5885614265625 0.69988184375 0.5915732953124999 0.696559809375 0.5928313984375 0.6920930421875 0.5951839 0.6846079375 0.5979994765625001 0.6713594828125 0.6011705046875 0.6566322312499999 0.6010302953125 0.6495419328125001 0.6017131578125 0.645166275 0.6020360250000001 0.6323126296875 0.6021425109375 0.6255388828124999 0.6004952343750001 0.6176204046875 0.5979979796875 0.6080584234375 0.5964886375 0.6022518515625 0.595556809375 0.6013325625 0.5925976171875 0.6000231265625 0.5906252000000001 0.5999799015625 0.585941421875 0.6014329890625 0.5816411375 0.6028253375 0.578107840625 0.6040962078125001 0.57205265625 0.601854628125 0.5635597078125001 0.600354775 0.55701 0.59499089375 0.550407615625 0.59425848125 0.5464942328125 0.6030576812499999 0.5442504890625 0.608747434375 0.5413742859374999 0.6092029812499999 0.5369372015625 0.610972621875 0.5346642796875 0.6127551171875 0.53113211875 0.6165151843750001
3 0.7206591999999999 0.46416195312499997 0.7204416828125 0.46775265624999995 0.7196781046875 0.4753417265625 0.7199551125 0.48205473281250005 0.7223962828125 0.48878059374999994 0.7283707515625 0.49423558593749994 0.7325634140624999 0.4971277859375 0.7363445421875 0.49866266562500006 0.740070721875 0.499850625 0.7442622484375 0.5002536281250001 0.7489460265625 0.4988005390625 0.753080334375 0.493878225 0.75458513125 0.4897280109375 0.7572661796875 0.48183524375 0.757508328125 0.47219500937500003 0.757888415625 0.46466667968750003 0.7576932609375 0.45722945781249996 0.75848488125 0.45105844843750004 0.757494696875 0.44232464531250004 0.7571077953125 0.4349177953125 0.7560638 0.4283262671875 0.75562195 0.42057249375000005 0.7539769453125 0.417632409375 0.7523588453125 0.4136211890625 0.7507138390625 0.4106811046875 0.7489869812500001 0.40846523437500004 0.747617846875 0.40974896093749996 0.744769684375 0.411622565625 0.7437302328125 0.41498782656250005 0.7436764234375 0.41713010156249997 0.7411579421875001 0.42108524062499997 0.7367769421875 0.42569100156250006 0.7323409937500001 0.42994983906249995 0.727604540625 0.43603439843749997 0.7242921671875 0.44118215625 0.7217467828124999 0.4462084328125 0.7184344109375 0.451356190625 0.7172032125000001 0.45475182031249994 0.7177526828125 0.45822104531249996 0.7206591999999999 0.46416195312499997