3 0.53338039375 0.606855253125 0.547665784375 0.61042035625 0.5843327875 0.6114579265625 0.5880919312499999 0.6105900609375 0.62018978125 0.6089869640625001 0.6339247171875 0.6015925296875 0.649365975 0.5964438328125 0.670359 0.587901671875 0.679061921875 0.5758616937500001 0.6846124 0.5587422390625 0.6745125078124999 0.4755486390625 0.63951403125 0.38226530625 0.6105935234375 0.346179459375 0.5858394203125 0.3350005 0.557645196875 0.3346465046875 0.53055059375 0.342485590625 0.5151106265625 0.3613602796875 0.4951616203125 0.401865396875 0.4930813203125 0.420295434375 0.5091082484375 0.49314578750000004 0.5180758828124999 0.528558775 0.52313924375 0.5590658578125 0.523661575 0.578478834375 0.522101671875 0.5957328609375 0.53338039375 0.606855253125
3 0.33707606874999996 1 0.343864840625 0.9916538656249999 0.36592613906250004 0.965443246875 0.3846042078125 0.94001370625 0.396805428125 0.9208308703125001 0.395011515625 0.9096304765625 0.3885889796875 0.8783813140625 0.38153161875 0.8615329375 0.3745612078125 0.846776221875 0.3658550625 0.8245012203125001 0.3560505859375 0.8077591312499999 0.3504687609375 0.799017046875 0.328199640625 0.7677308171874999 0.3176433359375 0.7511623000000001 0.3117719 0.7377356703125 0.30298009531250003 0.7270949984375 0.2964731921875 0.72120615625 0.290834475 0.7225079562500001 0.282101496875 0.7224123859375 0.2775905234375 0.7234538265625 0.27200999062500003 0.728437734375 0.26825148906249996 0.736168596875 0.265620734375 0.7436390984375 0.25790300625 0.7770969296875 0.2617875390625 0.8796752203124999 0.269339753125 0.9312530109375 0.28443966718749997 0.9863676171875 0.29202449218750004 1 0.33707606874999996 1
3 0.31815728593750003 0.6813563296875 0.35294213750000003 0.6553758515625 0.3663005140625 0.6412052078125 0.36178760625 0.6216576609375 0.34833776875 0.58569566875 0.34127912031249996 0.5551212999999999 0.3367930453125 0.5133943203125 0.33343729375 0.4988589640625 0.32050914218750004 0.47544695312499996 0.3065990203125 0.46493206875000004 0.2943952203125 0.4566629203125 0.2784898125 0.44608074843749995 0.2658525625 0.4410792734375 0.263972990625 0.4415132078125 0.24425283593749997 0.4555687796875 0.24515172812500002 0.48175796406250004 0.2365696796875 0.5492031296875 0.25375634375 0.6545176578125 0.2544813375 0.676523515625 0.2677847578125 0.69298574375 0.2918439234375 0.69429439375 0.31815728593750003 0.6813563296875
3 0.22427144375000002 0.766911625 0.23664913906249999 0.7793641 0.2522074015625 0.7884426140625 0.2618347578125 0.7666863984375001 0.2637411625 0.74407303125 0.2671525140625 0.7348385125 0.2827657328125 0.713284153125 0.2872479375 0.7138331578125 0.29554682187500003 0.71033340625 0.3011848921875 0.7021686109374999 0.3085286390625 0.6893865546875 0.2889810921875 0.6938994609375 0.2724696265625 0.69612763125 0.2580096953125 0.68151620625 0.2531496421875 0.6604650015625 0.244960671875 0.6026990078125001 0.2421822078125 0.5769437578125001 0.23917360312499997 0.5639120578125 0.23399581406249997 0.546629746875 0.2240180890625 0.5325673265625 0.2108303828125 0.5166063171874999 0.2009971390625 0.5014546703125 0.190324475 0.47752193906249996 0.17716618125 0.46683347968750005 0.170746225 0.4630363015625 0.1613221765625 0.49424839687500005 0.1605767953125 0.5630519296875 0.16529301093749998 0.5920553546875 0.1716573671875 0.619622409375 0.1864408359375 0.6922319031249999 0.2081333140625 0.7416010234375 0.22427144375000002 0.766911625
0 0.670578825 0.46537018281250003 0.6690169874999999 0.462035221875 0.666905984375 0.46146671718750004 0.6658651875 0.463818740625 0.6670511109375 0.46724048749999997 0.6688731484375 0.46998744375 0.671128634375 0.4694667234375 0.670578825 0.46537018281250003
3 0.3653747890625 0.63719545625 0.3775517578125 0.6676440359375 0.39632064218749996 0.685484134375 0.3974196171875 0.68681421875 0.40944887812499997 0.6840370453125 0.43651406875000004 0.670925409375 0.4635792578125 0.657813771875 0.47786336093750004 0.6476528828125 0.5001279671875001 0.6308981421875 0.5096690203125 0.6139132578125001 0.5195278078125 0.5931594796875 0.5190316640625 0.5447040765625 0.5182779015625 0.5242886625 0.5119135453125 0.4967216078125 0.48929276406250005 0.41589074843749996 0.48032706562499994 0.40106675 0.4696262765625 0.3855874578125 0.44542004999999996 0.3579160515625 0.42647791249999994 0.34275562187499997 0.41051432343750005 0.32849134375 0.36999929374999996 0.3056409890625 0.3562924828125 0.30458198125 0.344061203125 0.31162926875 0.33521444218749996 0.3316214671875 0.3315723046875 0.34671654375 0.3263127265625 0.38224653750000004 0.3269814765625 0.4211592765625 0.3289806328125 0.46240453593749997 0.336242590625 0.502434784375 0.3428991375 0.5621383671875 0.345935865625 0.5667166265625 0.35302263749999996 0.58883755625 0.35866328593749996 0.60812474375 0.3653747890625 0.63719545625
0 0.8690347828125 0.44172625156249995 0.8677913234375 0.44148539218750005 0.8655358359375 0.4420061125 0.8647264734375 0.44536057500000004 0.8682835984375 0.44876282187500005 0.8702788859374999 0.4488301078125 0.8708568171875 0.4444732078125 0.8690347828125 0.44172625156249995
0 0.8256300875000001 0.44066039687499997 0.825341121875 0.44283884687499997 0.8227679015625 0.4471284609375 0.82282608125 0.45081056875 0.8266139921875 0.4483522578125 0.830343725 0.4422118390625 0.8367918046874999 0.437555578125 0.8397703515625 0.438451728125 0.8409556296874999 0.43501047968749995 0.8382660484375 0.4319358796875 0.8297645015624999 0.43284274843750004 0.8223619281250001 0.4350797 0.820193390625 0.4376920828125 0.8187766812499999 0.44013089375 0.8213793140625001 0.44111383125000003 0.8256300875000001 0.44066039687499997
2 0.2812245296875 0.9295650609375 0.2788520375 0.9158585703125001 0.27286488593749997 0.9019307218750001 0.2703197890625 0.8977668953125001 0.2653747203125 0.8952130140625 0.26716992500000003 0.9201394015625001 0.2717115984375 0.9380965046874999 0.2786251203125 0.962897103125 0.28064917500000003 0.9613739453125 0.2832792859375 0.9470404453124999 0.2812245296875 0.9295650609375
3 0.9139259718750001 0.56756933125 0.91207194375 0.532097840625 0.9094967890625 0.5157984671875 0.9069491125000001 0.4841826578125 0.9018863953125 0.4605385703125 0.8975467374999999 0.438311353125 0.8892740437500001 0.41276867812500007 0.87848501875 0.3814717296875 0.8652979578125001 0.372373715625 0.850232615625 0.377435628125 0.8244984750000001 0.39974278281250003 0.8194978078125 0.42095877656249997 0.8196148125 0.4351859875 0.8084262640625001 0.46047023906250006 0.8028169609375 0.46704459062500003 0.8182659546875 0.54425184375 0.8294328296875 0.5960509921875 0.816768746875 0.61322895 0.8725850625 0.6800608031250001 0.8808264109374999 0.679741940625 0.9000268109375 0.6737253765625 0.9072541984375 0.6535791046874999 0.9111820796875 0.6019905984375 0.9139259718750001 0.56756933125
3 0.3793042546875 0.8536002171874999 0.3960216078125 0.888279909375 0.4071865484375 0.9194900703125001 0.4286450140625 0.94040476875 0.43668434375 0.94435601875 0.45426537343750006 0.9381853828125 0.4606833953125 0.9213935734375 0.466175046875 0.8937290140625 0.4707416203125 0.8689176984375001 0.4742968109375 0.8517309578125 0.4744112375 0.838506184375 0.47189361874999997 0.819025921875 0.46775598125 0.79252859375 0.461275909375 0.76446031875 0.434230459375 0.67989956875 0.42755030312500003 0.6766903953125001 0.4172561328125 0.6801228625 0.4056609671875 0.6864953546875 0.39452801875 0.68800973125 0.373705665625 0.6664202390625 0.36728441875 0.6488970703125 0.337068075 0.6706552203125 0.3300420625 0.6796683812500001 0.3328780609375 0.7022427453125 0.3398209953125 0.7323158953125 0.3590860234375 0.7986113984375 0.36871789375 0.824896153125 0.3793042546875 0.8536002171874999
3 0.9481017921875001 0.830509471875 0.95981331875 0.8315011921875 0.9635999406250001 0.815316890625 0.9576114984374999 0.78766305 0.9511026593749999 0.76118521875 0.9452881140624999 0.7377147046875 0.9381438062499999 0.7187746640625 0.9279340046875 0.696846809375 0.92160035 0.6882782984375 0.9158740406250001 0.6806254390625 0.906012675 0.6739272328125 0.90442206875 0.6721827171875 0.8677275890624999 0.68646158125 0.8932086218749999 0.7402353875000001 0.9066002796875001 0.772515271875 0.91446829375 0.7997351796875 0.919733028125 0.8191091531250001 0.9386163406250001 0.8237244796875001 0.9481017921875001 0.830509471875
0 0.5668859265624999 0.506731403125 0.5658157171875 0.5038108765625 0.5644277765625 0.5046592421875 0.5652090171874999 0.5097582203125001 0.56587454375 0.5143559796875 0.56720495 0.5166885031249999 0.5681012625 0.515425703125 0.5683032796874999 0.5111555890624999 0.5668859265624999 0.506731403125
0 0.5758503359375 0.5078294125 0.575445653125 0.5095066421875 0.5762844296875 0.5114247328125 0.5781640015625 0.5109908 0.578077053125 0.5088991359375 0.576978078125 0.5075690515625 0.5758503359375 0.5078294125
3 0.7740508562499999 0.8432397171874999 0.7815665640625 0.8140520015625 0.7819104875 0.781240678125 0.7792176828125 0.7438510968750001 0.77534024375 0.7167657625 0.7696369 0.6457554953125 0.765904590625 0.62444393125 0.7644002875 0.61792808125 0.725910603125 0.607280559375 0.711682746875 0.60053456875 0.7016474859375 0.5896530375 0.6964709874999999 0.5860967171875 0.6890971828125 0.586743225 0.67894749375 0.589086465625 0.67142920625 0.5908221984375001 0.660151775 0.5934257984375 0.6590240328125 0.593686159375 0.652575953125 0.598342421875 0.6490495296875001 0.61393871875 0.6517109890625 0.625466759375 0.6734118484375 0.7640548265625 0.7025670093749999 0.8354580890625 0.750774221875 0.8607560390625 0.769338509375 0.8554142671875 0.7740508562499999 0.8432397171874999
3 0.70158995 0.592833925 0.712261325 0.603040665625 0.7282530375 0.608851503125 0.75618770625 0.6166565 0.7819531937499999 0.6202108859375 0.79739445 0.6150621859375 0.8125761515625 0.617364490625 0.8264836953125 0.60042739375 0.8240805015625 0.5677223578125 0.8184967421874999 0.5383912859375 0.7996363953125 0.470418553125 0.7601544234375 0.3628602234375 0.7419359921875001 0.3559796609375 0.7302820031249999 0.351807053125 0.7276506031250001 0.352414559375 0.7122668796875 0.35438236875 0.6981266171875 0.3565910375 0.6770773453125 0.382040078125 0.677022390625 0.41267295156249995 0.6709809265625 0.43624096874999996 0.6689006265625 0.45467100781249997 0.6823262109375 0.540264415625 0.685103384375 0.5522936734375 0.6886029734375 0.5588768109375 0.69664359375 0.576554053125 0.70158995 0.592833925
3 0.6619401359375 0.853284490625 0.669109340625 0.8294561125 0.6708130828125001 0.804249865625 0.672834559375 0.7752747234374999 0.6566318 0.6776520546875 0.6501203828125 0.6237222421874999 0.6481532171875 0.615201515625 0.6403440296875 0.5985267125 0.624960953125 0.60735751875 0.5956971671875 0.6109459890625 0.5821930156249999 0.612479865625 0.5405234109375 0.612069303125 0.5478991515625 0.63201178125 0.5824444359375 0.8262351765625 0.610439221875 0.85831126875 0.633516415625 0.8725170453125 0.651011140625 0.8711177390625 0.6619401359375 0.853284490625
3 0.8354738968750001 0.8760452359374999 0.887701096875 0.906750309375 0.9183515359375001 0.8885874781249999 0.91525146875 0.8254231453124999 0.9002084453125001 0.7602646531249999 0.8892461687500001 0.731647375 0.8799908593750001 0.71213883125 0.8716030921875 0.6929579296874999 0.8573157671875 0.668803840625 0.8472510921874999 0.65264975625 0.8414378359375 0.6429052328125 0.835480096875 0.6342499359375 0.8249532046875 0.6229539703125 0.799737528125 0.6234961265625001 0.7913823984375 0.6439027578125 0.7945936671875 0.6595273374999999 0.7795616046875 0.7110397765625 0.7835292171875 0.7745317546875 0.7826943078124999 0.813791640625 0.8354738968750001 0.8760452359374999
3 0.579731246875 0.8796549875 0.5823319453125 0.8600489375 0.5812297453124999 0.8244038734375 0.5521812703125 0.6574198859375 0.54500690625 0.6263442984375 0.538412409375 0.6115007968749999 0.51990565625 0.61366168125 0.51128839375 0.6140673296875 0.5026436515625 0.6297894140625 0.43414351093750003 0.67780790625 0.4672061703125 0.788432053125 0.48175627343749994 0.8394501203125 0.5139168187500001 0.8895701031250001 0.53592509375 0.9145813421875 0.5744416125 0.90304943125 0.579731246875 0.8796549875
0 0.6579435078125 0.4809576984375 0.6575957156250001 0.47259104374999994 0.6545295765625 0.462740234375 0.6516373328125 0.45707275 0.6474440953125 0.45434529687499997 0.63955118125 0.4698938078125 0.6391183765624999 0.480024478125 0.6414326890625001 0.4900488625 0.646001840625 0.4926895296875 0.652276025 0.48384994062500003 0.6579435078125 0.4809576984375
0 0.6785324953125 0.4809557625 0.681915725 0.48017468125 0.683824065625 0.47815030468749997 0.685992603125 0.475537921875 0.685298309375 0.47253060625 0.682030796875 0.4738129046875 0.678878996875 0.47559642343749997 0.6759873984375 0.4767919375 0.6752068015625 0.47855595468749995 0.6757853796875 0.48106204999999996 0.6785324953125 0.4809557625
0 0.8199389953124999 0.5000470531250001 0.8180594234375 0.5004809859375 0.8179731203125 0.50525231875 0.8217034953125 0.5059748953125001 0.8253469250000001 0.504605809375 0.8279495578124999 0.505588746875 0.8311013562499999 0.503805228125 0.83436886875 0.5025229296875 0.8353808968750001 0.50176135 0.8367688390625 0.500912984375 0.8370865734375 0.497144090625 0.8345996546875 0.496662371875 0.8304645984375 0.497617025 0.8297415375 0.4962001546875 0.8247677031249999 0.4952367171875 0.8239583375 0.49859117968750005 0.8199389953124999 0.5000470531250001
0 0.5440944734375 0.45603219843750004 0.547507115625 0.46052367031249997 0.553695640625 0.4633184109375 0.561041321875 0.4711253421875 0.5606647640625 0.464349134375 0.5534347984375 0.4570434203125 0.5490094828125 0.44645053125 0.547794146875 0.437756234375 0.5494128765624999 0.43104730937499997 0.5476771421875 0.423529021875 0.54782098125 0.4155768015625 0.5531994984375 0.41486300624999994 0.5588382125 0.41356120625 0.5535172328125 0.4110941125 0.5484276828125 0.40962945624999997 0.5443213921875001 0.40899366718749997 0.537699415625 0.4094666 0.532639921875 0.42013749218749996 0.526914903125 0.42621062500000007 0.5268580125 0.436254509375 0.540391575 0.43999318593750003 0.5433707671875 0.44775233124999997 0.5440944734375 0.45603219843750004
0 0.6005730921875 0.4931468328125 0.6104044015625 0.4877094921875 0.609998428125 0.4756607296875 0.6062379953125 0.4628026046875 0.6044734953125 0.4568747609375 0.599440834375 0.44536622187499997 0.5950161656249999 0.4416363296875 0.5915459875 0.44032574531249996 0.583709321875 0.438967378125 0.584346725 0.45201857656250005 0.5864583718749999 0.459450078125 0.58966835 0.4613486671875 0.5923298078125 0.4728767078125 0.59137660625 0.484183390625 0.6005730921875 0.4931468328125
0 0.5752423453125 0.500050765625 0.5752998796875 0.4968698765625 0.5853632656250001 0.49929796875 0.5891799437499999 0.4952492140625 0.58053326875 0.4903823125 0.570036434375 0.49122189374999997 0.5658431953124999 0.48849444062499997 0.5668258109375001 0.48246030937500006 0.562227890625 0.4814100859375 0.560291428125 0.491887903125 0.5562727296875 0.5002067718750001 0.5609575984374999 0.5033486593750001 0.5636753031249999 0.49796982031250003 0.570297278125 0.497496884375 0.5752423453125 0.500050765625