1 0.7923993640625 0.759811603125 0.7954636749999999 0.76680958125 0.8036954984375001 0.769386028125 0.8075393 0.7768148671875 0.8113381125 0.785082309375 0.8219512375000001 0.7892217140625 0.8283693031249999 0.7882051921875 0.833449003125 0.7843518875 0.8364536703125 0.7775013171875 0.83980309375 0.771704784375 0.8422852093750001 0.7660456171875001 0.8410904828125 0.7562570859375 0.837071053125 0.7499647031250001 0.8326423734375 0.7534377375 0.8309934078125 0.754253228125 0.8252626859375001 0.758486803125 0.8190267499999999 0.7550399203125 0.8106344640625001 0.74583705 0.8050023921875 0.743957484375 0.798719296875 0.7424581890625 0.7938922046875 0.7501517234375 0.7923993640625 0.759811603125
3 0.7438759234375001 0.9215978671875 0.7449893359375 0.928627678125 0.7504479484375 0.9305347171875 0.7579024484375 0.9315713203125 0.7648365625 0.93269034375 0.769391546875 0.931137425 0.7722975640625 0.9303999968750001 0.7741671484375 0.9276094453124999 0.7741779828124999 0.9220645296875001 0.7747157015624999 0.9131102468750001 0.7749986484375 0.9014247171875001 0.774322140625 0.8926627484375 0.772643353125 0.8865539640625 0.7703520328125 0.8833137953125 0.7684932843750001 0.8805594328125 0.7650262265625 0.8799999218749999 0.7600343406250001 0.8832849968750001 0.7533484984375 0.8882241703125 0.743238421875 0.8928742078124999 0.738115896875 0.8964571359375 0.7340769640625 0.9001455984375 0.73289255625 0.9072621875 0.733312125 0.9144018921875 0.7396786984375 0.9175509249999999 0.7438759234375001 0.9215978671875
0 0.503203659375 0.7795626718750001 0.504724153125 0.77793605 0.504512203125 0.7754751796875 0.5067243765625 0.774847646875 0.5079835953125 0.7738167265625 0.5065145921875 0.7712777953125001 0.504568028125 0.7690916609375 0.50266645625 0.766066921875 0.5013709140625 0.763500515625 0.5006792359375 0.7625014265625001 0.49916307499999996 0.761910084375 0.4991137515625 0.7649666546875 0.49923572031249996 0.7691047359375001 0.5005290953125 0.7727801249999999 0.501518371875 0.7767808375 0.502683275 0.77964509375 0.503203659375 0.7795626718750001
0 0.4703316703125 0.7853234046875001 0.4689738015625 0.7924674671874999 0.471763834375 0.80671504375 0.47542984062500004 0.8163893218749999 0.4791473375 0.8218980453125001 0.4812267078125 0.8226773453125 0.4854347671875 0.821179375 0.4875721265625 0.8144661734374999 0.4895940203125 0.8002879406250001 0.49346165781250007 0.79551796875 0.49819010312499995 0.7939375765625 0.506689703125 0.7925913718750001 0.5102039203125 0.7912032953125 0.5132340734375 0.793494965625 0.513848771875 0.78951736875 0.515035346875 0.7812917953125 0.5174746406249999 0.7753622515624999 0.5174426515625 0.7695469609375001 0.5135988484375 0.762118121875 0.5110977453125 0.7553080999999999 0.5088107609375 0.7498499640625 0.5027932765625 0.7455370015625 0.49889364843750006 0.744491684375 0.4933857125 0.7456412140625 0.48775147187499995 0.74487063125 0.4816803296875 0.7458322046875 0.4778576796875 0.7497635734375 0.476281359375 0.7577737140624999 0.4740518515625 0.7672731109375001 0.4729102671875 0.7746600781249999 0.4703316703125 0.7853234046875001
3 0.8032379593750001 0.737307946875 0.7977750125 0.737618871875 0.79333333125 0.7477458015625 0.7911103234375 0.75391825 0.7924356859375 0.7634089296875 0.7907330625 0.76949895625 0.7890239375 0.77891593125 0.789479828125 0.7896529609375 0.7886829984375 0.7980939640625 0.7899378859375 0.799281009375 0.79341144375 0.7965135734375 0.7970584640625 0.7937186625 0.8025620671875 0.7947870953125 0.8078922078125 0.7958830046875 0.8144387453125 0.7956776140625 0.821554990625 0.7923332328125 0.8237243390625 0.791435321875 0.827403346875 0.7944557031249999 0.829825303125 0.7973980218750001 0.8326391718749999 0.7994467875 0.8355343562499999 0.8042542734374999 0.8409393093749999 0.8114358515625 0.8447896109374999 0.8155377406250001 0.850732284375 0.813765034375 0.8501972484375001 0.7991603015625001 0.8506688234374999 0.7796844171874999 0.8505018640625 0.7763849421875 0.8498128703125 0.7518268375 0.8486951234375001 0.7470149921875 0.8451082624999999 0.74120841875 0.842861934375 0.7371296421875 0.8381871484375001 0.7334354984375 0.8319382093750001 0.7366425109375 0.8283340140625001 0.7397077999999999 0.8220059281250001 0.7390471109375001 0.814118859375 0.7375247 0.8073560375 0.7374871859375001 0.8032379593750001 0.737307946875
0 0.4933310203125 0.7958158203125001 0.49875331093749997 0.7941255328125 0.4984128890625 0.7908535328124999 0.4976398984375 0.7870957234375 0.49573832500000004 0.784070984375 0.49361613281250005 0.78302130625 0.49153459843749997 0.7833509890625 0.48918962187500004 0.78538535625 0.48814235312500004 0.788877146875 0.488178675 0.7924744734375 0.48726204375000004 0.7956684109375 0.48639907187500003 0.7935878140625 0.486013659375 0.7911544171875 0.48502005 0.789371671875 0.48372234062499997 0.7879142484375 0.4820755421875 0.78762075625 0.48120607031249996 0.78886710625 0.48283769843749996 0.7969234796875 0.48451431874999995 0.8041412453125 0.48723820624999997 0.807867221875 0.48823398281249997 0.8085409875 0.4895940203125 0.8002879406250001 0.4933310203125 0.7958158203125001
3 0.8013050140625 0.7947090343750001 0.7959727062499999 0.794722109375 0.792066578125 0.7970037375000001 0.7881989375 0.8017737109375 0.78649848125 0.8067547546875 0.7851812703125 0.815278178125 0.7849563171875 0.8194712046875001 0.7838169015625 0.825749190625 0.7839345343749999 0.8321052343750001 0.785172084375 0.84216414375 0.7860263890625 0.8486806734375 0.787711678125 0.8514625078125 0.7918362578125 0.8483148 0.7976569609374999 0.8424040125 0.8045954109375 0.84130506875 0.8107093781250001 0.8406138734375 0.8191298328125001 0.8353999640625001 0.82442581875 0.8317895656250001 0.830055725 0.8347781124999999 0.8342892718750001 0.8424223828124999 0.8419150671875 0.84454049375 0.84726254375 0.8367645390625 0.8488301953124999 0.8331903296875 0.84607431875 0.8236490609375 0.8419735749999999 0.8145979578125001 0.8361832109374999 0.8049829859375001 0.8310801890624999 0.798585065625 0.82618911875 0.79464801875 0.8236365250000001 0.79200355 0.8169550156250001 0.79472475625 0.812400034375 0.796277675 0.80763093125 0.7964787062500001 0.8013050140625 0.7947090343750001
0 0.5080524234375 0.7607793109375 0.5089197296875 0.7606419421874999 0.5094379453125 0.761668503125 0.5097377109375001 0.7635611453125 0.5096477296875 0.7652383578124999 0.5105150359375 0.7651009890625 0.510647840625 0.7636941546875 0.5104337218749999 0.76234226875 0.510393065625 0.7609629078125 0.5101789484375 0.759611021875 0.510181115625 0.7585020390625 0.510140459375 0.757122678125 0.5100548109374999 0.7565819234375 0.5094466140625 0.7572325734375001 0.5090547 0.758126125 0.5085343171875001 0.7582085453125 0.5082323859375 0.7574248875 0.507930453125 0.7566412296875 0.5080610906249999 0.756343378125 0.5084958281249999 0.755720203125 0.508020434375 0.75496401875 0.5078469734375 0.7549914921875 0.507153128125 0.7551013859375 0.5063286453125 0.75550913125 0.5056754578125 0.7569983859375 0.5061058593750001 0.758593175 0.5067097234375 0.7601604921875 0.5074014015625 0.76115958125 0.5080524234375 0.7607793109375
3 0.7886299578125 0.8696096203125 0.7843319171875 0.8727848015624999 0.7825886359374999 0.87749546875 0.7793205265625 0.8860507234374999 0.7783908937499999 0.8958985593750001 0.7785063625 0.9033635890625 0.7807890140625 0.9110396906249999 0.784632815625 0.9184685281249999 0.7886159234375001 0.9211635859375 0.8113956890624999 0.8887309953125 0.8083828703125 0.8775674625000001 0.804975971875 0.8684064656249999 0.8009543750000001 0.863223065625 0.794054415625 0.8668103515625001 0.7913646828124999 0.8677906828124999 0.7886299578125 0.8696096203125
3 0.5103730468750001 0.7933937875 0.5072529109375 0.792779328125 0.503132665625 0.7937090718750001 0.49697370625000004 0.795238875 0.49315539218750004 0.7969522765625 0.4903735125 0.8007188015625 0.488666553125 0.8090267953125 0.4871802140625 0.8153597250000001 0.4848244015625 0.82293900625 0.48472141874999997 0.8312701140625001 0.4849696921875 0.837328309375 0.4844341390625 0.845173609375 0.48589664218750006 0.851039490625 0.49147505625 0.85819359375 0.49753536406250004 0.862776934375 0.506713640625 0.8690837140625 0.5116968609375 0.8702345687499999 0.5181620828125 0.867270459375 0.5243362109375 0.8579777765625 0.5293324328125 0.8524747343750001 0.5384873875 0.84853029375 0.5472889203125 0.847967746875 0.5544008328125 0.8468413296874999 0.5586538828125 0.844504753125 0.561125165625 0.8443905015625001 0.5619518140624999 0.8428737734375 0.560052409375 0.8387400515625 0.5550480359375001 0.826228990625 0.5527567171875 0.8229888203125 0.5516389703125 0.8181769765625001 0.5485340046875 0.8097996375 0.5455125187500001 0.8030720375 0.542013471875 0.7966972328125 0.539030475 0.792457975 0.5348310828125 0.789520015625 0.5308907984375 0.7870953359375 0.5279891140624999 0.7856147984375 0.523389140625 0.788006321875 0.5169217500000001 0.7920794156250001 0.5141442031250001 0.7936279749999999 0.5103730468750001 0.7933937875
3 0.458805115625 0.7383688875 0.456447134375 0.747057153125 0.45382571250000003 0.7574501 0.4532473375 0.7650250234375 0.452621803125 0.7745475359375 0.45540966875000005 0.789904096875 0.4599364796875 0.8027679531249999 0.46334554531250005 0.8108199687500001 0.4683607515625 0.8177861156249999 0.47394566875 0.8216132703125 0.480053134375 0.8242490203124999 0.48378580156249995 0.8219948640625001 0.4864370453125 0.818526190625 0.48822964999999996 0.8107589515625 0.49020005156249996 0.8007462750000001 0.493198215625 0.797222653125 0.4960635765625 0.795105865625 0.499879725 0.794501446875 0.5039999703125 0.7935717046875 0.5079895796875 0.7929398125 0.5109384218749999 0.7924727625 0.5117179140625 0.7929036218750001 0.5138850953125 0.79311469375 0.517183025 0.7914837140625 0.5195708265625 0.789719721875 0.5215667140625 0.788849284375 0.525515665625 0.7868380328125 0.528378859375 0.785830228125 0.5273917515625001 0.7807205328125 0.5259292484375 0.774854653125 0.5244645796875 0.77009775625 0.5227836265625 0.7650979546875 0.5198412859375 0.76223805625 0.5174643203125 0.7584571312499999 0.51638723125 0.755024646875 0.5151838375 0.7496720484375 0.513198784375 0.7449975703125 0.5100894828125 0.7388381984375 0.5089245796874999 0.7359739421875 0.5065069578125 0.730813659375 0.504434090625 0.726707409375 0.5030935578125 0.724979609375 0.5001040609375 0.7240673 0.49615944218749997 0.7238605859375 0.48718227968749994 0.7255595890625 0.4811176375 0.723194215625 0.47535275937500004 0.7227214828124999 0.46789176093749996 0.7250118296875 0.4615528390625 0.7298960531249999 0.460505571875 0.73338784375 0.458805115625 0.7383688875
3 0.8057982875 0.8691077046875 0.8077811734375 0.8748911625 0.81354171875 0.8775818609374999 0.8225980249999999 0.8797505624999999 0.8282967578125 0.8697016953125001 0.8330853625 0.8595198171874999 0.8327107859374999 0.85154150625 0.831736678125 0.8397779140624999 0.8301863624999999 0.8344802625 0.8236869828125 0.8327380640625 0.8104481031249999 0.841209575 0.798871190625 0.842211696875 0.794181234375 0.8462804328125 0.7911380796875 0.8506426609375 0.78826405 0.8571953796875 0.7869446703125 0.8668277859375 0.788064584375 0.870530646875 0.7963544015624999 0.8656145890625 0.8014297687499999 0.8639792515625 0.8057982875 0.8691077046875
3 0.537967003125 0.8486127140624999 0.5314589578125 0.8513064453125001 0.528550771875 0.8531528578125 0.5248587609375 0.8567863734375001 0.5215928203125 0.86423264375 0.5196695765625 0.8722977343749999 0.5213055390625 0.8781361406249999 0.530226875 0.8828206578125 0.5425274546875001 0.8886329140625 0.55002044375 0.892157859375 0.5513804796875 0.883904815625 0.5581476359375 0.8817243625 0.565388015625 0.881409078125 0.5708937859375001 0.88136853125 0.577181215625 0.880649859375 0.581819678125 0.880746678125 0.5789331640625 0.8715032609375 0.5768581296875 0.86850599375 0.5756119125 0.8628830187500001 0.5737168406250001 0.8565313296875001 0.5717296203125 0.8529658375 0.569305496875 0.8511325 0.566924196875 0.8495695421875 0.5630289046875 0.8463062578124999 0.5607332515625 0.8452840531250001 0.5576987625000001 0.84521035 0.5544008328125 0.8468413296874999 0.54390534375 0.849057971875 0.537967003125 0.8486127140624999