3 0.42506836875 0.5267898343749999 0.431312925 0.52048243125 0.441170190625 0.5170382984375 0.44701895937499997 0.5174294875000001 0.45044161875000005 0.5070863812499999 0.45470950468750004 0.49759769687500005 0.4609130640625 0.4928263390625 0.4698431125 0.491599871875 0.46850745 0.48472848125 0.46609475468749995 0.47755708593749996 0.4639548609375 0.46829523125000005 0.4613103609375 0.461678253125 0.45606160312500005 0.459133 0.4531443046875 0.45460648125 0.44882276406250005 0.4498435625 0.44446022812499997 0.4466166859375 0.42925879843750003 0.447024753125 0.41820226875 0.442552265625 0.410157684375 0.45532185781249995 0.40998029062499997 0.45790313281249995 0.40800286718749995 0.466946596875 0.407102475 0.47629006562500004 0.4100466015625 0.48794238593749995 0.4153900078125 0.5032032 0.420174403125 0.5190820328125 0.42506836875 0.5267898343749999
3 0.533140496875 0.5429659 0.531845075 0.5467832125000001 0.532416746875 0.561952840625 0.5327707828125 0.569015040625 0.5345700546875001 0.5747775984375 0.5391912203125 0.584575859375 0.543757978125 0.5923472640624999 0.548174925 0.597600996875 0.5552505359375 0.6008098625 0.5602406640625001 0.5967837296875 0.5638541312500001 0.58742225 0.5678626328124999 0.5835869265625 0.5702894953125 0.582096475 0.57082168125 0.574352653125 0.5704132375000001 0.565263596875 0.570904428125 0.55905581875 0.57214544375 0.5532116484375 0.572173025 0.5481127031249999 0.5714097890625001 0.5441861953125 0.57004654375 0.5424137499999999 0.5650839984375 0.5413409375 0.559426040625 0.541931375 0.5527320453125 0.5406857640625 0.547537696875 0.5401673671875 0.54280695625 0.5385401390625 0.5397122609375 0.5365948953124999 0.535935565625 0.5398758015625 0.533140496875 0.5429659
3 0.572173025 0.5481127031249999 0.5716542515625 0.5594194265625 0.5717764828125 0.5670360421875 0.57185771875 0.5761887015625 0.5741340140625 0.5844053265625 0.5790413921875001 0.5956760296875 0.5834717515625 0.6044926640625 0.5868526609375 0.6079103484374999 0.5927424234374999 0.60676549375 0.5985233671875 0.601566925 0.6039361078125001 0.597968003125 0.6080266 0.5910605921875 0.60936301875 0.5857072359375 0.6104952140625 0.57580935 0.6110274015625 0.568065528125 0.609869134375 0.5586128640625 0.6080288671875 0.5543863515624999 0.6051249796875 0.553422734375 0.6000670296874999 0.5518591078124999 0.592337 0.5487774484375 0.5888196906250001 0.54640499375 0.5823575015625 0.5446049671875001 0.5779539703125 0.5429141343749999 0.5744910703125 0.5425685375 0.572773034375 0.545958640625 0.572173025 0.5481127031249999
3 0.6290495859375 0.148925959375 0.63240366875 0.1452178421875 0.6284503328125 0.138855275 0.6128270437500001 0.126611384375 0.6005846640625 0.117785178125 0.59706735625 0.1154127234375 0.58362495625 0.1108946453125 0.5815111328125 0.1209833390625 0.5848778734375 0.1330628703125 0.5931393359375 0.1406254546875 0.611503284375 0.1477523890625 0.622873609375 0.148598371875 0.6290495859375 0.148925959375
3 0.67782584375 0.4435317484375 0.672126890625 0.4456582296875 0.6667275640625 0.45282005312500007 0.6626504859375 0.4632903640625 0.6576327765625 0.47241544218750003 0.6567733812500001 0.48022286718749996 0.6589408578125 0.48438577812499994 0.6598949015625 0.4892939140625 0.661653178125 0.4965925140625 0.6638616515625 0.49921938125 0.6668885234374999 0.49557486562499997 0.6780546265625 0.49187632031249995 0.6870800796875 0.49114066718749994 0.692601640625 0.49159545937500004 0.6987366203125001 0.49345909062500004 0.701600265625 0.48373400312500003 0.7002921859375 0.47176366875 0.6969798546875 0.46171099531250004 0.689877415625 0.45137632656250004 0.685365065625 0.44563178125 0.67782584375 0.4435317484375
0 0.552633990625 0.1418772375 0.5559060796875 0.1412412078125 0.5593011578125 0.1359970453125 0.5622192125 0.1282988171875 0.5654234812500001 0.12207302812500001 0.5676595359375 0.11960095 0.565001621875 0.1094210703125 0.55742140625 0.10885708281249999 0.5430927859375 0.105020625 0.531204440625 0.10325661875 0.521851778125 0.10405587499999999 0.5248778953125 0.1126361078125 0.526377540625 0.1133633234375 0.53429838125 0.117426609375 0.541046784375 0.120699078125 0.546009328125 0.121771890625 0.5494446468749999 0.1272164328125 0.5519527453124999 0.134878640625 0.552633990625 0.1418772375
3 0.613317109375 0.5798450546875 0.6190153078125 0.5899433203125 0.62553190625 0.59377020625 0.636138996875 0.5906896796875001 0.6442104046875 0.585045890625 0.648028096875 0.5802289390625 0.65094615 0.572530709375 0.6497058921875001 0.5661501328125 0.6469659890624999 0.559042340625 0.6429306625 0.5557518625 0.6337009859375 0.5519429875 0.6287384421875 0.550870175 0.6176133328125 0.553032678125 0.6127186109375 0.5575496234374999 0.6118458015625 0.561794146875 0.6119270375 0.5709468078125 0.613317109375 0.5798450546875
3 0.44448252187500004 0.527090971875 0.444331953125 0.5367980484375 0.444317784375 0.54545989375 0.44411280625 0.5531401125000001 0.44648450625 0.5618475515625 0.45147387656250004 0.570046165625 0.45715866250000003 0.57658153125 0.46283003437500003 0.5795539953125 0.4692788109375 0.577791121875 0.4755099515625 0.56792081875 0.4818774921875 0.557005284375 0.4856541890625 0.553724378125 0.488190625 0.5440628937499999 0.4892274171875 0.5336741953125 0.48541048125 0.5262663984375 0.482139146875 0.51467768125 0.47719077031249996 0.5049430234375001 0.47439645781250006 0.4958083734375 0.4698431125 0.491599871875 0.4609130640625 0.4928263390625 0.45470950468750004 0.49759769687500005 0.45044161875000005 0.5070863812499999 0.44701895937499997 0.5174294875000001 0.44448252187500004 0.527090971875
1 0.46107402343750004 0.5355811515625 0.46119625624999994 0.54319776875 0.46056866406249997 0.5504507765625 0.4595184578125 0.557276575 0.4603905140625 0.565256796875 0.462980603125 0.5698469187499999 0.4666343125 0.5711741421875 0.46985199218749996 0.56851125625 0.4718838265625 0.5614946484375001 0.47316583437500004 0.554114434375 0.47318000312499997 0.5454525890624999 0.47132632343749997 0.5376631734374999 0.46854542343750005 0.5320914265625001 0.46348747343749996 0.5305278 0.46107402343750004 0.5355811515625
3 0.4455111875 0.4275661421875 0.4395409453125 0.40733358906249995 0.43577917499999996 0.38972790156250003 0.42743572187499995 0.3852374046875 0.4157516 0.3880179265625 0.40803498125 0.38849916875 0.4034138140625 0.3787009078125 0.39614739375 0.3745104140625 0.3936385390625 0.379072953125 0.39403281562500003 0.39682385625 0.396948603125 0.42579986875 0.40032875468749995 0.4414423 0.4043633265625 0.4569575265625 0.410157684375 0.45532185781249995 0.41820226875 0.442552265625 0.42925879843750003 0.447024753125 0.44446022812499997 0.4466166859375 0.4488913421875 0.4432085734375 0.4455111875 0.4275661421875
3 0.49020828906249997 0.545708134375 0.49099835000000003 0.5567604453125 0.4952647265625 0.5717212546875 0.4987678671875 0.5827555546875 0.5036208375 0.5919994 0.5104512328124999 0.5921997796875 0.5149367546875 0.590818525 0.5209905015625 0.5835294953125 0.5245219765625 0.5772401046875 0.5293078828125 0.56866944375 0.5313665421875 0.5687786390625 0.5320627109375 0.5548906421875001 0.5312316515625 0.545374375 0.5312182390625 0.5418114734375 0.527401303125 0.534403678125 0.5237475953125 0.533076453125 0.5205984921875 0.5291043515625 0.5173129875 0.5261774796875 0.514450096875 0.5236778203125 0.5079879078125 0.5218777921875 0.5006394937499999 0.5207593875 0.496153971875 0.5221406421875 0.49345430781250005 0.5257215546875 0.4916952765625 0.5306477 0.49072706093749996 0.5344014109375 0.49020828906249997 0.545708134375
3 0.5281208921875 0.1415485171875 0.5305335875 0.1487199125 0.5383590218750001 0.1522923859375 0.5452848218749999 0.1529835796875 0.5511745859375 0.151838725 0.5557420984375 0.1473853828125 0.5601597984375 0.14041436875 0.5638276765625 0.133079746875 0.5668411359375 0.12587233125 0.5709860359375 0.12099177812499999 0.5707683984374999 0.11288434843749999 0.565001621875 0.1094210703125 0.55742140625 0.10885708281249999 0.5430927859375 0.105020625 0.531204440625 0.10325661875 0.521851778125 0.10405587499999999 0.5248778953125 0.1126361078125 0.528367621875 0.12010750781249999 0.5289258796875 0.13171423437500002 0.5281208921875 0.1415485171875