3 0.487048925 0.2675936859375 0.4759737984375 0.2713586046875 0.46508075781249997 0.27729908281250004 0.45481906875 0.287002640625 0.446311434375 0.301511459375 0.440037303125 0.3104018859375 0.4342225 0.316876109375 0.42552087656250004 0.3215066140625 0.41598569375 0.3282059296875 0.4052427140625 0.33662666093750004 0.400073003125 0.3662731953125 0.3994224484375 0.3763708046875 0.39912600625 0.3948232546875 0.3988405453125 0.4151252203125 0.40185822031249996 0.43330987812500005 0.4082540703125 0.45061735625 0.41248960312499994 0.46307687499999994 0.4274809390625 0.4806716546875 0.43826968437499997 0.4913554609375 0.44863020625 0.49829753906249996 0.4565211515625 0.5052881140625 0.47523194531249996 0.5168045609374999 0.48897063906250005 0.5228694578125 0.50976395625 0.520434021875 0.52681493125 0.514524646875 0.5418876781249999 0.5059428734375 0.560604853125 0.4900426390625 0.5687071484375 0.4813443609375 0.5779641718749999 0.47338356875 0.5825803234375 0.4587738 0.5878159234375 0.4402243546875 0.5913624359375 0.42211350000000003 0.5935080875 0.4016989890625 0.5951294453125 0.3784568296875 0.5965906765625 0.3567381421875 0.596899021875 0.3459884453125 0.59332594375 0.3311340734375 0.59154900625 0.31677654375 0.5886182609375 0.307534765625 0.5828857890625 0.2936856734375 0.5685038437500001 0.2761549421875 0.5552995078125 0.26891396875 0.54542119375 0.26910795625 0.5310639703125 0.2728359734375 0.5180215984375 0.27577800625000004 0.5063462249999999 0.26962191406249997 0.487048925 0.2675936859375
1 0.277602434375 0.3903682359375 0.2743203375 0.390331334375 0.27365788125 0.3927261875 0.27576512656249996 0.4000330515625 0.2793903515625 0.40657528125000003 0.2839031265625 0.4144430359375 0.28641663125 0.42179259843750005 0.2858722125 0.42697240000000003 0.282045696875 0.4321153 0.278560471875 0.43205704687499996 0.2740595984375 0.4318920484375 0.2667149140625 0.43142815 0.26107029531250003 0.4323751765625 0.25335229375 0.4374171265625 0.250434371875 0.44173134062499997 0.251921246875 0.44712464062499996 0.2592659328125 0.4475885375 0.26728405624999996 0.447507096875 0.271111490625 0.44821743593749996 0.27018185625 0.451200328125 0.26762810625 0.45986566250000005 0.26780013125 0.46604494687500003 0.27131738125 0.4657985046875 0.276533778125 0.46110974687499995 0.28226256875 0.4515458828125 0.29149854999999997 0.44573930156249997 0.2941072078125 0.44632154062499996 0.2972401609375 0.44973142812500005 0.29487855937499996 0.45656859843750003 0.2957990515625 0.46344266875000006 0.30502589062499996 0.46749305 0.31067143124999996 0.47239926250000003 0.31580365625 0.47632734218749995 0.31902446093750003 0.49453335000000004 0.32236054687500004 0.4979645875 0.3273308078125 0.4917096609375 0.3277763921875 0.4698842234375 0.3282869453125 0.4533026390625 0.3312670796875 0.4366725546875 0.33526377812499997 0.4260024609375 0.3428637421875 0.418175565625 0.3524099078125 0.4133257640625 0.3614967453125 0.41089216874999995 0.3668842484375 0.40652945625000003 0.36915891875 0.39074940625 0.3660671296875 0.3771778609375 0.3613219609375 0.38715316718750004 0.35715415625 0.39749721718750003 0.34555565312500003 0.40428773125 0.3305890421875 0.4079516984375 0.3231803078125 0.40809718906250003 0.31788703906250004 0.3998393421875 0.31594997812500003 0.3870052828125 0.3146863546875 0.373625884375 0.30572577343749996 0.363134225 0.30257361718750003 0.373585025 0.30493797968749997 0.384307575 0.3087462125 0.3988786015625 0.306792709375 0.41746494843750004 0.3004426265625 0.41926200781249995 0.297545746875 0.421422015625 0.2936743859375 0.413313615625 0.29030535625 0.4043338328125 0.28603871718749996 0.39803224843749996 0.28144084999999996 0.392928090625 0.277602434375 0.3903682359375
3 0.14537176406250002 0.62261028125 0.13371013125 0.63586341875 0.114214303125 0.6630800375 0.1055675890625 0.67695811875 0.09715694687500001 0.6964060921875 0.08957072656250001 0.7236422218749999 0.0878413953125 0.740095709375 0.1281140984375 0.741864059375 0.16949944374999998 0.748678315625 0.1970610015625 0.7521912734375 0.2382221734375 0.7611383875 0.2634102296875 0.7637857593749999 0.273170503125 0.760806825 0.27420535625000003 0.7470528843750001 0.26736208125 0.739864365625 0.24859913906250003 0.736660059375 0.226340909375 0.737401228125 0.21218589687499997 0.7352973546875 0.2112123359375 0.7308821875 0.2097895078125 0.7248795 0.21158472968750003 0.719523103125 0.21267356718750002 0.7091635000000001 0.21579186093749997 0.687310915625 0.2147414296875 0.66994914375 0.2126652875 0.6564843453125 0.19644419375 0.6369119515625 0.1828756859375 0.6253198609374999 0.17178865625 0.6213820250000001 0.1623367265625 0.613611265625 0.1534740609375 0.613912003125 0.14537176406250002 0.62261028125
3 0.6130861921874999 0.2857696984375 0.610532440625 0.2944350328125 0.6124905453125 0.3051148828125 0.6163417828125 0.32123073125 0.618620134375 0.3288636390625 0.61772344375 0.3373950765625 0.614506315625 0.34260202500000003 0.6095790609375 0.350401771875 0.6054872078125 0.3678391890625 0.6026150515625 0.3912579453125 0.599988109375 0.4103896296875 0.5970509828125 0.428564534375 0.5960152125 0.43646523281249994 0.5929591296875001 0.44600195 0.590212309375 0.4506422109375 0.589678871875 0.457671528125 0.595101159375 0.4705638375 0.60402879375 0.47550695000000004 0.6193705609375 0.47804361718750005 0.6355779109374999 0.478206778125 0.653409378125 0.472687496875 0.66965605625 0.45098252031249997 0.6782927109375 0.44110816406250003 0.6864480734375 0.4299509828125 0.6831833390625001 0.40434691406249995 0.6802178109375 0.3778501125 0.6794556 0.35774609218750003 0.684499971875 0.34687805156249996 0.6929014718750001 0.3372870421875 0.69799983125 0.32981333749999997 0.698512225 0.32493823125 0.6958276171875 0.317262621875 0.6908015265625 0.30841673593749996 0.6822041999999999 0.29642295625 0.6710412203125 0.2853917546875 0.6591627171875001 0.2792143109375 0.6464296093749999 0.2772598890625 0.634220796875 0.2781331125 0.6227394125 0.2818553296875 0.6130861921874999 0.2857696984375
1 0.5960152125 0.43646523281249994 0.599638596875 0.431300984375 0.603294009375 0.425832040625 0.605901746875 0.4205610421875 0.6092149484375 0.4144400109375 0.6114804765625 0.408516925 0.6145155171875001 0.4011344171875 0.617251353125 0.3946446421875 0.6190785984375 0.38898355156250003 0.6212050484375 0.382429728125 0.6242940765625 0.3784415546875 0.626207334375 0.37587010625 0.62793850625 0.371123096875 0.6279165421874999 0.3674240671875 0.6248686796875 0.36125057968749996 0.6220770140625 0.35263954218750004 0.6193283562499999 0.345573321875 0.61772344375 0.3373950765625 0.614506315625 0.34260202500000003 0.6095790609375 0.350401771875 0.6054872078125 0.3678391890625 0.6026150515625 0.3912579453125 0.599988109375 0.4103896296875 0.5970509828125 0.428564534375 0.5960152125 0.43646523281249994
3 0.3112953046875 0.29255771406250003 0.295751328125 0.2958529390625 0.284730190625 0.3030121953125 0.272854446875 0.3143944703125 0.2635873625 0.3263589859375 0.25839292812500003 0.334746771875 0.251595421875 0.346662790625 0.2410674734375 0.3628076265625 0.2335334 0.3817316125 0.22843687968749998 0.4009117953125 0.22601306875 0.42006482968750003 0.22883767812500003 0.43422441562499997 0.23146007812499997 0.4542158890625 0.2375585625 0.48412257812500004 0.246241903125 0.49920600000000004 0.2555575125 0.523905740625 0.2592367265625 0.5338423062500001 0.265983925 0.5419449078125 0.2809944640625 0.545679 0.3020668609375 0.5503582796875001 0.32474141093750003 0.5456560890625 0.352311190625 0.5334588421875 0.3764707765625 0.5224434718750001 0.3927394171875 0.5044375249999999 0.4053398265625 0.47834452968749996 0.41248960312499994 0.46307687499999994 0.4082540703125 0.45061735625 0.40185822031249996 0.43330987812500005 0.3988405453125 0.4151252203125 0.39912600625 0.3948232546875 0.3994224484375 0.3763708046875 0.400073003125 0.3662731953125 0.4052427140625 0.33662666093750004 0.3955867328125 0.32298130937499997 0.3832470640625 0.30751359375 0.3725864171875 0.295611009375 0.3498139515625 0.2895208046875 0.3313511328125 0.2912770078125 0.3112953046875 0.29255771406250003
3 0.7948276203125 0.334753325 0.787762015625 0.34140414531249996 0.7787721703125 0.348776896875 0.775501975 0.3564427484375 0.7760592171875 0.36481894062500003 0.7768946171875 0.374456609375 0.7764362109375 0.38272605312499997 0.7769724078125 0.39325645468750003 0.7794438265625 0.4049144359375 0.78427776875 0.4155884875 0.7893368015625 0.42998291875000005 0.7927708 0.444206553125 0.7949860203125 0.4583020875 0.7961215453125 0.47290026249999995 0.7965516078125 0.488348471875 0.7962432625 0.4990981671875 0.7954545484375 0.514418278125 0.7976267625 0.5269689921875 0.8002262796874999 0.5374081953125 0.8050593015624999 0.542229009375 0.8100844703125001 0.5452216578125 0.81718301875 0.5441193828124999 0.8241635328125 0.5402321640625 0.8322877921874999 0.5352329140625 0.8431799124999999 0.523439196875 0.8494970500000001 0.5160935906249999 0.850632515625 0.46230241093749996 0.8491291375 0.41994016093750003 0.848310178125 0.3788820859375 0.8480155171874999 0.340651659375 0.836351125 0.3363450796875 0.826290725 0.33436350937500003 0.8189780640625001 0.33359491874999997 0.8071965531249999 0.33235663125000003 0.801755065625 0.33332500781249996 0.7948276203125 0.334753325
0 0.4985698140625 0.4471713984375 0.500098775 0.44825627968750004 0.5063317406250001 0.449527509375 0.5073144421875 0.44408571406249997 0.5102534078125001 0.43761728906249997 0.5071524796875 0.43390270624999994 0.5030898890625 0.43347571093750004 0.5000859546875 0.43470028593750004 0.49848288125 0.4382285171875 0.49786343125 0.4421681921875 0.4985698140625 0.4471713984375
3 0.738170940625 0.297376334375 0.72450911875 0.30425804375 0.7111364375 0.31425074375 0.7037396046875 0.3220989890625 0.69799983125 0.32981333749999997 0.6929014718750001 0.3372870421875 0.684499971875 0.34687805156249996 0.6794556 0.35774609218750003 0.6802178109375 0.3778501125 0.6831833390625001 0.40434691406249995 0.6864480734375 0.4299509828125 0.6881399187499999 0.44707210937499997 0.6932520203125 0.4590076390625 0.7009517375 0.47367961875000003 0.70743175625 0.482370259375 0.71478834375 0.4905369109375 0.7265918171875 0.49547422656249995 0.7409819843750001 0.4972947546875 0.758706396875 0.4908400421875 0.7712876015625 0.478607734375 0.7799452984374999 0.46657916874999994 0.7874802921875 0.4535084234375 0.7927708 0.444206553125 0.7893368015625 0.42998291875000005 0.78427776875 0.4155884875 0.7794438265625 0.4049144359375 0.7769724078125 0.39325645468750003 0.7764362109375 0.38272605312499997 0.7768946171875 0.374456609375 0.7760592171875 0.36481894062500003 0.775501975 0.3564427484375 0.7787721703125 0.348776896875 0.787762015625 0.34140414531249996 0.7948276203125 0.334753325 0.801755065625 0.33332500781249996 0.8071965531249999 0.33235663125000003 0.7948687859375 0.32459166875 0.7840589984374999 0.3160620703125 0.7723406171875 0.30836115625 0.760312053125 0.299703459375 0.747375815625 0.2977276859375 0.738170940625 0.297376334375
0 0.49732263281250005 0.40237159531250005 0.4999422734375 0.40480335156249997 0.5004345453125 0.40793569218750003 0.5007877359374999 0.41043729375 0.502380746875 0.41091278750000004 0.5042299546875 0.40895072656250003 0.5066135218750001 0.4058125875 0.50604621875 0.4014401203125 0.503490628125 0.398398975 0.4996952171875 0.39738394062500004 0.49564360937499996 0.3988064609375 0.49433974062499997 0.40144196093750006 0.49732263281250005 0.40237159531250005
3 0.1804508359375 0.5018409453125 0.1786217515625 0.49579555781250007 0.174996525 0.48925332812500005 0.1646780875 0.4780028328125 0.158605246875 0.47520813124999994 0.1468237375 0.4739698453125 0.14124316875 0.47430748281249996 0.135566525 0.475559203125 0.12366789687499999 0.47738920937499996 0.11258270937499999 0.48515785312500004 0.10235212499999999 0.488703478125 0.095746765625 0.49879133124999997 0.0846844609375 0.5161122437500001 0.07487479687500001 0.544963040625 0.064317584375 0.5789722875 0.06179769843750001 0.5990394046875 0.06422795 0.62085904375 0.080619228125 0.63490424375 0.0997362828125 0.6464633906249999 0.1190024765625 0.654649553125 0.13371013125 0.63586341875 0.14537176406250002 0.62261028125 0.1534740609375 0.613912003125 0.1623367265625 0.613611265625 0.17178865625 0.6213820250000001 0.1828756859375 0.6253198609374999 0.19644419375 0.6369119515625 0.2126652875 0.6564843453125 0.2147414296875 0.66994914375 0.21579186093749997 0.687310915625 0.21492719531249999 0.695537659375 0.2282239234375 0.67845159375 0.2357159109375 0.6638360265625 0.239263346875 0.6515784124999999 0.2407035359375 0.6320139328125001 0.2388625484375 0.6182657921875 0.2415443984375 0.60838168125 0.24383005 0.594451146875 0.2430998640625 0.57404243125 0.23886433125 0.5615829140625 0.22808564531250003 0.5468953828124999 0.21534155625 0.5430914437500001 0.21120393593750003 0.5414243234375 0.204959071875 0.5324503375 0.201610165625 0.51546310625 0.195227140625 0.5117116203125 0.1838399875 0.502813278125 0.1804508359375 0.5018409453125
1 0.50000638125 0.47258331875000004 0.5020898234375 0.4644846734375 0.505060815625 0.4577115546875 0.5073144421875 0.44408571406249997 0.511514271875 0.43343696875 0.514121090625 0.42231273125 0.5151458796874999 0.4125625171875 0.515700359375 0.403378990625 0.5146837921875 0.397419003125 0.5148109703125 0.3903469859375 0.516489075 0.3880588828125 0.5195561390625001 0.38037167968749996 0.5179082203125 0.37064861250000003 0.5126790015625 0.3617813765625 0.5054614953125001 0.3542454625 0.4989503703125 0.35171275625 0.4920439671875 0.3509868640625 0.48375866562500003 0.35165634375 0.47910865156250004 0.354864328125 0.47034297968749994 0.3601042203125 0.463405471875 0.3655362625 0.4570023234375 0.3697922265625 0.446718671875 0.37579675468749996 0.44026245468749997 0.382511621875 0.436886125 0.39509528125000004 0.43136138125 0.41053373437499996 0.42877652812499994 0.4253570015625 0.42707922187499997 0.4415057953125 0.42900530000000003 0.4524903390625 0.4399962546875 0.45734225625 0.44542952343750003 0.47208408281249997 0.45036045781249995 0.487697290625 0.4565211515625 0.5052881140625 0.47523194531249996 0.5168045609374999 0.48897063906250005 0.5228694578125 0.4975212796875 0.509905459375 0.498236803125 0.505051703125 0.49901545625 0.4937353171875 0.500660615625 0.48589866718749997 0.50000638125 0.47258331875000004
1 0.186641890625 0.7125886625 0.1885679703125 0.72357320625 0.1930258359375 0.7221933859375 0.1953224703125 0.7101123671875 0.197737140625 0.7008162953125 0.19560793125 0.6898104015625 0.18630606249999998 0.68451989375 0.1780308203125 0.68118565 0.17333780000000001 0.6828488140625 0.1746334484375 0.6959235171875 0.1780765875 0.7002901890625 0.18246034375 0.70352348125 0.186641890625 0.7125886625