0 0.493715053125 0.583101790625 0.4942599109375 0.586529325 0.49600989999999995 0.5858374625 0.49647274531249996 0.5837655421875 0.4964274140625 0.5778468125 0.4953236796875 0.574370384375 0.493198225 0.57291698125 0.4928594421875 0.5703524421874999 0.4922412203125 0.56776345625 0.49011576406249996 0.5663100546875001 0.48704195156249996 0.5660411296875 0.4871466296875 0.57449995 0.488199665625 0.5817742921875 0.4886484953125 0.5830810093750001 0.49136950781250005 0.58416403125 0.493715053125 0.583101790625
0 0.3407795265625 0.522403559375 0.34274960625 0.5191960546875001 0.3444175828125 0.5130047375 0.3475194265625 0.506516384375 0.352041125 0.5031096328125 0.358239446875 0.49984956875000003 0.3628571734375 0.4985636359375 0.3663938328125 0.4967606359375 0.3699078265625 0.4919982734375 0.3720246328125 0.4871136734375 0.3761795125 0.48789966093750003 0.376303575 0.4832632015625 0.3738900328125 0.4754473484375 0.3711463546875 0.47140495937500004 0.368402678125 0.467362571875 0.364527234375 0.46660103125 0.360894546875 0.46628321093749997 0.355658596875 0.46498015937500004 0.3525254390625 0.46217114531250003 0.3461717375 0.460770303125 0.34265774531250004 0.46553266562499995 0.3411505125 0.46666824843750004 0.3401514578125 0.4716506390625 0.3368802203125 0.4768567234375 0.33498350625 0.47922568125 0.3326606265625 0.48324728749999996 0.33102933125 0.4890193296875 0.32978752031249997 0.4935579984375 0.324354146875 0.4977299546875 0.32441349375 0.5002700453125 0.3275186203125 0.5098363375 0.33132934999999997 0.5177744296875 0.33640455625 0.524133215625 0.3407795265625 0.522403559375
0 0.3964135375 0.54628264375 0.3951490625 0.5478619484375 0.39400327968750004 0.5545214374999999 0.394813559375 0.56135205625 0.3953077203125 0.568577503125 0.3956918359375 0.5770607703125 0.3978993046875 0.584013628125 0.3997313046875 0.5888212203125 0.402827784375 0.592049509375 0.40826980625 0.59421555625 0.413996634375 0.5866894109375 0.41747394531250004 0.582346321875 0.4205617734375 0.5792366078125 0.422289096875 0.57558538125 0.42353090781249997 0.5710467125 0.4233161859375 0.5638457125 0.421484184375 0.55903811875 0.41901994374999996 0.5550201796875001 0.415923465625 0.551791890625 0.4081045828125 0.541390715625 0.40500810468750004 0.5381624265625 0.40260321250000003 0.5366845765625 0.4009265875 0.536537890625 0.3993093109375 0.5389312953125 0.3975453046875 0.5430017968749999 0.3964135375 0.54628264375
3 0.39369789375 0.5354829796875 0.3919198734375 0.5429321171875 0.390494653125 0.5495671578125 0.39028321250000003 0.558420803125 0.3893294875 0.5693219234375 0.39078065624999997 0.58170089375 0.3944446578125 0.59131608125 0.3998726640625 0.5968607671874999 0.40535137031249996 0.598607540625 0.41112352812499997 0.597000125 0.41646087343750005 0.5907073515625 0.42207765625000004 0.5844390265625 0.42575239218750005 0.57462093125 0.42728765781250005 0.5667280703124999 0.425991865625 0.5590100078125 0.42432925624999995 0.555484684375 0.42052717656249994 0.5538845953125 0.4131797890625 0.5477495015625 0.40918565156250003 0.5419077796875 0.40663939843749997 0.5323903828125001 0.40365296562499997 0.5279042734375 0.40002027812499996 0.527586453125 0.3952191421875 0.5309687578125 0.39369789375 0.5354829796875
0 0.44589481875 0.29289700625 0.443193190625 0.27871870312499997 0.4408616625 0.2764023046875 0.4367801453125 0.27477776875000004 0.4331981546875 0.27066203906249997 0.43004232968749995 0.26489365781249996 0.4264096421875 0.26457583906250004 0.42011529062499997 0.2657150875 0.4171968546875 0.270107071875 0.41068241250000004 0.27376196249999996 0.4069623453125 0.2776613296875 0.4065448296875 0.28565198125 0.412605075 0.2904070140625 0.4229809453125 0.29089230312500003 0.4301136078125 0.289826396875 0.4367100625 0.2916709625 0.44589481875 0.29289700625
3 0.3360135625 0.37411750781249997 0.3323075125 0.3746382359375 0.32304939374999997 0.374250740625 0.3155132296875 0.37992865781249996 0.3124793828125 0.3952951046875 0.317746646875 0.40589552500000003 0.3184835625 0.41356469218749997 0.3153817171875 0.42005304531250004 0.31358103125 0.42454281875 0.31290674531249996 0.4354683875 0.314614684375 0.444912440625 0.31836606562499997 0.45031044218750005 0.3218520265625 0.45230535781250003 0.3252559734375 0.448800815625 0.32829310624999997 0.44948901250000006 0.333625084375 0.4529128828125 0.33787599375 0.4558196875 0.343524090625 0.4588487296875 0.3473261703125 0.46044881875000004 0.3492822328125 0.46061995156249996 0.3525901515625 0.4549945953125 0.3590679125 0.45175897656249997 0.3667001046875 0.44820187499999997 0.3705302171875 0.44304468750000003 0.373013840625 0.4339673484375 0.3724743484375 0.42082317343750003 0.37061968125 0.413056215625 0.36885239375 0.40107207031250003 0.3670624421875 0.3861285609375 0.363265728125 0.37481183125 0.3571461359375 0.3675167078125 0.3491158109375 0.36596917812499996 0.34102077343750004 0.3715982 0.3360135625 0.37411750781249997
3 0.36501394375 0.5093144046875 0.3612205125 0.5140523203125 0.35707428124999996 0.5196043343750001 0.35386239218750004 0.5273505109375 0.3500042484375 0.539264975 0.3533607796875 0.5556129921874999 0.3584953328125 0.56451186875 0.3665936546875 0.5749374921875 0.3704464328125 0.5727396687499999 0.377373021875 0.5708107671875 0.3798793109375 0.5646927921875 0.3835767109375 0.557834059375 0.3885979390625 0.5519361140625 0.39041264062500003 0.5440677015625 0.3904773546875 0.5368911515625 0.390005859375 0.53262506875 0.38909954999999996 0.5236736328125 0.3868694171875 0.513761409375 0.3830586875 0.50582331875 0.3803516921875 0.5013616562500001 0.37588069218750003 0.5009704953125 0.3698884421875 0.5050935546875001 0.36501394375 0.5093144046875
3 0.43237896249999996 0.54393693125 0.43046823281249996 0.549684528125 0.42986730937499995 0.559771546875 0.4310757203125 0.571706796875 0.4328203421875 0.5807315765625 0.4353665953125 0.590248971875 0.440427784375 0.599986396875 0.44669410468750004 0.6056044265625 0.4536800421875 0.6062156171875 0.46029587968749996 0.5949649015625 0.46427271875000004 0.5881306171875 0.468080165625 0.5800140640625 0.47021098749999996 0.5717508234374999 0.47070186718749996 0.5629216265625 0.46821496093750004 0.55594431875 0.46584675000000003 0.5540471953125 0.46336849375 0.55340789375 0.46496310625000004 0.5480551250000001 0.46555001406249996 0.5413467421875 0.459585796875 0.538712525 0.4507765078125 0.53963174375 0.44407000781250006 0.5390450015625 0.4392828890625 0.539048665625 0.43554015625 0.53998866875 0.43237896249999996 0.54393693125
0 0.5703930578125 0.5627713296875 0.570232315625 0.5678270624999999 0.571019928125 0.57169831875 0.5721236625 0.5751747484374999 0.5737495906250001 0.5791193453125 0.5806341328125 0.5873263609375 0.5868777859375001 0.5899850265625 0.5942078765625001 0.5834441125 0.5997653109375001 0.5746356968749999 0.6016814078125 0.559171459375 0.5986269796875 0.54580725625 0.5962047874999999 0.5316533984375 0.5909375234375001 0.521052978125 0.5863111484375 0.5160009078125001 0.5807957609375001 0.5146734093750001 0.57260469375 0.518181615625 0.567958934375 0.526224825 0.5655853578125 0.5340443421875001 0.561873940625 0.5442817140625 0.5622494062500001 0.546426978125 0.5641914531250001 0.5499767484375 0.56624354375 0.5522687000000001 0.5680302140625 0.5511575640624999 0.56896455625 0.5533517234375 0.5699215625 0.558505246875 0.5703930578125 0.5627713296875
3 0.567958934375 0.526224825 0.5655853578125 0.5340443421875001 0.561873940625 0.5442817140625 0.5600452203125 0.5555287640625 0.5650557125 0.5690641015625 0.5737495906250001 0.5791193453125 0.5806341328125 0.5873263609375 0.5868777859375001 0.5899850265625 0.5942078765625001 0.5834441125 0.5997653109375001 0.5746356968749999 0.6016814078125 0.559171459375 0.5986269796875 0.54580725625 0.5962047874999999 0.5316533984375 0.5909375234375001 0.521052978125 0.5863111484375 0.5160009078125001 0.5807957609375001 0.5146734093750001 0.57260469375 0.518181615625 0.567958934375 0.526224825
3 0.47362895156249996 0.5648676453125 0.47169018906250004 0.5773725171875 0.47433247031250003 0.5890107312499999 0.48207798906250005 0.6002504531249999 0.4887564578125 0.6075944734375 0.49689682656249995 0.6078841796875001 0.501189784375 0.6006550703125 0.5066004921875 0.5935237484375 0.510032471875 0.5832619328125 0.5120446000000001 0.5699185109375 0.51296164375 0.5594366640625 0.5136585953125 0.5514704609375001 0.511561171875 0.54325978125 0.5061191484374999 0.541093734375 0.49790541718750003 0.541642575 0.4898017296875 0.5409335937499999 0.48367676875 0.5433551109375 0.48109711875 0.5503116328125001 0.47851746562499997 0.5572681562499999 0.47362895156249996 0.5648676453125
3 0.640079134375 0.3327000203125 0.6397716640625 0.33943285 0.64322094375 0.3418470375 0.64490621875 0.3483317265625 0.6484515265625 0.35286673281250003 0.65260640625 0.3536527203125 0.6565325484375 0.3506163484375 0.660046540625 0.3458539859375 0.6630750234375 0.3402041796875 0.665265190625 0.33448103125 0.6651971953125 0.32560293749999997 0.6576210671875 0.315645484375 0.6469204296875 0.30921701874999996 0.6350146624999999 0.30690795 0.6332873390625 0.310559178125 0.637693625 0.31812688906250003 0.640079134375 0.3327000203125
3 0.652686334375 0.3849234625 0.644500634375 0.3787150265625 0.636955821875 0.378054940625 0.6274862625 0.386521090625 0.6216860703125 0.3948857828125 0.6168062046875 0.40882327500000004 0.61145484375 0.41849468749999996 0.6039499953125 0.43346997187499997 0.601717778125 0.4493290359375 0.60462548125 0.464370334375 0.61021423125 0.46485928750000005 0.6181852078125 0.46386672500000004 0.6299722812499999 0.46109561250000003 0.6372376562500001 0.46173125 0.6397105453124999 0.47208719375 0.6488165718750001 0.48386842812499997 0.6570896515625 0.485859678125 0.6644197390625 0.4793187671875 0.6717411796875 0.46643985 0.6771659046875 0.4559298921875 0.6849501906250001 0.44097905312499996 0.6874618453125 0.4251444375 0.6896660296875 0.41604264999999996 0.693295434375 0.40030582499999995 0.6851971140625001 0.3898802015625 0.6805987703125 0.3780708546875 0.6724584015625 0.3777811484375 0.6675245546874999 0.379461909375 0.661238853125 0.386939159375 0.6582470515625001 0.39216969062499996 0.652686334375 0.3849234625
3 0.3428157796875 0.2674019171875 0.3462089953125 0.28333066093750003 0.35096271562500003 0.299800915625 0.3569215640625 0.3121517734375 0.3645343734375 0.32168995312500004 0.36985770156250003 0.3187758203125 0.373797859375 0.31236080781250003 0.37567190781250004 0.3070324875 0.383803628125 0.30098419062500004 0.39113371875 0.29444327812500004 0.3924488921875 0.2890660609375 0.39751545 0.28908684375 0.399925709375 0.2808480515625 0.3866054546875 0.2657407390625 0.3745443125 0.2587707609375 0.3659184296875 0.2575936125 0.3572645171875 0.2631737390625 0.3462930921875 0.26305883125 0.3428157796875 0.2674019171875
0 0.528019953125 0.5514594671874999 0.5268288390625 0.552200225 0.5260131921875 0.555086246875 0.525550346875 0.55715816875 0.5257057234375 0.5618190765625 0.5246333046875 0.567640015625 0.5244725609375 0.5726957484375 0.5255029312499999 0.5770107265625 0.527444978125 0.580560496875 0.5282325921875 0.5844317515624999 0.5301746390625001 0.5879815234375 0.532080003125 0.5919505703125 0.5336099015625 0.5937743515625 0.5373753 0.5957937125 0.54013299375 0.5964574625 0.5430374125 0.5954441171875 0.5456397296875 0.5914469609374999 0.54730770625 0.5852556421874999 0.5491083921875 0.58076586875 0.5507396859375 0.574993825 0.5533053203125 0.571415940625 0.554341059375 0.566014275 0.5543550749999999 0.5626356375 0.5530085859375 0.5587154859375 0.5522209703125001 0.5548442312499999 0.5510438734374999 0.55220635 0.5491385078125 0.5482373046875 0.54632146875 0.5450334640625 0.5428581734375 0.5459979140625 0.539637634375 0.5474060859375001 0.5357621906250001 0.5466445453125 0.532651696875 0.5467948953125 0.5347037875 0.5490868453125 0.5332332359375 0.5498031546875 0.5319094125 0.54884236875 0.53103441875 0.5491883015625 0.5303654984375 0.5503972265625 0.528019953125 0.5514594671874999
3 0.3473261703125 0.46044881875000004 0.343524090625 0.4588487296875 0.33787599375 0.4558196875 0.333625084375 0.4529128828125 0.32829310624999997 0.44948901250000006 0.3252559734375 0.448800815625 0.3218520265625 0.45230535781250003 0.319015603125 0.4621967953125 0.3193123390625 0.47489725 0.3216751828125 0.486511015625 0.32441349375 0.5002700453125 0.3275186203125 0.5098363375 0.33132934999999997 0.5177744296875 0.33640455625 0.524133215625 0.3412143421875 0.527088915625 0.3471192109375 0.5271830421875 0.3512881078125 0.524590390625 0.3563319984375 0.521651809375 0.35707428124999996 0.5196043343750001 0.3612205125 0.5140523203125 0.36501394375 0.5093144046875 0.3698884421875 0.5050935546875001 0.3749830328125 0.4983570609375 0.3763348890625 0.49256056875 0.37718721718750003 0.4892552734375 0.377031840625 0.484594365625 0.37681711875 0.4773933671875 0.37188863906249997 0.46935748593750004 0.368151271875 0.460580846875 0.3653115671875 0.454417640625 0.3590679125 0.45175897656249997 0.3525901515625 0.4549945953125 0.3492822328125 0.46061995156249996 0.3473261703125 0.46044881875000004
3 0.5283500890624999 0.547686003125 0.5228800328125 0.55227723125 0.520909953125 0.5554847374999999 0.5203597281250001 0.5617738453125 0.5198688515625001 0.57060304375 0.521892909375 0.579652271875 0.5277190484375 0.5903015859375 0.533133040625 0.5992249109375 0.5374573125000001 0.6012931671875 0.543023396875 0.5988227562499999 0.5482140156249999 0.594207078125 0.5508443656249999 0.58345264375 0.5550046109375 0.574521990625 0.5570027234375 0.564557209375 0.5513006453125 0.549271434375 0.54632146875 0.5450334640625 0.5428581734375 0.5459979140625 0.539637634375 0.5474060859375001 0.5357621906250001 0.5466445453125 0.5315339453125 0.5466971046875 0.5283500890624999 0.547686003125
0 0.3392579671875 0.41749463281250004 0.3466840859375 0.4130745359375 0.3537207203125 0.409887815625 0.36035922343750004 0.40159646406249994 0.3528510921875 0.40051710468749996 0.3431161109375 0.4055801671875 0.33819628125 0.4038822890625 0.3360481609375 0.3994695203125 0.3365843703125 0.39655905156250004 0.33825234531250004 0.390367734375 0.3386105140625 0.3798369921875 0.3369479046875 0.37631166718750003 0.3241304625 0.3747678046875 0.3175793375 0.37884196875 0.3152931390625 0.3824443 0.314449459375 0.3920876 0.3177606625 0.4025168859375 0.3185482765625 0.406388140625 0.3188957109375 0.41529068281250003 0.32747089375 0.4202657453125 0.328730003125 0.4284030828125 0.34473995468749996 0.4352960515625 0.3501366453125 0.43154337031249995 0.34467195781250004 0.42641795781249997 0.3392579671875 0.41749463281250004
0 0.645540540625 0.3217707875 0.647253846875 0.3214982 0.6479821140625 0.3228293640625 0.6492692578125 0.324209425 0.6518208765625 0.324010178125 0.6533281093750001 0.32287459531249996 0.655357534375 0.3222071796875 0.6570708421875 0.3219345921875 0.6582619546874999 0.321193834375 0.65945306875 0.320453078125 0.6584453625 0.31909746562499997 0.6561138343749999 0.3167810671875 0.6542678171875 0.3153521140625 0.6516568515625 0.3130112671875 0.649810834375 0.3115823140625 0.648450328125 0.3110408 0.6478180890624999 0.311830453125 0.6453398328125 0.3111911515625 0.643567178125 0.30892364843750003 0.6416111156250001 0.3087525140625 0.639338934375 0.30897620625 0.6375522640625 0.31008734375 0.6366405890625 0.3108525484375 0.63597166875 0.31206147500000003 0.637185446875 0.3142800828125 0.637877034375 0.3160305203125 0.6383625453125 0.3169179640625 0.6384585734375 0.31903878125 0.6400845015625001 0.322983378125 0.6404966484375 0.32470936875 0.6424527109375 0.3248805015625 0.6436438250000001 0.3241397453125 0.6445921828125 0.322955265625 0.645540540625 0.3217707875
3 0.58541885625 0.503670834375 0.58941299375 0.50951255625 0.59703981875 0.515672096875 0.6014374546875 0.51690180625 0.604048421875 0.5192426515624999 0.6076390609375 0.5296963859375 0.6111703515625 0.5376100296875 0.6165843421874999 0.5465333546875 0.6213941281250001 0.5494890546875 0.6268641828125 0.5448978265625 0.6337174109375 0.543807471875 0.6351652953125 0.5401317984375 0.636008975 0.5304884999999999 0.6360370078125 0.5237312234375 0.6366098984375 0.5204014781249999 0.6374028796875 0.51455609375 0.6387040390625 0.5125575140625 0.6425568171875 0.510359690625 0.6445775921875 0.5033542718749999 0.6443995515625 0.495734 0.6434565609375 0.48720183749999996 0.6403740984375 0.48059491093749995 0.6376444375 0.47317388281249995 0.6397105453124999 0.47208719375 0.6372376562500001 0.46173125 0.6299722812499999 0.46109561250000003 0.6181852078125 0.46386672500000004 0.61021423125 0.46485928750000005 0.60462548125 0.464370334375 0.6042219828125 0.468982346875 0.5990680453125 0.47317875000000004 0.5948991484375 0.4757714015625 0.587459015625 0.48357013593750003 0.5849160453125 0.490107384375 0.58429245625 0.497235040625 0.58541885625 0.503670834375
0 0.58541885625 0.503670834375 0.58941299375 0.50951255625 0.59703981875 0.515672096875 0.6014374546875 0.51690180625 0.604048421875 0.5192426515624999 0.6076390609375 0.5296963859375 0.6111703515625 0.5376100296875 0.6165843421874999 0.5465333546875 0.6213941281250001 0.5494890546875 0.6247247125000001 0.5468230609375 0.6251508765625 0.5451704140625 0.6270475921875 0.54280145625 0.6295992125 0.5426022109375 0.6323709203125001 0.539887321875 0.6337821234375001 0.5366309218749999 0.6340755765625 0.53327673125 0.633118571875 0.5281232078125 0.6336914625000001 0.5247934625 0.6366098984375 0.5204014781249999 0.635858965625 0.5161109515625 0.63436575 0.5138678953125 0.6325790796875 0.51497903125 0.6307783921875 0.5194688046875 0.6290143875 0.52353930625 0.62709500625 0.5229489 0.62582188125 0.5181902015625 0.6267842546875 0.513627084375 0.628791015625 0.5100003046875 0.6294739515625001 0.5054127390625001 0.627069059375 0.5039348890625 0.6244214109375 0.5020133171875 0.6224793640625 0.4984635453125 0.620574 0.49449450156249997 0.6189847546875 0.490130628125 0.6169693453125 0.487419403125 0.6150952953125 0.4927477265625 0.6139041828125 0.4934884828125 0.61174204375 0.49245435468750004 0.6102488296875 0.4902113015625 0.6091817765624999 0.48631559687500003 0.6069829578125 0.48570074218750003 0.6049308671875 0.48340879374999995 0.6063053890625001 0.48057166562500003 0.6082387859375 0.47778343437500004 0.6114960078125 0.4759559875 0.6118261421875 0.4721825234375 0.6090317671875 0.4719380484375 0.6026640515625 0.47391584375000007 0.596928575 0.4751039875 0.5948991484375 0.4757714015625 0.587459015625 0.48357013593750003 0.5849160453125 0.490107384375 0.58429245625 0.497235040625 0.58541885625 0.503670834375
0 0.59532916875 0.31315303125 0.6042344890625 0.314354628125 0.6092416968750001 0.3118353203125 0.6176301890625 0.3028521078125 0.609833971875 0.295410296875 0.5932737953125 0.2948064359375 0.5793245859375 0.29654342031250003 0.578774359375 0.302832528125 0.5891588796875 0.30965581875 0.59532916875 0.31315303125
0 0.36187541875 0.5162220328125 0.3586041796875 0.5214281171875 0.35747241406249997 0.524708965625 0.3549574765625 0.5244889359375 0.35386239218750004 0.5273505109375 0.3500042484375 0.539264975 0.3533607796875 0.5556129921874999 0.3584953328125 0.56451186875 0.3665936546875 0.5749374921875 0.3704464328125 0.5727396687499999 0.377373021875 0.5708107671875 0.3798793109375 0.5646927921875 0.3835767109375 0.557834059375 0.3885979390625 0.5519361140625 0.39041264062500003 0.5440677015625 0.3904773546875 0.5368911515625 0.390005859375 0.53262506875 0.386813353125 0.5272759640625 0.3845692015625 0.5207423796875 0.3822970203125 0.5209660734375 0.38143604375 0.517933365625 0.38297995625 0.5163785078124999 0.3828105640625 0.5150962390625 0.380332309375 0.5144569359375 0.3801995984375 0.51275539375 0.37835358124999996 0.5113264390625 0.3745148203125 0.5101456234375 0.3720732453125 0.5090870484375001 0.3700438203125 0.5097544609375 0.36654384218749997 0.5111381875000001 0.364441053125 0.5126441484375001 0.36187541875 0.5162220328125
0 0.4487763125 0.5753678140625 0.45207021562499994 0.57312109375 0.45616575 0.571366990625 0.45945965156249996 0.5691202718749999 0.461090946875 0.563348228125 0.4626488765625 0.55841473125 0.4596710921875 0.5602666265625 0.45989118281249997 0.5577509828125 0.44795738281249997 0.562199190625 0.44256069218749994 0.5659518718750001 0.44091538124999996 0.575102553125 0.4428941078125 0.5782330515624999 0.44565180312499997 0.5788968015625 0.4487763125 0.5753678140625