3 0.133566809375 0.5255760015625001 0.12421243281250001 0.53242040625 0.1133031125 0.543815728125 0.10298968281250001 0.55640038125 0.09722769375 0.574242009375 0.0882177140625 0.5996340984375 0.0833139015625 0.6136603609375 0.076515284375 0.634535934375 0.07260149375 0.654790625 0.0704211015625 0.6712758203125 0.0702844078125 0.694816734375 0.071207646875 0.710692515625 0.0741373625 0.730147759375 0.0780664828125 0.7430927984375 0.0808239984375 0.7532742 0.08490060625 0.7550319828125 0.0925588078125 0.75543333125 0.093759971875 0.7450733625 0.096246128125 0.71856730625 0.10131447499999999 0.6972150187499999 0.1079144625 0.675943003125 0.1147130796875 0.6550674296875 0.12300611406249999 0.6307958703125001 0.12713245625 0.6190450656250001 0.1363052484375 0.6156654515625 0.14388587656250001 0.613360496875 0.1551288015625 0.6081592031249999 0.16286770625 0.6070206453125 0.168735109375 0.6081002109375 0.1705119890625 0.5993145515625 0.17145399375 0.5897130671874999 0.1677405515625 0.5810257046875 0.1600141578125 0.5651794203125 0.1548497765625 0.5548718796875 0.1483384671875 0.5367730703125 0.1462171921875 0.527011046875 0.13878092343749998 0.5223749546875001 0.133566809375 0.5255760015625001
3 0.2719332046875 0.1796063125 0.2680086203125 0.18750735000000002 0.2644548640625 0.205078671875 0.262335 0.22040893593750002 0.2606558734375 0.23151592499999998 0.2591179765625 0.23992807656249998 0.2573209234375 0.2490987140625 0.25406980625000003 0.2608953859375 0.25274446093749997 0.27781142812500004 0.25080304999999997 0.29392311250000003 0.24621266562500002 0.314528378125 0.2409255125 0.3358691984375 0.2389002703125 0.35776700156249996 0.23802645625 0.3828134203125 0.23860983593750001 0.40098759531250006 0.2409064375 0.4157772484375 0.2452933453125 0.42836024687499996 0.25399584062499997 0.44232751718749996 0.2626005859375 0.4539734609375 0.274530896875 0.46077524687500004 0.2821890984375 0.46117659531250005 0.2903050875 0.461215903125 0.296273371875 0.460370584375 0.304968203125 0.457737990625 0.3106804546875 0.453404946875 0.315342159375 0.44399840625 0.322097296875 0.428138996875 0.3275629046875 0.40757959843749997 0.3310157796875 0.391933159375 0.335599909375 0.3798203140625 0.33958814843749996 0.3665181359375 0.345013403125 0.346728690625 0.34750722500000003 0.33682250156250004 0.3508560953125 0.32734715625 0.35184157968749996 0.312729509375 0.3538636953125 0.2950779171875 0.35431068906249996 0.28236221875 0.35396003593750003 0.27230695781250003 0.353488328125 0.2645615546875 0.35367303906249997 0.256850553125 0.34946145781250004 0.24929518750000002 0.3448122640625 0.2417168859375 0.3408598390625 0.2334030328125 0.330948515625 0.213195865625 0.32123269374999996 0.197631353125 0.3088275484375 0.187330375 0.29695776406249996 0.1793736578125 0.28771052343750003 0.175800759375 0.2793586796875 0.1718887515625 0.2719332046875 0.1796063125
3 0.7141156078125 0.6135203484375 0.7098511640625 0.6237197796875 0.7049908296875 0.6327298765625 0.7018064953125001 0.6348791968749999 0.7033520546875 0.6430669109375 0.7037569796875001 0.6604596640625 0.7061078515625 0.6825868093749999 0.7075664546875 0.700806853125 0.7081094828125 0.71975098125 0.7087533890625 0.736770225 0.7093103359375 0.7638217984375 0.71035463125 0.77738771875 0.7111630703125 0.7870809390625 0.7170273484374999 0.792406715625 0.72384129375 0.804730875 0.7333786625000001 0.8195139671874999 0.7419166234375 0.8408072609374999 0.7502389078125 0.857842878125 0.7577868484375 0.8729077437500001 0.7639847296875 0.8844275484375 0.7681792625 0.88812168125 0.7754402046875 0.88773014375 0.7777152218750001 0.8778124859374999 0.7783469249999999 0.8573857874999999 0.7762722578125001 0.838361390625 0.777853634375 0.824933075 0.7833300328125 0.8167273312500001 0.7889647125 0.8096879843749999 0.792529259375 0.8044703171875 0.7946195640625 0.8022636625 0.7941541125 0.7860258375 0.794189928125 0.7644098078125 0.793811434375 0.73813965625 0.7910431250000001 0.7156046 0.7886084203125 0.699263571875 0.785520428125 0.6786419328125 0.7802008953125 0.6629217859375001 0.7739890953125 0.6432945343750001 0.7677912140625 0.6317747296875 0.764118121875 0.6223174140625 0.7587349375 0.6119984078125 0.7532073921875 0.6086204484375 0.7469660328125001 0.602116809375 0.7389338734375 0.596291384375 0.7309389390625001 0.5939422171875 0.7238564515625 0.5951151765625 0.7186593859375 0.60217745625 0.7141156078125 0.6135203484375
0 0.89639376875 0.2544106171875 0.899002390625 0.2506869890625 0.89755458125 0.2448206015625 0.8926027515625 0.24301695156249997 0.8850019484375 0.24570688281250003 0.8784516968749999 0.2534703125 0.8722211281250001 0.259320328125 0.8680777390625 0.2672098984375 0.8653713671875 0.2686121984375 0.859978796875 0.271031825 0.855320221875 0.27619215625 0.8514763406249999 0.282553284375 0.8501029796875 0.2836394125 0.8515647078124999 0.29761324375 0.8585122234375 0.2906427 0.8672707093750001 0.28260896562500004 0.876170425 0.27188039218750004 0.8828789562500001 0.2652833578125 0.892610415625 0.2596168171875 0.89639376875 0.2544106171875
3 0.7677912140625 0.6317747296875 0.7739890953125 0.6432945343750001 0.7802008953125 0.6629217859375001 0.785520428125 0.6786419328125 0.7886084203125 0.699263571875 0.7910431250000001 0.7156046 0.793811434375 0.73813965625 0.794189928125 0.7644098078125 0.7941541125 0.7860258375 0.7946195640625 0.8022636625 0.7945698296875 0.815772246875 0.8023334484375001 0.8350947906249999 0.809346025 0.84781539375 0.82172786875 0.862747559375 0.8329986343750001 0.873761153125 0.8388862140625 0.8744557437499999 0.8394340874999999 0.8598151625 0.8373531640625 0.8492831859375001 0.83957078125 0.8362742484375 0.84670613125 0.81734649375 0.8474929859375001 0.8023324031250001 0.8488120765625 0.7939087828125 0.850627896875 0.75926088125 0.8515994609374999 0.7365357890625 0.848632521875 0.7136042890625001 0.8425449031250001 0.6874209687499999 0.8386189093749999 0.67022971875 0.8346897890625 0.657284678125 0.8310772249999999 0.6466724312500001 0.8226509343749999 0.635807909375 0.8129692078125 0.6279658640625 0.8063879875 0.623760615625 0.7956494578125 0.61933749375 0.7910948859375 0.6183267296875 0.78234265625 0.6178680437499999 0.7751655453125 0.612473465625 0.76609675625 0.6096819859375 0.7587349375 0.6119984078125 0.764118121875 0.6223174140625 0.7677912140625 0.6317747296875
3 0.6677197109375 0.569397165625 0.6587719765625 0.5642958250000001 0.6522512828125 0.558935646875 0.641892965625 0.551444178125 0.634793428125 0.5487559015625 0.628943071875 0.5515375703125 0.623489975 0.5551121265625001 0.6143109265625 0.5669841625 0.6096290468750001 0.57677568125 0.6124905703125 0.5807859875 0.6175571984375 0.5887722 0.6179078515625 0.5988274625 0.61805361875 0.616978703125 0.6152773359375 0.6322745656250001 0.6112998890625 0.6579303999999999 0.6096952124999999 0.6759899015624999 0.607174959375 0.694773490625 0.6047524546874999 0.7158784046875 0.601316628125 0.735386078125 0.6004692453125 0.7515550984375 0.6018673203125 0.770930071875 0.60570948125 0.793907440625 0.6102887640625 0.8153793031250001 0.6143295578125 0.8387531156250001 0.621450678125 0.8661487015624999 0.627305571875 0.8842131109375 0.6319718125 0.8956526453125001 0.6406541328124999 0.9100048921875 0.6524369578125 0.9279939374999999 0.662196259375 0.9385422859375 0.6703696484375 0.9416728734375001 0.6800948531250001 0.9444987546875 0.6893483484375 0.9395792328124999 0.696854528125 0.9303217640625 0.704124853125 0.9171915921875 0.7061330484375 0.8914325562500001 0.7081318578125 0.8784121515625 0.7105171375 0.853830978125 0.7112667687500001 0.8353406296875001 0.7123562609375 0.8145518890625001 0.7122508437499999 0.795630696875 0.7111630703125 0.7870809390625 0.71035463125 0.77738771875 0.7093103359375 0.7638217984375 0.7087533890625 0.736770225 0.7081094828125 0.71975098125 0.7075664546875 0.700806853125 0.7061078515625 0.6825868093749999 0.7037569796875001 0.6604596640625 0.7033520546875 0.6430669109375 0.7018064953125001 0.6348791968749999 0.6996076437500001 0.6224108703125 0.694823475 0.609034984375 0.6917866265625 0.599997046875 0.6855887453125 0.588477240625 0.680424365625 0.578169703125 0.6767279703125 0.5733435734375 0.6677197109375 0.569397165625
3 0.1537815625 0.6547987187500001 0.14823524999999999 0.6768980234375 0.14460079374999998 0.696009253125 0.140687003125 0.71626394375 0.13736910156249998 0.73770796875 0.1355254421875 0.75614098125 0.134678059375 0.7723100031250001 0.1337329265625 0.7861576953125 0.1322120765625 0.7984310812500001 0.1300751640625 0.8099001124999999 0.1296716484375 0.8175996453125001 0.129843846875 0.8268734875 0.130133971875 0.8380836796875 0.13132575156249998 0.8404623421874999 0.1334331078125 0.842116921875 0.1367214484375 0.8337965078125 0.1422180234375 0.8252057875000001 0.147536146875 0.815833646875 0.156657796875 0.800870328125 0.161373771875 0.798801278125 0.16408014375 0.7973989765625 0.1606460359375 0.7875681515624999 0.15736707656249999 0.783149934375 0.1531554953125 0.77559456875 0.1496608578125 0.766918671875 0.1477180375 0.7579380687499999 0.146993428125 0.7424587328125 0.14764217968749999 0.7258932671875 0.14984275 0.7090230953125001 0.153595134375 0.6918482171875 0.1598956125 0.672104640625 0.166155740625 0.6531310171875 0.1708003953125 0.639863240625 0.18155769375 0.6188091 0.18960548906250002 0.6034034703125 0.19372870312499998 0.5958988781250001 0.187979225 0.5967556640625 0.18069498125 0.6017783890625 0.17267361406249998 0.60830661875 0.164649121875 0.6190810609375 0.16004481718750002 0.631578884375 0.1537815625 0.6547987187500001
3 0.5596157390625 0.555624959375 0.5523144453125 0.5567864515625 0.5428250953125 0.557833271875 0.5365976546875 0.5594370765625001 0.5325380953125001 0.561540528125 0.5266877390625 0.564322196875 0.5244996828125 0.564207525 0.517878109375 0.56077223125 0.5108359734375 0.5611752375 0.509520009375 0.5653526453125 0.50861835625 0.574184175 0.5093321734375 0.5773098562500001 0.5123084953125 0.587502725 0.5160156812500001 0.6046825078125 0.51532970625 0.617771715625 0.515414946875 0.6370778859375 0.5149415203125 0.65867098125 0.5139730828125 0.6771498625000001 0.5117895625 0.69788126875 0.5109453078125 0.709804078125 0.5096665703125 0.7174577453125 0.5085972546875 0.737861509375 0.50914028125 0.7568056359375 0.508808084375 0.7757038953125 0.509832203125 0.7896547921875 0.5101828562499999 0.79971005625 0.5123677859375 0.8040709375 0.5156777140625 0.8204578343750001 0.5191055671875 0.8387810796874999 0.5248999328124999 0.8580004203125 0.5290913390624999 0.8659407640625 0.540146428125 0.8726966796875001 0.5451758328125 0.877206634375 0.5557359078124999 0.8808483375 0.5679921593749999 0.8772442859374999 0.5750809015625 0.8675789046875 0.581219975 0.8509151421875 0.586483825 0.8342055109375 0.5897985968749999 0.8170076984374999 0.5924166015625 0.8005454375 0.5936612453125 0.7851693046875 0.5954676796875 0.763260034375 0.5997383796875 0.7445681828125 0.601316628125 0.735386078125 0.6047524546874999 0.7158784046875 0.607174959375 0.694773490625 0.6096952124999999 0.6759899015624999 0.6112998890625 0.6579303999999999 0.6152773359375 0.6322745656250001 0.61805361875 0.616978703125 0.6179078515625 0.5988274625 0.6175571984375 0.5887722 0.6124905703125 0.5807859875 0.6096290468750001 0.57677568125 0.6040006234375 0.57532260625 0.5987524125 0.5708011843749999 0.591891859375 0.5677394 0.5835803671875001 0.5630574390625 0.5787899453125 0.5581739734375 0.57208766875 0.5562785859375 0.5596157390625 0.555624959375
3 0.8468296578125001 0.37959034687500004 0.844861815625 0.40457942812500003 0.8414632109375001 0.42756335781250004 0.8388622546875 0.447886853125 0.83624425 0.46434911406249996 0.8308763953125 0.48722984062499997 0.8248956 0.5050600015625 0.8206078531250001 0.5198906187500001 0.8261726203125 0.526744834375 0.831875490625 0.535150425 0.8355920609374999 0.5395915765625 0.8394296859375 0.5417228671875 0.8458696765625 0.5486229515625001 0.8485930968750001 0.5510818859375 0.8572475765625001 0.5492192421875 0.8646528765625 0.54188665625 0.8725563171875 0.533422075 0.8813241859375 0.5126497062500001 0.8854536546875 0.4966526921875 0.8889872343749999 0.47946634687499995 0.8925037640625 0.4584187671875 0.8960001203125 0.4377561640625 0.8983993187499999 0.42128243593750003 0.9006837171875001 0.398626146875 0.9021502937499999 0.3790152703125 0.90233813125 0.3670580578125 0.9034276234374999 0.3462693171875 0.9048941984375001 0.326658440625 0.9059572593749999 0.314747096875 0.9063266796875 0.2993250953125 0.90603968125 0.2838686921875 0.9049550359375 0.271072725 0.9019585375 0.2612648328125 0.8997736078124999 0.2569039515625 0.899002390625 0.2506869890625 0.89755458125 0.2448206015625 0.8926027515625 0.24301695156249997 0.8850019484375 0.24570688281250003 0.8784516968749999 0.2534703125 0.8722211281250001 0.259320328125 0.8680777390625 0.2672098984375 0.8653713671875 0.2686121984375 0.859978796875 0.271031825 0.855320221875 0.27619215625 0.8514763406249999 0.282553284375 0.8501029796875 0.2836394125 0.8505715593750001 0.295631025 0.850003509375 0.31065658281249997 0.8495502609375001 0.331864703125 0.8477841749999999 0.35300401875 0.8480976046875 0.359583025 0.8468296578125001 0.37959034687500004
3 0.277000796875 0.5643618171875 0.2685884265625 0.5616047390625 0.26200407812500004 0.5616457015625 0.25606989062499996 0.5702134875 0.2497151390625 0.582619571875 0.243077928125 0.60041533125 0.23779703125 0.6132637296875 0.22948695 0.6336740546875 0.22306541562499999 0.6557274921875 0.21877454062499999 0.6748043203125 0.21422450781250002 0.694639634375 0.20965430000000002 0.7148599250000001 0.2055387515625 0.738964384375 0.19942751875 0.7718430374999999 0.196466525 0.7948499015625 0.193145496875 0.8205401359375 0.1909619765625 0.841271540625 0.1891990203125 0.8581646468749999 0.1882740625 0.8716273640625 0.188103271875 0.8874458093750001 0.19541535937500001 0.8986379734375 0.2009738703125 0.9139846109375 0.20293686875 0.9225802359375 0.2211318421875 0.9312544765625 0.23244921562499998 0.933005696875 0.2456613921875 0.92790760625 0.25576993593749997 0.9234189296875 0.2639154859375 0.910334628125 0.27543320625 0.8831437937500001 0.2803603234375 0.8644863453125 0.284843571875 0.8542983812499999 0.28702083749999996 0.8420593984375 0.2874104328125 0.82625241875 0.289688578125 0.812088553125 0.291862715625 0.804095778125 0.293400609375 0.7956836265625 0.2922150859375 0.7848125421875001 0.290750228125 0.775084921875 0.2894700796875 0.7576462984375001 0.288089053125 0.742132559375 0.2867048984375 0.73086503125 0.2841522671875 0.712587653125 0.2829698703125 0.6974703578125 0.28204663124999996 0.6815945765625 0.2808068359375 0.6633860015625 0.28266754375 0.648814221875 0.2857603828125 0.635851153125 0.29010552968750003 0.6241118171875 0.295043440625 0.6178080234375 0.30155021406250004 0.61506075625 0.3083937203125 0.6142613078125 0.3059325828125 0.606797678125 0.3001117859375 0.5964557359375 0.2952065640625 0.5853897124999999 0.291594 0.574777465625 0.2868300078125 0.561016603125 0.28322823750000004 0.5627580125 0.277000796875 0.5643618171875
3 0.411228203125 0.5443739921875 0.40482230937499997 0.5451963765625 0.3955315875 0.546639640625 0.387176615625 0.5469738421875 0.3783436828125 0.5480550640625 0.372217121875 0.547733984375 0.36704335781249997 0.550165078125 0.36403435 0.5573420296875 0.3635299546875 0.566966446875 0.3645338984375 0.5813023203125 0.36545713750000003 0.597178103125 0.3658683171875 0.6060784359375 0.366181746875 0.6126574406249999 0.3696019359375 0.6143808203125001 0.3728840234375 0.614552828125 0.3786133234375 0.6140810203125 0.379488546875 0.6141268890625 0.38093635625 0.6199932765625 0.3816470453125 0.62736516875 0.38363021875 0.6355758171875 0.38466059218750004 0.64103429375 0.3871248546875 0.6442517125 0.3906629703125 0.6479114453125 0.3920300765625 0.6553177375 0.39269728593750003 0.6677057953125 0.3912943671875 0.68191553125 0.38947088124999996 0.6999635671875 0.38852574687499997 0.7138112609375 0.3851581125 0.7487638703124999 0.383818846875 0.757572465625 0.383553434375 0.7668233734375 0.3857895078125 0.7827679562500001 0.388190115625 0.7913865171875 0.3944516515625 0.79750518125 0.4008109390625 0.8059451718749999 0.40482701875 0.808857884375 0.4090045046875 0.8086907828125 0.41440020000000005 0.802024946875 0.420846446875 0.8004326109375001 0.42768995312499997 0.7996331609375 0.43097516875 0.7955589578125 0.42903860156249995 0.7780859328124999 0.428711253125 0.763399484375 0.4275351109375 0.7397897671875 0.42840266875 0.7232357687500001 0.42758030937499997 0.705435103125 0.42586255 0.687973546875 0.426312671875 0.6710116390625 0.42604897812500003 0.6509240484375 0.4248697078125 0.6315605421875 0.42411100468749996 0.6083587359375 0.4249552578125 0.5964359265625 0.42768493437500005 0.5904024390625 0.43015858125 0.580881225 0.4317911 0.5790366109375 0.4369245109375 0.577375471875 0.4430542 0.573450340625 0.44884715625 0.5675773921875 0.45423972656249995 0.565157765625 0.4509002390625 0.5618944781249999 0.4437231296875 0.5564998984375 0.439669825 0.5501109296875 0.4335463921875 0.5455436390624999 0.42708309843750003 0.5432747421874999 0.42049875 0.54331570625 0.411228203125 0.5443739921875
3 0.12300611406249999 0.6307958703125001 0.1147130796875 0.6550674296875 0.1079144625 0.675943003125 0.10131447499999999 0.6972150187499999 0.096246128125 0.71856730625 0.093759971875 0.7450733625 0.0925588078125 0.75543333125 0.0931654890625 0.7689763187499999 0.0925602171875 0.78052561875 0.09097258593749999 0.8024463562499999 0.0889334234375 0.8162367140625 0.0908157171875 0.826372246875 0.094491934375 0.831583353125 0.104119390625 0.83208790625 0.110030271875 0.82815130625 0.11930394687500001 0.8228468078125 0.12571296875 0.8177782140625001 0.1300751640625 0.8099001124999999 0.1322120765625 0.7984310812500001 0.1337329265625 0.7861576953125 0.134678059375 0.7723100031250001 0.1355254421875 0.75614098125 0.13736910156249998 0.73770796875 0.140687003125 0.71626394375 0.14460079374999998 0.696009253125 0.14823524999999999 0.6768980234375 0.1537815625 0.6547987187500001 0.16004481718750002 0.631578884375 0.164649121875 0.6190810609375 0.17267361406249998 0.60830661875 0.168735109375 0.6081002109375 0.16286770625 0.6070206453125 0.1551288015625 0.6081592031249999 0.14388587656250001 0.613360496875 0.1363052484375 0.6156654515625 0.12713245625 0.6190450656250001 0.12300611406249999 0.6307958703125001
3 0.7155175640625 0.222541321875 0.7074930703125 0.23331576406250001 0.6976746515625 0.24901463281249997 0.6922386031250001 0.2564504234375 0.688374546875 0.263196528125 0.6818677734375 0.2659437953125 0.6697931046875001 0.2660830578125 0.6640839781250001 0.2661698890625 0.6602818593750001 0.2968533515625 0.6580176343749999 0.3191246640625 0.6573657546875 0.339936340625 0.65748821875 0.36271876875000003 0.6591624984375 0.38519648906250004 0.6609407859374999 0.401503115625 0.663479496875 0.4116730484375 0.665028184375 0.415614553125 0.6675094953125 0.42269320625000006 0.668839378125 0.42662324218750003 0.6720313796874999 0.4410737875 0.6743078046875 0.4562484203125 0.6800618187499999 0.47623771093749995 0.6838389171875 0.47952393281249994 0.6897031921875 0.484849709375 0.6954898953125 0.4874691828125 0.6977523999999999 0.49453636718749994 0.7060809390625 0.5030795640625 0.7127226875 0.5061298796875 0.7232222375 0.5109265140625 0.72821441875 0.5119602109375 0.7322506734374999 0.5144879453125 0.7404845890625 0.516463603125 0.7466918546875 0.5152447765625 0.7571232109375 0.5045964734374999 0.7685167500000001 0.4839617109375 0.7806908875 0.45680527812499994 0.7882499296875001 0.4297930109375 0.79164540625 0.4110552921875 0.794586221875 0.3884334046875 0.7942279046875 0.361778275 0.794678028125 0.34481636718750003 0.7949837921875 0.33479550625 0.797106784375 0.31521902968750004 0.798377859375 0.29096549843749997 0.7994875265625 0.26979178125000003 0.7993821109375 0.2508705890625 0.799014409375 0.236954090625 0.7994071328125 0.2169009015625 0.7996353218750001 0.20417373749999998 0.797140090625 0.188987640625 0.7948807125 0.17767424375000002 0.790652084375 0.1662576421875 0.7864171984375 0.1633334625 0.778954496875 0.16757476875 0.7692633890625 0.1724713546875 0.7565462234375 0.180683659375 0.7456772546875 0.191309028125 0.7358821390625 0.20237670937500002 0.7239191421875 0.21294474375 0.7155175640625 0.222541321875
3 0.130750309375 0.2443956 0.1212191984375 0.22112008749999998 0.11259740468749999 0.205612909375 0.10403301250000001 0.19319701250000001 0.096903915625 0.20363234531250002 0.08734919218750001 0.23941880625 0.0826050671875 0.2797037515625 0.077732221875 0.3056986921875 0.07435379375 0.32829764687499996 0.0735652203125 0.3726502375 0.0731846984375 0.43014936875 0.0767489375 0.4793624875 0.083832834375 0.5032818156250001 0.090784884375 0.51715735 0.100800215625 0.5311934234375 0.1093708640625 0.5351168984375 0.1179849921875 0.534024209375 0.1232224109375 0.5261919765624999 0.13209882343749998 0.5200945906250001 0.138689428125 0.5115612046875 0.1513631140625 0.5083650640624999 0.1478514296875 0.4958279359375 0.14190816875 0.46270356718750005 0.1376718734375 0.4346871 0.1351411375 0.386686246875 0.1320593984375 0.3575721859375 0.13253908125 0.32748666875 0.133426815625 0.31054769531250004 0.13446203437499998 0.2824214609375 0.1345382 0.26003547656250003 0.130750309375 0.2443956
0 0.82172786875 0.862747559375 0.8329986343750001 0.873761153125 0.8388862140625 0.8744557437499999 0.8394340874999999 0.8598151625 0.8373531640625 0.8492831859375001 0.834569215625 0.847979184375 0.8287219875 0.8465146406249999 0.82134311875 0.8449698281250001 0.8154183156249999 0.8407989812500001 0.8117824468749999 0.8348179234374999 0.8083483390625 0.8249870984375001 0.8040188296874999 0.8154953812500001 0.8003829625 0.8095143218749999 0.7957911703125 0.805027303125 0.7946195640625 0.8022636625 0.7945698296875 0.815772246875 0.8023334484375001 0.8350947906249999 0.809346025 0.84781539375 0.82172786875 0.862747559375
3 0.3236527234375 0.611972725 0.3204109890625 0.611030765625 0.314621159375 0.612657503125 0.3083937203125 0.6142613078125 0.30155021406250004 0.61506075625 0.295043440625 0.6178080234375 0.29010552968750003 0.6241118171875 0.2857603828125 0.635851153125 0.28266754375 0.648814221875 0.2808068359375 0.6633860015625 0.28204663124999996 0.6815945765625 0.2829698703125 0.6974703578125 0.2841522671875 0.712587653125 0.2867048984375 0.73086503125 0.288089053125 0.742132559375 0.2894700796875 0.7576462984375001 0.290750228125 0.775084921875 0.2922150859375 0.7848125421875001 0.293400609375 0.7956836265625 0.291862715625 0.804095778125 0.289688578125 0.812088553125 0.2874104328125 0.82625241875 0.28702083749999996 0.8420593984375 0.28852291874999997 0.8552632765625001 0.289224225 0.8753738015625 0.2911374859375 0.8974780125 0.2943388703125 0.8991899265625 0.295204709375 0.9119744265625 0.296157509375 0.9147266000000001 0.303795534375 0.9155129265624999 0.3095620609375 0.9185173750000001 0.31554739062500003 0.9215332921874999 0.3223877703125 0.9249800515625 0.3266661328125 0.9228880671875 0.33030825625000004 0.9203767046875001 0.3344516453125 0.912487134375 0.3397836875 0.9112224390625 0.3436213125 0.91335373125 0.34679939375 0.9196968328124999 0.352589221875 0.9180700953125 0.35534220156249996 0.90740541875 0.35912868124999997 0.8979530078125 0.3627941078125 0.8908104578125 0.3657255421875 0.8809272015625 0.3671858625 0.8698087453125 0.36900309062500003 0.86025313125 0.370641865625 0.8499160968749999 0.37293705781250003 0.8396134625 0.375649684375 0.829718740625 0.3781062828125 0.8163362921875 0.380700984375 0.8045052203124999 0.3832723828125 0.7973053343750001 0.38387765625000003 0.7857560343750001 0.3830086890625 0.77721774375 0.383553434375 0.7668233734375 0.383818846875 0.757572465625 0.3851581125 0.7487638703124999 0.38852574687499997 0.7138112609375 0.38947088124999996 0.6999635671875 0.3912943671875 0.68191553125 0.39269728593750003 0.6677057953125 0.3920300765625 0.6553177375 0.3906629703125 0.6479114453125 0.3871248546875 0.6442517125 0.38466059218750004 0.64103429375 0.38363021875 0.6355758171875 0.3816470453125 0.62736516875 0.38093635625 0.6199932765625 0.379488546875 0.6141268890625 0.3786133234375 0.6140810203125 0.3728840234375 0.614552828125 0.3696019359375 0.6143808203125001 0.366181746875 0.6126574406249999 0.36351572499999996 0.6132897890625 0.36118956562500004 0.61162374375 0.35740934062499996 0.6125837328125 0.35468591875 0.6101247984375 0.344341521875 0.610740775 0.3374173125 0.6130801296875 0.3236527234375 0.611972725
3 0.396352984375 0.1876710140625 0.391242875 0.1847009671875 0.3855709734375 0.18826405468750002 0.38118860312499997 0.1965271328125 0.379331021875 0.2068527015625 0.376601346875 0.212886190625 0.3718015390625 0.220741359375 0.3697856796875 0.2299005296875 0.3699919765625 0.2468968390625 0.3705847375 0.25233238281250003 0.37342295625 0.260973875 0.372979090625 0.2694433625 0.374746584375 0.273396334375 0.3804960625 0.2725395484375 0.3853097890625 0.272791825 0.39284693593750003 0.275503034375 0.40127948125 0.2778751359375 0.40704600781250005 0.2808795859375 0.41026756718749996 0.2822065234375 0.414384525 0.2831943515625 0.4196358625 0.2834695625 0.4217835703125 0.2843541859375 0.42400885 0.287945115625 0.42764471875 0.2939261734375 0.4306645203125 0.29910287812499997 0.433886078125 0.300429815625 0.4355154703125 0.3028314125 0.439430671875 0.3076690078125 0.44261187968750004 0.309765896875 0.4445407796875 0.31063905625 0.4473852546875 0.310788128125 0.4496338390625 0.30974786875000004 0.452956278125 0.30914992343750003 0.45719428906250004 0.307827890625 0.458867159375 0.305213325 0.45948948125 0.2975252578125 0.45997370000000004 0.2882858171875 0.45944459374999996 0.27744913437499996 0.45849492343750003 0.2704507515625 0.4576228265625 0.26615867187500003 0.45824202031250005 0.26271681562500004 0.45802634218750005 0.2584591375 0.4567197625 0.2498979140625 0.45428193125 0.23780309531250002 0.452595140625 0.23231022031249998 0.4500905265625 0.229862753125 0.4420180171875 0.2248072828125 0.43346754374999996 0.22049883124999997 0.42780189531249996 0.21556949687500002 0.42052703437499994 0.207853590625 0.41450447968750004 0.2013614171875 0.40859985 0.1968055953125 0.4007259703125 0.1921465671875 0.396352984375 0.1876710140625
3 0.8346897890625 0.657284678125 0.8386189093749999 0.67022971875 0.8425449031250001 0.6874209687499999 0.848632521875 0.7136042890625001 0.8515994609374999 0.7365357890625 0.850627896875 0.75926088125 0.8488120765625 0.7939087828125 0.849822275 0.7997522359375 0.8603962703124999 0.8115013843750001 0.8741855703124999 0.8330698890624999 0.8876676984375 0.8395669703124999 0.9005772390625 0.8402435296874999 0.9071709703125 0.8274639328125 0.9123168937499999 0.8088179515625 0.9135243125000001 0.7899655609375 0.9173681921875 0.78360443125 0.9264602843749999 0.7817647234375 0.9411651593749999 0.80260914375 0.9437939562500001 0.7985005390625 0.9479808249999999 0.78559480625 0.9467984265625 0.7704775109375 0.9432122953125001 0.750987865625 0.937804396875 0.720207759375 0.9328170609375 0.6855893546875 0.9268644187499999 0.66520361875 0.9215340953125001 0.637129815625 0.9148551218750001 0.6306032390625 0.904897190625 0.619658446875 0.8934650187500001 0.6117246656249999 0.8816154109375001 0.6033829734375 0.8708768812500001 0.59895985 0.856536578125 0.5962781359375 0.8466127437500001 0.5930558109375 0.8340601124999999 0.5939420921874999 0.82052825 0.6009535984375 0.808050065625 0.60879239375 0.7956494578125 0.61933749375 0.8063879875 0.623760615625 0.8129692078125 0.6279658640625 0.8226509343749999 0.635807909375 0.8310772249999999 0.6466724312500001 0.8346897890625 0.657284678125
3 0.472104225 0.563391765625 0.46772810781249996 0.5631624234375 0.46044699062500005 0.5639389375 0.45423972656249995 0.565157765625 0.44884715625 0.5675773921875 0.4430542 0.573450340625 0.4369245109375 0.577375471875 0.4317911 0.5790366109375 0.43015858125 0.580881225 0.42768493437500005 0.5904024390625 0.4249552578125 0.5964359265625 0.42411100468749996 0.6083587359375 0.4248697078125 0.6315605421875 0.42604897812500003 0.6509240484375 0.426312671875 0.6710116390625 0.42586255 0.687973546875 0.42758030937499997 0.705435103125 0.42840266875 0.7232357687500001 0.4275351109375 0.7397897671875 0.428711253125 0.763399484375 0.42903860156249995 0.7780859328124999 0.43097516875 0.7955589578125 0.4311411109375 0.8133252203125 0.432337428125 0.8365499609375 0.4354115015625 0.8490641546875001 0.440276371875 0.860900134375 0.44910305156249997 0.8683113328125 0.46067958124999997 0.86930406875 0.46869781875000005 0.867022046875 0.47962418749999997 0.8594879593750001 0.4867765859375 0.8444214375 0.492521525 0.8227185765625 0.49766432031249996 0.8083188046875 0.50162925625 0.7996478140625001 0.5055507125 0.7959929890625 0.508808084375 0.7757038953125 0.50914028125 0.7568056359375 0.5085972546875 0.737861509375 0.5096665703125 0.7174577453125 0.5109453078125 0.709804078125 0.5117895625 0.69788126875 0.5139730828125 0.6771498625000001 0.5149415203125 0.65867098125 0.515414946875 0.6370778859375 0.51532970625 0.617771715625 0.5160156812500001 0.6046825078125 0.5123084953125 0.587502725 0.5093321734375 0.5773098562500001 0.50861835625 0.574184175 0.505854584375 0.5724951953125 0.5002292890625 0.566795909375 0.49362789218750003 0.5629756375 0.48777753593749995 0.56575730625 0.48150974375000005 0.5681310625 0.4745483109375 0.5669941625 0.472104225 0.563391765625
0 0.8312578421874999 0.26643835 0.83446548125 0.2596578421875 0.8389859546875 0.2529461375 0.843880384375 0.2516585078125 0.8458868609374999 0.25523796875000004 0.8458527640625 0.2475155015625 0.847016703125 0.2336792734375 0.8475009218749999 0.2244398328125 0.8377430296874999 0.238983771875 0.827328721875 0.253493309375 0.814110290625 0.267083821875 0.806105971875 0.2774732875 0.798377859375 0.29096549843749997 0.797106784375 0.31521902968750004 0.7949837921875 0.33479550625 0.7967373656250001 0.3306410328125 0.8023751718750001 0.319355475 0.8085918203125001 0.30539801718750004 0.8143273765625001 0.2964337875 0.8196454984375 0.287061646875 0.8264176843750001 0.275063471875 0.8312578421874999 0.26643835
3 0.20251362031250003 0.5789877437500001 0.196418028125 0.5906353421875 0.18960548906250002 0.6034034703125 0.18155769375 0.6188091 0.1708003953125 0.639863240625 0.166155740625 0.6531310171875 0.1598956125 0.672104640625 0.153595134375 0.6918482171875 0.14984275 0.7090230953125001 0.14764217968749999 0.7258932671875 0.146993428125 0.7424587328125 0.1477180375 0.7579380687499999 0.1496608578125 0.766918671875 0.1531554953125 0.77559456875 0.15736707656249999 0.783149934375 0.1606460359375 0.7875681515624999 0.16408014375 0.7973989765625 0.1662215953125 0.8067760234374999 0.16784473125 0.8176700421875 0.1703632671875 0.8282249531250001 0.1718917796875 0.8325514328124999 0.17471920624999998 0.828839271875 0.1803973625 0.8167837609375 0.184920965625 0.8058258453124999 0.1888859 0.7971548546875 0.1939246875 0.788926178125 0.1976475140625 0.784874909375 0.19942751875 0.7718430374999999 0.2055387515625 0.738964384375 0.20965430000000002 0.7148599250000001 0.21422450781250002 0.694639634375 0.21877454062499999 0.6748043203125 0.22306541562499999 0.6557274921875 0.22948695 0.6336740546875 0.23779703125 0.6132637296875 0.243077928125 0.60041533125 0.24103422812500003 0.5933596125 0.2341597546875 0.582190384375 0.22720145 0.576807271875 0.2166615484375 0.5727805921875 0.2110331265625 0.571327515625 0.205919890625 0.5726036796875 0.20251362031250003 0.5789877437500001
0 0.3416862921875 0.623726778125 0.3428812 0.6218592296875001 0.3444531921875 0.6211695453125 0.3469205828125 0.6201407546875 0.34920951875 0.6183305421874999 0.348573278125 0.617911165625 0.346425571875 0.6170265390624999 0.344038884375 0.616515425 0.34187100312499996 0.616015778125 0.33858891562500004 0.6158437703125 0.3356839140625 0.6168496265625001 0.33323669843750003 0.6174934421875 0.3310082890625 0.618148725 0.33295423749999997 0.6228831171875 0.334405175 0.62450329375 0.3370106671875 0.6250258750000001 0.3387812890625 0.6247326359375001 0.3416862921875 0.623726778125
3 0.21371694843750003 0.1684486140625 0.204216803125 0.15714177812500002 0.20036213125 0.151149253125 0.1948547625 0.1473863171875 0.189923109375 0.14519769062500001 0.18007685 0.14468166875 0.1743273734375 0.14553845468749999 0.1713152359375 0.15696161718749999 0.1705082046875 0.17236068437500002 0.1665105828125 0.19840149375 0.165084359375 0.21724241875 0.16515255 0.232687353125 0.1631568671875 0.2414615484375 0.16453789531250002 0.25697528593749996 0.164706965625 0.2704953390625 0.1642878125 0.2994259265625 0.165400296875 0.3284367828125 0.166293978125 0.3574361734375 0.170046053125 0.39469208125 0.17549743125 0.4204560234375 0.179601878125 0.43842869531249995 0.1819388328125 0.45244839531250003 0.1825827390625 0.469467640625 0.1863567078125 0.47700007187500004 0.19277965 0.48003892343750004 0.2003975015625 0.481210225 0.21120594375 0.47173978749999995 0.22191350625 0.46419423125000003 0.2269321171875 0.4563505296875 0.228800490625 0.45837861718750006 0.2361125765625 0.46957078125 0.24809715781250002 0.4837100578125 0.2555132515625 0.4887311296875 0.2633732109375 0.48528271093750003 0.267853334375 0.479340959375 0.2725755640625 0.4687794875 0.274530896875 0.46077524687500004 0.2626005859375 0.4539734609375 0.25399584062499997 0.44232751718749996 0.2452933453125 0.42836024687499996 0.2409064375 0.4157772484375 0.23860983593750001 0.40098759531250006 0.23802645625 0.3828134203125 0.2389002703125 0.35776700156249996 0.2409255125 0.3358691984375 0.24621266562500002 0.314528378125 0.25080304999999997 0.29392311250000003 0.25274446093749997 0.27781142812500004 0.25406980625000003 0.2608953859375 0.2573209234375 0.2490987140625 0.256212975 0.24093393437500002 0.251644484375 0.2318157265625 0.24192553593750002 0.22049742499999997 0.23131431562500002 0.20527202031249997 0.2251738328125 0.1968434953125 0.2191373578125 0.18224387656250002 0.21371694843750003 0.1684486140625
3 0.1631568671875 0.2414615484375 0.16027516875 0.2378362171875 0.156465384375 0.25191981406249997 0.149753725 0.262763059375 0.1419278625 0.2739339453125 0.136303975 0.293326946875 0.133426815625 0.31054769531250004 0.13253908125 0.32748666875 0.1320593984375 0.3575721859375 0.1351411375 0.386686246875 0.1376718734375 0.4346871 0.14190816875 0.46270356718750005 0.1478514296875 0.4958279359375 0.1513631140625 0.5083650640624999 0.16055295625 0.508846684375 0.170836828125 0.5093856390625 0.1786905328125 0.51442964375 0.1883086015625 0.5276728296875 0.20085810781250002 0.5310327578125 0.2108052453125 0.5296238953125 0.227653290625 0.5305068640624999 0.23406231093750002 0.5254382703125 0.2467655578125 0.5091185203124999 0.251985928125 0.497425053125 0.2555132515625 0.4887311296875 0.24809715781250002 0.4837100578125 0.2361125765625 0.46957078125 0.228800490625 0.45837861718750006 0.2269321171875 0.4563505296875 0.22191350625 0.46419423125000003 0.21120594375 0.47173978749999995 0.2003975015625 0.481210225 0.19277965 0.48003892343750004 0.1863567078125 0.47700007187500004 0.1825827390625 0.469467640625 0.1819388328125 0.45244839531250003 0.179601878125 0.43842869531249995 0.17549743125 0.4204560234375 0.170046053125 0.39469208125 0.166293978125 0.3574361734375 0.165400296875 0.3284367828125 0.1642878125 0.2994259265625 0.164706965625 0.2704953390625 0.16453789531250002 0.25697528593749996 0.1631568671875 0.2414615484375
3 0.7949837921875 0.33479550625 0.794678028125 0.34481636718750003 0.7942279046875 0.361778275 0.794586221875 0.3884334046875 0.79164540625 0.4110552921875 0.7882499296875001 0.4297930109375 0.7806908875 0.45680527812499994 0.7685167500000001 0.4839617109375 0.7571232109375 0.5045964734374999 0.760493665625 0.5198284390625 0.7652840890625 0.5247119031249999 0.7728041890624999 0.5235618796875 0.7807448499999999 0.5185735546875 0.7846197 0.524181103125 0.7883905421875 0.5359597468749999 0.79666168125 0.5414116625000001 0.8040405515625 0.542956475 0.8100321390625 0.53747996875 0.816801196875 0.5297280046874999 0.8206078531250001 0.5198906187500001 0.8248956 0.5050600015625 0.8308763953125 0.48722984062499997 0.83624425 0.46434911406249996 0.8388622546875 0.447886853125 0.8414632109375001 0.42756335781250004 0.844861815625 0.40457942812500003 0.8468296578125001 0.37959034687500004 0.8480976046875 0.359583025 0.8477841749999999 0.35300401875 0.8495502609375001 0.331864703125 0.850003509375 0.31065658281249997 0.8505715593750001 0.295631025 0.8495303921874999 0.27781889375 0.8482471171875 0.2646264828125 0.8458868609374999 0.25523796875000004 0.8458527640625 0.2475155015625 0.847016703125 0.2336792734375 0.8475009218749999 0.2244398328125 0.8377430296874999 0.238983771875 0.827328721875 0.253493309375 0.814110290625 0.267083821875 0.806105971875 0.2774732875 0.798377859375 0.29096549843749997 0.797106784375 0.31521902968750004 0.7949837921875 0.33479550625
1 0.4943257609375 0.6417631578125 0.4954538859375 0.6495429625 0.4963430296875 0.6576962765625 0.497263140625 0.6778182687500001 0.5001991125 0.6887810890625 0.5010882546875 0.696934403125 0.50322970625 0.7063114484375 0.5073063125 0.70806923125 0.509218165625 0.7050811546875 0.5105977828125 0.69550260625 0.5116406671875 0.6839762390625 0.5148670734375 0.6517184671875 0.5133246406249999 0.6392845406250001 0.51414871875 0.6277467078125001 0.5140944468749999 0.620409215625 0.5123099046874999 0.6125950109375 0.5087516125 0.60932025625 0.5018677546875 0.6108896609375 0.5006898953125 0.6166184421875001 0.4983000796875 0.6203535375 0.496048365625 0.6256400078125 0.494311840625 0.6336557140625 0.4943257609375 0.6417631578125
0 0.3446380390625 0.316212328125 0.3442004265625 0.3161893953125 0.343183971875 0.3188383625 0.34310326875 0.32037826875 0.3432010203125 0.322699596875 0.3430194390625 0.32616438593749997 0.34333599531250003 0.32849718125 0.3437534328125 0.328905090625 0.3440498125 0.3316228625 0.3441475640625 0.33394419062499997 0.34424531406250003 0.33626551718750003 0.34442376874999997 0.3370469390625 0.3449219078125 0.3359149421875 0.3450227875 0.3339900578125 0.3449452109375 0.3312837546875 0.3455442296875 0.32822687500000003 0.3451097453125 0.32395773125 0.34544960625 0.3216593390625 0.3458096421875 0.3189759671875 0.34614950312500004 0.316677575 0.3455132609375 0.316258196875 0.3451935765625 0.3181716140625 0.3444161046875 0.320447071875 0.344136771875 0.32159053593750003 0.34399866874999996 0.3200391609375 0.344516984375 0.31852218906249996 0.3446380390625 0.316212328125
1 0.3855104453125 0.189418984375 0.3813872328125 0.196923578125 0.37972828125 0.20764558906250002 0.3717813625 0.22112633593750003 0.369943959375 0.2310669265625 0.37102235 0.252355315625 0.3736821140625 0.26021538906249997 0.37329877499999997 0.267529946875 0.37498556562499996 0.273022825 0.37743278125 0.272379009375 0.38644416875 0.2720792078125 0.3971827 0.27650233125 0.40217488125 0.277536028125 0.4094326953125 0.2813907 0.415956515625 0.28250466875 0.421386309375 0.2835613 0.4202644390625 0.2672890734375 0.4200379703125 0.250677740625 0.4167916984375 0.22888970468749997 0.413875903125 0.21754190625 0.41122239374999997 0.2011894109375 0.409175565625 0.198379903125 0.4038466515625 0.1953983875 0.397982375 0.1900726109375 0.39100389375 0.1850744765625 0.3855104453125 0.189418984375
0 0.3416276203125 0.2982969921875 0.3414863890625 0.3009918296875 0.3415639640625 0.3036981328125 0.341900696875 0.30564595 0.34454654218749997 0.3053985796875 0.34504468125 0.3042665828125 0.34552264374999997 0.303519565625 0.34558317031249997 0.302364634375 0.34590285625 0.30045121875 0.34598355937499997 0.2989113109375 0.34536749375000003 0.29810695625 0.344552796875 0.29690615781249996 0.3442160640625 0.294958340625 0.34431694375 0.29303345625 0.34421919375 0.29071212968750004 0.343862284375 0.2891492890625 0.34326639375 0.28795995625000004 0.34269068125 0.28638565 0.34227324375 0.2859777375 0.341933384375 0.28827613125 0.342249940625 0.290608925 0.3421490625 0.292533809375 0.3413715890625 0.2948092671875 0.340853275 0.296326240625 0.340991378125 0.2978776140625 0.3416276203125 0.2982969921875