3 0.4856612375 0.31983432343749996 0.48058414687499995 0.324658396875 0.4760832921875 0.3321923578125 0.4757431078125 0.3411542421875 0.47773390937500004 0.35579726875 0.48097604218749995 0.3689777015625 0.48494005625 0.381420109375 0.4896737953125 0.39380869218750003 0.4935410671875 0.407632959375 0.49793673125 0.4234829109375 0.5029856796875001 0.42931776875 0.50926309375 0.43059767187500003 0.5178268140625 0.42862374687499993 0.522784296875 0.42208917343749996 0.5274547140625 0.41144939843749995 0.5326306625 0.3997429546875 0.5356888078125001 0.3909347828125 0.5381457390625 0.38182488124999997 0.5399047078125 0.3737951046875 0.5406287015625 0.367556565625 0.5398382203125001 0.35901751718749997 0.536281934375 0.34964055625 0.5343358109375 0.3439325015625 0.5293586296874999 0.3391239453125 0.5234192906249999 0.3343826703125 0.51305403125 0.3299508859375 0.5043488890625001 0.324371696875 0.49826496249999996 0.3203280765625 0.4911221375 0.3177335953125 0.4856612375 0.31983432343749996
3 0.3094275453125 0.49579370312500004 0.30557575 0.5043135984375 0.30246765 0.5179380828125 0.3009457875 0.5348893765625 0.3018527109375 0.553389696875 0.3056232390625 0.5685958171875 0.3096621859375 0.5738137546875001 0.31839230625 0.5769847875 0.329768621875 0.579283234375 0.33924560000000004 0.579308084375 0.3454762265625 0.57715353125 0.34951833906249996 0.5741206984375 0.3537050390625 0.5703902046875 0.3584461671875 0.5635269875 0.362633925 0.5570462375 0.365498584375 0.55100178125 0.36790661562500004 0.5439579375 0.3692328796875 0.535270871875 0.3690675359375 0.52737565625 0.36861301874999997 0.520875753125 0.36811065625 0.5136916499999999 0.366429784375 0.5062461828125 0.361501503125 0.4993715703125 0.3541433796875 0.4936981875 0.347241884375 0.48902419375 0.3385596078125 0.4865373609375 0.32987627656249996 0.486800784375 0.31989376875 0.487842603125 0.3147209890625 0.4912982765625 0.3094275453125 0.49579370312500004
3 0.37340059062500003 0.39300121093749996 0.3759458203125 0.4045115109375 0.38315513437500004 0.42188358125000003 0.38767463125 0.42844300625000004 0.3933736953125 0.4325135359375 0.4041955828125 0.43794470781249994 0.4105458171875 0.43750065625 0.4140834578125 0.43278423281249995 0.416709953125 0.42056851718750005 0.41791660625000004 0.410170953125 0.41739137968750006 0.3998944921875 0.417634821875 0.3923144625 0.4145362203125 0.38118663124999996 0.4102123203125 0.3663629796875 0.404683878125 0.3564363765625 0.39446214999999996 0.35405719375 0.3851037265625 0.3584931 0.379448284375 0.36610779843749996 0.37424735937500003 0.3802224015625 0.37340059062500003 0.39300121093749996
3 0.5393481687499999 0.382428346875 0.53696195 0.3953148046875 0.536908828125 0.40838189218750004 0.5389474734374999 0.4237091171875 0.5415644687500001 0.43624571718749994 0.5470450671875 0.44548812031249996 0.552816953125 0.44783469374999996 0.5577484 0.44645853593749996 0.5652064343750001 0.4424992890625 0.5685516453125 0.43779632187499995 0.5728350890625 0.43268397187499996 0.575315940625 0.4239161703125 0.576280209375 0.418348375 0.57808596875 0.41375305625000003 0.5793622765625 0.40988230468750003 0.5802547796875 0.403288209375 0.5769876671875 0.392515934375 0.57271055625 0.3811267390625 0.56744525625 0.3749632390625 0.556984309375 0.3691630546875 0.5504426984374999 0.36687030468750004 0.543754390625 0.370775725 0.5393481687499999 0.382428346875
3 0.34410001874999996 0.4026131125 0.3397666171875 0.41254177500000005 0.3363464765625 0.42446921406250004 0.3336232375 0.43806678750000005 0.3314783484375 0.4488737328125 0.3296933453125 0.462061925 0.33377802343749996 0.4734645765625 0.33844105468749996 0.4820766015625 0.34861388125000004 0.48652184218750005 0.35679063125 0.49007534374999995 0.3679256140625 0.49445330312499997 0.3753815375 0.49599457343750003 0.38146757343750004 0.49453767656250003 0.38798948437499997 0.485487296875 0.3889319421875 0.4740768875 0.387710865625 0.4593800359375 0.386825753125 0.44672233125 0.38593958281249996 0.43681488125 0.3835389421875 0.4246069265625 0.3775788484375 0.411272778125 0.3730136171875 0.39852863906249997 0.3696954953125 0.3953229359375 0.3656554953125 0.39285525625 0.356347025 0.39247484843749997 0.34973153749999997 0.3946563125 0.34410001874999996 0.4026131125
3 0.6292649578125 0.49302355000000003 0.6233942203125 0.49755934843749994 0.61579054375 0.5049665078125 0.6062646640625 0.5070077140625 0.5989512171875 0.5102693046875 0.594834171875 0.5205266109375 0.593552584375 0.5381486484375 0.5953499 0.5555553890625 0.6015252906249999 0.5719684375 0.6081376125 0.57803774375 0.616143740625 0.587447315625 0.6253793875 0.5895516796875 0.6354586390625 0.5871280046875 0.6460444734374999 0.58088740625 0.6550419578125 0.576820509375 0.661009440625 0.57090285625 0.6656559375 0.55992098125 0.6634966265625 0.5456335109375 0.6611937828125 0.5292934390624999 0.6558838046875 0.5141949671875 0.65146105 0.5062536859375 0.64571625625 0.4959984390625 0.6369382906250001 0.4921432078125 0.6292649578125 0.49302355000000003
3 0.6460877390624999 0.656170653125 0.655419075 0.65964341875 0.6620824062499999 0.6581461546875 0.668769659375 0.6569909890625001 0.6770702390625 0.6512539625 0.6860927015625 0.6447789109375 0.6907859859375 0.6372314921875 0.691944796875 0.6261497265625 0.69069874375 0.6138610328125 0.688153515625 0.6023507328125 0.6820249109375001 0.5893721421875 0.6785882359375 0.5817056796875 0.6725074765625 0.5694112890625 0.6649308890625 0.568909778125 0.6602136828125 0.57611509375 0.6503018843749999 0.5809334703125 0.6464043578124999 0.58326865 0.6371177 0.5887308578125 0.6303804921875 0.5947023359375 0.62250945 0.6093474234375 0.624162178125 0.62745181875 0.630170115625 0.6414701671875 0.6381044765625 0.6498534390625 0.6460877390624999 0.656170653125
3 0.572538525 0.4533310859375 0.570897053125 0.468571878125 0.5717104015625 0.4802032828125 0.5749775109375 0.490975559375 0.5814681109375 0.5008348812500001 0.5895970140625 0.50370418125 0.5990739953124999 0.5037290328124999 0.6090804234375 0.503029315625 0.6180539859375 0.49862032031250003 0.6258740171875 0.4915418046875 0.6284526671874999 0.4786418875 0.628001315625 0.4638912140625 0.6255299640625 0.4479066984375 0.62151810625 0.434780090625 0.6149567953124999 0.42114421249999995 0.6073605093750001 0.40929956875 0.60216591875 0.406912628125 0.5921594890625 0.407612346875 0.5841480828125001 0.4119540609375 0.5768314703125 0.4234664203125 0.5744681171875 0.43944523750000003 0.572538525 0.4533310859375
0 0.56047375 0.42736044843750004 0.5615555171875 0.42900366874999996 0.5620849671875 0.42827909843749995 0.5623741421874999 0.4268837859375 0.5623023765624999 0.4258574859375 0.5620860234375 0.4255288421875 0.5611249218750001 0.422845865625 0.5599713890625 0.42017634531250003 0.558745034375 0.4192307796875 0.5582873515625 0.42098165 0.5587918234375 0.42266523906250003 0.559344140625 0.425033028125 0.56047375 0.42736044843750004
3 0.6669582671875001 0.738935615625 0.677804078125 0.7447088875000001 0.688362821875 0.746376959375 0.697867946875 0.73574288125 0.706484790625 0.72070186875 0.7109409671875 0.704232934375 0.7117638140625 0.6911120234375 0.7059025734375 0.6708955046875 0.7005697296875 0.6527046750000001 0.693573603125 0.6439120218750001 0.6861166234375 0.6451210109375001 0.6770941625 0.6515960625 0.6687935828125 0.657333090625 0.6619367640625 0.6615940671875 0.651447671875 0.6664528125 0.6452867046875 0.6751341796875 0.6388105265624999 0.690369275 0.6357034796875001 0.7012435015625 0.6411580453125 0.7156443171875 0.6536129625 0.72783675625 0.6669582671875001 0.738935615625
3 0.4236473375 0.3317337625 0.4185224015625 0.335873634375 0.41354099843750003 0.34206610937500004 0.4111808109375 0.34979415468749997 0.41194631406250004 0.360741359375 0.4136739734375 0.3716212828125 0.4176608546875 0.3871560484375 0.42316432031250006 0.3994908078125 0.429919115625 0.41036297343749994 0.437900265625 0.4221807046875 0.44436905624999995 0.426197409375 0.45209022968749996 0.42600126562499996 0.456903125 0.42016434843750006 0.46027436718750003 0.41030296406250005 0.4628280421875 0.39981120625 0.46728210625 0.3888427859375 0.47135130937499997 0.3779012796875 0.47404956875000004 0.3667118640625 0.47539870000000006 0.3611171578125 0.47547574375 0.348392171875 0.4744460421875 0.336432121875 0.47158560625 0.3314755484375 0.46819571875 0.32724354375 0.462617321875 0.3221332578125 0.45626814375 0.3198270515625 0.45172155781249995 0.3211762984375 0.4453702671875 0.3243706078125 0.4355791359375 0.3281492265625 0.42874729531250005 0.330002046875 0.4236473375 0.3317337625
3 0.2993426609375 0.575566684375 0.294913571875 0.584126946875 0.2906748046875 0.5981742671875 0.2884799609375 0.6137975296875 0.2863340171875 0.6273547328125 0.28524802656250003 0.6367125421875001 0.29135481875 0.6438485171874999 0.297918240625 0.6519838828125 0.303377028125 0.65538366875 0.3110493046875 0.65725358125 0.3176866015625 0.6609147328125 0.3227855046875 0.661933275 0.3304109921875 0.6603687296875 0.335343496875 0.6562423125 0.3393856109375 0.653209478125 0.3435244671875 0.6487947843749999 0.34723061875 0.6437228046875 0.34886892187499996 0.636732784375 0.348872090625 0.6284820125 0.348466471875 0.6199160531250001 0.346810578125 0.610062428125 0.3454178265625 0.60397190625 0.3404177765625 0.5960709921875 0.3343848625 0.5844608015625 0.329768621875 0.579283234375 0.31839230625 0.5769847875 0.3096621859375 0.5738137546875001 0.30413057656250003 0.5721379234375 0.2993426609375 0.575566684375
0 0.30288275468750003 0.6897955265625 0.30509624375 0.688265653125 0.30832184375 0.6818521843750001 0.3095752859375 0.6748890765625 0.31407297343749996 0.6756058859375 0.3167680671875 0.6726672421875 0.314054328125 0.6615124984375 0.30698326875 0.6599443171875 0.2997208328125 0.6556393359375 0.2927943609375 0.6533734984375 0.2843731140625 0.66015028125 0.280066803125 0.6621702734375 0.27424285312499996 0.6701405281249999 0.271011975 0.690305284375 0.2725732375 0.69604025 0.2779810140625 0.7070066078125 0.2818556734375 0.701579071875 0.2844800578125 0.6948638703125 0.2915542859375 0.6881812796875 0.2972065578125 0.6888173531249999 0.30288275468750003 0.6897955265625
3 0.27339925 0.6746685671875 0.271759890625 0.6844088453125 0.27009660625 0.6938070234375 0.2690116734375 0.700414575 0.2679506625 0.707364225 0.2679974515625 0.710798684375 0.270064240625 0.71546698125 0.27270726875 0.7228451671875 0.2766484171875 0.7321952171875 0.279652384375 0.739204390625 0.282175803125 0.7448720765625 0.2841229828125 0.7478298734375 0.2906385609375 0.7552810375 0.29864468906249997 0.764690609375 0.3051373984375 0.769049415625 0.30869790625000004 0.7674253484375 0.31567538906250003 0.762124615625 0.320583971875 0.7576560984375 0.3236649859375 0.7519402859375 0.32323544375 0.743032225 0.32189159218749996 0.7348756453124999 0.32100331249999997 0.7304687125 0.317493815625 0.7245262078125 0.31355055625 0.720676671875 0.3117490203125 0.7142709625 0.30884179375 0.7058799312499999 0.30756970781250004 0.6987496531249999 0.309952759375 0.6941139640625 0.3080316125 0.685997753125 0.307671728125 0.6836165078125 0.308827371875 0.6807855140625 0.309743796875 0.67453351875 0.3144817578125 0.6759210734375001 0.31696049843749996 0.6726537859375 0.31403040625 0.6611703984374999 0.30775299375 0.6598904921875001 0.301067853125 0.6555451421875 0.2931313796875 0.6526623859375 0.28379793124999997 0.6546901359375 0.2794905640625 0.659460384375 0.274627715625 0.6701136156249999 0.27339925 0.6746685671875
1 0.555596478125 0.4129192625 0.5545375781249999 0.4143684 0.5549442515624999 0.420184103125 0.5567936328124999 0.42727401406250004 0.5591246203125 0.43295515625 0.56150450625 0.43657024062499994 0.5644627421874999 0.4373946984375 0.5691778375000001 0.4356898953125 0.5728350890625 0.43268397187499996 0.574955 0.42428518281249994 0.576400875 0.41730861875 0.5793144328125 0.40919810468750006 0.57902736875 0.405092903125 0.57652365 0.410768346875 0.5721205968749999 0.4141701953125 0.5668282062500001 0.4159153671875 0.563532953125 0.4158020203125 0.55944510625 0.412650140625 0.555596478125 0.4129192625
0 0.3106053421875 0.62325110625 0.3106063984375 0.6205008484375 0.311641375 0.6187096125 0.3129405515625 0.6179312171875 0.314047296875 0.6171662812500001 0.3141201171875 0.615442325 0.3134949796875 0.6147984921874999 0.3123643125 0.615221328125 0.311041215625 0.615657621875 0.310559609375 0.617066390625 0.3095963984375 0.6198839296875 0.3095235765625 0.621607884375 0.3094746765625 0.6236739421874999 0.3102444015625 0.62362011875 0.3106053421875 0.62325110625