3 0.33006013749999996 0.5448825734375 0.330819459375 0.54276109375 0.3327580046875 0.545369215625 0.334818859375 0.5464011125 0.3364241203125 0.5487058984375001 0.3389701234375 0.5496168359375 0.341305153125 0.5486482171875 0.3424273140625 0.5479819984375001 0.34321619062500003 0.5470124453125 0.344580925 0.5462857484375 0.345308646875 0.54610430625 0.347763940625 0.546651428125 0.3495231125 0.545439953125 0.3510101578125 0.5431370328125 0.3523769390625 0.5393183703125 0.35562315624999996 0.535803975 0.3595970953125 0.5321081375000001 0.361022984375 0.5305933281249999 0.3615692875 0.52968425625 0.36315113593750004 0.5215612203125 0.36512742187499997 0.512953409375 0.3659203921875 0.5057999265625 0.36832067031250004 0.497859265625 0.3652049515625 0.4874295796875 0.3630279265625 0.47869800937500007 0.3629708640625 0.473302190625 0.3627303375 0.47027070625 0.3574844203125 0.4719650921875 0.35296622499999997 0.4734780359375 0.348386875 0.47577909218750003 0.344292671875 0.47795918750000005 0.3399854484375 0.48135168906250003 0.3359208 0.48468371093749996 0.3310968296875 0.4901372109375 0.326667296875 0.4951059375 0.320358328125 0.49977039375 0.313169771875 0.5050405890625 0.3091071703125 0.5052806453125 0.3096218734375 0.5063116109375 0.309408853125 0.5075240187500001 0.31464453593749997 0.52128945625 0.31842886875 0.5292338484375 0.32315394375 0.535784390625 0.3273643171875 0.5413039671875 0.328788159375 0.542881121875 0.33006013749999996 0.5448825734375
3 0.5723189578125 0.5482419140625 0.578288503125 0.5525500171875 0.5849837234375 0.5597686421875 0.59195311875 0.5649867484375 0.5993189984375 0.566628115625 0.61423831875 0.5613625828125001 0.6207898625 0.5566376453124999 0.6188554109375 0.5478455953125 0.6195006109375 0.5349324796875 0.6189624953124999 0.52347369375 0.6155155390625 0.5096487062499999 0.6095521328125 0.49606470937499997 0.605282653125 0.48824127968750003 0.600101984375 0.4829636234375 0.5943729656250001 0.48168700624999994 0.58530906875 0.48046900312499996 0.580489190625 0.479738575 0.5715751109375 0.481188240625 0.5633571515625 0.48439650468749995 0.5552594546875 0.489120509375 0.5539538296875001 0.4921510609375 0.5553103765625 0.5037922218750001 0.5593393296875 0.5085841671875 0.561760975 0.5141632921875 0.5658449437499999 0.5274430203125 0.568899509375 0.5386608203125001 0.5723189578125 0.5482419140625
3 0.6415034484375 0.5456766921875 0.6511411578125 0.5502295140625 0.65847953125 0.5476269874999999 0.666545625 0.5448430203125 0.6711565765625 0.5406019265625 0.6723714937499999 0.537207559375 0.6703463328125 0.5280516937499999 0.6676230046875 0.520229196875 0.6665049390625 0.514711484375 0.663750009375 0.5088290234375 0.6592084 0.499914146875 0.6523338078124999 0.48887592656249995 0.6483364546875 0.48214394218749995 0.642702240625 0.475047209375 0.637340153125 0.46904192499999997 0.6329147140625 0.46782671875000004 0.6280652828125 0.46594436406249995 0.6229416750000001 0.46606252656249997 0.620364071875 0.46709162812500005 0.617453184375 0.46781739375000003 0.61323871875 0.46848174687500005 0.6107181765624999 0.474906665625 0.6100159140625 0.48242396249999997 0.6095562265625001 0.48988077968750005 0.6094318703125 0.4945489671875 0.6160913953125 0.5098915609375 0.6192978250000001 0.5206850609375 0.6230821578125 0.5286294546875 0.629233121875 0.5336651875 0.6415034484375 0.5456766921875
3 0.484932334375 0.523271596875 0.481715671875 0.52793791875 0.4806842203125 0.5289679515625 0.47410721718750004 0.5263570328125 0.4718037875 0.5253856156250001 0.46865032656250005 0.5261718625 0.46725399218749997 0.5288385984375 0.46622049375 0.5329605953125001 0.46521859687499995 0.5351425562500001 0.46403528125 0.536596884375 0.4613985703125 0.5353221328125 0.45657869218749997 0.534591703125 0.44930147343750004 0.5364061171875 0.446114365625 0.5422243671875 0.446380353125 0.5525917078125 0.449464471875 0.5649614328125 0.453761459375 0.5770287546875 0.45851608906249997 0.5847312234375 0.46281921718749996 0.5875226515625 0.47879954218750004 0.5823790140625 0.497051696875 0.58014683125 0.5077545031249999 0.5786376171875001 0.5131818390625 0.5776708625 0.513063621875 0.5730631546875 0.509314984375 0.556994796875 0.5057477640625 0.5416540671875001 0.5034800296874999 0.53255868125 0.501602640625 0.5291624500000001 0.4976348421875 0.5235823921875 0.49272630156249997 0.519396184375 0.4889062734375 0.519575759375 0.48702479062500004 0.5223634578125 0.484932334375 0.523271596875
3 0.3269300890625 0.5560966406250001 0.324681675 0.56361300625 0.3216148296875 0.570946996875 0.31866824843749997 0.5797967296875 0.316995690625 0.5875559499999999 0.3135344078125 0.5953747171875 0.3128046390625 0.598648125 0.3156523234375 0.6018024343749999 0.32241279375 0.60204901875 0.33275071562499997 0.6021765078125 0.343877515625 0.6013344453125 0.3516694359375 0.600550996875 0.35806706718750003 0.59934231875 0.359674375 0.598555140625 0.358771375 0.5887330562499999 0.3581721046875 0.5780623796875 0.3577562984375 0.5650273703125 0.3538180546875 0.560599240625 0.3468782140625 0.556533059375 0.34166594375 0.5531954421874999 0.33554248750000004 0.5524036015625 0.32917645625 0.5516722406250001 0.3269300890625 0.5560966406250001
3 0.5330097 0.5765915390624999 0.5504729765625 0.575328909375 0.5684846015625 0.57006524375 0.571157009375 0.5632160296875 0.5713191078125 0.547331909375 0.5659652078125 0.5289587625000001 0.561670265625 0.5137994765625 0.556643509375 0.5050055609374999 0.554006796875 0.5037308078125 0.550338634375 0.5034860890624999 0.5484887515625 0.5043337484375 0.544698278125 0.5056652515625 0.5415427703125 0.5095434625 0.5404817656249999 0.50942156875 0.5352399421875 0.504932025 0.53129965 0.5035958593750001 0.527842459375 0.505230696875 0.5250202359375 0.5094122421875 0.522349875 0.5131694921875 0.5202594656249999 0.5109856671874999 0.51713760625 0.5098318749999999 0.515772871875 0.5105585734375 0.513954590625 0.5094661953124999 0.512286128125 0.511041484375 0.5058864484375001 0.5153421265625 0.5040936281249999 0.5215856046875 0.50363189375 0.5321343859375001 0.5041149953125 0.5351053890624999 0.5071084046875 0.5471112984375 0.5145761281250001 0.578096090625 0.5172739953125001 0.5785827328125001 0.5330097 0.5765915390624999
3 0.6554445359375001 0.4610501078125 0.6596569546875 0.4634777203125 0.6642954140625 0.46348051874999996 0.6678708203125 0.4664533875 0.6714187203125 0.4651823640625 0.6728150562499999 0.46251562812499997 0.6777256421875 0.46360987187499997 0.681060521875 0.46355125781249995 0.6817311828125 0.457973996875 0.6818596328125001 0.44712188125 0.6822031515625 0.4319653921875 0.681814853125 0.42317427343749997 0.67954711875 0.4140788890625 0.6772477828125 0.40692354062499997 0.6762499796875 0.4029215703125 0.6753112859375 0.4012234546875 0.6630348171875 0.39848784375 0.6497269 0.3967822671875 0.6455735890625001 0.396658509375 0.633187990625 0.42138676718749996 0.634033928125 0.42581303281249994 0.6379701265625 0.433333128125 0.6425117359375 0.44224800468750003 0.6483569234375001 0.45122429531249997 0.6544151312500001 0.4589881765625 0.6554445359375001 0.4610501078125
1 0.60238519375 0.42288385625 0.6069645453125 0.42058280156250005 0.608664609375 0.4170674734375 0.6122379703124999 0.42313230781250005 0.61605595 0.426044696875 0.6182666234374999 0.42974426406250005 0.6203254312500001 0.43386812656249996 0.6199880546875 0.439748721875 0.621774734375 0.4427811390625 0.6239303921875 0.4379929234375 0.6257823218749999 0.43405329843749996 0.6271175015625 0.4321746734375 0.6317855140625 0.43332939843749996 0.6342999171875 0.4361803734375 0.636179353125 0.436484640625 0.636455575 0.4313921578125 0.636183446875 0.4303007109375 0.6332470984375 0.42369062187499995 0.631192384375 0.41338282656249997 0.6257079859375 0.4089537640625 0.6219848078125 0.40022126093750005 0.6149247046874999 0.3946393390625 0.6060106234375 0.39608900468749997 0.5925171921875 0.3998397265625 0.59172626875 0.40390124531250005 0.5894187468750001 0.40911375625 0.5930532625 0.41439047812499996 0.5959325484375 0.4156047515625 0.6008706421875 0.42094288593750007 0.60238519375 0.42288385625
1 0.6613163328125 0.42983085625 0.6684732859375 0.42650069999999995 0.6738415140625 0.42323009218749996 0.67445101875 0.41844094375 0.6758707687500001 0.42620202812499997 0.6756536546875 0.43359836406249996 0.67707954375 0.43208355468750004 0.67653938125 0.42371673281250005 0.6753010515625 0.4166832796875 0.675090078125 0.414803721875 0.6770622703125 0.412379840625 0.6811482859375 0.4225676046875 0.676460953125 0.4048011296875 0.6753112859375 0.4012234546875 0.67464471875 0.40061678437500003 0.6648235453125 0.39842829687500003 0.6555170718750001 0.3972707734375 0.6480900375 0.3964175203125 0.644907021875 0.39605183906249997 0.641142009375 0.4047191984375 0.636771584375 0.41199177656249997 0.6337047390625 0.41932576875 0.6327935515625 0.42187154375 0.63394321875 0.42544921718750006 0.6372128499999999 0.43236264375 0.6435177265625 0.433882115625 0.64921514375 0.437098771875 0.6508244984375 0.433219628125 0.654916653125 0.4341314984375 0.65818833125 0.437952959375 0.6613163328125 0.42983085625
3 0.4192702828125 0.5172299406249999 0.4095041234375 0.5235292359375 0.4032858640625 0.5285575078125 0.4020689 0.535043840625 0.40188134062499997 0.5435921031250001 0.402208484375 0.5531713328125 0.4042020421875 0.5642672359375001 0.40755829062500004 0.5777284078125 0.41597494218750003 0.5949514921875 0.42197813437500004 0.594227590625 0.42746457812500005 0.5955646890625 0.43571209218750007 0.593508353125 0.4381989875 0.5921154375000001 0.43974514062500003 0.5921163703125 0.4408968546875 0.592602078125 0.44402076093750004 0.59066390625 0.452358984375 0.5889713859375 0.457756765625 0.586852703125 0.45800138749999997 0.5837002578125 0.45218575312500003 0.5758758953124999 0.44861648593750003 0.56362713125 0.4461377796875 0.5526521875 0.4454477984375 0.541617696875 0.4492107640625 0.536042303125 0.45342523124999995 0.53537795 0.45363825 0.5341655421875 0.45100972656250005 0.52052293125 0.4493158015625 0.5147623640625001 0.44425539687500004 0.5110004515625 0.4371616453125 0.5104505328125 0.4293992796875 0.5123859078125 0.4192702828125 0.5172299406249999
3 0.6151061234374999 0.3953669703125 0.6064346171875 0.39675615625 0.597944528125 0.39887297187500004 0.5919708906250001 0.4007488 0.5874526953125 0.40226174375 0.5848373484375 0.4145067765625 0.583498075 0.42256933124999996 0.5821608484375 0.4275399203125 0.5801275015625 0.430751915625 0.5816716078125 0.4338448125 0.5832432203125 0.44118160156249997 0.583270728125 0.44542549375 0.5846629703125 0.44894268593750003 0.5857535296874999 0.45021650625 0.58708256875 0.457613775 0.5897151875 0.46507245781249995 0.591987015625 0.4679839140625 0.59883819375 0.46859431406249996 0.607963246875 0.46902420468750006 0.6120258484375001 0.46878414843750005 0.6172106109375 0.46787787343750004 0.62667099375 0.46551913593750005 0.6321299312499999 0.46261234218749997 0.6347391359375 0.4596432046875 0.6371394140625 0.45170254375 0.638174959375 0.4444885796875 0.6382402078125 0.4375165390625 0.63703143125 0.43163501249999997 0.63394321875 0.42544921718750006 0.63309728125 0.42102295156249997 0.6314645125 0.4144742734375 0.6278891046874999 0.4115014046875 0.6259801140625 0.4100452109375 0.6224995109375 0.4012522265625 0.6194092515625 0.398158396875 0.6151061234374999 0.3953669703125
3 0.3827914359375 0.5290301609375 0.3801547234375 0.5277554078125 0.37754756562499997 0.5276325828124999 0.3743013484375 0.531146978125 0.370964421875 0.5342975578125 0.368477528125 0.5356904734375 0.3645035890625 0.5393863109375 0.3626221046875 0.5421740078124999 0.3601311171875 0.549750853125 0.35866953281249997 0.55938963125 0.357967271875 0.566906928125 0.3580834421875 0.5746066 0.3586236046875 0.582973421875 0.359043503125 0.589824503125 0.35973553125 0.5977670296875 0.3600372125 0.6000104015625001 0.36488664531250004 0.6018927578125 0.375891134375 0.6026269156249999 0.3858662203125 0.60129914375 0.3950228734375 0.599788996875 0.4055738171875 0.598704078125 0.41248819687499994 0.595434403125 0.4141882609375 0.5919190750000001 0.407406425 0.5781527046875 0.40347636875 0.5613567125000001 0.397572071875 0.5500765703125 0.3939691578125 0.542859809375 0.3914252015625 0.5388569078125001 0.3879721046875 0.534307815625 0.38530583749999997 0.5318811359375 0.3827914359375 0.5290301609375
0 0.6062113625000001 0.41342838593750003 0.6060299437500001 0.41270075625 0.6065150921875 0.4125797953125 0.608848075 0.4147031390625 0.609757215625 0.415249328125 0.611788515625 0.4151293 0.611244259375 0.4129464078125 0.6097908624999999 0.4102173265625 0.6077004546875 0.40803350156249996 0.6059728828125001 0.4073049375 0.6040934453125 0.40700067031250003 0.6014862875 0.40687784374999997 0.60027341875 0.407180246875 0.6005139453125 0.41021172968749997 0.6023322265625 0.41130410937499995 0.6030283468750001 0.41306270625 0.6026634625 0.414699409375 0.60220786875 0.415972296875 0.60193369375 0.41797281562500005 0.603085409375 0.41845852343749995 0.6054499921875001 0.41864183125 0.6059962953125 0.4177327578125 0.6067556187500001 0.4156112796875 0.6062113625000001 0.41342838593750003
0 0.65738218125 0.41921879687499997 0.6608393718750001 0.4175839578125 0.66678345625 0.4145562046875 0.6700296734375 0.411041809375 0.6729742078125 0.4052840390625 0.6737946859374999 0.40237444843750003 0.6645198156250001 0.3992768875 0.656698340625 0.398908409375 0.6515451796875 0.39787464687499996 0.6471492953125 0.39781136875 0.645721359375 0.40241814218750005 0.64590073125 0.4062377375 0.644261821875 0.4089649546875 0.6421398125 0.4087211671875 0.64041019375 0.41108456875000005 0.6379803609375 0.4178733046875 0.6385541703125 0.42120812343749997 0.6442536343749999 0.421332815625 0.6483141890625 0.4241847234375 0.6533175328125 0.4225508171875 0.65738218125 0.41921879687499997
0 0.634179653125 0.43466463125 0.6347555109374999 0.43490748593750006 0.6353018125000001 0.4339984140625 0.6355148328125 0.43278600625 0.635303859375 0.4309064484375 0.634941021875 0.42945118750000005 0.6344263203125 0.428420221875 0.6338504640625 0.42817736718750005 0.634546584375 0.4299359640625 0.6342724093750001 0.43193648281249997 0.6338484171875 0.43126933125000005 0.6335762890625001 0.4301778859375 0.6333041609375 0.4290864390625 0.6328801671875001 0.42841928906250004 0.6321228921875 0.427448803125 0.63163774375 0.4275697640625 0.6311230421875 0.4265387984375 0.630365765625 0.4255683140625 0.6299713265625 0.42605309062499996 0.6302434546875 0.4271445359375 0.6308488671875 0.42853931718749994 0.6311209953125 0.4296307640625 0.6314838328125 0.43108602500000004 0.6320892437500001 0.43248080624999996 0.632998384375 0.4330269953125 0.6333928234374999 0.43254221875 0.633635396875 0.43248173906250004 0.634179653125 0.43466463125
0 0.37763737656249996 0.4835569640625 0.3800651625 0.4798601953125 0.3809172421875 0.475010565625 0.3804045859375 0.47088763437500003 0.3812862203125 0.4671899328125 0.380075396875 0.4644003703125 0.37755894843750004 0.464641359375 0.3740110484375 0.46591238125 0.3702501296875 0.46839581093750005 0.36630779062499996 0.4701516109375 0.365755346875 0.4803365765625 0.3680546828125 0.48749192499999994 0.369541728125 0.4851890046875 0.37511888125000004 0.48688991875000004 0.3766354796875 0.485738925 0.37763737656249996 0.4835569640625
0 0.6244614687500001 0.41428816875 0.622702296875 0.41549964375000004 0.6215801359375 0.4161658609375 0.6240945375 0.4190168390625 0.6259423734375 0.42126114374999996 0.62673125 0.42029159062500004 0.626277703125 0.41847251406249997 0.6250057250000001 0.41647106093749997 0.6244614687500001 0.41428816875
0 0.593148065625 0.40857036406249997 0.59242034375 0.40875180625 0.59196475 0.41002469374999995 0.594812434375 0.4131790046875 0.5962974328125 0.4139680484375 0.5969048906250001 0.4122708640625 0.5953291828125 0.4111180046875 0.5943904890625 0.4094198890625 0.593148065625 0.40857036406249997
3 0.6877780078125 0.528729103125 0.69244806875 0.5267918625 0.7024252 0.522372125 0.7211370406250001 0.5126831265625 0.7156821984375 0.5094059890625 0.715291853125 0.5037068359375 0.7118703578125001 0.49721770468750004 0.7041477796875 0.48484518281250005 0.6976635328125 0.479506115625 0.6939342140625 0.48004950781250005 0.68960153125 0.47610615312500004 0.682781953125 0.47355571406249997 0.6749625265625 0.470095271875 0.6718702203125 0.47009340625 0.6666854578125 0.47099968125 0.661983796875 0.47487695937499996 0.6567042328125 0.48160334843749997 0.6527578 0.4895430765625 0.6615709375 0.50318941875 0.6670216875 0.5126504859375001 0.6729932796875 0.5138666234375 0.68178095625 0.520177109375 0.6877780078125 0.528729103125
3 0.3693184734375 0.5018612359375 0.37025716875 0.5035593515625 0.37234553125000003 0.5088351421875 0.3754041890625 0.513869009375 0.378918440625 0.5176299890625 0.3826457125 0.5201785625 0.38849499375 0.5229709234375 0.395344125 0.5266732875 0.398164303125 0.5255837062500001 0.40316764687499995 0.5239498015625 0.40780815156249994 0.520860634375 0.41062832968749996 0.519771053125 0.41711871718750004 0.5158342265625 0.4216369125 0.5143212828125 0.42424611875 0.51135214375 0.4274311796875 0.508625859375 0.427646246875 0.5043214875 0.42761873906250003 0.500077596875 0.426924665625 0.49522703437500004 0.4248974578125 0.48916313437500003 0.42153916406249997 0.478793928125 0.4164237453125 0.46654423125 0.41669792031249997 0.4645437125 0.41445564687500003 0.4627841828125 0.411456096875 0.46005416875 0.4093361328125 0.45671841718749995 0.40579027968750003 0.454897475 0.399240784375 0.4565304484375 0.39235800468750004 0.45786008593750005 0.3869011140625 0.4576749140625 0.384110490625 0.45991642187500004 0.37834782499999997 0.46367180625 0.373435190625 0.46566952656250005 0.3686132671875 0.46803106406249995 0.3624877640625 0.4703311859375 0.3629708640625 0.473302190625 0.3629372171875 0.47833419375 0.3645995390625 0.4860347984375 0.36841137968750004 0.49822308125000003 0.3693184734375 0.5018612359375