3 0.4802918265625 0.528781803125 0.4830758859375 0.5343630703125 0.48724198437500005 0.5395972078125 0.4922671875 0.5409160640625 0.499616928125 0.5403605375 0.5053544328124999 0.539263575 0.5118563578125 0.5372433156249999 0.5154274234375 0.531141253125 0.5177111296875 0.5223943375 0.51744010625 0.5146332375 0.5162995546875 0.5104889171875 0.51553686875 0.5000551765625 0.5149722375 0.4952930078125 0.513108959375 0.49326600000000004 0.50741401875 0.48987845781250006 0.5044623078125 0.4851996484375 0.5027354093749999 0.48137467031250003 0.502055246875 0.4790074796875 0.49527100625 0.4786466546875 0.48970115312500007 0.47884115937500005 0.4835762265625 0.48025051718749995 0.4775763859375 0.485241921875 0.475972840625 0.496356028125 0.4775937640625 0.50855300625 0.47844070937499994 0.5156962593750001 0.47933977499999997 0.5243320296875 0.4802918265625 0.528781803125
3 0.443622184375 0.5623400609375 0.44915034218749994 0.5609515421875 0.45321306874999995 0.557522121875 0.45714028281249997 0.550212153125 0.4612351484375 0.5419997265625 0.46431455 0.533225021875 0.4625676703125 0.52312451875 0.4618154078125 0.51298928125 0.46019361718749996 0.506470821875 0.45770143125 0.5092476625 0.4503933875 0.5109972046875 0.444928640625 0.5084982265625 0.4388141375 0.5102060890625 0.434437825 0.5103589125 0.42854309218750003 0.5126568375 0.4272731140625 0.5333230671875 0.431522603125 0.540945234375 0.4343900546875 0.5489145343749999 0.43581292187500004 0.5554399375 0.43837721093750004 0.5604311453124999 0.443622184375 0.5623400609375
3 0.6533577296875 0.5057027390625 0.6592099 0.507889321875 0.662089509375 0.504800084375 0.6639545234375 0.49547005312500003 0.6660193265625 0.4804545578125 0.6671833296874999 0.468160328125 0.6680120296875 0.4576710140625 0.668944971875 0.45016673906250004 0.6665900312499999 0.4454670890625 0.6640987109375 0.44256540937500005 0.6562460171875 0.44582830937500006 0.6482569453125 0.45088918125 0.644717153125 0.45788675312500005 0.63934535625 0.46375282812499996 0.6323404734375 0.4684804625 0.6264040468750001 0.469584371875 0.6231057421874999 0.47209049375 0.6254076953125 0.48097614218749996 0.6284532203125 0.4883414859375 0.6333003484375 0.49026429687500006 0.641611696875 0.5001355640625 0.6436530515625 0.5015586171875 0.6533577296875 0.5057027390625
3 0.6112276796875 0.5083694249999999 0.6135947796875 0.5020105390625 0.6169347796875 0.5006984328125 0.618442775 0.49825482968749996 0.6197092843750001 0.500302678125 0.6213432328125 0.4957626015625 0.6223178703125 0.48945234062500004 0.62207811875 0.482586753125 0.621848790625 0.47601966874999996 0.62187050625 0.47093815625 0.6180084375 0.4630035921875 0.61381106875 0.4568739421875 0.6061572984375 0.460129896875 0.5991411265625 0.47023754531249995 0.5944599140625 0.47876931718750004 0.591464771875 0.4842535296875 0.584418196875 0.48778714843750004 0.5817166609375 0.4902724296875 0.5806994624999999 0.5010671953125 0.582928446875 0.5078633171875 0.5901305156250001 0.514485775 0.5957733359375 0.5163807984375001 0.604558103125 0.5112921421875 0.6112276796875 0.5083694249999999
3 0.37602559687500003 0.5258477671875 0.38083102812499997 0.5265765609375 0.38360553125 0.5261808046875001 0.388390115625 0.5263125921875 0.396242809375 0.5230496921875 0.40083976093749996 0.5178084078125 0.4054367140625 0.5125671265625 0.40913373125 0.5043685921875001 0.41108213750000006 0.49742659062500005 0.41161723281249996 0.48993620781249997 0.4044777078125 0.4851047734375 0.39004143125 0.47664286406249995 0.386503375 0.4722833984375 0.3819707015625 0.4679586640625 0.3730929859375 0.46468226718750005 0.3657224 0.46464078593749997 0.36347083125 0.46860469374999997 0.361690078125 0.4746442359375 0.362609990625 0.48387701562499996 0.365309790625 0.492748771875 0.3683336015625 0.505195628125 0.371493790625 0.5158445140625 0.37602559687500003 0.5258477671875
3 0.641019278125 0.5402045421875 0.641889675 0.5309092453125 0.640865521875 0.5186914265625 0.638334240625 0.50323869375 0.63493343125 0.4914027390625 0.628024103125 0.48745986874999997 0.622760015625 0.4735969046875 0.6221814906249999 0.49125030937499997 0.62106005 0.4990600359375 0.6201384015625 0.5011842953125 0.618536590625 0.5009413640625 0.6179189734375 0.500365196875 0.6173117796875001 0.5000875328125 0.6149976671874999 0.5022604171875 0.6136260515624999 0.5029060515625 0.612704403125 0.5050303109375001 0.6114578765625 0.509257990625 0.60714410625 0.5112018375 0.6038041062499999 0.5125139453124999 0.604389584375 0.5178731203125 0.6101991890625 0.5245442046875 0.6204050875 0.5373379921875 0.6290100421875 0.5442103296874999 0.6360140546874999 0.5451612140625001 0.641019278125 0.5402045421875
3 0.41939261875 0.5129763796875 0.4250562875 0.515468409375 0.4291294375 0.51233749375 0.434825246875 0.510046515625 0.4405835984375 0.5095465640625 0.4455149875 0.5081788828125 0.45099015624999994 0.5109763640625 0.4570942359375 0.5089699984375 0.46036126875 0.5055683656250001 0.4607287125 0.498980440625 0.46066616875 0.49718941718750004 0.4530758078125 0.49655787656249994 0.4448582765625 0.48937314218749994 0.43664074218750004 0.48218840937499996 0.432694415625 0.47754433125 0.428067059375 0.476211584375 0.42376458125000005 0.472775415625 0.42020480937500004 0.47349746093749995 0.4174502875 0.48016874375 0.4165069234375 0.4873745140625 0.416715403125 0.493344590625 0.417038546875 0.502598209375 0.4187437296875 0.5115046984375 0.41939261875 0.5129763796875
3 0.5913405640625 0.5434337015625 0.5985964874999999 0.540191640625 0.6015082390625001 0.5323193953125 0.6040438578125 0.51937953125 0.603824953125 0.5131109515625 0.595008915625 0.517304096875 0.588727628125 0.514235896875 0.5829388703125 0.5081618203125 0.5807203109375 0.501664203125 0.5813292390625 0.490584828125 0.577592259375 0.48623230937499995 0.5721692093749999 0.4849273453125 0.5682428640625 0.486558796875 0.5665646125 0.506940415625 0.566626290625 0.5144099578125 0.57141000625 0.5202202625 0.5791767046875 0.5316048906249999 0.58325854375 0.5401295171875 0.5913405640625 0.5434337015625
3 0.55121190625 0.5349723859375 0.5580387109375 0.53084870625 0.56026943125 0.526287790625 0.5623846203125 0.5241218515625 0.5646570375 0.5207549499999999 0.5647630125 0.51238295 0.564104565625 0.5049342484375 0.56468135625 0.49863788124999997 0.5643364953125001 0.49446577343750003 0.5645258625 0.4884818046875 0.5610295015625 0.485316353125 0.5568729609374999 0.48605923906250004 0.5511980000000001 0.48894722343749997 0.5454187984375001 0.48885016875 0.5421204937499999 0.491356290625 0.5381524515625 0.49179372656250003 0.53245664375 0.4940847046875 0.5299019125 0.4950705203125 0.5273471796875 0.49605633750000006 0.5261110765625 0.500582521875 0.5257010703125 0.5116549484374999 0.5265063203125 0.5176041859375 0.5305360390625 0.5246362921875 0.537706834375 0.5303632390625 0.5444380890625 0.534910065625 0.55121190625 0.5349723859375
1 0.5573733125 0.500387421875 0.5562014875 0.49534759062499994 0.556463821875 0.49145314687499997 0.558108196875 0.487211575 0.557679078125 0.48632995625 0.5537735796875001 0.4885584140625 0.5499940359375 0.48869039843750006 0.546413415625 0.4888154359375 0.5431151109375 0.49132155781250003 0.5371578359375 0.491828459375 0.5385285828125 0.49686134531250004 0.540056559375 0.50069326875 0.5447151859375 0.5029215296875 0.550148659375 0.5045249953125001 0.55388650625 0.5031989953125 0.5573733125 0.500387421875
0 0.5400999890625 0.490530246875 0.5417018 0.490773178125 0.5446335296875 0.489176459375 0.5437857171875 0.48771172656250006 0.5417443625 0.48628867343750004 0.539284315625 0.4842825046875 0.536907659375 0.48466436718750006 0.53639428125 0.48707323750000003 0.538896025 0.490273421875 0.5400999890625 0.490530246875
3 0.3960751578125 0.5239521484375 0.3947035421875 0.5245977828124999 0.395110078125 0.5362394312500001 0.395004103125 0.54461143125 0.3954115046875 0.5505745609375 0.39675098124999997 0.5547119359375 0.39949334375 0.5590991890625 0.4021731625 0.5616954187500001 0.40462278749999997 0.5634030828125 0.40886358906250003 0.5593697078125001 0.41310439062500004 0.555336334375 0.4169160734375 0.5504213421874999 0.42061309218750004 0.5422228078125 0.42422585156250003 0.5373147609375 0.426875265625 0.5333369609374999 0.4277569546875 0.5186616468749999 0.42777867187499996 0.5135801343749999 0.424857365625 0.51547535625 0.418994771875 0.512990271875 0.41706981875000004 0.503493721875 0.4164330875 0.49096350781250003 0.41594142500000003 0.48829086562499996 0.413470084375 0.4916647140625 0.4113861671875 0.49472616406250003 0.41061045625 0.5010294765625 0.40842143125 0.5067844078125 0.40526906093750004 0.513469584375 0.3960751578125 0.5239521484375
0 0.548437390625 0.46692740468749994 0.5437778953125 0.4703776640625 0.544698678125 0.47393192500000003 0.5460911390625001 0.4738832984375 0.5483739812499999 0.47081490156249994 0.5503527890625 0.47044693125 0.548437390625 0.46692740468749994