3 0.7928330265625 0.4870937015625 0.797350928125 0.4897379421875 0.8008010890625 0.49666425781249995 0.8028085375 0.50029268125 0.8044878015625001 0.5035402921875 0.8136321234375 0.5209710640625 0.8280527265625001 0.5620616125 0.8448622546875001 0.6062489296875 0.854181396875 0.6186862859375 0.8697126562499999 0.6347594734374999 0.8838544953125 0.646622303125 0.885823603125 0.64890716875 0.8947827265624999 0.6515085359375 0.8980177906250001 0.6481174890625 0.89808409375 0.6309817828125001 0.8972594109375001 0.6271019546875001 0.89415889375 0.6101888078125 0.893807315625 0.60620841875 0.88624025 0.5717713437499999 0.8780187484375 0.5505398687499999 0.87648440625 0.5468108843749999 0.8752782484375 0.5434627109375 0.86939238125 0.5262404703125 0.8683311453125 0.5224109234375 0.8600946953124999 0.5034354703125 0.8581788765624999 0.5002381406249999 0.8481032921875 0.4807524703125 0.8468055031249999 0.47697320468750004 0.8403100484375001 0.4661884984375 0.828329025 0.46332831875 0.8173241093750001 0.45575497187499997 0.811523365625 0.44707544375 0.808119990625 0.44734828593750003 0.8053833609375 0.46820556875 0.8047354328124999 0.47329954687500003 0.8038659031250001 0.476187784375 0.8018136046875 0.47932742656249994 0.7928330265625 0.4870937015625
3 0.2205418234375 0.6619050703125 0.22074847812499998 0.66636683125 0.22090184218750003 0.6717410578125 0.221200128125 0.6766339140625 0.22182659999999998 0.6819075781249999 0.2220332546875 0.686369340625 0.2222399078125 0.6908311015625 0.22253819375 0.6957239562499999 0.2230730328125 0.7005665296875 0.2236078734375 0.7054091031249999 0.2241427109375 0.7102516765625 0.22420444375 0.7151948109374999 0.22473928281250002 0.720037384375 0.225510675 0.7248296765625 0.226045515625 0.7296722499999999 0.2264887234375 0.7340837312499999 0.22749666875000002 0.7388257421875 0.22859624531249997 0.7439988453125 0.22969582187499998 0.7491719484375 0.2306121375 0.75348286875 0.23138352968749998 0.758275159375 0.2317818890625 0.76945470625 0.23208017343749998 0.7743475609375 0.23205027500000003 0.778859603125 0.23211200937499998 0.7838027375000001 0.232555215625 0.7882142187500001 0.2328535015625 0.793107075 0.23457110781249998 0.7976982421875001 0.2374331375 0.80069445 0.24007356406249997 0.8014849156249999 0.242713990625 0.80227538125 0.2452627859375 0.80263475625 0.247864871875 0.802081665625 0.2505585890625 0.8019596671875 0.253160675 0.801406578125 0.255579496875 0.799991303125 0.25734195 0.79781440625 0.25882950937500004 0.794344234375 0.26031706718750003 0.7908740625 0.261896259375 0.7878349828125 0.263803634375 0.7851767140625 0.265527746875 0.7816562609375 0.2678549375 0.7798098953125 0.2703270515625 0.77748215625 0.27223442656249996 0.7748238875 0.2739052484375 0.7722158984374999 0.2757209921875 0.7691265359375 0.2774451046875 0.765606084375 0.27893266250000004 0.7621359125 0.2805118546875 0.7590968328125001 0.282327596875 0.7560074703125 0.283578603125 0.7525875796875 0.28515779375 0.7495485000000001 0.286736984375 0.7465094203125 0.288316175 0.743470340625 0.29013191875 0.7403809781249999 0.292092584375 0.7368102453125001 0.2935801421875 0.7333400734375 0.2946478875 0.7290579984375001 0.2958988921875 0.7256381078125 0.29654681875 0.720544128125 0.29657671875 0.7160320859375 0.2970797234375 0.71141948125 0.2967814375 0.7065266265625 0.29681133593750003 0.7020145828125 0.295803390625 0.6972725734375 0.2952685515625 0.69243 0.294970265625 0.6875371453125 0.29490853281249996 0.6825940109374999 0.29541153750000004 0.6779814046875 0.29520488437500003 0.6735196421875 0.28885048125 0.6343191218750001 0.2888803796875 0.629807078125 0.2889102796875 0.625295034375 0.2890851 0.6203016203125 0.2893515515625 0.6157392953125 0.2875189234375 0.60711745625 0.2869438078125 0.5869641046875 0.28848465624999997 0.58258146875 0.2895290078125 0.574699815625 0.2820957859375 0.5699718328125 0.275647115625 0.5663862828124999 0.271327425 0.5623482046875 0.2679922859375 0.559452559375 0.265931546875 0.5567366015624999 0.26456551875 0.5561258234374999 0.2617418296875 0.554473171875 0.25978767187499996 0.5499322859375 0.2570556125 0.5487107265625 0.25397391406250003 0.5574760000000001 0.2519749078125 0.5597031765625 0.2507239015625 0.5631230687500001 0.2492746828125 0.567936796875 0.24802367812499998 0.5713566875 0.2461163015625 0.5740149578125 0.24402566406249998 0.5758110421875 0.2421182890625 0.5784693125 0.23984438749999998 0.5794032125 0.23294600468749999 0.579517803125 0.22822725156249998 0.6143134640625 0.22193581718750002 0.644036584375 0.2213411796875 0.648218096875 0.220601621875 0.6528809843750001 0.22057172343749998 0.6573930265625 0.2205418234375 0.6619050703125
3 0.248811421875 0.47386638750000004 0.26198946093750003 0.524232428125 0.279101846875 0.55123375625 0.295830821875 0.5647995171875 0.314671890625 0.5662015499999999 0.3308874828125 0.56455709375 0.340379509375 0.5580338125 0.3464616546875 0.5598949953125001 0.3534282796875 0.5566119171875 0.3624705921875 0.553788778125 0.36728484687499996 0.5473586515625 0.3687938609375 0.5335208359375 0.36670128750000003 0.5213497 0.353425109375 0.478664190625 0.3448481625 0.42551788437500004 0.33834690312500004 0.3728315140625 0.3354146984375 0.35903657031249997 0.32091934843750003 0.32922613125 0.30597428125000004 0.30311583125 0.29422787499999997 0.2862381484375 0.28180170625 0.2649992671875 0.2728490890625 0.25428627812500004 0.2601649109375 0.24346531875 0.2554254046875 0.23861533906250001 0.24226161249999997 0.23600656406249998 0.22965605312499998 0.24183993906249998 0.22433228593750001 0.26099429218750003 0.22493079374999997 0.284747221875 0.22686085781249998 0.335701815625 0.23990628906250003 0.420339271875 0.248811421875 0.47386638750000004
3 0.7899465375 0.25251033437500003 0.7830059421875 0.22334692343749998 0.771988715625 0.1819835359375 0.7694230359375 0.1699129609375 0.7610117640625 0.155930925 0.7498086374999999 0.149751415625 0.7434217015625 0.151109 0.737936128125 0.1590335265625 0.7349012140625 0.17499795625 0.7320346109375 0.1940805921875 0.7292895390624999 0.2090822765625 0.7268343109375001 0.22312121562499998 0.7238975328125 0.23140511562500002 0.7179388546875 0.2394302046875 0.7154069453125 0.25078202968749996 0.715965175 0.25922418125 0.73625863125 0.3337602125 0.738939334375 0.3498614578125 0.7442623984375001 0.3807203890625 0.748326015625 0.40914361250000003 0.7493125046875 0.4242532671875 0.75036916875 0.45016165625 0.7477989171874999 0.46016992500000004 0.7740283609375 0.47306800468750004 0.7932145 0.48656204843750006 0.80161539375 0.4807212640625 0.8052384375000001 0.46868694218750007 0.8087380187500001 0.44676635 0.8068163937499999 0.40166735468750003 0.8003197078125 0.32690214375000004 0.79494141875 0.282988453125 0.7899465375 0.25251033437500003
3 0.7924793453125 0.63315316875 0.7950515328125001 0.6371121203125 0.797387165625 0.6411213546875 0.811644028125 0.6570148546875 0.8132699999999999 0.6611749328125 0.8357633140624999 0.6960438843750001 0.837915684375 0.6991909328125 0.8472796734375001 0.704860225 0.85678014375 0.7041925453125 0.857611334375 0.6999607515624999 0.8568081078124999 0.6857132796875 0.8538206765625 0.6588635828125 0.8497954015625 0.6317839171874999 0.8486041921874999 0.6261797203125 0.8440609640625001 0.60596868125 0.8424882796875 0.600896140625 0.8312279921875 0.567694653125 0.829365465625 0.5635848578125 0.8268465687500001 0.5587134390624999 0.814365175 0.5244198 0.812975753125 0.5202094421875 0.803045090625 0.5002424000000001 0.7952368984375 0.48793445 0.7717694109375 0.47174588437500004 0.7471808890625 0.460751859375 0.737654390625 0.493866025 0.750996871875 0.519415828125 0.75209645 0.5245889312500001 0.7610510015624999 0.549269140625 0.776321615625 0.6118063171875 0.7924793453125 0.63315316875
3 0.5973528296875 0.6701229015625 0.614450265625 0.6993802515625 0.6163127937499999 0.703490046875 0.6353344890625 0.741800328125 0.637380278125 0.7467723078125 0.652103740625 0.7706768671875001 0.6546759265625 0.7746358203125 0.6669552390625 0.782388853125 0.6805388453125001 0.78580953125 0.6887480328125 0.7732509640624999 0.69104145625 0.747982196875 0.6908627640625 0.7250411703124999 0.690656109375 0.720579409375 0.6894629671875 0.7010079921875 0.6860791109375 0.6769459703125 0.68539935 0.67258476875 0.685312290625 0.650074834375 0.6841425390625 0.634102996875 0.6842257265625 0.6286784890625 0.6825510359375 0.6033520343750001 0.68234438125 0.598890271875 0.6802199734375 0.5772639578125001 0.6736907515625 0.5430568515624999 0.6724995421875 0.5374526578125 0.6714915968749999 0.5327106453125 0.667140071875 0.5192173890625 0.6604080640625 0.5084829640625 0.65712621875 0.5046748546875001 0.639538090625 0.5138201515625 0.6111750953125 0.52345344375 0.60062183125 0.5261471765625 0.5704645484374999 0.5285021859375 0.5699849343750001 0.5367143703125 0.5701766390625 0.543432153125 0.5730172140625001 0.5567960046875 0.5781401296875 0.575081553125 0.591993359375 0.651887634375 0.5973528296875 0.6701229015625
3 0.132721115625 0.36156923124999996 0.13060708593749998 0.35976573749999996 0.128164871875 0.357581434375 0.1259592109375 0.35534684843750003 0.12347865625000001 0.3518189875 0.121799390625 0.3485713765625 0.1195553890625 0.344993234375 0.1173497265625 0.3427586484375 0.1150374859375 0.34234899375 0.112488690625 0.34198961875 0.1102297390625 0.3406675 0.1079707875 0.3393453796875 0.10527707187499999 0.339467378125 0.1035679078125 0.34073180937499997 0.1028816390625 0.34448223125 0.10186718749999998 0.347851840625 0.1010892890625 0.35117116875 0.1004030203125 0.354921590625 0.1000449359375 0.3590528234375 0.09992340625 0.36313377343750003 0.0998018765625 0.367214725 0.1000618203125 0.370764021875 0.1004133984375 0.3747444109375 0.10067334218749999 0.378293709375 0.100788365625 0.3823243796875 0.1012315734375 0.3867358609375 0.1017280703125 0.390234878125 0.10207964843749999 0.39421526562500003 0.1027594078125 0.3985764671875 0.10301935312499999 0.40212576406249995 0.10360748281250001 0.40605587343750005 0.10386742812500001 0.40960516875 0.1045471890625 0.41396637031249994 0.1046622125 0.41799703906249996 0.10492215625000001 0.4215463375 0.1058384703125 0.42585725781250006 0.11587114375 0.4660782140625 0.11753545781250001 0.47158184687500004 0.11868832656249999 0.47584248437500004 0.12007774687499999 0.4800528421875 0.12104735156249999 0.48345129531250003 0.1225816953125 0.48718028125 0.12429929843750001 0.49177145 0.1261618265625 0.4958812453125 0.127459615625 0.4996605109375 0.12866577343750002 0.503008684375 0.13034503749999998 0.5062562953125 0.1321159328125 0.509935 0.13365027499999999 0.513663984375 0.13556609375 0.516861315625 0.1373902796875 0.5196275546875 0.139306096875 0.5228248843750001 0.140840440625 0.5265538703125 0.14213822812500002 0.5303331359375 0.1435809390625 0.5336310281250001 0.1452069140625 0.537791103125 0.1471227296875 0.5409884359375 0.15705339375 0.5609554796875 0.158824290625 0.56463418125 0.16088502968750001 0.567350140625 0.1626559265625 0.57102884375 0.16453340156250001 0.5728826171875 0.16818177343750002 0.5784150953125 0.17038743437499998 0.5806496812499999 0.1726463875 0.5819718 0.17510355 0.5819000828124999 0.1771792390625 0.5823600203125 0.1795447703125 0.5818572109375 0.181818671875 0.5809233078125 0.1837643890625 0.5796085953125 0.1852902875 0.5774819812499999 0.18714437343749998 0.5757361765625 0.18857864062500002 0.57317846875 0.1903410953125 0.5710015734375 0.1915388109375 0.568494146875 0.19264489375 0.565555628125 0.193659346875 0.5621860187500001 0.194528878125 0.55929778125 0.195871515625 0.5563089812500001 0.196741046875 0.5534207453125 0.19719076093750001 0.5497206046875001 0.1973122921875 0.5456396531250001 0.19719726875000002 0.541608984375 0.1966091390625 0.537678875 0.19578445625000002 0.533799046875 0.19495977343749998 0.5299192203125 0.1938985375 0.5260896749999999 0.1769590375 0.48012770937499993 0.17589780156249998 0.4762981609375 0.163301384375 0.4379738515625 0.1622401484375 0.43414430625 0.15267407500000002 0.401934409375 0.1517044703125 0.39853595468749997 0.1508797875 0.394656128125 0.14798592187499998 0.3822047421875 0.1452304734375 0.37738360625 0.14345957812500001 0.37370490312500004 0.14139883749999999 0.37098894531250004 0.1393381 0.3682729859375 0.1372773609375 0.365557028125 0.13483514531250002 0.363372725 0.132721115625 0.36156923124999996
3 0.6747818859375 0.5423743562500001 0.6806547390625 0.5758198390625 0.688272459375 0.6453905125 0.6893720359375 0.650563615625 0.6951194875 0.6601556078125 0.697744965625 0.6632020953125 0.71270498125 0.6870563734374999 0.7146591390625 0.6915972625 0.716521665625 0.6957070578125 0.71894893125 0.7001473828125 0.728749621875 0.7183397765625 0.730848703125 0.7223992921875 0.7334208890625 0.7263582453125 0.746983040625 0.740146565625 0.765506303125 0.7609906078125 0.7790216703125 0.7675797734375001 0.7877507484375 0.7621198 0.7899863093749999 0.7598423421875 0.7930680078125001 0.75107706875 0.793539178125 0.7370092859375 0.79335398125 0.7221798796875001 0.79004680625 0.7008049703125 0.78444040625 0.6627971640625 0.7834324609375 0.6580551515625 0.7752987203124999 0.6093203265625 0.7642048124999999 0.5652698234375 0.7564778734375001 0.5335701453125 0.743913290625 0.5047010125 0.733861096875 0.488814921875 0.7238023953125 0.48104045156249997 0.7113800984374999 0.4877360109375 0.6878463046875 0.48868315312500005 0.678085890625 0.4858015375 0.6687322765625 0.49995506562500003 0.660789540625 0.507951309375 0.668857678125 0.5238085578125 0.671873071875 0.5321789921875 0.6735373874999999 0.537682625 0.6747818859375 0.5423743562500001
3 0.353821534375 0.475876515625 0.3675259703125 0.5252295265625 0.38635596250000004 0.5568220234375 0.4078608484375 0.5626141015624999 0.42580055312500004 0.55744919375 0.45814010468750005 0.553729190625 0.49960516093749996 0.5417615390625 0.5213063250000001 0.53219255625 0.5256240796875 0.522263415625 0.5220121140625 0.5041072718749999 0.508060746875 0.43498171875 0.49315665781250007 0.3741689125 0.48327735 0.339322184375 0.47713153750000004 0.3185506453125 0.46805545468750004 0.2979513859375 0.43660952656249996 0.25236944375000003 0.42874804375000003 0.2409739578125 0.3960848796875 0.22223430781250003 0.37914274375 0.21231840625 0.357669690625 0.21598150781249997 0.3430969546875 0.2334972390625 0.335759234375 0.257134790625 0.332451359375 0.2857731671875 0.3328535890625 0.32488715625000003 0.345481140625 0.422679928125 0.353821534375 0.475876515625
3 0.8186955812500001 0.22026654531249998 0.8072624078124999 0.2060256953125 0.8028913609374999 0.216867303125 0.8000715421875 0.2431490953125 0.79611380625 0.262914228125 0.7936501359375 0.2710975671875 0.801956059375 0.35088504062500003 0.806807953125 0.39581175625 0.807583215625 0.428538490625 0.809935734375 0.4442589234375 0.8183086640624999 0.45689740468749995 0.8296034203125 0.46350800468750003 0.840454971875 0.46570712500000006 0.8465202312500001 0.45585710625000003 0.8478693749999999 0.44475668593749995 0.8475775953125 0.4317522109375 0.8465787953125 0.3828525140625 0.8468608968750001 0.3260208828125 0.8419193078125 0.294630296875 0.83552005625 0.26219784062499996 0.8289544296875 0.24061439999999998 0.8186955812500001 0.22026654531249998
3 0.499619940625 0.7035125953125 0.5168941328125001 0.74174375 0.51870336875 0.746766009375 0.5323740375 0.7726966234375 0.534381484375 0.776325046875 0.5566830921875 0.8044762140625 0.5689390125 0.8086296703125001 0.5717776515625 0.8080263000000001 0.5743797359375 0.8074732093750001 0.577218375 0.8068698375000001 0.5795455671874999 0.805023471875 0.5820560203125 0.8040392890625 0.5842915796875 0.80176183125 0.586618771875 0.799915465625 0.5881979609375 0.796876384375 0.59107300625 0.7836493499999999 0.591011275 0.7787062140625001 0.5910411734375 0.774194171875 0.5932130640625 0.75300635625 0.5944023375 0.7446433296875 0.5934288624999999 0.7133104343750001 0.5931838671875 0.7075051140624999 0.5926490281250001 0.7026625421875 0.59158585625 0.6848657734375 0.5912875703125 0.6799729203125 0.590806021875 0.6742178812499999 0.5899429984375 0.668994496875 0.5892632375 0.6646332968750001 0.5873584984375 0.6312455031249999 0.5862589218750001 0.6260724 0.5850677125 0.620468203125 0.5843879515625 0.616107003125 0.580347728125 0.5912833578125001 0.5797212578125001 0.58600969375 0.57880494375 0.5816987734375 0.57803355 0.57690648125 0.5706965296875001 0.5505307484374999 0.5685974484375 0.546471234375 0.56297996875 0.5386538890625 0.5535243484375 0.53255350625 0.550883921875 0.5317630390625 0.5335388531249999 0.5327464359375 0.5310816890625001 0.532818153125 0.528006496875 0.5334718046875 0.5250762265625 0.5336440828125 0.522474140625 0.5341971734375 0.519780425 0.5343191734375 0.5193073187499999 0.534419734375 0.4718069015625 0.5517253609375 0.4688616828125 0.5541536609375 0.46677948750000003 0.5618053468750001 0.471469575 0.5955022359375 0.487618159375 0.6610067734375 0.488297921875 0.6653679734375 0.499619940625 0.7035125953125
3 0.1637417859375 0.642438475 0.16347533593750002 0.6470008 0.1637736203125 0.6518936531249999 0.1635988015625 0.6568870687499999 0.16318742656250002 0.661930765625 0.163157528125 0.666442809375 0.1625628921875 0.670624321875 0.16253299375000002 0.675136365625 0.162594725 0.6800795 0.1628397203125 0.6858848203125001 0.16304637500000002 0.6903465828125 0.16310810781250001 0.6952897171875 0.16340639375 0.7001825703125 0.1636130484375 0.7046443328125 0.163911334375 0.7095371874999999 0.1645910953125 0.7138983859375 0.165690671875 0.7190714890625001 0.16646206562500002 0.7238637828125001 0.1674700109375 0.72860579375 0.16866121875 0.7342099890625 0.17037882499999998 0.73880115625 0.17176824375 0.743011515625 0.1731043765625 0.7481343375 0.1747303484375 0.7522944140625001 0.1775923796875 0.755290621875 0.18041606875 0.7569432703125 0.1829648640625 0.7573026453125 0.185895134375 0.7571303656249999 0.18849721875 0.7565772749999999 0.191152596875 0.7551117203125 0.19338815625 0.7528342625 0.196096821875 0.7504562421875 0.19800419687499998 0.7477979718750001 0.20014812499999998 0.7450894234375001 0.2020555 0.7424311546875 0.20387124375000001 0.73934179375 0.205923540625 0.7362021515625 0.2080674703125 0.7334936015625 0.2098832140625 0.7304042390625 0.21137077187500003 0.72693406875 0.21294996249999998 0.7238949890625 0.2142009703125 0.720475096875 0.216161634375 0.7169043625 0.217885746875 0.713383909375 0.2194649375 0.7103448296875 0.22128068125000003 0.70725546875 0.222768240625 0.703785296875 0.2209934734375 0.6721721515625 0.221023371875 0.6676601078125 0.221053271875 0.6631480640625 0.22155627656250002 0.658535459375 0.22149454531249999 0.653592325 0.22166936406249999 0.648598909375 0.2220807390625 0.6435552109375 0.22267537499999998 0.6393736984375 0.2232700109375 0.6351921859375 0.2241012015625 0.6309603921875 0.2250773125 0.626247225 0.2260534234375 0.6215340578124999 0.2268846140625 0.6173022640625 0.22780743593750002 0.6135015609375001 0.228966809375 0.609650578125 0.2326945015625 0.5818241046875 0.230198996875 0.5805522671875 0.22737530625 0.5788996156249999 0.2239335890625 0.5778289015625 0.21861439531250002 0.5749044125 0.2161338390625 0.57137655 0.213470021875 0.56698650625 0.21146257343750002 0.5633580828125 0.2092718609375 0.5588674765625 0.206906328125 0.5593702859375 0.20454079531249997 0.5598730953125 0.2012290515625 0.560577028125 0.19862696562499998 0.56113011875 0.1961698015625 0.5612018375 0.193659346875 0.5621860187500001 0.19217178906250001 0.565656190625 0.1912489671875 0.5694568921875 0.1896697765625 0.572495971875 0.1879989546875 0.5751039609374999 0.1857633953125 0.57738141875 0.18367275624999999 0.579177503125 0.18116230312499998 0.5801616859375 0.1783236640625 0.5807650578125 0.17586649999999998 0.5808367750000001 0.173264415625 0.5813898656250001 0.17348601875 0.5835956062500001 0.16892520312499998 0.6016866515625 0.1680790640625 0.6081744671875 0.1664316328125 0.6143820328125 0.166401734375 0.6188940765625001 0.1640082390625 0.6378761500000001 0.1637417859375 0.642438475
3 0.62441063125 0.2728273046875 0.621024140625 0.284811346875 0.6617241421875 0.423946859375 0.6648649359375 0.45617078437499997 0.6687583046875 0.4675085796875 0.6762383125 0.47943572031250004 0.6868084609375 0.48845318437499996 0.706137584375 0.48749863437499996 0.720094225 0.4845320578125 0.73002101875 0.476564659375 0.7447705078125 0.468022734375 0.7490564296875 0.4486384125 0.748272725 0.41005607812499995 0.7439342140625 0.38033957812499997 0.7406120921875 0.361220690625 0.7384961265625 0.3454499765625 0.7263026406249999 0.2962263703125 0.7172629640625 0.263003446875 0.7093228640625 0.2349536265625 0.6982308921875 0.20487034531249998 0.6883385671875 0.18624685937500002 0.678706190625 0.1711726703125 0.6651459734375 0.17135156875 0.65711160625 0.17891672187500002 0.648567728125 0.1992061 0.6432757953125 0.22781563125 0.6360680453125 0.25322783125 0.630697496875 0.265183028125 0.62441063125 0.2728273046875
3 0.13891511406249998 0.28951335624999996 0.138831925 0.2949378640625 0.13907692031250002 0.30074318125 0.1394668375 0.306067128125 0.139711834375 0.311872446875 0.1401017515625 0.31719639375 0.1407665625 0.3238136140625 0.14139303281249999 0.3290872796875 0.14163802812499998 0.3348925984375 0.1428292375 0.3404967953125 0.1437306015625 0.347063734375 0.14412051875 0.35238768125000003 0.1445104375 0.3577116265625 0.1452285390625 0.363416384375 0.1459466390625 0.369121140625 0.1468096640625 0.37434452500000004 0.1480925046875 0.3803798125 0.1492837125 0.3859840078125 0.150658184375 0.3924503875 0.1520326546875 0.398916765625 0.1535520484375 0.404901771875 0.15521636249999998 0.41040540468750003 0.156789046875 0.41547794531250004 0.1584533609375 0.42098157968749994 0.15997275312499998 0.42696658593750003 0.16149214843749998 0.4329515921875 0.163301384375 0.4379738515625 0.1646375140625 0.44309667499999994 0.1665383828125 0.44855002656250004 0.1683476203125 0.4535722875 0.170393409375 0.45854426718749997 0.172385909375 0.4644287109375 0.1740502234375 0.46993234531250005 0.1756229078125 0.4750048859375 0.1772872234375 0.48050851874999995 0.1793330125 0.48548049843749996 0.19338709062499998 0.5248466796875 0.1959059875 0.529718096875 0.1975703015625 0.5352217296874999 0.19961609062500002 0.5401937078125 0.20213498749999997 0.5450651265625 0.20456225312499998 0.549505453125 0.20698951718749997 0.553945778125 0.20974496718750002 0.5587669140625 0.21217223281250003 0.5632072406249999 0.215217525 0.56706563125 0.21797297499999999 0.5718867671875 0.2206367921875 0.5762768125 0.23006902343750002 0.57877761875 0.23318255625 0.5794675218750001 0.23700574843750002 0.580006584375 0.24008094062500002 0.57935293125 0.2431177921875 0.577355721875 0.24855007499999998 0.5703436609375 0.2501825546875 0.566392115625 0.2515401421875 0.561147296875 0.2528444390625 0.556814940625 0.254621840625 0.552382021875 0.2580850140625 0.5430850953124999 0.260740390625 0.5416195390625 0.2631208734375 0.5388607078125001 0.266477465625 0.531388709375 0.26339383125000004 0.5261867640625 0.26158459375 0.521164503125 0.2593022515625 0.5162428046875001 0.25749301562500004 0.51122054375 0.255683778125 0.506198284375 0.25401946249999996 0.50069465 0.2526833328125 0.495571828125 0.2474519 0.46514398906250004 0.2462606921875 0.45953979218749996 0.234911409375 0.38986115 0.23452149218749999 0.3845372046875 0.23365846875 0.3793138203125 0.23223070625000003 0.37375990468750003 0.22841402031250002 0.365109221875 0.2262765984375 0.35970615 0.22408588906250002 0.35521554375000003 0.2212388078125 0.349963315625 0.21871991093749998 0.34509189687499997 0.21591117031249998 0.3411832265625 0.20673694999999997 0.32826449687500003 0.20407313125 0.323874453125 0.20131768125 0.319053315625 0.19856223125 0.3142321796875 0.1961882578125 0.3088793875 0.1939059140625 0.3039576890625 0.191531940625 0.2986049 0.188776490625 0.2937837625 0.186112671875 0.2893937171875 0.1836854078125 0.2849533921875 0.18058682343750002 0.282007465625 0.1773049765625 0.27819935625 0.17396983906250002 0.2753037125 0.170634703125 0.272408065625 0.1672995671875 0.269512421875 0.16425427343750001 0.26565403125 0.160774215625 0.2632397578125 0.1573857875 0.26125657812499997 0.1539824109375 0.2615294203125 0.150670665625 0.26223335312499996 0.1482901828125 0.26499218281250003 0.1458180703125 0.26731992187500003 0.1433842984375 0.2709912171875 0.14156855468750001 0.27408057812500003 0.1398827828125 0.2789445890625 0.138998303125 0.28408884843750004 0.13891511406249998 0.28951335624999996
3 0.48414688124999994 0.3364339453125 0.5109396609375 0.4496891265625 0.5262401734375 0.5077142578125 0.53501796875 0.5234206640625 0.540582159375 0.532150471875 0.565260378125 0.5296083671875 0.5980197453125 0.5267002671875 0.6280769562499999 0.5180585671875 0.656981296875 0.5051562281249999 0.6654270390625 0.492547378125 0.664705065625 0.458908178125 0.6609910906249999 0.42049812343750004 0.6461721265625 0.3682280296875 0.63194129375 0.31988804375 0.6151915640625 0.26667664062499996 0.6040761984375 0.23299378124999998 0.580873228125 0.19827567031249999 0.5587418703125 0.1872099296875 0.539954090625 0.18489543125000002 0.519000928125 0.1956571265625 0.5079531 0.20881906562500002 0.4984311734375 0.2198543890625 0.491956475 0.2487153265625 0.4881072546875 0.28062275 0.4845413703125 0.31967905 0.48414688124999994 0.3364339453125
1 0.2446980484375 0.8023042265625 0.2499405609375 0.8025416015625 0.253687071875 0.8003935515625 0.25728866093749997 0.798726871875 0.260065565625 0.7931803656249999 0.259897253125 0.790062159375 0.2507782578125 0.7901981874999999 0.24565727499999998 0.7858798593749999 0.2431234296875 0.7832644640625 0.239268403125 0.773270225 0.234795346875 0.7638579187500001 0.230727159375 0.7575135390625001 0.2326449125 0.7746780906249999 0.23260850781250003 0.7873017546875001 0.23345658125000002 0.7947811609375 0.23535745000000002 0.8002345125 0.2388907984375 0.8017363203125001 0.2446980484375 0.8023042265625
3 0.2871374484375 0.6076491109375 0.289611496875 0.6192885921875 0.2896732296875 0.624231728125 0.2893151453125 0.628362959375 0.289285246875 0.632875003125 0.2895835328125 0.63776785625 0.29026329375 0.64212905625 0.29127123906249996 0.64687106875 0.292279184375 0.6516130796875 0.29328713125 0.656355090625 0.2943867078125 0.6615281937499999 0.2945933625 0.66598995625 0.2953647546875 0.6707822484375 0.2963727 0.675524259375 0.2978621953125 0.6860213093749999 0.29854195625 0.690382509375 0.3000613484375 0.696367515625 0.3013441890625 0.702402803125 0.30249705625 0.7066634406250001 0.3035050015625 0.7114054515625 0.30484113125 0.716528275 0.30584907656250004 0.7212702859375 0.306857021875 0.726012296875 0.30795659999999997 0.7311854 0.3090561765625 0.7363585031250001 0.310247384375 0.7419627 0.31163680625 0.74617305625 0.31311785937500003 0.75081450625 0.3150720171875 0.7553553921875 0.3171561484375 0.7616709296875 0.31962175312499996 0.7674548109375 0.320576409375 0.7731092875 0.3219125390625 0.7782321109375 0.323118696875 0.7815802828125 0.3246913796875 0.786652825 0.3261724328125 0.791294275 0.32747022187499997 0.7950735390625 0.329096196875 0.7992336171875001 0.330393984375 0.8030128812499999 0.33103540468750003 0.806030525 0.3330428546875 0.8096589484375001 0.3344322734375 0.8138693046875 0.3363864328125 0.8184101937499999 0.33786748437499997 0.8230516421875 0.340164778125 0.82571731875 0.3429351765625 0.828282434375 0.34532409999999997 0.8313792031249999 0.348239421875 0.8334629453125 0.35087984843750003 0.8342534125000001 0.35361190625 0.835474971875 0.35621399062500003 0.83492188125 0.358816078125 0.834368790625 0.361089978125 0.8334348890625 0.3633638796875 0.8325009859374999 0.3658743328125 0.8315168046875 0.3682015234375 0.8296704390625 0.370711978125 0.8286862562499999 0.372802615625 0.8268901718749999 0.374709990625 0.824231903125 0.3768539203125 0.8215233515625 0.3775401890625 0.8177729312500001 0.3780431921875 0.8131603249999999 0.3787827515625 0.808497440625 0.3799421265625 0.8046464578125001 0.38100986875 0.8003643828125 0.3828600828125 0.7706841359375 0.3840194578125 0.7668331515625 0.3850339109375 0.7634635421875 0.385628546875 0.7592820296875 0.386787921875 0.7554310453124999 0.387382559375 0.7512495328125001 0.3882137484375 0.7470177390625 0.38970130625 0.7435475671875 0.39095231406250003 0.7401276765625 0.391875134375 0.7363269734375 0.3927063234375 0.73209518125 0.39400868437500003 0.713795603125 0.3944200578125 0.7087519062500001 0.3950146953125 0.70457039375 0.39504459375 0.70005835 0.391615890625 0.6827643921875 0.39060794374999996 0.6780223796875 0.389928184375 0.6736611796875 0.3888286078125 0.6684880765625001 0.384622003125 0.654513446875 0.383232584375 0.6503030890625 0.3818431625 0.64609273125 0.3777047984375 0.6289496171875 0.376605221875 0.6237765140625 0.3728782328125 0.6015897 0.3722517625 0.5963160359375 0.37157200156250003 0.5919548359375 0.3706621953125 0.57953229375 0.36830316875 0.5719234828124999 0.36553277031250003 0.56935836875 0.3628007125 0.568136809375 0.3570766515625 0.5621443953124999 0.3543062515625 0.55957928125 0.349063740625 0.5593419046875 0.3462251015625 0.559945275 0.3437679375 0.5600169937499999 0.3407993265625 0.558845715625 0.3347256234375 0.562840134375 0.33230680156250003 0.5642554078125 0.3298879796875 0.5656706812500001 0.31268783437500003 0.5661727046875 0.2951744515625 0.5640378953125 0.2898338015625 0.5714810484374999 0.2895290078125 0.574699815625 0.2873636234375 0.5877760078125001 0.28740196406249996 0.589119565625 0.287785375 0.60255513125 0.2871374484375 0.6076491109375
3 0.3731147859375 0.6015394203125 0.373649625 0.60638199375 0.3741844640625 0.6112245656249999 0.37668190468749996 0.626463628125 0.37768985 0.6312056390625 0.3832858734375 0.649390625 0.389828109375 0.6673744875 0.391072609375 0.67206621875 0.39683694687500004 0.6933694109374999 0.3980281546875 0.6989736046874999 0.4015017078125 0.7094995 0.40298275781250004 0.7141409484375 0.40884523437500003 0.7277636109375 0.4110359453125 0.73225421875 0.422196159375 0.7591690125 0.4287533453125 0.7748968546875 0.43047095 0.779488021875 0.43748629375 0.7973713234375001 0.4393488203125 0.8014811187499999 0.44866796249999996 0.8139184765625 0.4512934390625 0.8169649625 0.460772453125 0.8266649265625 0.46383269687500006 0.8282672953124999 0.4748057765625 0.8263854640625 0.48504580468749997 0.821054896875 0.4910343828125 0.8085177640625 0.49263502968750006 0.79511104375 0.49400562968750006 0.773642978125 0.4951929671875 0.7513127328125 0.49377822031249996 0.729535575 0.49117226406250003 0.702154221875 0.4896125953125 0.6808584375 0.48554897812500003 0.6524352140625 0.47685243593750004 0.6173370796875 0.475844490625 0.6125950687499999 0.4721259421875 0.5962638578125 0.47088144375 0.5915721265625 0.4660165375 0.5628686546874999 0.4628796125 0.5585791718750001 0.4604906890625 0.555482403125 0.45757536718749997 0.553398659375 0.435315971875 0.554525490625 0.43289714999999995 0.555940765625 0.40889869218749997 0.56284406875 0.3858295640625 0.55783505 0.3801373375 0.5612978140625 0.377901778125 0.5635752734375 0.37523145156250004 0.56729685 0.371478434375 0.5775565234375 0.37234339375 0.596747128125 0.3731147859375 0.6015394203125