2 0.4902578359375 0.4419372359375 0.500508728125 0.4447891765625 0.5182796328125 0.4444304921875 0.535350459375 0.44562420156250004 0.5460123546875 0.448237990625 0.555748884375 0.4499863984375 0.5680548015625 0.451647584375 0.5730159265625 0.4511938265625 0.57647676875 0.4383581828125 0.5773892171874999 0.43094904375 0.5655395265625 0.42558328906250004 0.5533159734375 0.41992450156250005 0.5449715296875 0.4180065453125 0.5358712890625 0.418437759375 0.5192486140625 0.4164747140625 0.501862065625 0.41979607343750003 0.49203509375000004 0.424980503125 0.48813175937500003 0.430045371875 0.4872378828125 0.43718891718749997 0.4902578359375 0.4419372359375
3 0.595009940625 0.407360359375 0.5890225140625 0.41121193125 0.5835203796874999 0.41376298437500003 0.580011896875 0.42446016875000003 0.5803405390624999 0.42821962031250005 0.5765244093749999 0.4404966390625 0.576378253125 0.448226253125 0.5792706234375 0.46043859375 0.581171415625 0.4699126890625 0.5837989375 0.47463356718750005 0.586482175 0.47855766875 0.58892155625 0.48032959062499997 0.5908675671875 0.48633726718750003 0.5939432375 0.49028881249999995 0.5969446203125 0.495302721875 0.6008051546875001 0.49930915000000003 0.60589870625 0.5026011234375 0.611010828125 0.5056275078125 0.6197372078125001 0.5049032609374999 0.6228952421875 0.5048572 0.625716559375 0.5039869234375 0.6306114734375 0.5016603015625 0.635010596875 0.4979645546875 0.6375775609375001 0.4922724578125 0.6398078078125 0.4857561421875 0.641908053125 0.48109897031250004 0.6444564453125 0.47567246250000006 0.6453979609375 0.4706673765625 0.6462918390625 0.46352382968750006 0.64723335625 0.45851874062500003 0.6480900890625 0.45190637968749997 0.6484986734375 0.4460633515625 0.648795825 0.44181387968749997 0.6492601265625 0.43517407500000005 0.649594421875 0.4303934171875 0.6501887265625 0.42189446875 0.6511488171875001 0.4166237875 0.6516979015625 0.411591259375 0.652032196875 0.4068106 0.65163734375 0.40117828125 0.651168203125 0.39660833281249996 0.649259334375 0.3900694734375 0.6485568328125 0.3860169859375 0.647143753125 0.3808472484375 0.644982953125 0.37509144375000003 0.64242164375 0.37224343125 0.6393193265625 0.3714927140625 0.6360022203125 0.37099386875 0.6245554578125 0.3683251984375 0.6149699234375 0.370056928125 0.6121114624999999 0.371458390625 0.6075080453124999 0.37807565 0.6017749718750001 0.3867490421875 0.5980702734375 0.3974325078125 0.595009940625 0.407360359375
3 0.4811777515625 0.5323120640625 0.48164689374999997 0.5368820125 0.48063350624999995 0.5485543453124999 0.481158365625 0.5523275171875001 0.48186086718750004 0.5563800046875 0.48253672031250006 0.5636333171875 0.4828467890625 0.5676583609375 0.485148090625 0.5742246625 0.487568084375 0.596012040625 0.488466803125 0.6000782484375 0.5278215109375 0.6012288515625 0.5294178890625 0.5981377921875 0.5317700640624999 0.592697565625 0.5343346078125 0.581400590625 0.5356209187500001 0.5742844859375 0.5372625171875 0.5677270078125 0.540510990625 0.5607481109375 0.5427888796875 0.556370253125 0.5442261859374999 0.5527342875000001 0.5526764281250001 0.4967443328125 0.5516557828125 0.49160203750000003 0.5485720359374999 0.490585728125 0.5421526109375 0.489336165625 0.5392465093750001 0.4885991703125 0.53227558125 0.48677726093749996 0.5264262328125 0.485834453125 0.5219318281249999 0.48525328281249996 0.517633640625 0.484685834375 0.48992998749999994 0.48328238749999997 0.4871215859375 0.4924271828125 0.4859281375 0.49821532656249995 0.484259890625 0.50797363125 0.4835622296875 0.5151308984375 0.48281935000000004 0.525754584375 0.4811777515625 0.5323120640625
3 0.4662628640625 0.5905188734375 0.46996756250000005 0.5798354078125 0.47345747187500004 0.5694038140625 0.4758920125 0.5599659828125 0.4768230328125 0.552291253125 0.47772740625 0.54781735 0.4793213640625 0.5391214140625 0.48118582656250003 0.529376828125 0.4824244953125 0.520122265625 0.4839441671875 0.5124886984375 0.48497854374999994 0.50615565 0.4854904859375 0.501654303125 0.4860476453125 0.4936865390625 0.48454978125 0.486909528125 0.4808216703125 0.48664883281250004 0.47765556093750006 0.48963012812500006 0.47417130625 0.49152161093749996 0.4695097546875 0.4933307703125 0.46608121406249997 0.494425478125 0.4602900046875 0.4982907703125 0.45415158125 0.49866220156249996 0.44846130625 0.49826429843750003 0.44414454531249997 0.4979624421875 0.44009828906250004 0.49661193593749997 0.4343523 0.49701080937500003 0.4275404421875 0.49573380624999996 0.423167965625 0.49622872500000004 0.419460846875 0.501307315625 0.42247030468749996 0.5033859921875 0.42306137499999996 0.5090320312500001 0.42173792031249996 0.5166793203125 0.41924442968750003 0.5410589125 0.42052185 0.5566279046875 0.42157398593749995 0.569779128125 0.42189697031250006 0.5820786906250001 0.4221327515625 0.5871661046875001 0.42330439531249997 0.595788540625 0.45855955000000004 0.601990290625 0.45879291093749996 0.601472828125 0.462202878125 0.6006437124999999 0.4649660578125 0.594965334375 0.4662628640625 0.5905188734375
3 0.2527310828125 0.33378419843749996 0.251333340625 0.34249385625 0.2504289671875 0.34696776093750004 0.24955366093750003 0.3538457140625 0.248453071875 0.35830589687500003 0.24794113125 0.3628072421875 0.2478030515625 0.3676016203125 0.247627828125 0.372927184375 0.24843610625 0.3839262296875 0.250383725 0.41528864531250004 0.25021899687500004 0.42328384999999996 0.252194078125 0.4316955765625 0.25366529375 0.4416734125 0.2553884421875 0.450868196875 0.260054834375 0.4602687890625 0.26554081875 0.46358820468750006 0.26976471874999997 0.46521802343749996 0.27486634374999996 0.4655747640625 0.28004225781250003 0.4648691359375 0.2830307234375 0.4616085296875 0.28868950937500004 0.45399750625 0.293582003125 0.44606600781249994 0.29734483749999996 0.44019064218750004 0.30294790625 0.43337639375 0.306076871875 0.430926284375 0.3096911296875 0.42717565625000004 0.3132206046875 0.42181775312500003 0.314721703125 0.414449778125 0.31902070625 0.3952673640625 0.3193550015625 0.39048670625000004 0.3199121625 0.38251894218750004 0.318096153125 0.3746521203125 0.312589178125 0.36599342031250004 0.3049423953125 0.3569181984375 0.3024739453125 0.3527422265625 0.29890248750000004 0.34742155937499997 0.2968264703125 0.343273028125 0.29473188125 0.3393900890625 0.29302972656250004 0.33553459218750004 0.290709853125 0.32923388125 0.2863721 0.3235927390625 0.28136333593749996 0.3219080390625 0.273392753125 0.32028311875000004 0.27067237187500004 0.3168902 0.268166778125 0.31324541250000004 0.263590009375 0.31666184375 0.25780929375 0.323196778125 0.25576476718749996 0.32705717343749996 0.2527310828125 0.33378419843749996
3 0.5553758171875 0.4947979671875 0.5530131453125 0.4975685515625 0.54569498125 0.5571072484374999 0.5489135703125 0.567474165625 0.552503603125 0.5725292390625001 0.5538133249999999 0.5763572953125 0.5564884875 0.58321663125 0.56028523125 0.59095506875 0.560613871875 0.5947145203125 0.5621383828125001 0.59829070625 0.595251309375 0.598471059375 0.597677775 0.591968465625 0.6005523875 0.5846965359375 0.60683051875 0.540030996875 0.608217765625 0.5286516984375 0.608623928125 0.51720379375 0.6067893484375 0.5096025640625 0.6033955328125 0.5045612125 0.5968517609374999 0.496630684375 0.5903846953125 0.49324266406249995 0.58653465625 0.49190587968750005 0.5825731843749999 0.4921626484375 0.578593140625 0.49268500781249996 0.575061246875 0.492438034375 0.5721737171875 0.491435446875 0.5690713984375 0.4906847296875 0.5635401953125 0.49083173125 0.559878296875 0.49244390156250006 0.5553758171875 0.4947979671875
3 0.29809414218749997 0.5309859140625 0.2960786828125 0.537250359375 0.293707934375 0.5429561796875 0.29137433125 0.5481308140625 0.2885368625 0.554871559375 0.2865876140625 0.5630088703125 0.2860861703125 0.5701798578124999 0.285454721875 0.579209990625 0.2843541328125 0.5836701718749999 0.2825534625 0.589682746875 0.3086768875 0.5883067859375 0.33091555 0.5917301 0.3339968765625 0.58714153125 0.33595661875 0.5816738640625 0.3385340796875 0.57865140625 0.3415782609375 0.574594025 0.34706990000000004 0.5693733296875 0.35038458437500003 0.5642672984375 0.3540812078125 0.5565190671875 0.3548160125 0.5488306171875 0.3544082421875 0.5349237796875 0.3533108875 0.5252389765625 0.3508214453125 0.5157237203125 0.3469479921875 0.503442775 0.3458902015625 0.49883166250000005 0.34173816874999996 0.4905346 0.338829646875 0.4841927265625 0.334165675 0.480397009375 0.3304852046875 0.48227477187499995 0.32716809687500004 0.4817759265625 0.3237024140625 0.48340181875 0.319199934375 0.4857558828125 0.3165562625 0.4869054734375 0.3139973734375 0.4896623375 0.3103088265625 0.494475334375 0.305660190625 0.5045590109375 0.3025812859375 0.51475245625 0.3012844796875 0.5191989171875 0.2994466640625 0.5257426749999999 0.29809414218749997 0.5309859140625
3 0.6240192453125 0.511341178125 0.6214789296875 0.5138324515625 0.619452971875 0.5174272531249999 0.6167083640625 0.5228400390625 0.6147009812500001 0.5261692484375 0.613282246875 0.5295396218749999 0.6114525078125 0.5331481453125 0.609604196875 0.5370222609375 0.60748538125 0.541945025 0.6063024265625 0.5504028109375 0.6051751890625 0.5580638203125 0.6047399578125 0.5671076734375 0.6058163203125 0.57145319375 0.6090906281249999 0.581023334375 0.609793128125 0.5850758203125 0.6111028515625 0.588903875 0.6140113734375 0.5952457484375 0.61600260625 0.59778700625 0.6703440453125 0.598918021875 0.6708559859375 0.594416675 0.6711717109374999 0.5899016109375 0.671766015625 0.5814026609375 0.6715544609374999 0.567509546875 0.6703085296875 0.5599494796875 0.669539815625 0.554024128125 0.667461378125 0.54427071875 0.6669922374999999 0.5397007703125001 0.6657568031250001 0.5348103453124999 0.6648766562499999 0.530478546875 0.6641741546875 0.5264260609375 0.662631071875 0.52311546875 0.6591153296875001 0.5169980265625 0.6491882375 0.5066957859375 0.6418143781250001 0.50217679375 0.6379934078125 0.5032440593749999 0.63522780625 0.5033175609375 0.6324807765625 0.50312546875 0.629585171875 0.505058115625 0.627418715625 0.5078424218750001 0.6240192453125 0.511341178125
3 0.39960105156250003 0.35953401406249996 0.3980708859375 0.364497940625 0.397325584375 0.36951674843750004 0.3957873421875 0.37741590937499997 0.3922231453125 0.38890987187500003 0.38982575 0.3978165171875 0.389117590625 0.4023041421875 0.388690434375 0.40841276249999997 0.3887138484375 0.41935692187500007 0.38877440625 0.42976989843749996 0.38851681875 0.43909306406250004 0.389044096875 0.44847111406250006 0.388720296875 0.45592141406250003 0.38891085625 0.4644752453125 0.3896238546875 0.4711973734375 0.390999790625 0.47689829531249994 0.3986094296875 0.4865047015625 0.40592757187500006 0.49182047031250004 0.41512309375 0.4956661734375 0.42056143749999997 0.49684713125 0.4299798234375 0.49750572968749995 0.433296928125 0.49800457500000006 0.45034918125 0.499463875 0.4584683421875 0.498964059375 0.4659697828125 0.49601903125 0.4736569453125 0.49041808124999997 0.477926065625 0.48858148124999995 0.48077403125 0.48451037656249996 0.481810828125 0.483782203125 0.485885359375 0.4424321546875 0.483236846875 0.43237199375 0.48358971406249995 0.42732574218749997 0.48492124375 0.4167432203125 0.4830390234375 0.407003534375 0.479436075 0.393673940625 0.47800442343749994 0.3887697953125 0.4741414671875 0.37915849218750003 0.47229881249999994 0.37449249687499997 0.46986508593750004 0.36418046406250004 0.46900351249999994 0.359583071875 0.46610548593749995 0.3559108421875 0.4630855328125 0.35116252187499997 0.45906592343749997 0.34661119218750003 0.45199971406249995 0.3405123671875 0.44725095625 0.335109375 0.44477443125000005 0.3338686375 0.44231647812499997 0.33236230624999996 0.4356717703125 0.32869497187499996 0.42900041250000004 0.32822846562499997 0.42345063906249997 0.328641059375 0.41594919687500004 0.3315860890625 0.4102613421875 0.3367930640625 0.40741337812499995 0.3408641671875 0.40367961093750004 0.34914358125 0.39960105156250003 0.35953401406249996
3 0.32274963125 0.3757781953125 0.322322475 0.38188681562500004 0.320513728125 0.39083462343750003 0.31950034375 0.4025069546875 0.319166046875 0.40728761406249997 0.3184393171875 0.41204083125 0.316837284375 0.4236720015625 0.3178417796875 0.43468476562499997 0.318305265625 0.44779482656249997 0.319344484375 0.4526715296875 0.32672076250000004 0.46279539999999997 0.33458233437499996 0.4716187484375 0.344114571875 0.4762886703125 0.355222196875 0.47252824687499995 0.362965075 0.4661305203125 0.368297640625 0.460364921875 0.3722566921875 0.4545032765625 0.37687868125 0.44762042500000004 0.38164116875 0.4415480703125 0.384600565625 0.43588341406250003 0.38753089531249996 0.42781470781250003 0.3886662078125 0.41721846406249996 0.389650525 0.40314208125000006 0.38795644375 0.3963513484375 0.382430896875 0.387958240625 0.3809435296875 0.383850871875 0.3795013828125 0.37627708437499996 0.37717101406250003 0.36730673125 0.3748777890625 0.3578051953125 0.3710439 0.35059794218749996 0.36383719062500003 0.34368862031249997 0.35255757499999996 0.338629621875 0.3477078828125 0.3374898234375 0.3468196625 0.336093259375 0.33977444375 0.33533371875 0.33404944531249997 0.3410718765625 0.32767200625 0.35050088281249997 0.3240706640625 0.36252603125 0.3234577890625 0.3712905703125 0.32274963125 0.3757781953125
3 0.66711744375 0.3969229390625 0.664502840625 0.40047658124999996 0.659310775 0.4070526765625 0.6573219625 0.4101162953125 0.6551369359375 0.41316619374999997 0.652055609375 0.417754759375 0.6503477984375 0.4224393734375 0.649284353125 0.4263683734375 0.6491381984375 0.43409798593750004 0.6490477578125 0.4410308234375 0.648769178125 0.44501470468750004 0.6485010953125 0.4516682296875 0.648363015625 0.45646260937500005 0.6492988765625001 0.4599976296875 0.6522816875 0.46527713437499996 0.654909209375 0.46999801249999995 0.657040940625 0.4733497671875 0.661574909375 0.4790046296875 0.6649977921875 0.48645003437499995 0.667140021875 0.4924714296875 0.6680758828125 0.49600645312499997 0.6697408953124999 0.500393134375 0.6714616234374999 0.503983040625 0.6747149375 0.5082138953124999 0.6787716890625 0.51223404375 0.6814815750000001 0.5129573187500001 0.6841914609375 0.51368059375 0.688134359375 0.5136894171875 0.6928144828125 0.5116146671874999 0.6973807562500001 0.5055285921875 0.6996029296875 0.501947509375 0.7035991234375001 0.4955546796875 0.7059408031250001 0.4874448109375 0.7074419015625 0.48007683593749995 0.7094945046875 0.47328120625 0.7103617343749999 0.46933848749999996 0.711247534375 0.465130175 0.7126638484375001 0.45615492656249995 0.714082584375 0.452784553125 0.716331403125 0.4460026453125 0.716618059375 0.439083528125 0.7179705796875 0.4338402890625 0.719219746875 0.42725536875000003 0.719721190625 0.42008438124999997 0.71981163125 0.4131515453125 0.7201273546875 0.40863647968750005 0.7205545109375 0.402527859375 0.7216260328125 0.3956636265625 0.7235195640625001 0.3883230921875 0.72272985625 0.37705845625 0.7222421421874999 0.3727541 0.71813775 0.36659549375 0.71468014375 0.3652861515625 0.7080273609375001 0.364554053125 0.7048321828125 0.365131296875 0.7030105171875001 0.3658045859375 0.6966492296875 0.369363121875 0.69043651875 0.370796925 0.687914775 0.373022603125 0.682619353125 0.37825701875 0.6775863609375 0.3853780203125 0.673701596875 0.3901772953125 0.66711744375 0.3969229390625
3 0.3600387734375 0.5051588437500001 0.3581823859375 0.51196819375 0.357848090625 0.5167488515625001 0.3572166421875 0.525778984375 0.35705191406250003 0.5337741890625 0.3571100515625 0.538582290625 0.3562928828125 0.55026834375 0.35519229218750004 0.5547285265624999 0.35458749218749996 0.5605578328124999 0.35401175937499996 0.5687911890625 0.355538690625 0.57797225 0.35557825625 0.5830459421875 0.35618789687499997 0.5884263875 0.35776005 0.5941410312500001 0.38072544218750004 0.5928111296874999 0.39680710937499997 0.5968714671875001 0.4058815171875 0.57989121875 0.40732447812499994 0.5677151421875 0.4126941875 0.5614183578125 0.4179048234375 0.5545766703125 0.419936434375 0.5424417578125 0.4195044390625 0.5373406234375 0.42048875468749997 0.523264240625 0.421607915625 0.5185384640625 0.42302423125 0.509563215625 0.4187769171875 0.4969892359375 0.4153564546875 0.495148709375 0.40965568281250003 0.492081165625 0.40643143750000005 0.490254359375 0.40252568125000004 0.48971435156250004 0.3980579234375 0.4859323546875 0.39364588437500003 0.48135358124999994 0.392879590625 0.48103310625000006 0.38640445 0.48058032031250003 0.38295733906249996 0.4819406203125 0.379221153125 0.484615159375 0.37291558125 0.48737692031249996 0.3677501640625 0.49075219062500003 0.3637911125 0.49661383593749997 0.3600387734375 0.5051588437500001
3 0.49411031875000005 0.3840244296875 0.4901908328125 0.39495976875 0.48869780937499996 0.39939250937500004 0.4858336921875 0.40933408125000004 0.48483080312500004 0.42367605781249995 0.48486229375 0.4316849828125 0.48611630000000006 0.43630981562500004 0.48886575 0.44210678281250004 0.495566175 0.44497734062500005 0.5032743296875 0.44471567343749996 0.5097018296875 0.4430300015625 0.5147663109375 0.44391792656250006 0.5181391328125 0.44361999531249996 0.522689253125 0.4434043890625 0.527949953125 0.444306034375 0.5320704968750001 0.44459417187500005 0.5359948234374999 0.44486858749999997 0.54082594375 0.446273975 0.54395733125 0.44942874218749995 0.5484331640625 0.45027550468750005 0.5519279140625 0.4510536640625 0.5553007359375 0.45075573281250003 0.559262209375 0.4504989640625 0.5633932484375 0.4534567421875 0.5666917828125 0.4542211796875 0.5717086234375001 0.452970646875 0.5748456656250001 0.447585303125 0.576945909375 0.4429281328125 0.5786537203125001 0.43824351874999995 0.580173390625 0.43060995156250004 0.5821387890625 0.416602171875 0.5842285359375 0.4092753578125 0.5816728828125 0.397887234375 0.5816147453125 0.3930791359375 0.580583603125 0.3852671984375 0.5786723140625 0.3731234609375 0.5738654203125 0.3629123703125 0.57076068125 0.3565567765625 0.5682736609375 0.35264639531249997 0.5659828546875 0.34874973593749997 0.563318190625 0.344560040625 0.5588690046875 0.340512453125 0.55308345 0.33583763437499997 0.5494481984374999 0.334248978125 0.5420662640625 0.3326652203125 0.5364979171875001 0.33334340625 0.527156240625 0.3372273171875 0.5189732890625 0.34145914374999997 0.5063912140625 0.3493867171875 0.5017135109375 0.3570663453125 0.4980298046875 0.37308909375 0.49411031875000005 0.3840244296875