3 0.3623612546875 0.6770209703125001 0.3650696171875 0.6768439890625 0.3697466046875 0.6718195265625 0.37145440625 0.67003714375 0.374519609375 0.664260034375 0.3754740640625 0.660077146875 0.3792121125 0.6499097671875 0.3806473796875 0.646406671875 0.3902267625 0.5718145640625 0.39403140937500003 0.5235873 0.38847110156250003 0.4939781 0.3850857984375 0.4655363078125 0.3702599203125 0.47166423125 0.34646866875 0.476944290625 0.33385789843749997 0.4640746796875 0.32940660781250003 0.45167661406250004 0.3247485015625 0.46702936250000004 0.3261723515625 0.5058611125 0.33457289375 0.56047068125 0.3457467828125 0.631019846875 0.3546591703125 0.6676576 0.3579768546875 0.673683671875 0.3623612546875 0.6770209703125001
3 0.6848865109375 0.21999440468749998 0.6831696328125 0.22329011875 0.6800564234375 0.23033474375 0.677462959375 0.2383049796875 0.6756273796875 0.2479190546875 0.6747118578125 0.252347759375 0.6740688703125 0.25849717499999997 0.6715007296875 0.2689832234375 0.669436084375 0.27636573750000004 0.666322875 0.2834103625 0.663383546875 0.2884115890625 0.658958309375 0.2918842828125 0.6556251109375 0.29518401562499996 0.6520537734375 0.2977655203125 0.6488899203125 0.29977851875 0.6481528203125 0.3014071578125 0.6570387140625 0.3559398546875 0.6642093421874999 0.3595918046875 0.6745982734375 0.3521507640625 0.6770639609375 0.3520122203125 0.6818649203125 0.35326768125 0.6870597515625 0.3562246359375 0.69092894375 0.3578796578125 0.69457624375 0.36284559375000003 0.6970717890625 0.3644661984375 0.699922271875 0.36754247812499996 0.704375465625 0.37288473906249997 0.7068139265625 0.377286190625 0.708805971875 0.382010328125 0.711832971875 0.38934235156249997 0.713989825 0.39353642187500004 0.7147866421875 0.3954260765625 0.7166709609375 0.3978994359375 0.7184926390624999 0.343434703125 0.71449728125 0.295434909375 0.7097270609375 0.22840718437500002 0.7070334828125 0.20590340937499998 0.7021331421875 0.18752888750000002 0.699978921875 0.189633959375 0.6961422234375 0.1960372265625 0.6945856187499999 0.199559540625 0.6912342687499999 0.2058859359375 0.6876701046875 0.214009915625 0.6848865109375 0.21999440468749998
3 0.3863221609375 0.2997880765625 0.3851594265625 0.3050118828125 0.3832985265625 0.31211014375 0.38213125625 0.3180906171875 0.3817445546875 0.3219315984375 0.380568209375 0.3294254015625 0.379938834375 0.3333048203125 0.37969425625 0.3403990640625 0.3797494359375 0.344674025 0.379674203125 0.35048153437499996 0.3793218984375 0.3553249984375 0.37961975468750003 0.3595615234375 0.3794938796875 0.3603374078125 0.3848012640625 0.41190913125 0.39143355625 0.4514278390625 0.39301811875000003 0.45672048125 0.3974758484375 0.4613060765625 0.3995249765625 0.46324936718750004 0.40681240625 0.46763876406250005 0.4260370296875 0.4759330890625 0.4400415 0.47875464531249995 0.4443408625 0.476057834375 0.44807700781250004 0.4729462625 0.45280917499999995 0.47219676093749996 0.45478951093750003 0.472135090625 0.46465225625000006 0.47158091406249997 0.46890814687500004 0.469394953125 0.47007088125 0.46417114687499994 0.47288433437500005 0.459945803125 0.476945559375 0.4565307640625 0.4790219109375 0.45393406093750005 0.48508879218749995 0.4529731609375 0.49442461875 0.4459509 0.49543161874999997 0.439743828125 0.47992060312499996 0.3512349 0.45448361249999997 0.320994121875 0.436711675 0.292815090625 0.4240113296875 0.2746680390625 0.40297117812499994 0.26590531875 0.39676027343750003 0.27066876406249996 0.39357826875 0.2757084265625 0.3921864734375 0.278700671875 0.3902522421875 0.28455063593749996 0.3870728734375 0.2958894390625 0.3863221609375 0.2997880765625
3 0.5195940625000001 0.23105521406250001 0.5174099859375 0.23140113750000002 0.5154251140625 0.2322194765625 0.5135959734375 0.234021078125 0.5120484421875 0.2360300578125 0.5102193046875 0.23783166093750002 0.5086717734375 0.239840640625 0.5068426328125 0.24164224375 0.504931090625 0.243708878125 0.50342249375 0.245963675 0.5016322875 0.24801109375000002 0.5000367484375 0.25128758906250004 0.49888762656249996 0.2542413984375 0.49813691406249994 0.258140034375 0.4973472671875 0.2617928546875 0.4965965546875 0.2656914921875 0.4956031671875 0.2696285640625 0.4947745875 0.2730355703125 0.4942276171875 0.2766499546875 0.4934379703125 0.280302775 0.49264832500000005 0.283955596875 0.491858678125 0.2876084171875 0.49110796562500003 0.291507053125 0.490478590625 0.2953864734375 0.4901697578125 0.29971908593749996 0.48966172031250005 0.30357928749999996 0.48951769531249995 0.30738183281250003 0.4892912671875 0.31144941406250004 0.488661890625 0.3153288328125 0.48835305937499995 0.319661446875 0.48812662968750004 0.323729028125 0.48769645781250004 0.328080859375 0.487188421875 0.33194106093750003 0.4859179625 0.33491408749999996 0.48444829843750004 0.33741470156250003 0.482580225 0.3389704859375 0.48103269531250004 0.3409794671875 0.48092760312499994 0.34502783125 0.48134679687500004 0.3492451359375 0.48188278906250004 0.354199890625 0.4824233203125 0.3583979796875 0.48243956718750003 0.3624271234375 0.48314036875 0.366851809375 0.48404491250000004 0.37099224531249997 0.485031859375 0.37486764687499996 0.4858150640625 0.3790272984375 0.48651586562500004 0.38345198593749996 0.48773641406249996 0.38880228125 0.4874801265625 0.3911107140625 0.4879038578125 0.3945713546875 0.48880840000000003 0.398711790625 0.48983428125 0.40283300625 0.490574015625 0.407503509375 0.4913182890625 0.41141734531249996 0.4921404265625 0.4158228140625 0.493166309375 0.4199440296875 0.49403191875 0.42383864843749997 0.49481512499999997 0.42799830156249996 0.4955983296875 0.4321579546875 0.49646393906249997 0.436052571875 0.497853834375 0.440116134375 0.49887971562500005 0.44423735156250005 0.50043441875 0.44777084531250005 0.50235313125 0.4512466875 0.5044411921874999 0.4534357953125 0.506620734375 0.45384653750000004 0.5090429484375 0.4542188421875 0.5111400859375 0.4548946171875 0.5133974921875 0.455796990625 0.5155380984375 0.4559619171875 0.517756571875 0.45661847499999997 0.5198582453125 0.4565375859375 0.522042321875 0.4561916609375 0.5240661296875 0.455619140625 0.52612886875 0.455292434375 0.5283953484375 0.454681475 0.5304970234375 0.45460058593749997 0.5327933625 0.455748775 0.5350897031249999 0.4568969640625 0.5372737812499999 0.45655104062499996 0.5392975875 0.45597851875 0.5412779234375 0.455916846875 0.543379596875 0.45583595781249997 0.5455636734375 0.455490034375 0.5478690890625 0.45512489218749996 0.549927290625 0.45555485156250003 0.5517953624999999 0.453999065625 0.5537023703124999 0.45268909687500003 0.55579950625 0.453364871875 0.5579835828124999 0.45301894843749996 0.5601676609374999 0.452673025 0.5623906703125 0.45257291562499996 0.56437100625 0.4525112453125 0.5665116140625 0.45267617031249996 0.568817028125 0.452311028125 0.57064163125 0.45126609218749997 0.572626503125 0.4504477546875 0.5748105796874999 0.45010183125000003 0.5766351828125 0.4490568953125 0.5786589890625 0.4484843734375 0.5805659953125 0.4471744046875 0.5824295296875001 0.4463752859375 0.5842586703125 0.4445736828125 0.586806759375 0.4441701046875 0.5889908375 0.44382418125 0.59089784375 0.4425142109375 0.5925667109375 0.44048601249999997 0.593837171875 0.4375129859375 0.5941849375 0.4334261875 0.5944503 0.429604421875 0.5943951203125 0.4253294625 0.5931024140625001 0.39832011093749997 0.590104540625 0.37939228593749996 0.58912666875 0.3740035546875 0.5860509281249999 0.354584096875 0.583387209375 0.3338394703125 0.57947571875 0.3122845421875 0.577112490625 0.30207558125 0.5606544812500001 0.270412671875 0.543358821875 0.24367009999999997 0.5332870671875 0.2319102453125 0.5303840375 0.23085814375 0.5282434312500001 0.23069321875 0.5261852296875 0.23026325781249998 0.5240835546875 0.2303441484375 0.521899478125 0.230690071875 0.5195940625000001 0.23105521406250001
3 0.58205760625 0.6364288921875 0.5844363515625 0.6373120484375 0.5879506046875 0.6375113921875 0.5901002859375 0.6361629875 0.5936372265625 0.6325790015625 0.5971923171875 0.625968353125 0.5983414390624999 0.6230145453125 0.5991310859375 0.6193617234375 0.5972794078125 0.5440602921875 0.592807775 0.4946240390625 0.5853325593750001 0.44742738437499996 0.5424912984375 0.45572466718750004 0.52281835625 0.4548088375 0.5209892171875 0.4566104390625 0.52101526875 0.4724812015625 0.536300296875 0.5312920046875 0.5667377421875 0.6103813125 0.5783668343749999 0.6319738046875 0.58205760625 0.6364288921875
3 0.6072877984375 0.276633728125 0.6048428953125 0.2800447515625 0.6030001453125 0.2841163484375 0.60201583125 0.286540090625 0.5997221265625 0.29169104375 0.5988980828125 0.2943413828125 0.5974238828125 0.2975986609375 0.5965609062499999 0.300003184375 0.5945624203125 0.30309151875 0.59163670625 0.3058227484375 0.5904577265625 0.307017409375 0.5875274734375 0.31050530468750004 0.5841988125 0.313048371875 0.5825779515625 0.3138090546875 0.5812821703125 0.31426626875 0.58567520625 0.34985594062500003 0.595076309375 0.4060709125 0.60371850625 0.40016644062499995 0.607754409375 0.3942355875 0.611914284375 0.39458465781249996 0.6154285374999999 0.39478400156250004 0.6190958921874999 0.3896674671875 0.6311128546875 0.38700821875 0.6390205859375 0.38903152812499997 0.6442498125 0.392990965625 0.6469744203125 0.39684313125 0.64861796875 0.39229911875 0.6510836531249999 0.3921605734375 0.654020346875 0.38086020625 0.6571290203125 0.3745722453125 0.656933621875 0.3599882171875 0.6547371046875 0.34219338125 0.6514277640625 0.3212990296875 0.645977815625 0.30023974999999997 0.6426880890625 0.3030286328125 0.6385871984375 0.2928429078125 0.6328265171874999 0.283172053125 0.6185034078125 0.2728414921875 0.6160033234375 0.271977553125 0.61459074375 0.2716973203125 0.611921315625 0.272120115625 0.610703403125 0.2730689625 0.6087918578125 0.275135596875 0.6072877984375 0.276633728125
3 0.3083216734375 0.33582848125 0.3077728 0.3464986734375 0.3072647625 0.350358875 0.3068508390625 0.3587398515625 0.307061753125 0.3639980765625 0.30722919531250004 0.36976715000000004 0.30902920625 0.37956135 0.32917300781250003 0.4502017171875 0.33390590625 0.46280716406250005 0.3365046390625 0.46743521406250005 0.340758628125 0.4723050609375 0.34586651874999996 0.4762837140625 0.3513267109375 0.47541890468750003 0.35723785937499997 0.47347474062500006 0.3640327671875 0.472398534375 0.36925028437499996 0.47157215937499997 0.3743899375 0.4702541546875 0.37641374375000003 0.4696816328125 0.3803834890625 0.46804495625 0.38451350624999997 0.4666348796875 0.3878856390625 0.46358096406250004 0.39009240312500004 0.459451709375 0.3902798984375 0.4551383140625 0.3910260734375 0.45199634375000003 0.381038334375 0.385794990625 0.3809661765625 0.3641359359375 0.3785965078125 0.3617394484375 0.3701191203125 0.367113853125 0.354928496875 0.35994448125 0.341763584375 0.34514678125 0.3336215234375 0.3282936265625 0.3241908515625 0.31744016249999996 0.317020221875 0.3137882125 0.3152118671875 0.31886229374999997 0.31345605781249997 0.3219121921875 0.31186505625 0.3244320234375 0.3097063 0.327293759375 0.3083878328125 0.331534303125 0.3083216734375 0.33582848125
3 0.508659315625 0.6394866390625 0.5125602687499999 0.635845 0.5179652828125 0.63070523125 0.5191968078125 0.6274863875000001 0.525568425 0.58918383125 0.5265388375 0.5419094328125 0.527212853125 0.5171084078125 0.5194552984375 0.45634942343749996 0.51546476875 0.45471362031250007 0.50553776875 0.452506165625 0.50211953125 0.449771790625 0.500161884375 0.4460501359375 0.49860718125 0.4425166390625 0.496077240625 0.43989355625000004 0.4942643484375 0.4457243015625 0.49372645156250006 0.447825353125 0.4807550328125 0.454667490625 0.4789829765625 0.4536882453125 0.46877056406250006 0.46538502656249997 0.46893800625 0.4711541 0.454013478125 0.4735179140625 0.4655642609375 0.52838448125 0.4853875203125 0.5985716515624999 0.49547361875 0.621416459375 0.5012297640625001 0.6318439812500001 0.506328578125 0.63733596875 0.508659315625 0.6394866390625
3 0.24084960625 0.3613819671875 0.24179308281249998 0.36576821718749997 0.244169925 0.37370718125 0.2451134015625 0.37809343125 0.26518006562499996 0.46159711562499994 0.2801184984375 0.5040839593750001 0.28562743125 0.515306584375 0.290032615625 0.5219163609375 0.29375968750000003 0.5203181203125 0.2991601625 0.5159350171875 0.30295339062500004 0.5100425984375 0.30695036249999996 0.503865928125 0.314930690625 0.49378258593749996 0.31539979375 0.4896765703125 0.321729403125 0.4785947640625 0.32924180000000003 0.45220668125 0.3163615703125 0.41014979687500003 0.3083628015625 0.3761391453125 0.3039538109375 0.383640984375 0.2944135109375 0.3775925484375 0.2730747734375 0.35123835468750003 0.26452069218749996 0.3357103703125 0.25330435156250003 0.32614765625 0.249835471875 0.31838165625000003 0.2416597453125 0.3138809703125 0.23559286406250002 0.31484186875 0.2358472484375 0.31958924375 0.2367680390625 0.3277588234375 0.2375077734375 0.332429325 0.23909043125 0.344777775 0.2396426703125 0.3537616734375 0.24084960625 0.3613819671875
3 0.4157733828125 0.5972503109375 0.433571371875 0.64130010625 0.4394760796875 0.647168415625 0.44317329218749996 0.6438110296875 0.44500243125 0.642009428125 0.4469638859375 0.6316194687500001 0.44763219374999996 0.6279858671875 0.4484607734375 0.6245788625 0.4538447125 0.5690459578125 0.4588925953125 0.5223856625 0.4629492828125 0.5197272859375001 0.453450259375 0.473103153125 0.4461265296875 0.4747670828125 0.444180590625 0.4758312359375 0.44101673906250005 0.47784423593750003 0.4185322453125 0.474097940625 0.39771398750000003 0.46202430625 0.3930570515625 0.456966296875 0.3913076828125 0.45220372343750004 0.39127592187500004 0.45750038281250005 0.3906465453125 0.4613798015625 0.3886045890625 0.4649789859375 0.3862076953125 0.4671224921875 0.3939327578125 0.5198231890625 0.4157733828125 0.5972503109375
3 0.621682915625 0.3895097046875 0.619169221875 0.3909157640625 0.6173056859375 0.391714884375 0.6147874546875001 0.393877609375 0.6121180265625 0.3943004046875 0.6095744734374999 0.3939473171875 0.6065410328125 0.3944277671875 0.6037366546875 0.397139778125 0.601655765625 0.400493146875 0.597919621875 0.40360471875000004 0.5942704171875001 0.4056945890625 0.5944185375 0.43490108281250006 0.5928917921875 0.44018254375000004 0.59089784375 0.4425142109375 0.5879331953125 0.444999625 0.5861040562500001 0.4468012265625 0.58586138125 0.44683966249999996 0.5945091359375 0.5006541296875 0.6177556109375 0.5390533046875 0.6277593046875001 0.562163146875 0.639716109375 0.5897513109375 0.644799409375 0.6045691015625 0.6465234578125 0.6068158625 0.6492915359375 0.6101571781249999 0.653914075 0.614212703125 0.6572635203125 0.614942115625 0.6589233140624999 0.6144272484375 0.6604273734375 0.6129291171875 0.6618100953125 0.611450203125 0.6635613671875 0.6091569703124999 0.6646280859375 0.6064681953125 0.6663929703125 0.6019049640625 0.6681714671875 0.5950717359375 0.6678487328125 0.55455369375 0.6656462140625 0.5108056234375 0.6618409859375001 0.464791575 0.6575212796875001 0.4304502015625 0.6557647375 0.420145153125 0.655462346875 0.41666529218750004 0.6545578015625 0.41252485937500005 0.6531932296875 0.410977109375 0.6463722703125 0.3961825546875 0.6415161296874999 0.3906521328125 0.639579265625 0.3902029546875 0.6311083171874999 0.38776488593749997 0.6283220890625001 0.3874502328125 0.624881165625 0.3884991875 0.621682915625 0.3895097046875
0 0.664427278125 0.45127886562499997 0.66488276875 0.4494428453125 0.664930778125 0.44817532968749996 0.665061190625 0.44664278125 0.6641865046875 0.44426149375 0.6633326046875 0.445152684375 0.6620802953125 0.44509904999999994 0.66063331875 0.44381633281250005 0.660234909375 0.44287150625000005 0.6597839546875 0.443950859375 0.6602810140625001 0.4486597984375 0.6605146140625 0.45013469375000004 0.661004503125 0.4493011546875 0.661975203125 0.4491474109375 0.66342218125 0.450430128125 0.664427278125 0.45127886562499997
0 0.6717952078125 0.46245903593750004 0.6715616078125 0.4609841390625 0.6705565124999999 0.46013540312499995 0.669837559375 0.45873737812500004 0.6695514140625 0.459286665625 0.6701399515625 0.4622172375 0.6715733171875 0.46576995 0.67216639375 0.4679438578125 0.6726906765625 0.4681128015625 0.6723792093750001 0.46614627343750004 0.6717952078125 0.46245903593750004
0 0.67530111875 0.47752666093749996 0.6759032687500001 0.478187234375 0.6762672828125 0.47812958125 0.6767137 0.47780689374999996 0.6765969000000001 0.477069446875 0.6757566125000001 0.475690640625 0.6754750015625001 0.4754832609375 0.6754360687500001 0.4752374453125 0.6746256390625 0.4756177859375 0.6742616265625 0.475675440625 0.673936546875 0.4759789109375 0.6742525500000001 0.47718877187500003 0.674737903125 0.4771119 0.67530111875 0.47752666093749996
0 0.686961240625 0.48046754218750004 0.6865148249999999 0.48079022968749996 0.68582573125 0.48115135468750003 0.68570439375 0.481170571875 0.6851321015625 0.48226914374999996 0.6871903046875001 0.48269910468750005 0.6885594140625 0.4834901875 0.6885639515624999 0.482733521875 0.68840821875 0.48175025781249997 0.6878839343750001 0.4815813140625 0.686961240625 0.48046754218750004
0 0.7223189421875 0.4398418859375 0.7218173453125 0.4358896125 0.7223117703125 0.434299409375 0.722238440625 0.4330511125 0.7218925765625 0.430082103125 0.721342971875 0.42739734531250007 0.7209491 0.42569585312499997 0.7203424125 0.4257919421875 0.7198914578125 0.42687129687500003 0.720786925 0.4325250625 0.72132291875 0.437479815625 0.7221839921875 0.4421311015625 0.72233065 0.4446276953125 0.72291201875 0.4420157921875 0.7223189421875 0.4398418859375
3 0.677375428125 0.353978746875 0.673501696875 0.3530803921875 0.66697025 0.3573906421875 0.6633807625 0.362998809375 0.659335784375 0.37044299375 0.657415165625 0.3740229609375 0.65539853125 0.38013795781250004 0.6526104 0.3868791125 0.651079115625 0.392917240625 0.650999346875 0.3994814140625 0.6515308015625 0.4051928359375 0.6560210265624999 0.41783671875 0.6646649765625 0.4857628015625 0.6950582203125 0.5520080093749999 0.7164691140625 0.6000212578124999 0.7234042390625001 0.60925411875 0.728530278125 0.6102061109375 0.7313210453125001 0.609764096875 0.7334752640625 0.607659025 0.7364055171875 0.60417113125 0.7391365640625 0.6002108234375 0.7415035999999999 0.5963081671875 0.742922621875 0.588775928125 0.7419421140625 0.5770880546875 0.735434234375 0.5100835640625 0.72780065 0.4556045046875 0.7168610921874999 0.39988518125 0.7095982515625 0.38465664843749997 0.70641551875 0.3763413625 0.7024476749999999 0.3709222296875 0.692172178125 0.359446625 0.687350434375 0.3549186859375 0.6798800468749999 0.35408601875 0.677375428125 0.353978746875