3 0.44609305624999995 0.33989247968749997 0.4378588109375 0.34689307187499996 0.42987262656249997 0.36494704843750003 0.42056337499999996 0.38321919531250004 0.417035425 0.390782696875 0.41372558593750003 0.4172470375 0.4145424765625 0.4567074703125 0.41759991249999995 0.4710275734375 0.42436065625 0.48253728125000006 0.437495078125 0.49290034531250004 0.448532984375 0.49911401875 0.459220175 0.49582148125 0.4708012984375 0.48645182968749995 0.480195371875 0.475530009375 0.48990952343750005 0.4610167109375 0.49541281406250004 0.447102134375 0.49839114375 0.4441243640625 0.513861675 0.3958571875 0.5005276609375 0.37864092656250004 0.49318665937499995 0.3586192640625 0.48677022968749994 0.3456181734375 0.4690022171875 0.3409924796875 0.45777111875000004 0.3389232015625 0.44609305624999995 0.33989247968749997
3 0.2657835125 0.6192465875 0.28146712812499997 0.6207729375000001 0.2845231890625 0.593202759375 0.2868179203125 0.562315065625 0.292942846875 0.5291698984375001 0.2979143515625 0.5109435515625 0.30156918906249996 0.50393296875 0.29873557812499996 0.49856615781249997 0.2894805109375 0.5110909453125 0.28244244375 0.517320446875 0.2691511859375 0.51425191875 0.2654599953125 0.518112359375 0.26112224687499996 0.5181581625 0.25809544687499997 0.5169357453125001 0.25212026718749997 0.5108436453125 0.2509240875 0.5116147343749999 0.24093970312500002 0.5758099750000001 0.24162901718750002 0.59377235 0.23959949218749999 0.6058707859375 0.2630889078125 0.6154827421875 0.2657835125 0.6192465875
3 0.419603615625 0.5924474359375 0.4219411 0.5757074765625 0.42358355937500003 0.5509526890625 0.4216923515625 0.54370895 0.4200306859375 0.5354709578125 0.41633309374999994 0.52833380625 0.4091980875 0.5261629359375 0.403349796875 0.5206237546875 0.3914963765625 0.516839928125 0.38904343125 0.5131318734375 0.38721281093750004 0.5111383671875 0.38623405625 0.50986515625 0.3826455203125 0.512178425 0.3779876921875 0.5158157 0.3735594078125 0.5184587234375 0.36359719375 0.521918634375 0.3561905796875 0.5275394265625 0.3512490265625 0.53791831875 0.34743735 0.5522234359375 0.34052754687500003 0.6008961390625001 0.3403835140625 0.6301858593749999 0.346352290625 0.6252803671875 0.3571663703125 0.6225407484375001 0.3754782875 0.6325282578125 0.39800678125 0.6319695000000001 0.419603615625 0.5924474359375
3 0.59640579375 0.3955398921875 0.5881836640625 0.4035905296875 0.5859909 0.4119859078125 0.5873745546875 0.41701796875 0.5903592859375 0.42503779374999995 0.5913986265625 0.4315612375 0.5938579734375 0.4462668859375 0.597706690625 0.45605704999999996 0.604624271875 0.46027222187500005 0.609475975 0.473435690625 0.6133909937500001 0.4785285390625 0.61763820625 0.481079959375 0.6242171890625 0.4768389671875 0.632541971875 0.46724115624999996 0.64037131875 0.4564817125 0.6460257328125001 0.44522015000000004 0.6509067 0.42959102343750005 0.652211246875 0.41732521250000004 0.6521079046875 0.39792724687500003 0.6289385671875001 0.3847238140625 0.6183960984375 0.3796717703125 0.6134723765625 0.38115316250000003 0.6053529015625 0.3876566265625 0.59640579375 0.3955398921875
3 0.4955980125 0.5675785359375001 0.49591168750000003 0.5529894671875 0.499837446875 0.51724208125 0.5002780125 0.50320593125 0.49839251874999996 0.4860146453125 0.494483215625 0.47097425 0.48848380156250004 0.46278205625 0.48504638906249997 0.4677483359375 0.478056790625 0.47817802499999995 0.4691218015625 0.4871113359375 0.45742590625 0.496978115625 0.44731257031249994 0.497785015625 0.43822005468749997 0.49306772031249996 0.43610570937500004 0.4978158296875 0.4280532234375 0.5205671203125 0.42292488281249996 0.5460880015625 0.4238131015625 0.5499584343749999 0.4210293359375 0.590682090625 0.438182115625 0.6255359703125001 0.45777434531249994 0.621157575 0.47224326406249995 0.611407375 0.4812930234375 0.6019769359375 0.48752129218749995 0.588229734375 0.4955980125 0.5675785359375001
3 0.39888537031250004 0.3426079640625 0.3890315265625 0.33457315625 0.38466954375 0.3325188625 0.35655293593750004 0.339641871875 0.34310552968749997 0.36481301718750003 0.33363943906250004 0.3903797 0.3301236078125 0.3989932484375 0.3235453109375 0.42417938125 0.3185559765625 0.4513032265625 0.31366929374999997 0.47687989999999997 0.311785178125 0.5015788953125 0.312177959375 0.5042877 0.3186664078125 0.502643928125 0.3233848203125 0.5042568843749999 0.3287497953125 0.5096844828125 0.3292694640625 0.5129462046875 0.3323204984375 0.5162687140625 0.3406580859375 0.5286660890625 0.34256141093750003 0.536959875 0.34281518593750004 0.5380657125 0.347255590625 0.5364727375 0.350348690625 0.5329978390625 0.351659640625 0.5317296218750001 0.3533512546875 0.5321201624999999 0.3571451 0.5267125453125 0.3596401109375 0.52362319375 0.363101759375 0.5207570046875001 0.36682930156250004 0.5200467015625 0.3755953359375 0.5173578796875 0.38407124062500003 0.5104130796875 0.38692268125 0.506882390625 0.3966125984375 0.4902690015625 0.4057949625 0.471443934375 0.4118179234375 0.4607910796875 0.41436711875 0.4519543671875 0.41382252656249996 0.42564740937499995 0.4138460734375 0.4068023625 0.41641310000000004 0.3890681484375 0.408413421875 0.36418179687499996 0.407669925 0.3519667828125 0.39888537031250004 0.3426079640625
3 0.5557642859375 0.372019196875 0.546986134375 0.37365797343749996 0.5359425140625 0.377391846875 0.529454065625 0.37903561875 0.522476584375 0.39051535312499996 0.51468930625 0.3944773890625 0.50747656875 0.4168989265625 0.49795629375 0.4482129671875 0.4977331546875 0.46020481718750006 0.5015034515625 0.47364224843749997 0.50486885 0.483320828125 0.510076984375 0.4960429609375 0.5169282640625 0.504955446875 0.520130421875 0.5109309671875 0.5229098453125001 0.522045140625 0.5308603656249999 0.5217861640625 0.54880305 0.5102198234374999 0.552216228125 0.50315345 0.5612838203125 0.4848255109375 0.57329910625 0.4504221140625 0.5857007703125 0.4077299296875 0.5813922828125 0.3789831359375 0.5794226578125 0.375386665625 0.57698183125 0.37272865624999996 0.566234053125 0.3707709609375 0.5557642859375 0.372019196875
3 0.55877944375 0.5706453796875001 0.56780496875 0.5591148484375 0.581597378125 0.5533974578125 0.585282165625 0.5385394234375 0.5893112656249999 0.5221900046875 0.5906158140625 0.5099241937500001 0.5919987796874999 0.49401111562500005 0.5917264828125 0.48085763750000005 0.5905481375 0.4727312265625 0.586125565625 0.46542669999999997 0.582832871875 0.4620484 0.57848300625 0.461044153125 0.57223621875 0.4627437171875 0.5692700046875 0.46677153281250006 0.5670045359375 0.46886663281249996 0.5615254796875 0.4848813015625 0.5492742500000001 0.509281359375 0.5319417750000001 0.521512203125 0.523393165625 0.5221567234375 0.51913955 0.508607709375 0.5116659453125 0.49798067343749997 0.5072312578125 0.489626103125 0.5061498484375 0.489900065625 0.5032499375 0.48923056875000004 0.499915178125 0.4926496734375 0.50061020625 0.5006645015625 0.5000006875 0.5209451390625001 0.49987448749999996 0.5413373609375001 0.503874325 0.5537805375 0.5105267015625 0.576784965625 0.5186226296875 0.5891265484375 0.5270265203125 0.596826609375 0.5398644078125 0.591936103125 0.5467755875 0.58515368125 0.5550219515625 0.5792031359375 0.55877944375 0.5706453796875001
3 0.342217096875 0.5384512578125 0.340670203125 0.5297161359375 0.333299253125 0.5175419265625 0.3288224984375 0.5159847625 0.3270460625 0.5082438953125 0.3209682296875 0.5036989703125 0.31710168125 0.5028063078125 0.31087912812499996 0.5066059625 0.3092901671875 0.5046682484375 0.3081724078125 0.5017920703125001 0.30562892656249996 0.5006812375 0.3033513390625 0.5017262890625 0.2980412390625 0.5114964703125 0.293770478125 0.527790096875 0.2878629765625 0.5588909656250001 0.2855197765625 0.585578471875 0.28362994375 0.6202250140625 0.313239259375 0.6275844875 0.327382384375 0.631373309375 0.330692909375 0.6258541109375 0.339476775 0.6142677875 0.3396336125 0.6069732515624999 0.345117696875 0.56006589375 0.345437775 0.5564744187499999 0.3449722890625 0.547465334375 0.342217096875 0.5384512578125
3 0.2579031578125 0.36451660937499997 0.24313977343749998 0.42184866093749995 0.237860996875 0.46566167031249994 0.2398797796875 0.49440346875 0.2444777078125 0.5064611 0.2522350390625 0.5103465171875 0.2572314640625 0.5151654046874999 0.2623305421875 0.51843711875 0.265447878125 0.5170623140624999 0.267127375 0.5164028078125 0.269507615625 0.51381058125 0.2777240296875 0.515707490625 0.28147580625 0.51709728125 0.28829645 0.5129120796875 0.29505650625 0.503476646875 0.30203398593749997 0.4919969109375 0.3104008359375 0.47560169218750004 0.3132280421875 0.469970909375 0.3154935125 0.46787581093749997 0.321890046875 0.42693898125 0.330099371875 0.39689315468749997 0.325979046875 0.394894653125 0.316897275 0.3493371234375 0.3136345296875 0.33811136875000003 0.26984002500000004 0.33376048125 0.26729654375 0.332649646875 0.2579031578125 0.36451660937499997
0 0.532966934375 0.46415017968749994 0.5399992874999999 0.46786822499999997 0.5454063265625 0.466498415625 0.551042909375 0.46413435 0.554697746875 0.45712376875 0.558352584375 0.45011318593749994 0.564079703125 0.4451519015625 0.566719434375 0.433717965625 0.5695345234375 0.4270371375 0.5746935015625 0.4146139421875 0.578305584375 0.3934556265625 0.579380590625 0.382184071875 0.5771571875 0.3774817625 0.5739913828125001 0.3746563796875 0.5621864328124999 0.37507274062499996 0.552060978125 0.37482959375 0.5424794296875 0.3799482625 0.53567090625 0.385183509375 0.5288623796875 0.39041875625 0.5228273015625 0.4000215640625 0.5156024453125 0.4213930546875 0.513204375 0.43288278125 0.5133619 0.4465333875 0.51812878125 0.452346528125 0.5250463640625 0.45656169999999996 0.532966934375 0.46415017968749994
1 0.536525521875 0.46968436562500004 0.5448809421874999 0.47318424062500003 0.5506565296875 0.472423140625 0.5629441109375 0.4511732234375 0.574434009375 0.4234556515625 0.579242271875 0.4015262453125 0.5810237359375 0.37837442499999996 0.57723560625 0.3738344953125 0.5593770578124999 0.371806021875 0.542316190625 0.376245203125 0.527249184375 0.38638095 0.5190512890625001 0.39653168125 0.5123218703125 0.4190648 0.5124615640625 0.44161290624999994 0.5140326921875 0.452448121875 0.5216752515625 0.45683066875 0.5294810515624999 0.4649162734375 0.536525521875 0.46968436562500004