3 0.592347709375 0.70596455 0.5890456828125 0.6970411453125 0.587732946875 0.69442571875 0.582327259375 0.6915240890625001 0.5720844453125 0.6882842109375 0.568578215625 0.68495459375 0.561244478125 0.6855633828125 0.555985809375 0.6832328375000001 0.546370096875 0.68171923125 0.5373125125 0.680244653125 0.5152722765625 0.6826290968750001 0.498714425 0.6814712593750001 0.4885913921875 0.6872126625 0.48299463906250006 0.7030846937499999 0.4790635890625 0.7619749109375 0.480402990625 0.8310477890625 0.486765171875 0.86037421875 0.5605971125 0.8739491515625 0.5685003734375 0.8411338046875001 0.5809426656250001 0.7915312546875 0.5909623359375 0.7257763109375001 0.592347709375 0.70596455
3 0.371510671875 0.7146368046875 0.3765570203125 0.6905945906250001 0.37650621093750003 0.6833005515624999 0.37079605312499997 0.6767323859375 0.359681559375 0.67259034375 0.3539623234375 0.668825575 0.3484486421875 0.664794778125 0.3397046078125 0.6641833359375 0.335776834375 0.6588614203125001 0.31683944375 0.65697638125 0.3110825359375 0.65909745 0.306087959375 0.6556637578125 0.2947302390625 0.6576735828125 0.28810165 0.6588924859375 0.2813482609375 0.6699167796875 0.27579188593750004 0.6905584890625 0.273830225 0.71593801875 0.27400216718750003 0.7375411 0.27733858749999996 0.8047907999999999 0.2805471125 0.831092671875 0.35992905468749997 0.8374848078125 0.373521609375 0.8061889093750001 0.3738819109375 0.7983628109375001 0.3717996875 0.7345656515625001 0.371510671875 0.7146368046875
3 0.26825376562500003 0.8117264171875 0.2762509203125 0.8016303062500001 0.272913146875 0.7290528468749999 0.2742463578125 0.6966192890625 0.26278566406250004 0.6787132765624999 0.2524139921875 0.669295515625 0.24456887656249998 0.661176040625 0.2088906875 0.7088733734375 0.19474231875 0.7106880578125 0.185546225 0.7807066421875 0.186763140625 0.8301427234375 0.190396878125 0.8343224656249999 0.2430652859375 0.8323973328125 0.2561468515625 0.8324708749999999 0.26825376562500003 0.8117264171875
3 0.1747844625 0.3918759015625 0.16082213750000002 0.39370359375 0.15559476562500002 0.3989461265625 0.151381071875 0.42444858124999996 0.1470085734375 0.441527834375 0.143990540625 0.4713199484375 0.14284202031249998 0.49843875937500004 0.1425756140625 0.5289840921875 0.1444623234375 0.5554739359374999 0.1413907734375 0.567316496875 0.1377564640625 0.638004403125 0.1488309703125 0.6774744671875 0.156540853125 0.6928749703125 0.1610267546875 0.698235915625 0.1653747203125 0.700222375 0.1693701109375 0.7019037765625 0.173317396875 0.7069466546875 0.178801134375 0.70873213125 0.1879172546875 0.7093695921875 0.1926073609375 0.70913675 0.201204378125 0.7091771046875001 0.205541909375 0.7086392046875 0.20894922500000002 0.7080362578125 0.227605325 0.6818612921875 0.24150505625 0.6648874453125 0.25286914843749997 0.64941870625 0.2604837859375 0.6367722171875 0.2764245796875 0.598630440625 0.282794096875 0.579728009375 0.289523915625 0.55299948125 0.2825101015625 0.5410124921875 0.27637839999999997 0.532452025 0.26416851406249997 0.533280646875 0.2456227234375 0.5311425890625 0.2246738234375 0.5125730953125001 0.206531028125 0.47793643281250003 0.19356614375 0.436090953125 0.186548271875 0.408120690625 0.1747844625 0.3918759015625
0 0.29329655468750004 0.5257837640624999 0.29532351874999996 0.52620590625 0.2985252765625 0.525868990625 0.302499803125 0.522501671875 0.304574871875 0.5195623375 0.3037903203125 0.5147406203125 0.302702653125 0.5115801281250001 0.2987658 0.509061609375 0.2965527921875 0.50862645625 0.294908346875 0.51075469375 0.29180550156249996 0.5150241734375001 0.28856607031250003 0.5212469265624999 0.288223928125 0.5234662296875 0.290662003125 0.5233563125 0.2934721640625 0.5232724156249999 0.29329655468750004 0.5257837640624999
3 0.089780271875 0.45519145156249996 0.08712930625000001 0.50379625625 0.0848631734375 0.5255092515625 0.08407630625 0.5501297234375 0.0843344140625 0.6025831937499999 0.0853625828125 0.64135075 0.0906852 0.6641552093749999 0.102968115625 0.6809971046875 0.10827624218750001 0.68529393125 0.115864990625 0.6863853953125 0.12372691250000001 0.6835703140625 0.13291972968750002 0.6777638609375 0.145685040625 0.6663187515625 0.1384239421875 0.6445003546875 0.13793845 0.6220341375 0.1406062234375 0.5624947796875001 0.11545734062499999 0.5077399687499999 0.1071099265625 0.48808883437499995 0.0997004546875 0.460371590625 0.0943324390625 0.45158412343750004 0.092080409375 0.4517070484375 0.089780271875 0.45519145156249996
3 0.3717963828125 0.528749378125 0.38034664687499997 0.5374789671875 0.3902187265625 0.5460205828125 0.398072921875 0.5513366578125 0.4092927015625 0.5459523484375 0.4217471703125 0.5442996203125 0.4359073234375 0.550337053125 0.4523494546875 0.5584968828125 0.47163033906249996 0.563490378125 0.47653508125000005 0.5601881078125001 0.48193670937500005 0.547106465625 0.4878860359375 0.53153949375 0.4871663953125 0.5124217453125001 0.4785145125 0.4891040765625 0.46072834843750005 0.47075574375 0.44776115 0.45835245156250004 0.43619517031250005 0.44997279062500006 0.42689165156250003 0.4439945625 0.421721465625 0.4430722203125 0.4157785140625 0.44518027968749996 0.40786848750000004 0.45135683593750003 0.3966319 0.4676757 0.38173163125 0.47756950312499996 0.374615234375 0.485764378125 0.3694595390625 0.5033496703125 0.36741712031249996 0.5191898390625 0.3717963828125 0.528749378125
0 0.7600209875 0.5993592015625 0.7636833171874999 0.60045650625 0.7669358875000001 0.6074136296875 0.7675539062500001 0.6119432984375 0.7726837171875001 0.608095959375 0.7745232843750001 0.603177334375 0.77491353125 0.5975965578125 0.7755574359375 0.5883882734375 0.77616231875 0.5797380671875 0.775475328125 0.5735211546875 0.7743096125 0.57147681875 0.7700501296875 0.5708985625 0.76403820625 0.571319378125 0.758437396875 0.5712081343750001 0.7574785875 0.5742255234375 0.7592337328125 0.5838819703125 0.7594810171875 0.593713378125 0.7600209875 0.5993592015625
3 0.68277728125 0.530306240625 0.668194621875 0.5570464515625 0.656036896875 0.5704968703125 0.64333785 0.57297370625 0.6357400203125 0.574685640625 0.63058161875 0.5816154171875 0.624771584375 0.60588463125 0.6216337734375 0.626695465625 0.6288494734375 0.6625308546875 0.6336412 0.6768860921875001 0.637267209375 0.689196990625 0.6407552812499999 0.6981334015625 0.642196875 0.7069267124999999 0.6468415828125 0.7207108625 0.6517685421875 0.7277850671875 0.6826335671875 0.735551428125 0.6923078171875 0.7362279171874999 0.6967324796875001 0.7317704625 0.700238709375 0.735100078125 0.715465665625 0.7392492890625 0.7216922218749999 0.7357590453125 0.7455784000000001 0.7149970625 0.7568526578125 0.6927923625 0.762575565625 0.6724427015625001 0.7634314 0.649509475 0.7613169171874999 0.6129091812499999 0.7569685625 0.5708250203125 0.758412471875 0.550176140625 0.7582613953124999 0.5336217796875 0.7490214374999999 0.5080197640625 0.744033234375 0.49112715781249994 0.7321822953125 0.47880192343749994 0.7208050625 0.4810907859375 0.7094786421875 0.4906736890625 0.6971167140625 0.5097178953125 0.68277728125 0.530306240625
3 0.47461728125 0.6811882390624999 0.4699466859375 0.6811420421875 0.4625049546875 0.680621665625 0.45217501406249994 0.6813013437500001 0.43211228593750006 0.682141646875 0.3886770734375 0.6830300078125 0.382303496875 0.6859491640625001 0.37783981093749996 0.6909646953124999 0.37239143124999996 0.7127355703125 0.3745231109375 0.7784990109375001 0.38012972343749996 0.8400189875 0.46043415468750004 0.8546073281250001 0.47521560625000003 0.8009622999999999 0.477028896875 0.7696839234375 0.483209275 0.700015265625 0.47461728125 0.6811882390624999
3 0.7766706250000001 0.8077415171875 0.7803965125000001 0.789215034375 0.7830528906249999 0.761921259375 0.7828419249999999 0.7408762578125 0.7799991125 0.7280593203125 0.772703046875 0.722782271875 0.768902778125 0.7183104828125 0.7645716203124999 0.70538946875 0.7560694625 0.6932984015625 0.7436008937499999 0.716541203125 0.7193036046875 0.73783524375 0.7100704109375 0.7388720156249999 0.69624331875 0.7334186765624999 0.6913776015625 0.7361628703124999 0.687407134375 0.755513459375 0.6725880109375 0.815044325 0.6822599453125 0.8451630031249999 0.6882863578125 0.86324981875 0.6916782203125 0.8789091843750001 0.758125615625 0.8857988656250001 0.7598767015625 0.8794720375 0.7632368765625 0.847460621875 0.7696635765625001 0.8223933171875 0.7766706250000001 0.8077415171875
3 0.773323175 0.5428067000000001 0.7601780484375 0.5623569453124999 0.7573406484375 0.5708510390625 0.763890615625 0.6456159390625 0.7627824734375 0.6775044296875 0.757029621875 0.6956087703125 0.765003596875 0.709906128125 0.7688351625000001 0.721950996875 0.7799600875 0.7286173984375 0.7881954484375 0.73115609375 0.8092206546874999 0.7031839703125 0.8254437015624999 0.6583322484374999 0.8386873484375 0.6026168640625 0.846792109375 0.5535522140625 0.8491503921874999 0.5091329921875001 0.849487121875 0.485602659375 0.8515436390625 0.44817241875 0.8492562515625 0.42473899375 0.8438700765625 0.421558321875 0.8342076125 0.42873395 0.8185450109374999 0.44418250937500003 0.8061948687499999 0.4710788328125 0.789677784375 0.5147883796875 0.773323175 0.5428067000000001
3 0.2665422515625 0.47259911250000003 0.25791027031249997 0.4891001078125 0.2541830296875 0.502298834375 0.26316662343749997 0.5208728421875 0.2699735265625 0.5277981031250001 0.286687478125 0.5267236296875 0.2917691828125 0.526237765625 0.3007904484375 0.5389259390625 0.30638353125 0.5471683374999999 0.309616590625 0.5544044984375 0.3227789109375 0.5640174015625 0.330114 0.5687363703125 0.34494935781249997 0.5731385999999999 0.3484841796875 0.573385778125 0.3529855375 0.5624844109375 0.360542990625 0.556002796875 0.35185208125 0.53324320625 0.3301603609375 0.5199494328125 0.315642221875 0.492295909375 0.30283884843750003 0.46952915156249997 0.2912038984375 0.4594622453125 0.2782693515625 0.459959790625 0.2665422515625 0.47259911250000003
3 0.5335247843750001 0.4937919796875 0.522327221875 0.5095527671875 0.5119518828125 0.5242494359375 0.5271842515625 0.549709675 0.533611340625 0.564740075 0.5427197359375 0.5735086921875 0.5501823328125 0.5790777874999999 0.5619134906250001 0.582421740625 0.5812606390624999 0.5784469609375 0.5964068390625 0.5730568109374999 0.6039057546875 0.5674123125 0.6202058890625 0.5562143828125 0.6261188953125 0.551861003125 0.6360636140625 0.53797543125 0.638409146875 0.5204740390625 0.625904834375 0.48006278281250003 0.6165595859375 0.463987115625 0.60302653125 0.459675953125 0.580281146875 0.46145028125 0.5566953812500001 0.4698955234375 0.543028446875 0.478193146875 0.5335247843750001 0.4937919796875
1 0.4633364390625 0.5617887984375 0.45634349218750003 0.5548505265625 0.4500933640625 0.5426365359374999 0.44275556875 0.52726205 0.4344095078125 0.5129386734375 0.4240391875 0.5088486703124999 0.40943025000000005 0.5092291296875 0.40649528906250004 0.51911841875 0.40329894062499994 0.5407663671875 0.397925903125 0.5507655703125 0.40583592968750004 0.5445890140625 0.42072847187500007 0.54282636875 0.43882547968749996 0.5513823203125 0.45344620156250004 0.5588539781249999 0.4633364390625 0.5617887984375
0 0.269982996875 0.5650924078124999 0.2709717515625 0.5643203375 0.2709613171875 0.5617959796875 0.2710783921875 0.5601217453125 0.27168462656250003 0.556799296875 0.2712435703125 0.5550860359375 0.2704109140625 0.55362579375 0.2692256859375 0.55186049375 0.2667876109375 0.5519704109375 0.26414533281249997 0.557674115625 0.262805359375 0.5634688859375 0.265636384375 0.56843370625 0.26799641093750004 0.5694399453125001 0.2690827265625 0.56727268125 0.269982996875 0.5650924078124999
1 0.8515436390625 0.44817241875 0.8499536734375001 0.4334802640625 0.8491092328125 0.42416790625 0.8436450093750001 0.42210339062499996 0.836743246875 0.42722883906250003 0.83176045625 0.43164726406250004 0.8236357953125 0.44089324999999996 0.819064115625 0.444779615625 0.8165597765625 0.45385780625 0.8220657328125001 0.46601975937500006 0.826865184375 0.4722438390625 0.8369219546875 0.47547070781249995 0.8439226296875001 0.474277821875 0.850422359375 0.46688103437499995 0.8515436390625 0.44817241875
3 0.690417440625 0.7338525015624999 0.6801070109375 0.734253140625 0.6505052640625 0.7271359234375 0.6403754671875 0.706238540625 0.640707175 0.701494878125 0.639138075 0.69185144375 0.6307920124999999 0.6775280671874999 0.6024744109375 0.6761087140625001 0.593887828125 0.6785927187499999 0.5833550375 0.6901939406250001 0.5878695328125 0.6924724484375 0.5931113953125 0.7057375484375 0.592059084375 0.72613340625 0.5771986203125 0.8156645359375 0.5922140375 0.8736363921875 0.648859675 0.8789994578125 0.6614725546875 0.8456722296875 0.6729002078125 0.810579703125 0.6846582156250001 0.7654157578125 0.690417440625 0.7338525015624999
3 0.1252857890625 0.8457524453125 0.14051139375 0.844573896875 0.15067847343750002 0.8194877421875001 0.166026171875 0.7978482859375 0.1803370125 0.7803423796875 0.1887425734375 0.7590586921875 0.19472280625 0.7109670968749999 0.1722310828125 0.70911391875 0.1685179453125 0.700722575 0.1631226890625 0.7003453015625001 0.1523970890625 0.685294725 0.1452153921875 0.667687928125 0.1370217625 0.6752466687500001 0.12396145 0.7203195499999999 0.11756604687500001 0.7529599328125001 0.117329584375 0.7857505875 0.1190978671875 0.8085869062500001 0.124462215625 0.8414888046875 0.1252857890625 0.8457524453125