1 0.551131071875 0.44499046406250004 0.549202353125 0.44502413125 0.547303934375 0.44679364374999997 0.5392569125 0.47211155156249995 0.5395154343749999 0.47586918593750005 0.5530184140625 0.45363939999999997 0.566839540625 0.4496360046875 0.5662104265625 0.44675302656250004 0.558064359375 0.44429065312500005 0.5532526625 0.4449534328125 0.551131071875 0.44499046406250004
3 0.4899687109375 0.5221691875000001 0.494607734375 0.5226670046875 0.50330211875 0.52338343125 0.51470175625 0.524342034375 0.518102753125 0.5202311265625 0.5244533515625001 0.50825504375 0.5267334390625 0.4951924265625 0.53042928125 0.48586724531250003 0.533724228125 0.475680875 0.5368818515625 0.46868025625 0.534095796875 0.46380915624999997 0.531091621875 0.45749488437499997 0.52942745 0.45057843125 0.526616146875 0.44426079218750003 0.5164646375 0.4484895296875 0.5099726421875 0.4523649953125 0.5024708390625 0.453653521875 0.4895736734375 0.45532562343749994 0.4855577390625 0.46841853906250003 0.48187607187500003 0.48960870468750006 0.48022509687500003 0.5055542984375 0.4808178859375 0.517409184375 0.48124402968749996 0.5197169125000001 0.4899687109375 0.5221691875000001
3 0.6358150140625 0.4663745796875 0.6303530281249999 0.4739942140625 0.6253989578125 0.4775534375 0.6238761828125 0.4787376015625 0.6235156875000001 0.480190875 0.6230128203125 0.48454058906249997 0.6227331234375 0.49062278593749997 0.6226261015625 0.4955443875 0.62267155 0.49814815625 0.6280568125 0.49718596875000004 0.630559096875 0.49685289375 0.632472665625 0.49595130625 0.6359898078125 0.49849447812500003 0.6376135796875 0.50309646875 0.6401764640625001 0.5062350890625 0.6441146984375 0.5107966828125 0.6478398609375 0.514204409375 0.651118684375 0.514147178125 0.654940771875 0.5120546906250001 0.657209784375 0.509410521875 0.6593879015625 0.5015588125 0.661240871875 0.49718552968749996 0.662322353125 0.4928257140625 0.66259195 0.4861649015625 0.662049659375 0.47720309375000003 0.6618830124999999 0.4676559359375 0.6604268624999999 0.46160403906249997 0.6575852609374999 0.45355055312500003 0.6546669328125 0.4521545140625 0.6502510796875 0.45338917656250005 0.6464239421875 0.45519235468749997 0.6439620578125 0.457839890625 0.641134628125 0.461651390625 0.6358150140625 0.4663745796875
3 0.647641940625 0.51391846875 0.6431301390625 0.5096562828125 0.641977959375 0.509965790625 0.64207895625 0.515751946875 0.6431897625 0.5241250390625 0.6454275 0.530742084375 0.6514721765625 0.5343987218749999 0.6616530093749999 0.5429028921875 0.6671553953125 0.537597721875 0.67416035625 0.5299511546875 0.6745107515625001 0.5279192687500001 0.6755770828125 0.522691528125 0.6754609359375 0.5160374484375 0.674492503125 0.5047679125 0.6724880359375 0.5004619609375001 0.6631089890624999 0.493680171875 0.659565621875 0.500687521875 0.657204734375 0.5091212140625 0.656270675 0.51087389375 0.6519002703125001 0.5147123265625 0.647641940625 0.51391846875
0 0.5211755046875 0.4973152140625 0.5217692703125001 0.49817303593749995 0.52256095625 0.49931680156249997 0.5233425453125 0.49988194999999996 0.523911059375 0.49929323593749997 0.5240736328125 0.497554021875 0.5244341265625 0.49610075 0.52420085625 0.493789653125 0.52341926875 0.4932245046875 0.5222721375 0.49382331874999996 0.5215056984374999 0.49412609375 0.5201404468749999 0.4932817375 0.52035351875 0.4944356015625 0.5207493609375 0.49500748437500003 0.520190946875 0.496174815625 0.5205918406250001 0.49703600468750003 0.5211755046875 0.4973152140625
3 0.5995469578125 0.444434759375 0.595953090625 0.44854903281249997 0.593308434375 0.45177854999999995 0.590739525 0.4593476859375 0.5875617 0.4651910734375 0.5841506062499999 0.468723365625 0.5814908 0.471084959375 0.5790440640625001 0.47460041875 0.5775465375 0.4772311203125 0.5781797265625 0.49140046875000004 0.5794884546875 0.5000595031249999 0.583334815625 0.51041061875 0.5879476140625 0.520458959375 0.5894037640625001 0.52651085625 0.5917434765625 0.5279169968749999 0.594271009375 0.5290304625 0.597742703125 0.5289698640625 0.601184096875 0.52717341875 0.60443261875 0.5253803390625 0.6074933203125 0.523879934375 0.608437478125 0.5227058703125 0.610366196875 0.5226722046875001 0.612310065625 0.5235064625 0.6148022515625 0.5225947734374999 0.6172742359375001 0.5205258515625 0.6197159203125 0.5167210859375 0.6204015593750001 0.5117893875 0.6218132390625 0.5042404515625 0.622841125 0.474704125 0.6238822093749999 0.46802984687500004 0.6224977328125 0.455031196875 0.6184685984375 0.44526206406249996 0.6141244203125 0.4395499734375 0.6094803468750001 0.4387628484375 0.6060187531250001 0.43940206093749995 0.6018058703125 0.441211975 0.5995469578125 0.444434759375
0 0.6331019484375 0.554108903125 0.6316448218749999 0.5590540671875 0.6414307875 0.55598929375 0.6417710828125001 0.553378790625 0.6420861265625 0.5493217484375 0.6380358187499999 0.549392446875 0.6331019484375 0.554108903125
3 0.5617343124999999 0.555065234375 0.56355600625 0.5599531671875 0.5666470078125 0.5601886078125 0.5847769609375 0.5598721484375 0.5891776640625 0.5577695640625 0.5961412515625 0.5588055984375 0.59731363125 0.5596533203125 0.5984809624999999 0.5602117375 0.6005167046875 0.555256471875 0.6019748078125 0.53931424375 0.601965684375 0.5277385671875 0.595042496875 0.5290169953125 0.591758625 0.52878491875 0.589220990625 0.5270928375 0.587363946875 0.5201797515625 0.5851413609375 0.514430628125 0.5825582765624999 0.5101347765625001 0.5793006328125 0.500352178125 0.5778141812500001 0.492564434375 0.57318020625 0.492355925 0.571975575 0.511766478125 0.56913706875 0.525996425 0.5664924124999999 0.5292259421875001 0.559599525 0.5322402171875 0.5617343124999999 0.555065234375
3 0.5325238375 0.5616524187499999 0.5360813796875 0.566510053125 0.5491512171874999 0.563677353125 0.55134448125 0.55669356875 0.5561107296875 0.55342701875 0.5586291390625 0.5429648046875 0.5584624921875 0.5334176484375 0.5465044375 0.5336263781249999 0.5385764921875 0.5326071765625 0.5335264750000001 0.530669553125 0.5317199296874999 0.52664954375 0.5298830859375 0.5208936875 0.5297669375 0.5142396078125 0.5314169359375 0.5092910765625 0.5324832703125 0.5040633375 0.5345695109374999 0.5020011515625 0.5364780296875 0.5008102531249999 0.5364679296875 0.5002316390625 0.535057228125 0.496783509375 0.5345553375 0.4901361640625 0.5295406703125 0.4902236953125 0.52800274375 0.4905399359375 0.5259922515625 0.4969417390625 0.529872009375 0.531312134375 0.531661453125 0.5564583437499999 0.5325238375 0.5616524187499999
3 0.5238395546875 0.5615146078125 0.5272405484375 0.5574037 0.528856175 0.5394329531250001 0.5294660671875 0.5301616375 0.5271030578125 0.5053148328125 0.52640324375 0.49838154531249995 0.5244483015625 0.507965734375 0.5224075078125 0.5126316921875 0.520747409375 0.5170016078125 0.5173666156250001 0.5222697468749999 0.5148996796875001 0.524627975 0.5007897359375 0.5231378890625 0.5041322515625 0.5488357828125 0.5064356390625 0.55921383125 0.5102315 0.5666718687500001 0.511611903125 0.5683841484375 0.520864703125 0.5679332453125 0.5238395546875 0.5615146078125
3 0.6115335281250001 0.5232306203125 0.6086354 0.5229918125 0.6075084703125 0.5247478578125 0.60252915 0.52686054375 0.6030158921875 0.5326399656249999 0.60403075 0.5355162109375 0.606415909375 0.5395261203125 0.6105924671875 0.5466881171875 0.622813115625 0.56152339375 0.64180643125 0.5554039453125 0.643218109375 0.547855009375 0.643351359375 0.5333828875 0.6415558890625 0.51894443125 0.6404400328125 0.5102820312499999 0.6382628953125 0.507136678125 0.636273578125 0.50369865 0.6331522781250001 0.5017273624999999 0.6306146453125 0.5000352796875001 0.62614829375 0.4983768640625 0.6223060046875 0.4993121203125 0.6206348312500001 0.5141004828125 0.6197108703125 0.5164317781250001 0.6176599781250001 0.52051911875 0.61366016875 0.5234828953124999 0.6115335281250001 0.5232306203125
0 0.539260009375 0.49439498281249994 0.5390368390625 0.49266250312500004 0.53882376875 0.49150863906250003 0.5380674296875 0.4923900296875 0.5372908921875 0.4921141859375 0.5369253484375001 0.4932781515625 0.5367223765625 0.492702903125 0.5361437625 0.4927130015625 0.5357681171875 0.49329835 0.5362094109375 0.496474003125 0.536635553125 0.4987817328125 0.5374221890624999 0.49963618906249996 0.5381633765625 0.4978868765625 0.5390974374999999 0.49613419687500004 0.539260009375 0.49439498281249994
3 0.550354534375 0.4447146234375 0.547298884375 0.44650433593749994 0.5454661140625 0.45203485 0.543806015625 0.456404765625 0.5412472046875 0.464552515625 0.53962750625 0.47123689375 0.5389216671875 0.4750113609375 0.5393579109375 0.47789770625 0.537515040625 0.48284960468750004 0.53568226875 0.48838011875 0.5349511812500001 0.490708046875 0.5346310859375001 0.49447578124999997 0.534676534375 0.49707955156250005 0.5368587234375 0.5005142124999999 0.5324933703125 0.5046419515625 0.53013248125 0.5130756453124999 0.52940644375 0.5156928796875 0.530278928125 0.5214655703125 0.532536865625 0.529239846875 0.53392736875 0.53153074375 0.54534720625 0.5336465765625 0.55459495625 0.5329063656249999 0.560548734375 0.5313554625 0.5666802343749999 0.52893326875 0.568929046875 0.5251318687500001 0.5712495375 0.5143837140625 0.5724632921875 0.5065488390625 0.5738879984375 0.46658733124999996 0.5678240984375 0.4507764015625 0.5664032984375 0.446749659375 0.560774665625 0.444822134375 0.557292871875 0.44430411875000003 0.55286186875 0.44467085781250004 0.550354534375 0.4447146234375