3 0.30858953906250003 0.5922890421875 0.3003173296875 0.5977125 0.29330992031249997 0.612135475 0.286572346875 0.6415974703125 0.28553042500000003 0.6669813984374999 0.2881936296875 0.70692155 0.2908130953125 0.730807625 0.29442823906250004 0.7407878593749999 0.29840344218750003 0.7677609953125 0.3040501046875 0.8053152906250001 0.3082064703125 0.8283298484375001 0.31435109375 0.8576201671874999 0.31896060312499996 0.8681161718749999 0.3310284015625 0.8765807046875 0.3421931296875 0.87468384375 0.34969706718750004 0.8677295609375 0.35697610156250004 0.8486797781250001 0.3634868625 0.82809916875 0.3735683109375 0.80931105 0.384010775 0.7970273875 0.3919216125 0.7890326390625 0.3910191375 0.7721159703125 0.38826368125 0.7525098828125001 0.375883975 0.6945974765625 0.36716279375 0.666652546875 0.365492046875 0.6482050546875 0.36572017031250004 0.6249020546875 0.36707674375 0.6188117281250001 0.3638680234375 0.61303525 0.349766678125 0.5992846000000001 0.34131473749999997 0.5929339703125 0.32784507500000004 0.5915494109375 0.3126577078125 0.591061778125 0.30858953906250003 0.5922890421875
3 0.1921990203125 0.5801315703125 0.1878573203125 0.60696253125 0.1845089140625 0.6461087609375 0.184913190625 0.673911515625 0.1849562171875 0.697831925 0.1891117484375 0.7300238718750001 0.19259078125 0.74559515 0.19977684843750002 0.7547457640624999 0.20899789531250001 0.75344983125 0.21885289062500002 0.739609934375 0.22332998593750003 0.7150542625 0.224462371875 0.6890021015625 0.22555018124999998 0.6560732515625001 0.2279945625 0.617054075 0.2322898984375 0.6030122578125 0.24020061718750002 0.5963285640625 0.2496029453125 0.589762996875 0.25968344062500004 0.5814633234375 0.2670962 0.5830436046874999 0.277672746875 0.5874568421874999 0.281649975 0.592142034375 0.28720844218749997 0.605454509375 0.29267668593749996 0.61681310625 0.29330992031249997 0.612135475 0.3003173296875 0.5977125 0.3051992984375 0.5944043078125001 0.3003638125 0.583612303125 0.29706475 0.577193003125 0.2930425875 0.5695642875 0.287935478125 0.5633990921875001 0.27880513125 0.5614046828125 0.2722056953125 0.562987690625 0.2698101796875 0.5616855609375 0.262939834375 0.560029046875 0.25525545 0.5630755749999999 0.2509609484375 0.5679400046875 0.245762421875 0.5729314859375 0.2355024328125 0.5668349593750001 0.22460980625000002 0.5588607875 0.21294843125 0.5546000125 0.20779555312500003 0.5546686843749999 0.1990704390625 0.5699885859375 0.1921990203125 0.5801315703125
3 0.74485933125 0.1688008765625 0.7343291484375001 0.15159849375 0.727730784375 0.1413820046875 0.722307234375 0.1355890421875 0.7175159671875 0.135606890625 0.711910778125 0.139016725 0.7066660078125 0.1554862953125 0.7024607765625 0.1727930453125 0.698391296875 0.18844191875 0.6923324859375 0.2096145296875 0.686635525 0.22811420781249997 0.6820243453125 0.2359729796875 0.679718696875 0.24055789375 0.686677596875 0.2625230609375 0.689297896875 0.27723174687499996 0.6934545 0.29762419375000004 0.6968427140625 0.317796871875 0.7009087359375 0.3401686078125 0.7024894953125 0.3540401125 0.704882865625 0.37894124218749997 0.7032090203125 0.39458119062499997 0.701942553125 0.4039364515625 0.7079535671875 0.41128565000000006 0.718846075 0.42057087656250003 0.7300100875 0.42654034999999996 0.7428014640625 0.430970075 0.7508472187499999 0.43049483593750004 0.76029471875 0.42425068125000004 0.7655838265625 0.4172799109375 0.769291815625 0.4003708046875 0.7699260031249999 0.38520472968749997 0.7729106531250001 0.3697083203125 0.7739071671875 0.346625090625 0.77282555625 0.3113790546875 0.7657320953125 0.277961209375 0.7592710359375 0.24904312343749999 0.7540303171875 0.2209368046875 0.7507324484375 0.20140695000000003 0.7479771109375 0.18048980781249999 0.74485933125 0.1688008765625
3 0.7642031734375 0.6882034453125 0.7679987640625 0.702091434375 0.777218975 0.709972890625 0.7929025140625 0.7218623796875 0.8014896109375 0.7331104093749999 0.8142352171875 0.7437739984375 0.8247209453125001 0.752788634375 0.8316365812500001 0.7534555046875 0.836835821875 0.740597690625 0.8411309203125 0.7291779859374999 0.8390982078125001 0.714714478125 0.8356652999999999 0.6889761671875 0.833361559375 0.67258419375 0.8294306921875 0.655109859375 0.826448784375 0.64045199375 0.8222468890625001 0.621049190625 0.819129346875 0.6067381468749999 0.8111764375 0.5803240421875 0.804262590625 0.5599913421875 0.79716781875 0.54099510625 0.7867733875 0.5221348484375 0.7795869625 0.5169174 0.77334973125 0.5118943109375 0.764400428125 0.5072523796875 0.7599255984375 0.506897996875 0.7541399625 0.5064000765625 0.7497101859375 0.5076781609375 0.74455706875 0.510368940625 0.7399006 0.51921735625 0.7351536671875001 0.52873400625 0.7319436359375 0.5373791390625 0.7288238296875 0.5479781499999999 0.7275574796875001 0.5560223546875 0.7318059765625 0.5600139046875 0.74052870625 0.5709151125 0.7472169359375 0.587018646875 0.7525938828125 0.6082228640625 0.75778955 0.6346967140625 0.7619450796875 0.6668886609375 0.7642031734375 0.6882034453125
3 0.72163645 0.5532491453125 0.7275574796875001 0.5560223546875 0.7288238296875 0.5479781499999999 0.7319436359375 0.5373791390625 0.7351536671875001 0.52873400625 0.7399006 0.51921735625 0.74455706875 0.510368940625 0.7497101859375 0.5076781609375 0.7541399625 0.5064000765625 0.7599255984375 0.506897996875 0.764400428125 0.5072523796875 0.77334973125 0.5118943109375 0.7795869625 0.5169174 0.7867733875 0.5221348484375 0.79716781875 0.54099510625 0.804262590625 0.5599913421875 0.8111764375 0.5803240421875 0.819129346875 0.6067381468749999 0.8222468890625001 0.621049190625 0.826448784375 0.64045199375 0.8320528984375001 0.64884165625 0.843081515625 0.6525358406249999 0.8482335593749999 0.6616445578125 0.8574087203125 0.667893546875 0.8662228671875001 0.667638078125 0.8706984109375 0.660126128125 0.87246224375 0.64906216875 0.872282153125 0.641221246875 0.8713334343750001 0.6357826656250001 0.8704754156250001 0.627053740625 0.8706116453125 0.6201516421875 0.8701601703125 0.6143154171874999 0.8681727468749999 0.5988622671875 0.8651004953125 0.5835615796875 0.8610791671875001 0.5667554765625 0.855340609375 0.54560208125 0.8476135593749999 0.52079503125 0.838756146875 0.4997522015625 0.8267341171875 0.485053803125 0.81376229375 0.47671632500000005 0.8059432296875 0.46962122968750003 0.791117353125 0.4703938328125 0.7831617015625 0.474134003125 0.7691030234375 0.48823693125 0.7641756453124999 0.4938458234375 0.760242990625 0.49603732031250003 0.7552257453125 0.4957591703125 0.74632101875 0.4979939265625 0.7403546984375 0.49621036093750004 0.7375522812499999 0.4959486953125 0.730545946875 0.4985721703125 0.7239006234375001 0.5077001 0.7215496828125 0.513274659375 0.7210510109375 0.5294049671875001 0.720823603125 0.5448416328125 0.72163645 0.5532491453125
3 0.1652417046875 0.27812039375 0.154846321875 0.2697485796875 0.1439992234375 0.2581626515625 0.13785269218750001 0.2498492203125 0.13148006875 0.2425508421875 0.127141228125 0.2379164703125 0.12207940937499999 0.23076163125 0.12140052500000001 0.240362071875 0.12266437187499998 0.25985003125 0.12338616093749999 0.2754810546875 0.1259162359375 0.2882358625 0.127090575 0.2979036109375 0.129575596875 0.30902595312500003 0.13111130625 0.32126499062499997 0.1339120515625 0.3398814328125 0.136938296875 0.3640380984375 0.14380578125000001 0.3971599421875 0.1521197046875 0.430078503125 0.1579935375 0.45481824375 0.1661282046875 0.4707184953125 0.174308640625 0.480384878125 0.181947375 0.48226116250000006 0.18976739375 0.4788678125 0.1954179921875 0.47315727812499997 0.1986728375 0.46876672187499996 0.20233481874999998 0.46071359218749997 0.20075346249999998 0.4533973640625 0.19424568125 0.4412015875 0.1904498515625 0.4299357078125 0.186473815625 0.41213996093749994 0.1811880453125 0.3824011765625 0.17784571875 0.354683578125 0.172515015625 0.322001271875 0.1693076078125 0.30180318437500003 0.16727489375 0.287339678125 0.1652417046875 0.27812039375
3 0.41082425 0.19542534375 0.39925345624999997 0.18918528125 0.38863161874999996 0.1857616875 0.37556861874999997 0.185958775 0.3634998671875 0.1879826859375 0.3555438578125 0.19565602499999998 0.3464568953125 0.21364885781249998 0.34396960625 0.2274365703125 0.33994517968750004 0.244717909375 0.33980895 0.251620009375 0.34197717656250004 0.26704775000000003 0.343603346875 0.278618553125 0.34337605937500004 0.29274416406250003 0.3448657625 0.3138391796875 0.3433715296875 0.3425642703125 0.344815703125 0.367271040625 0.3500107734375 0.40030016875 0.3538503421875 0.42762012499999996 0.3559282265625 0.4424050421875 0.3585034734375 0.4554812640625 0.3617568875 0.46682337343749997 0.368536175 0.475703396875 0.3757224828125 0.4822319015625 0.38525937187500003 0.4871190109375 0.3991807453125 0.491717684375 0.4140515578125 0.4938886046875 0.436787675 0.4916765296875 0.45762575937500005 0.48514257031249997 0.4656265828125 0.48172381093750005 0.4739436046875 0.4805549296875 0.48171844999999996 0.47684016875 0.48786653125 0.46810988125 0.48840977968750005 0.4588562609375 0.48425401093750003 0.4292864265625 0.4764397140625 0.3697491125 0.4708384609375 0.32989411875 0.4663213203125 0.2977529921875 0.461577725 0.2705600875 0.453398603125 0.24647209375 0.44309463437499996 0.2269436015625 0.43102743125 0.21192379374999998 0.42121975312500004 0.20248610312499998 0.41082425 0.19542534375
3 0.34197717656250004 0.26704775000000003 0.3359208703125 0.2606881953125 0.32688134375 0.2540923859375 0.31856539375000004 0.24346176718749998 0.3106111734375 0.231469271875 0.30107452343749996 0.22396005 0.288644996875 0.21685739375000002 0.28001213125 0.21184323124999999 0.27296074375 0.21283423906249999 0.26382968125 0.2187061609375 0.262473109375 0.2247964890625 0.2586756109375 0.2318853859375 0.2530244171875 0.2441511984375 0.2509895578125 0.25328669062500003 0.25311225625 0.2723261859375 0.2540601421875 0.2869421546875 0.2547816921875 0.3051952890625 0.25545830937499997 0.320504903125 0.2559083546875 0.3420737921875 0.258210784375 0.372887375 0.2610556296875 0.40362472812499994 0.26367592968750003 0.4183334140625 0.26769737656250003 0.4338284609375 0.27081551406250004 0.441584228125 0.27700661875 0.4567743484375 0.28532256875 0.4674049671875 0.3021363453125 0.4768412921875 0.3219794671875 0.47634684062500005 0.3322854625 0.47358738906250003 0.3491908921875 0.4692449296875 0.355248153125 0.4651160390625 0.3583223109375 0.459439840625 0.3585034734375 0.4554812640625 0.3559282265625 0.4424050421875 0.3538503421875 0.42762012499999996 0.3500107734375 0.40030016875 0.344815703125 0.367271040625 0.3433715296875 0.3425642703125 0.3448657625 0.3138391796875 0.34337605937500004 0.29274416406250003 0.343603346875 0.278618553125 0.34197717656250004 0.26704775000000003
3 0.46249854843750005 0.58278565 0.45255392499999997 0.588116390625 0.44613457968750003 0.5975403234375001 0.44211074687499996 0.6082663859374999 0.443464340625 0.63495244375 0.447845728125 0.668751446875 0.4538998890625 0.6987099999999999 0.4589600390625 0.7242196171875 0.4646525921875 0.7542289906249999 0.47039055156250004 0.7819376640625 0.4784340421875 0.80637248125 0.4852124953125 0.8244298921875 0.49777634531250003 0.8456073375000001 0.5056861078125 0.8494120875 0.5148168125 0.84747333125 0.5231347890625 0.83581600625 0.5270234640625 0.82019254375 0.53050655 0.791187934375 0.535525225 0.7757334203124999 0.5392327359375 0.764068534375 0.5366599921875 0.72346015 0.5315547890625 0.6963180671875 0.526088096875 0.6679157484375 0.521661059375 0.63903955625 0.5159697015625 0.595919628125 0.5136195953125 0.5923167984375 0.5102300718749999 0.58656573125 0.5034052546875001 0.5812974625 0.48749431093749995 0.5848446390625 0.48066913749999995 0.5835095359375 0.473256378125 0.5819292546875 0.46249854843750005 0.58278565
3 0.666400753125 0.5590454578124999 0.6610664734375 0.5656948171875 0.66445480625 0.5845564390625 0.67010099375 0.62735495625 0.673127 0.65413373125 0.6769663312499999 0.6840757984375 0.6787277781250001 0.6992329484375001 0.6811213859375 0.7215119671875 0.688849271875 0.7371416281250001 0.6937748625 0.7511985671875 0.7046665359375 0.7696611812499999 0.7196262578125 0.7882075890625 0.730608275 0.8073130296875 0.749817328125 0.820673596875 0.7612074359375 0.8256280140625 0.7723271125 0.8220986890624999 0.7785211984375 0.804512421875 0.7821844921875 0.7820376828125 0.7781632828125 0.7639205234374999 0.7723349796875 0.7355690265625 0.767048375 0.71500763125 0.7565696828124999 0.628640721875 0.747126475 0.5876868796875 0.7302242624999999 0.55663084375 0.7028334625 0.5480255015625 0.696325084375 0.542385 0.685793590625 0.539604228125 0.67910393125 0.5392333609375 0.66956573125 0.5487678593750001 0.666400753125 0.5590454578124999
3 0.540605284375 0.5822967734375 0.5299829703125 0.5841174015624999 0.525643296875 0.58866041875 0.516783978125 0.5885944765625 0.5159697015625 0.595919628125 0.521661059375 0.63903955625 0.526088096875 0.6679157484375 0.5315547890625 0.6963180671875 0.5366599921875 0.72346015 0.5422170296875 0.752505290625 0.5480905046875 0.7811781984375 0.554235128125 0.8104685187499999 0.5643132390625001 0.8283899531250001 0.5828887 0.8503613203124999 0.5961327437499999 0.8475167109375 0.6028237125 0.8334659703125 0.6062163375 0.8051295953125001 0.608478603125 0.7805574375 0.6089778734375 0.7578718515625 0.6080756375 0.7383330703125 0.608078140625 0.71080090625 0.6069504046875001 0.6857219031249999 0.606228496875 0.6714019359375001 0.60297615625 0.6482603265625 0.598729209375 0.62722505625 0.593623290625 0.60794930625 0.58915036875 0.5866180359375 0.5839529140625 0.57981001875 0.5781677562499999 0.574067875 0.5705289 0.5735026484375 0.5654660078125 0.5781473078125 0.55705864375 0.578673365625 0.5479279390625 0.580612121875 0.540605284375 0.5822967734375
3 0.56943096875 0.220659778125 0.5595335421875001 0.2040239875 0.551307696875 0.196658303125 0.53381635 0.1824008078125 0.5272628 0.1764388953125 0.5144710671875 0.1759423390625 0.50407496875 0.1754368578125 0.49449207343749996 0.17940572187499998 0.48206051875 0.1945910109375 0.47356102343749995 0.21414007812500002 0.467321884375 0.230093878125 0.46325216718749995 0.24836486249999998 0.4631599171875 0.2686989265625 0.4663213203125 0.2977529921875 0.4708384609375 0.32989411875 0.4764397140625 0.3697491125 0.48425401093750003 0.4292864265625 0.48840977968750005 0.4588562609375 0.4901266515625 0.46713672187500005 0.495007546875 0.47562802812499994 0.506397775 0.479271390625 0.529947096875 0.48153366406250003 0.554400921875 0.47842466406249995 0.5682777203125 0.476146646875 0.5827875171875 0.47181310937500004 0.5944043171875 0.4691971953125 0.607784471875 0.46076154375 0.612621865625 0.45057666249999995 0.6145214484375 0.43785482499999995 0.6150652921875001 0.422045928125 0.6137556796875 0.4087918359375 0.61082073125 0.3747895484375 0.606394290625 0.3393580796875 0.5986226640625001 0.30767434374999997 0.5918451640625 0.2791284875 0.583350078125 0.250168503125 0.5813622984375 0.23864851874999998 0.56943096875 0.220659778125
3 0.6022033625 0.1993381734375 0.5967324984375 0.216822796875 0.5932506046875 0.2327168515625 0.582627575 0.2424038125 0.583350078125 0.250168503125 0.5918451640625 0.2791284875 0.5986226640625001 0.30767434374999997 0.606394290625 0.3393580796875 0.61082073125 0.3747895484375 0.6137556796875 0.4087918359375 0.619946665625 0.42529301249999996 0.6246919296875 0.4341311390625 0.63097445 0.43816458437500005 0.6433139921875 0.44069125 0.6489189421875 0.4399035265625 0.6581399890624999 0.4386075921875 0.6747742718749999 0.4336477203125 0.6824134843749999 0.4302797796875 0.6913638609375 0.4231222109375 0.69950103125 0.4114902984375 0.7032090203125 0.39458119062499997 0.704882865625 0.37894124218749997 0.7024894953125 0.3540401125 0.7009087359375 0.3401686078125 0.6968427140625 0.317796871875 0.6934545 0.29762419375000004 0.689297896875 0.27723174687499996 0.686677596875 0.2625230609375 0.669370271875 0.212841659375 0.654365021875 0.19790700625 0.6408511406249999 0.185712590625 0.63009426875 0.1760805421875 0.6221392125 0.1732654359375 0.6113353781249999 0.1829778078125 0.6022033625 0.1993381734375
3 0.615188646875 0.5567378203125 0.6080919687499999 0.558718471875 0.599277346875 0.5642181625 0.5870722453125 0.5744552281249999 0.58915036875 0.5866180359375 0.593623290625 0.60794930625 0.598729209375 0.62722505625 0.60297615625 0.6482603265625 0.606228496875 0.6714019359375001 0.6069504046875001 0.6857219031249999 0.608078140625 0.71080090625 0.6138161015625 0.73850958125 0.6213625875 0.7607199296875 0.631847121875 0.7828451203125 0.6445916578124999 0.8053082093749999 0.658376921875 0.8154979250000001 0.6713947515625 0.8149794265624999 0.6768199687500001 0.8024176140625 0.683601640625 0.7850765281250001 0.6811172140624999 0.767398909375 0.678769253125 0.7401970796875 0.67768740625 0.70757315625 0.6769663312499999 0.6840757984375 0.673127 0.65413373125 0.67010099375 0.62735495625 0.66445480625 0.5845564390625 0.6610664734375 0.5656948171875 0.6568180953125 0.5603922125 0.648230403125 0.5556994609375 0.640456034375 0.5541699984374999 0.6316869406250001 0.556057934375 0.624454628125 0.5583854078125 0.6180812875 0.5589533624999999 0.615188646875 0.5567378203125
3 0.8415846703125001 0.21289271875 0.84610240625 0.2384785671875 0.8496709484375 0.26387005625 0.8535096828125001 0.3003674 0.8558581203125 0.3223250078125 0.860875125 0.3252252703125 0.86751949375 0.3265857828125 0.8739832968749999 0.32534959375 0.8772831953125 0.32259150625 0.880357234375 0.3182263625 0.8843805874999999 0.312744521875 0.8864149703124999 0.3088532515625 0.888992125 0.30095258281250004 0.8911173265624999 0.2924599140625 0.8929260906250001 0.28433947656249997 0.8928819921875 0.272218565625 0.892837775 0.2614087109375 0.8913474765625 0.24686897343749997 0.8876425859375001 0.2296906375 0.8829446390625 0.1975749234375 0.8802791703124999 0.18254482656249998 0.8779297796875 0.17107566406250002 0.8671751703125 0.136533559375 0.8599880296875 0.13918244531249999 0.8523482203125001 0.14910566249999999 0.8475549250000001 0.171411453125 0.8454281734375 0.1969478453125 0.8418564140625 0.206954853125 0.8415846703125001 0.21289271875
3 0.062231221875 0.2588383265625 0.0592934109375 0.2563013703125 0.0582082234375 0.26038700000000004 0.05987873125 0.2814566046875 0.0641697765625 0.3146127859375 0.0665176171875 0.34312566875 0.068640553125 0.359543053125 0.0720288859375 0.37840467499999997 0.07695388125 0.3990168921875 0.0825572796875 0.4152728875 0.08974275312499999 0.4309787796875 0.0974714734375 0.4374310515625 0.100906765625 0.436948253125 0.10827363906250001 0.44607345625 0.11536972187500001 0.45064808125000005 0.1219242234375 0.44612155 0.1243200984375 0.4434905140625 0.11808417812500001 0.424045815625 0.1111255171875 0.39945853593749997 0.10457470937499999 0.36334235000000004 0.10105086249999999 0.3435164921875 0.09689509375000001 0.3139466578125 0.094410546875 0.29758009375 0.088716565625 0.2833033859375 0.0741633859375 0.267649678125 0.062231221875 0.2588383265625
3 0.2345578875 0.5155094375 0.2115497859375 0.5262814875 0.20151434375 0.5362136296875 0.1929262921875 0.5354540421875 0.1771067625 0.5278445421875 0.1666206796875 0.522763071875 0.1522466359375 0.5254387296874999 0.143884084375 0.5302193671875 0.1401762140625 0.5458174203125 0.133348775 0.569392371875 0.1309059421875 0.591367828125 0.12887036875 0.608369653125 0.126607984375 0.6342528656249999 0.1285948109375 0.65626129375 0.13022074374999998 0.670454209375 0.13781323437499998 0.6838085796875 0.1482086171875 0.6921803953125 0.15842379374999999 0.6940223421875 0.1708993265625 0.6922690203124999 0.184913190625 0.673911515625 0.1845089140625 0.6461087609375 0.1878573203125 0.60696253125 0.1921990203125 0.5801315703125 0.1990704390625 0.5699885859375 0.20779555312500003 0.5546686843749999 0.21294843125 0.5546000125 0.22460980625000002 0.5588607875 0.2355024328125 0.5668349593750001 0.245762421875 0.5729314859375 0.2509609484375 0.5679400046875 0.25525545 0.5630755749999999 0.262939834375 0.560029046875 0.2698101796875 0.5616855609375 0.2722056953125 0.562987690625 0.27880513125 0.5614046828125 0.283053984375 0.5614630640625 0.2780832234375 0.5470847140624999 0.2719369328125 0.5361491703125 0.26271648124999997 0.5308898265625001 0.2563893859375 0.5199796937500001 0.25028826406250004 0.5093655609375001 0.2345578875 0.5155094375
3 0.3848428140625 0.5943549703125 0.3740393390625 0.600134175 0.3682527484375 0.6101247 0.36572017031250004 0.6249020546875 0.365492046875 0.6482050546875 0.36716279375 0.666652546875 0.375883975 0.6945974765625 0.38826368125 0.7525098828125001 0.3910191375 0.7721159703125 0.399604446875 0.8030298328125 0.40507209375000003 0.8209437062499999 0.4162805625 0.8351009234375001 0.4287106875 0.8356483015625 0.43580748593749996 0.8323565921875 0.4442160421875 0.8187199796875 0.44869242187499997 0.8020306421875001 0.45334960625000004 0.7853158921875 0.45940770000000003 0.7720096140625 0.46374785156250004 0.7622223765625 0.4589600390625 0.7242196171875 0.4538998890625 0.6987099999999999 0.447845728125 0.668751446875 0.443464340625 0.63495244375 0.44211074687499996 0.6082663859374999 0.44147834843749995 0.603766628125 0.43465377031249997 0.5958762484375 0.42597561562499997 0.5918517296875 0.408844446875 0.5932760796875 0.40201903437500003 0.5945630875 0.38859430625 0.5961220515625001 0.3848428140625 0.5943549703125
3 0.7986022265625 0.1759969890625 0.795620078125 0.1639612359375 0.792908840625 0.1551650046875 0.7869428765625 0.149448271875 0.7830104609374999 0.1490176578125 0.7791230984374999 0.150219509375 0.7751449140625 0.1560227625 0.77184370625 0.1732024609375 0.769220665625 0.18864805 0.7666880859375 0.20342540781250001 0.7652408140625 0.21280607968749998 0.7540303171875 0.2209368046875 0.7592710359375 0.24904312343749999 0.7657320953125 0.277961209375 0.77282555625 0.3113790546875 0.7739071671875 0.346625090625 0.7729106531250001 0.3697083203125 0.778966721875 0.378689984375 0.7854751 0.38433048593749997 0.796322675 0.390672190625 0.8055434828125 0.3919983671875 0.810967628125 0.391236053125 0.8163021453124999 0.381964584375 0.8193765421875 0.3736662734375 0.8211406125 0.359980203125 0.8198313546874999 0.34279294375 0.8195171828125 0.3182551234375 0.8178929187499999 0.2857074296875 0.8149571359375001 0.26088253125 0.81062068125 0.23002705156249997 0.8080909625 0.2133390765625 0.80348240625 0.19235462812499998 0.7986022265625 0.1759969890625
3 0.245835728125 0.2638438046875 0.236027453125 0.2609613921875 0.22649104062499997 0.250830059375 0.2163218703125 0.24013213437499997 0.207780184375 0.2265834046875 0.1986055015625 0.21509019375 0.1890689703125 0.20626991718749998 0.1819727671875 0.203006346875 0.171350453125 0.2048269765625 0.16560963125 0.20858363125 0.163438425 0.225932278125 0.1643397078125 0.25595950312500004 0.1642479328125 0.27104934687500004 0.1652417046875 0.27812039375 0.16727489375 0.287339678125 0.1693076078125 0.30180318437500003 0.172515015625 0.322001271875 0.17784571875 0.354683578125 0.1811880453125 0.3824011765625 0.186473815625 0.41213996093749994 0.1904498515625 0.4299357078125 0.19424568125 0.4412015875 0.20075346249999998 0.4533973640625 0.20233481874999998 0.46071359218749997 0.20848135 0.46902702500000004 0.21141844375000002 0.4794303125 0.21742922187499997 0.4894016234375 0.2247964515625 0.494593659375 0.233881746875 0.49495560312500003 0.24183715781249998 0.4938375421875 0.2498384578125 0.485174559375 0.254495046875 0.4750150890625 0.2592875078125 0.461886684375 0.26218098125 0.45492484062500005 0.269142503125 0.44804678750000004 0.27081551406250004 0.441584228125 0.26769737656250003 0.4338284609375 0.26367592968750003 0.4183334140625 0.2610556296875 0.40362472812499994 0.258210784375 0.372887375 0.2559083546875 0.3420737921875 0.25545830937499997 0.320504903125 0.2547816921875 0.3051952890625 0.2540601421875 0.2869421546875 0.25311225625 0.2723261859375 0.245835728125 0.2638438046875
3 0.10955429375 0.28070259375 0.100831325 0.2724234953125 0.097938565625 0.2715190078125 0.096039578125 0.2776855671875 0.094410546875 0.29758009375 0.09689509375000001 0.3139466578125 0.10105086249999999 0.3435164921875 0.10457470937499999 0.36334235000000004 0.1111255171875 0.39945853593749997 0.11808417812500001 0.424045815625 0.1243200984375 0.4434905140625 0.13064695625 0.4570227578125 0.137200028125 0.4682288921875 0.144341759375 0.46788070625 0.14854544218750002 0.4676176765625 0.1528398234375 0.46406430312499997 0.155507203125 0.4581175125 0.1579935375 0.45481824375 0.1521197046875 0.430078503125 0.14380578125000001 0.3971599421875 0.136938296875 0.3640380984375 0.1339120515625 0.3398814328125 0.13111130625 0.32126499062499997 0.129575596875 0.30902595312500003 0.127090575 0.2979036109375 0.11805140624999999 0.2873746359375 0.10955429375 0.28070259375
3 0.7791872140625 0.4392945375 0.7648134093750001 0.439348084375 0.759931678125 0.4400341671875 0.7518399171875 0.4493653828125 0.7528336875 0.4564364296875 0.7505732109375 0.4613427546875 0.7441543421875 0.465522465625 0.7385482 0.47942074375 0.7392254125 0.4881750796875 0.7403546984375 0.49621036093750004 0.74632101875 0.4979939265625 0.7552257453125 0.4957591703125 0.760242990625 0.49603732031250003 0.7641756453124999 0.4938458234375 0.7691030234375 0.48823693125 0.7831617015625 0.474134003125 0.791117353125 0.4703938328125 0.8059432296875 0.46962122968750003 0.81376229375 0.47671632500000005 0.8267341171875 0.485053803125 0.838756146875 0.4997522015625 0.8476135593749999 0.52079503125 0.855340609375 0.54560208125 0.8610791671875001 0.5667554765625 0.8659144156249999 0.58016959375 0.8721063546875 0.5861823265624999 0.8831803828125 0.5875758109375 0.8918138421874999 0.586034696875 0.89936283125 0.5807128796875001 0.9047870953125001 0.5786395109375 0.9074541171874999 0.5766258875 0.908991853125 0.56657698125 0.9102587968750001 0.5519775 0.9094469046875 0.533081540625 0.9079113140624999 0.5195314484375 0.9039352765625001 0.5017357015624999 0.9007272734375 0.4880928921875 0.8906951671875 0.46131547968750003 0.8845037046875 0.45005852500000004 0.8667873343749999 0.42501658437499995 0.8577482859375 0.413176553125 0.8476230953125 0.41591059531249996 0.8357349093750001 0.4205312078125 0.8365030625 0.4233730875 0.8277785421875 0.4321377109375 0.8221728781250001 0.44079176875000003 0.8181498812499999 0.44234044375000003 0.8037307859375 0.4433836359375 0.7893572171875001 0.4408150734375 0.7791872140625 0.4392945375
3 0.2496029453125 0.589762996875 0.24020061718750002 0.5963285640625 0.2322898984375 0.6030122578125 0.2279945625 0.617054075 0.22555018124999998 0.6560732515625001 0.224462371875 0.6890021015625 0.22332998593750003 0.7150542625 0.225226590625 0.7351088109374999 0.2311006609375 0.75722644375 0.2384657453125 0.7860174796875 0.2440237359375 0.804574175 0.24759346875000002 0.816855109375 0.2557286125 0.8275111374999999 0.26494906406249996 0.8327704812500001 0.271051853125 0.8250298375 0.2763416765625 0.8101927343750001 0.2861059703125 0.79964318125 0.29469509375 0.78860326875 0.29953272656249996 0.7757962765624999 0.29840344218750003 0.7677609953125 0.29442823906250004 0.7407878593749999 0.2908130953125 0.730807625 0.2881936296875 0.70692155 0.28553042500000003 0.6669813984374999 0.286572346875 0.6415974703125 0.29267668593749996 0.61681310625 0.28720844218749997 0.605454509375 0.281649975 0.592142034375 0.277672746875 0.5874568421874999 0.2670962 0.5830436046874999 0.25968344062500004 0.5814633234375 0.2496029453125 0.589762996875
3 0.855947746875 0.33083416250000003 0.8535096828125001 0.3003674 0.8496709484375 0.26387005625 0.84610240625 0.2384785671875 0.8415846703125001 0.21289271875 0.8383318515625 0.1949953296875 0.8340392578125 0.17888287187500002 0.8297012515625 0.1650711140625 0.82839104375 0.1583722984375 0.8250462140625 0.1581868625 0.8217914890625 0.16126636249999998 0.8165473140625 0.1711806546875 0.8133824546874999 0.1801471984375 0.8109398609375 0.19950054374999998 0.8092664921875 0.20989627031250002 0.8080909625 0.2133390765625 0.81062068125 0.23002705156249997 0.8149571359375001 0.26088253125 0.8178929187499999 0.2857074296875 0.8195171828125 0.3182551234375 0.8198313546874999 0.34279294375 0.8207793593750001 0.35609785625 0.8234914312500001 0.3557167 0.831129928125 0.36021509375 0.839491884375 0.361989734375 0.842972228125 0.36313940312500004 0.8508375375 0.3587564109375 0.8547711453125 0.34607646875000003 0.855947746875 0.33083416250000003